-10470
-10462
-10462
-10462
-10458
-10458
-10454
-10452
-10446
-10446
-10436
-10436
-10436
-10436
-10424
-10424
-10424
-10414
-10408
-10408
-10396
-10392
-10390
-10386
-10386
-10382
-10372
-10372
-10360
-10360
-10360
-10360
-10358
-10358
-10348
-10348
-10334
-10334
-10334
-10320
-10312
-10312
-10296
-10296
-10296
-10290
-10280
-10272
-10268
-10268
-10268
-10254
-10242
-10238
-10230
-10226
-10226
-10232
-10234
-10220
-10220
-10220
-10220
-10212
-10202
-10202
-10206
-10202
-10202
-10200
-10200
-10200
-10200
-10194
-10186
-10186
-10186
-10186
-10176
-10174
-10168
-10168
-10168
-10168
-10168
-10164
-10158
-10150
-10140
-10140
-10140
-10134
-10130
-10120
-10120
-10112
-10104
-10094
-10084
-10070
-10070
-10070
-10070
-10070
-10054
-10042
-10030
-10020
-10016
-10008
-9996
-9996
-9996
-9984
-9984
-9976
-9976
-9976
-9964
-9958
-9956
-9940
-9940
-9940
-9934
-9930
-9922
-9922
-9912
-9896
-9886
-9886
-9874
-9868
-9860
-9860
-9856
-9852
-9852
-9846
-9836
-9832
-9832
-9826
-9818
-9818
-9812
-9812
-9812
-9812
-9798
-9798
-9798
-9796
-9796
-9796
-9786
-9780
-9780
-9778
-9776
-9770
-9770
-9760
-9748
-9748
-9742
-9734
-9734
-9726
-9716
-9714
-9714
-9702
-9696
-9696
-9696
-9688
-9680
-9680
-9680
-9670
-9670
-9656
-9656
-9654
-9648
-9638
-9628
-9624
-9624
-9624
-9620
-9620
-9620
-9610
-9610
-9602
-9602
-9598
-9598
-9590
-9590
-9590
-9588
-9584
-9574
-9574
-9574
-9562
-9562
-9552
-9548
-9550
-9550
-9538
-9530
-9524
-9510
-9510
-9510
-9500
-9500
-9486
-9486
-9486
-9480
-9480
-9480
-9480
-9474
-9474
-9460
-9448
-9448
-9448
-9448
-9442
-9442
-9438
-9438
-9430
-9430
-9430
-9428
-9420
-9420
-9420
-9416
-9416
-9416
-9416
-9414
-9414
-9410
-9410
-9410
-9412
-9404
-9404
-9400
-9400
-9400
-9394
-9394
-9382
-9382
-9376
-9376
-9376
-9368
-9364
-9352
-9336
-9336
-9322
-9322
-9322
-9322
-9316
-9316
-9308
-9306
-9306
-9300
-9296
-9296
-9296
-9282
-9272
-9272
-9272
-9272
-9272
-9260
-9260
-9260
-9260
-9260
-9260
-9260
-9260
-9260
-9252
-9248
-9236
-9236
-9236
-9224
-9224
-9216
-9208
-9206
-9206
-9206
-9202
-9196
-9196
-9188
-9188
-9188
-9182
-9182
-9188
-9184
-9174
-9174
-9178
-9172
-9162
-9162
-9162
-9162
-9162
-9162
-9162
-9162
-9162
-9162
-9156
-9156
-9154
-9154
-9144
-9142
-9142
-9132
-9132
-9132
-9132
-9124
-9124
-9124
-9124
-9124
-9124
-9124
-9108
-9108
-9108
-9102
-9102
-9108
-9102
-9102
-9090
-9090
-9090
-9090
-9090
-9082
-9082
-9072
-9072
-9068
-9064
-9054
-9054
-9046
-9032
-9032
-9026
-9026
-9026
-9020
-9020
-9014
-9014
-9014
-9004
-9004
-9004
-9004
-9004
-9004
-8994
-8994
-8986
-8986
-8986
-8986
-8976
-8976
-8976
-8976
-8976
-8976
-8976
-8976
-8972
-8972
-8972
-8960
-8952
-8952
-8936
-8936
-8936
-8936
-8936
-8928
-8928
-8918
-8918
-8918
-8918
-8918
-8918
-8914
-8904
-8898
-8898
-8898
-8892
-8882
-8878
-8872
-8876
-8868
-8862
-8852
-8852
-8852
-8842
-8830
-8830
-8830
-8830
-8826
-8818
-8818
-8822
-8814
-8808
-8808
-8808
-8808
-8808
-8798
-8798
-8790
-8790
-8776
-8776
-8776
-8776
-8776
-8776
-8772
-8772
-8772
-8772
-8764
-8764
-8764
-8768
-8768
-8768
-8760
-8760
-8760
-8754
-8754
-8754
-8748
-8752
-8748
-8738
-8738
-8738
-8738
-8738
-8730
-8726
-8734
-8734
-8726
-8726
-8726
-8726
-8726
-8716
-8712
-8712
-8704
-8704
-8704
-8704
-8704
-8698
-8686
-8686
-8686
-8686
-8676
-8676
-8676
-8676
-8670
-8670
-8660
-8648
-8638
-8628
-8628
-8628
-8622
-8622
-8622
-8622
-8608
-8608
-8596
-8590
-8590
-8582
-8570
-8570
-8570
-8570
-8562
-8558
-8560
-8554
-8554
-8548
-8538
-8538
-8538
-8528
-8528
-8528
-8528
-8528
-8518
-8510
-8506
-8508
-8508
-8502
-8496
-8486
-8474
-8466
-8456
-8456
-8456
-8456
-8456
-8456
-8456
-8456
-8446
-8434
-8434
-8438
-8438
-8428
-8428
-8424
-8408
-8404
-8404
-8404
-8408
-8396
-8396
-8390
-8386
-8382
-8384
-8384
-8384
-8376
-8376
-8370
-8368
-8362
-8362
-8362
-8362
-8364
-8366
-8358
-8354
-8352
-8352
-8342
-8340
-8336
-8336
-8336
-8336
-8336
-8330
-8330
-8330
-8330
-8330
-8324
-8318
-8318
-8310
-8306
-8296
-8286
-8286
-8276
-8274
-8274
-8274
-8270
-8266
-8262
-8262
-8246
-8236
-8236
-8236
-8236
-8236
-8236
-8236
-8236
-8236
-8236
-8236
-8234
-8234
-8230
-8230
-8220
-8220
-8220
-8212
-8212
-8212
-8202
-8192
-8180
-8180
-8180
-8176
-8170
-8158
-8158
-8158
-8158
-8158
-8158
-8158
-8152
-8152
-8142
-8142
-8142
-8136
-8134
-8134
-8124
-8122
-8122
-8122
-8114
-8114
-8114
-8122
-8122
-8116
-8114
-8114
-8114
-8108
-8110
-8110
-8104
-8100
-8100
-8092
-8092
-8088
-8082
-8082
-8072
-8072
-8072
-8068
-8068
-8068
-8068
-8068
-8068
-8054
-8052
-8046
-8046
-8046
-8034
-8036
-8026
-8026
-8020
-8020
-8012
-8012
-8014
-8010
-8010
-8010
-7998
-7986
-7986
-7982
-7982
-7982
-7982
-7970
-7970
-7970
-7958
-7958
-7958
-7958
-7958
-7958
-7954
-7954
-7956
-7952
-7954
-7940
-7940
-7940
-7932
-7924
-7916
-7916
-7916
-7908
-7906
-7898
-7882
-7882
-7882
-7876
-7876
-7868
-7860
-7856
-7856
-7856
-7856
-7850
-7850
-7850
-7850
-7854
-7854
-7852
-7852
-7842
-7826
-7826
-7826
-7826
-7826
-7826
-7826
-7826
-7826
-7826
-7820
-7822
-7822
-7816
-7816
-7808
-7796
-7796
-7796
-7796
-7792
-7792
-7798
-7798
-7790
-7790
-7784
-7778
-7776
-7776
-7774
-7776
-7764
-7764
-7764
-7756
-7750
-7746
-7730
-7730
-7730
-7726
-7730
-7730
-7724
-7724
-7718
-7710
-7710
-7710
-7702
-7702
-7698
-7690
-7690
-7690
-7690
-7680
-7680
-7678
-7678
-7676
-7676
-7676
-7676
-7676
-7668
-7668
-7668
-7668
-7652
-7652
-7652
-7652
-7652
-7654
-7654
-7654
-7650
-7652
-7652
-7652
-7654
-7654
-7644
-7634
-7630
-7622
-7622
-7622
-7612
-7612
-7612
-7612
-7606
-7606
-7606
-7604
-7604
-7604
-7602
-7600
-7600
-7598
-7598
-7584
-7584
-7584
-7584
-7584
-7566
-7556
-7548
-7544
-7544
-7544
-7538
-7538
-7538
-7538
-7526
-7526
-7516
-7508
-7508
-7504
-7498
-7498
-7494
-7494
-7498
-7498
-7498
-7498
-7500
-7500
-7498
-7498
-7496
-7496
-7496
-7492
-7492
-7490
-7490
-7478
-7478
-7478
-7472
-7472
-7472
-7466
-7464
-7464
-7464
-7464
-7460
-7460
-7454
-7454
-7454
-7454
-7454
-7454
-7458
-7448
-7454
-7454
-7444
-7444
-7440
-7438
-7428
-7422
-7430
-7430
-7422
-7422
-7422
-7422
-7422
-7414
-7408
-7408
-7392
-7394
-7392
-7380
-7380
-7380
-7376
-7376
-7376
-7376
-7376
-7370
-7366
-7366
-7362
-7362
-7362
-7364
-7364
-7362
-7362
-7356
-7354
-7354
-7354
-7354
-7354
-7354
-7346
-7346
-7346
-7346
-7336
-7336
-7328
-7318
-7308
-7308
-7302
-7302
-7302
-7296
-7290
-7288
-7292
-7292
-7292
-7286
-7282
-7292
-7292
-7292
-7292
-7286
-7278
-7278
-7276
-7276
-7276
-7276
-7276
-7262
-7260
-7258
-7252
-7246
-7246
-7246
-7246
-7246
-7246
-7240
-7242
-7242
-7242
-7240
-7226
-7222
-7222
-7222
-7222
-7210
-7208
-7208
-7206
-7206
-7190
-7190
-7190
-7184
-7184
-7174
-7176
-7166
-7160
-7152
-7152
-7152
-7144
-7144
-7136
-7136
-7136
-7130
-7130
-7130
-7130
-7120
-7114
-7114
-7108
-7108
-7112
-7112
-7108
-7108
-7106
-7104
-7104
-7104
-7096
-7092
-7100
-7088
-7090
-7086
-7086
-7082
-7078
-7076
-7070
-7080
-7080
-7072
-7072
-7072
-7072
-7072
-7068
-7068
-7054
-7054
-7052
-7052
-7060
-7052
-7042
-7036
-7036
-7038
-7034
-7034
-7034
-7034
-7034
-7028
-7022
-7022
-7022
-7022
-7022
-7020
-7012
-7012
-7010
-7010
-7010
-7010
-7002
-7002
-6996
-6996
-6988
-6978
-6970
-6970
-6970
-6962
-6962
-6960
-6960
-6960
-6960
-6948
-6948
-6948
-6948
-6948
-6948
-6944
-6944
-6944
-6940
-6940
-6940
-6932
-6932
-6932
-6932
-6924
-6924
-6926
-6926
-6914
-6908
-6908
-6912
-6916
-6916
-6914
-6906
-6898
-6896
-6894
-6894
-6886
-6878
-6876
-6868
-6860
-6860
-6850
-6850
-6850
-6848
-6846
-6846
-6838
-6834
-6834
-6830
-6830
-6830
-6830
-6820
-6804
-6798
-6794
-6784
-6776
-6784
-6770
-6770
-6770
-6770
-6764
-6754
-6752
-6744
-6736
-6724
-6724
-6716
-6716
-6714
-6714
-6704
-6704
-6704
-6704
-6704
-6692
-6692
-6692
-6686
-6686
-6670
-6662
-6662
-6662
-6662
-6658
-6650
-6636
-6636
-6636
-6638
-6638
-6638
-6636
-6636
-6636
-6636
-6636
-6636
-6636
-6636
-6636
-6636
-6628
-6628
-6622
-6622
-6622
-6622
-6612
-6612
-6612
-6604
-6596
-6596
-6596
-6596
-6600
-6594
-6596
-6596
-6596
-6586
-6574
-6574
-6564
-6564
-6564
-6556
-6556
-6552
-6552
-6552
-6556
-6556
-6546
-6546
-6542
-6542
-6542
-6538
-6538
-6536
-6528
-6524
-6524
-6512
-6502
-6498
-6500
-6500
-6500
-6500
-6500
-6496
-6494
-6494
-6494
-6492
-6480
-6468
-6468
-6468
-6458
-6458
-6448
-6458
-6458
-6458
-6458
-6458
-6458
-6458
-6458
-6458
-6454
-6448
-6434
-6430
-6430
-6430
-6430
-6430
-6430
-6422
-6412
-6412
-6412
-6412
-6412
-6412
-6410
-6410
-6404
-6406
-6406
-6396
-6396
-6396
-6394
-6390
-6390
-6390
-6384
-6378
-6378
-6372
-6372
-6370
-6368
-6368
-6372
-6366
-6366
-6364
-6370
-6372
-6372
-6364
-6356
-6348
-6338
-6342
-6334
-6338
-6338
-6330
-6330
-6330
-6330
-6330
-6330
-6330
-6330
-6326
-6316
-6312
-6312
-6312
-6312
-6312
-6312
-6312
-6306
-6306
-6290
-6290
-6288
-6288
-6288
-6280
-6266
-6266
-6266
-6266
-6266
-6266
-6266
-6266
-6266
-6266
-6252
-6252
-6250
-6250
-6238
-6238
-6238
-6232
-6234
-6234
-6232
-6232
-6222
-6226
-6226
-6218
-6214
-6214
-6214
-6214
-6214
-6214
-6206
-6206
-6196
-6192
-6188
-6184
-6178
-6172
-6172
-6168
-6168
-6168
-6158
-6154
-6156
-6156
-6152
-6138
-6136
-6134
-6134
-6134
-6126
-6136
-6128
-6128
-6126
-6130
-6130
-6130
-6130
-6130
-6126
-6126
-6126
-6124
-6122
-6112
-6112
-6102
-6102
-6102
-6096
-6084
-6084
-6084
-6084
-6080
-6080
-6080
-6082
-6076
-6076
-6076
-6076
-6076
-6064
-6054
-6054
-6054
-6044
-6036
-6038
-6038
-6026
-6026
-6022
-6014
-6014
-6016
-6016
-6010
-6010
-6010
-6010
-6018
-6012
-6008
-5998
-5998
-5998
-5994
-5984
-5984
-5984
-5984
-5982
-5978
-5978
-5978
-5978
-5980
-5980
-5976
-5976
-5976
-5972
-5968
-5968
-5954
-5954
-5952
-5952
-5958
-5958
-5960
-5960
-5962
-5962
-5962
-5962
-5968
-5966
-5966
-5960
-5958
-5960
-5960
-5952
-5952
-5952
-5952
-5952
-5954
-5954
-5954
-5954
-5942
-5942
-5930
-5918
-5906
-5906
-5904
-5904
-5904
-5898
-5892
-5892
-5890
-5890
-5882
-5882
-5878
-5876
-5868
-5868
-5852
-5852
-5852
-5852
-5842
-5836
-5834
-5826
-5826
-5826
-5826
-5830
-5830
-5830
-5816
-5816
-5808
-5808
-5808
-5804
-5798
-5798
-5798
-5798
-5798
-5798
-5798
-5802
-5802
-5802
-5802
-5802
-5798
-5798
-5798
-5800
-5800
-5804
-5804
-5800
-5800
-5798
-5788
-5788
-5788
-5780
-5780
-5772
-5772
-5760
-5752
-5746
-5742
-5742
-5738
-5738
-5746
-5740
-5740
-5740
-5732
-5732
-5734
-5734
-5734
-5744
-5744
-5744
-5744
-5744
-5738
-5732
-5732
-5732
-5724
-5722
-5714
-5702
-5692
-5692
-5682
-5682
-5688
-5688
-5690
-5682
-5684
-5684
-5684
-5684
-5684
-5684
-5684
-5684
-5678
-5678
-5674
-5672
-5672
-5672
-5666
-5666
-5666
-5666
-5660
-5660
-5652
-5642
-5642
-5638
-5642
-5642
-5628
-5632
-5632
-5632
-5640
-5636
-5630
-5630
-5630
-5630
-5630
-5630
-5622
-5618
-5618
-5618
-5622
-5622
-5622
-5622
-5622
-5622
-5622
-5622
-5618
-5612
-5622
-5612
-5612
-5604
-5602
-5600
-5592
-5586
-5586
-5578
-5578
-5578
-5578
-5578
-5578
-5578
-5578
-5578
-5578
-5578
-5572
-5566
-5566
-5558
-5558
-5558
-5544
-5544
-5546
-5542
-5542
-5540
-5530
-5530
-5530
-5530
-5530
-5524
-5524
-5512
-5510
-5510
-5514
-5514
-5514
-5510
-5498
-5500
-5500
-5500
-5500
-5500
-5496
-5498
-5498
-5498
-5498
-5498
-5488
-5484
-5490
-5482
-5482
-5482
-5482
-5482
-5470
-5470
-5464
-5464
-5464
-5464
-5456
-5456
-5456
-5456
-5456
-5458
-5458
-5458
-5458
-5458
-5456
-5450
-5440
-5428
-5422
-5418
-5418
-5418
-5408
-5408
-5408
-5408
-5410
-5410
-5410
-5410
-5414
-5402
-5398
-5394
-5394
-5388
-5388
-5388
-5380
-5380
-5374
-5374
-5374
-5374
-5374
-5374
-5364
-5364
-5364
-5358
-5348
-5348
-5342
-5342
-5328
-5328
-5322
-5316
-5316
-5316
-5318
-5318
-5320
-5314
-5314
-5302
-5302
-5302
-5302
-5302
-5300
-5300
-5300
-5298
-5286
-5286
-5284
-5278
-5278
-5278
-5278
-5274
-5270
-5264
-5260
-5256
-5248
-5248
-5248
-5256
-5254
-5250
-5250
-5250
-5246
-5234
-5234
-5234
-5234
-5240
-5240
-5236
-5236
-5222
-5222
-5222
-5222
-5218
-5218
-5218
-5218
-5220
-5220
-5216
-5214
-5212
-5212
-5200
-5200
-5202
-5202
-5202
-5202
-5198
-5198
-5198
-5198
-5198
-5198
-5198
-5198
-5198
-5204
-5204
-5196
-5188
-5184
-5188
-5186
-5174
-5174
-5174
-5162
-5152
-5142
-5138
-5128
-5128
-5128
-5128
-5128
-5134
-5134
-5134
-5130
-5124
-5122
-5120
-5120
-5116
-5116
-5116
-5116
-5120
-5120
-5120
-5120
-5120
-5112
-5112
-5112
-5100
-5100
-5100
-5100
-5100
-5100
-5100
-5098
-5090
-5090
-5090
-5090
-5098
-5098
-5098
-5092
-5094
-5090
-5078
-5070
-5068
-5068
-5060
-5054
-5058
-5062
-5056
-5052
-5050
-5044
-5046
-5046
-5046
-5034
-5032
-5022
-5020
-5022
-5022
-5014
-5014
-5012
-5012
-5012
-5010
-5010
-5002
-5002
-4996
-4996
-4996
-4994
-4994
-4994
-4990
-4980
-4984
-4974
-4970
-4970
-4970
-4970
-4958
-4958
-4958
-4958
-4956
-4952
-4948
-4948
-4948
-4954
-4954
-4954
-4954
-4954
-4950
-4950
-4950
-4950
-4942
-4932
-4922
-4922
-4924
-4924
-4924
-4924
-4916
-4916
-4916
-4916
-4918
-4912
-4912
-4912
-4906
-4906
-4910
-4912
-4902
-4902
-4902
-4902
-4902
-4894
-4894
-4888
-4892
-4882
-4882
-4882
-4882
-4880
-4866
-4864
-4860
-4860
-4860
-4852
-4852
-4848
-4852
-4852
-4852
-4848
-4844
-4848
-4840
-4840
-4840
-4838
-4834
-4834
-4838
-4838
-4834
-4834
-4818
-4818
-4818
-4826
-4826
-4830
-4822
-4822
-4822
-4818
-4824
-4824
-4824
-4824
-4824
-4830
-4830
-4830
-4830
-4822
-4822
-4816
-4814
-4806
-4806
-4792
-4788
-4788
-4792
-4786
-4786
-4772
-4772
-4772
-4770
-4766
-4768
-4768
-4762
-4762
-4754
-4754
-4750
-4750
-4750
-4742
-4740
-4740
-4734
-4734
-4736
-4726
-4726
-4726
-4726
-4720
-4720
-4718
-4720
-4720
-4716
-4712
-4712
-4712
-4696
-4696
-4696
-4696
-4696
-4696
-4690
-4690
-4690
-4684
-4684
-4684
-4678
-4670
-4670
-4668
-4668
-4676
-4666
-4662
-4660
-4660
-4654
-4654
-4662
-4662
-4662
-4662
-4654
-4654
-4650
-4650
-4650
-4640
-4632
-4622
-4622
-4626
-4626
-4626
-4626
-4626
-4620
-4620
-4620
-4618
-4618
-4618
-4618
-4618
-4614
-4618
-4618
-4618
-4618
-4618
-4622
-4620
-4610
-4618
-4618
-4618
-4618
-4612
-4618
-4618
-4626
-4624
-4616
-4616
-4620
-4620
-4620
-4612
-4612
-4614
-4614
-4614
-4614
-4614
-4608
-4610
-4610
-4610
-4610
-4612
-4618
-4618
-4618
-4618
-4618
-4614
-4606
-4612
-4604
-4604
-4612
-4600
-4600
-4594
-4594
-4594
-4594
-4586
-4586
-4586
-4586
-4586
-4586
-4584
-4572
-4564
-4564
-4564
-4560
-4552
-4548
-4546
-4546
-4546
-4546
-4546
-4546
-4546
-4538
-4538
-4524
-4516
-4510
-4506
-4504
-4506
-4502
-4502
-4502
-4502
-4502
-4502
-4502
-4496
-4496
-4496
-4496
-4496
-4490
-4484
-4484
-4484
-4484
-4488
-4488
-4492
-4492
-4484
-4470
-4466
-4466
-4470
-4466
-4466
-4460
-4464
-4464
-4464
-4464
-4464
-4464
-4460
-4452
-4452
-4452
-4454
-4460
-4454
-4454
-4454
-4448
-4448
-4440
-4440
-4446
-4446
-4434
-4430
-4430
-4430
-4430
-4424
-4424
-4424
-4424
-4418
-4420
-4414
-4424
-4424
-4422
-4422
-4422
-4422
-4422
-4414
-4416
-4414
-4414
-4414
-4412
-4410
-4410
-4414
-4414
-4408
-4408
-4408
-4408
-4408
-4398
-4384
-4384
-4388
-4388
-4378
-4378
-4380
-4370
-4370
-4370
-4368
-4358
-4362
-4354
-4352
-4348
-4348
-4346
-4346
-4346
-4346
-4346
-4346
-4340
-4340
-4338
-4338
-4336
-4328
-4330
-4328
-4324
-4324
-4318
-4308
-4310
-4322
-4322
-4316
-4312
-4312
-4306
-4306
-4306
-4306
-4298
-4298
-4300
-4300
-4294
-4294
-4284
-4284
-4284
-4268
-4270
-4274
-4274
-4268
-4266
-4266
-4266
-4266
-4258
-4252
-4250
-4250
-4254
-4258
-4258
-4252
-4244
-4236
-4236
-4236
-4236
-4236
-4228
-4228
-4228
-4228
-4228
-4222
-4222
-4220
-4222
-4222
-4222
-4222
-4222
-4222
-4210
-4210
-4210
-4210
-4210
-4210
-4196
-4196
-4192
-4192
-4192
-4194
-4194
-4194
-4194
-4194
-4194
-4188
-4188
-4180
-4186
-4174
-4170
-4170
-4170
-4170
-4164
-4164
-4152
-4152
-4152
-4140
-4140
-4140
-4140
-4142
-4142
-4142
-4142
-4150
-4144
-4144
-4138
-4130
-4130
-4130
-4122
-4122
-4122
-4112
-4112
-4110
-4110
-4104
-4104
-4104
-4104
-4100
-4104
-4094
-4094
-4096
-4096
-4096
-4096
-4096
-4092
-4094
-4096
-4096
-4090
-4090
-4084
-4078
-4088
-4080
-4074
-4074
-4074
-4068
-4068
-4074
-4072
-4064
-4064
-4060
-4060
-4064
-4074
-4072
-4070
-4070
-4072
-4072
-4062
-4062
-4062
-4060
-4060
-4060
-4058
-4058
-4058
-4058
-4060
-4062
-4056
-4056
-4050
-4050
-4050
-4050
-4050
-4034
-4030
-4030
-4030
-4030
-4030
-4014
-4014
-4010
-4004
-3996
-3990
-3990
-3990
-3990
-3990
-3982
-3982
-3982
-3982
-3980
-3986
-3980
-3982
-3982
-3982
-3970
-3974
-3962
-3964
-3962
-3966
-3960
-3956
-3956
-3956
-3948
-3948
-3948
-3940
-3940
-3940
-3940
-3934
-3934
-3938
-3928
-3928
-3928
-3914
-3904
-3896
-3896
-3896
-3898
-3898
-3898
-3898
-3898
-3898
-3898
-3898
-3896
-3900
-3900
-3902
-3902
-3900
-3898
-3898
-3894
-3896
-3896
-3896
-3896
-3896
-3886
-3886
-3880
-3880
-3872
-3872
-3876
-3886
-3886
-3886
-3878
-3886
-3886
-3874
-3864
-3862
-3862
-3862
-3862
-3862
-3862
-3862
-3862
-3856
-3848
-3848
-3848
-3848
-3852
-3852
-3852
-3844
-3838
-3834
-3834
-3836
-3832
-3832
-3828
-3828
-3818
-3824
-3830
-3832
-3824
-3824
-3824
-3824
-3826
-3826
-3826
-3822
-3820
-3820
-3820
-3812
-3814
-3804
-3804
-3800
-3802
-3802
-3802
-3804
-3808
-3812
-3810
-3796
-3796
-3804
-3804
-3806
-3808
-3802
-3800
-3800
-3800
-3800
-3788
-3788
-3782
-3782
-3772
-3770
-3770
-3770
-3770
-3764
-3764
-3760
-3760
-3756
-3746
-3746
-3746
-3746
-3746
-3746
-3748
-3748
-3744
-3744
-3732
-3734
-3732
-3728
-3732
-3732
-3732
-3732
-3724
-3726
-3728
-3726
-3730
-3728
-3722
-3716
-3718
-3712
-3704
-3702
-3708
-3704
-3702
-3700
-3694
-3694
-3694
-3698
-3698
-3700
-3700
-3700
-3696
-3700
-3700
-3700
-3710
-3702
-3696
-3688
-3688
-3686
-3682
-3674
-3672
-3666
-3670
-3670
-3670
-3670
-3670
-3670
-3662
-3652
-3662
-3662
-3664
-3654
-3654
-3646
-3646
-3636
-3636
-3648
-3648
-3648
-3650
-3648
-3644
-3638
-3638
-3638
-3638
-3638
-3632
-3632
-3628
-3628
-3628
-3628
-3628
-3628
-3620
-3620
-3624
-3624
-3626
-3616
-3616
-3606
-3616
-3614
-3610
-3610
-3610
-3610
-3610
-3604
-3598
-3598
-3596
-3586
-3586
-3586
-3580
-3580
-3586
-3578
-3566
-3566
-3564
-3564
-3564
-3564
-3564
-3564
-3564
-3564
-3564
-3564
-3564
-3564
-3564
-3564
-3564
-3564
-3568
-3556
-3554
-3554
-3542
-3542
-3536
-3536
-3524
-3526
-3526
-3532
-3532
-3526
-3522
-3522
-3522
-3526
-3524
-3524
-3508
-3508
-3506
-3506
-3506
-3508
-3508
-3508
-3508
-3508
-3508
-3508
-3508
-3500
-3486
-3486
-3490
-3490
-3488
-3488
-3482
-3472
-3474
-3474
-3474
-3470
-3470
-3470
-3470
-3470
-3468
-3468
-3462
-3462
-3462
-3462
-3462
-3462
-3462
-3462
-3462
-3462
-3460
-3468
-3466
-3466
-3466
-3458
-3458
-3458
-3458
-3454
-3452
-3444
-3444
-3444
-3446
-3446
-3440
-3436
-3436
-3436
-3436
-3436
-3436
-3430
-3430
-3426
-3426
-3426
-3424
-3418
-3418
-3414
-3416
-3412
-3404
-3404
-3416
-3412
-3416
-3416
-3412
-3412
-3402
-3390
-3392
-3392
-3396
-3396
-3400
-3402
-3402
-3402
-3402
-3402
-3402
-3396
-3392
-3392
-3388
-3388
-3392
-3392
-3392
-3392
-3388
-3384
-3382
-3382
-3396
-3396
-3396
-3396
-3386
-3380
-3370
-3372
-3382
-3380
-3376
-3366
-3366
-3360
-3360
-3366
-3368
-3368
-3368
-3368
-3368
-3364
-3360
-3360
-3360
-3360
-3360
-3360
-3356
-3356
-3356
-3342
-3350
-3342
-3334
-3334
-3334
-3334
-3334
-3322
-3322
-3322
-3322
-3322
-3326
-3326
-3322
-3324
-3324
-3324
-3314
-3310
-3310
-3314
-3314
-3308
-3308
-3308
-3308
-3308
-3308
-3306
-3304
-3304
-3304
-3304
-3298
-3302
-3302
-3294
-3294
-3294
-3294
-3294
-3294
-3294
-3296
-3296
-3298
-3298
-3298
-3298
-3298
-3290
-3290
-3290
-3290
-3288
-3284
-3276
-3274
-3260
-3262
-3264
-3264
-3264
-3264
-3264
-3258
-3258
-3258
-3256
-3256
-3246
-3246
-3242
-3242
-3242
-3242
-3238
-3240
-3240
-3238
-3234
-3234
-3226
-3218
-3218
-3218
-3216
-3218
-3212
-3200
-3200
-3200
-3200
-3194
-3188
-3188
-3188
-3188
-3178
-3178
-3178
-3174
-3172
-3172
-3162
-3166
-3166
-3160
-3158
-3158
-3158
-3154
-3154
-3154
-3154
-3150
-3150
-3150
-3150
-3164
-3164
-3158
-3160
-3152
-3152
-3138
-3138
-3138
-3126
-3126
-3122
-3122
-3122
-3122
-3122
-3106
-3106
-3106
-3106
-3104
-3104
-3104
-3108
-3104
-3104
-3098
-3098
-3092
-3092
-3092
-3096
-3088
-3098
-3096
-3096
-3090
-3084
-3084
-3084
-3090
-3086
-3084
-3080
-3080
-3078
-3066
-3058
-3058
-3056
-3056
-3054
-3054
-3054
-3054
-3060
-3060
-3050
-3044
-3044
-3040
-3040
-3040
-3040
-3042
-3028
-3028
-3028
-3036
-3036
-3024
-3024
-3030
-3030
-3030
-3030
-3030
-3028
-3028
-3030
-3030
-3024
-3024
-3024
-3024
-3022
-3018
-3018
-3018
-3018
-3014
-3004
-2998
-3000
-3000
-2992
-2992
-2982
-2966
-2966
-2966
-2966
-2968
-2968
-2956
-2954
-2954
-2954
-2970
-2980
-2974
-2974
-2974
-2974
-2974
-2968
-2968
-2968
-2968
-2968
-2968
-2968
-2968
-2960
-2960
-2960
-2956
-2956
-2956
-2966
-2966
-2966
-2966
-2968
-2968
-2968
-2968
-2968
-2968
-2966
-2956
-2952
-2952
-2950
-2952
-2954
-2948
-2948
-2948
-2948
-2934
-2934
-2930
-2934
-2934
-2940
-2940
-2936
-2936
-2932
-2932
-2932
-2932
-2936
-2932
-2932
-2930
-2930
-2930
-2922
-2918
-2918
-2918
-2918
-2914
-2914
-2906
-2902
-2904
-2904
-2904
-2908
-2904
-2908
-2910
-2910
-2910
-2910
-2912
-2922
-2920
-2920
-2920
-2924
-2924
-2924
-2918
-2918
-2918
-2918
-2934
-2934
-2936
-2936
-2936
-2936
-2940
-2940
-2940
-2944
-2942
-2942
-2936
-2936
-2936
-2936
-2936
-2936
-2938
-2938
-2938
-2936
-2936
-2936
-2936
-2936
-2936
-2936
-2934
-2934
-2932
-2932
-2932
-2932
-2932
-2932
-2926
-2926
-2918
-2922
-2922
-2922
-2922
-2922
-2920
-2918
-2926
-2926
-2926
-2924
-2924
-2928
-2928
-2928
-2930
-2930
-2936
-2936
-2936
-2936
-2932
-2932
-2932
-2938
-2934
-2932
-2932
-2944
-2944
-2940
-2940
-2944
-2944
-2944
-2950
-2958
-2950
-2950
-2950
-2944
-2934
-2934
-2934
-2934
-2934
-2934
-2920
-2920
-2920
-2928
-2926
-2926
-2928
-2928
-2928
-2922
-2918
-2918
-2918
-2912
-2904
-2900
-2900
-2906
-2906
-2900
-2896
-2886
-2880
-2880
-2882
-2878
-2878
-2878
-2878
-2882
-2870
-2864
-2864
-2864
-2860
-2860
-2860
-2858
-2858
-2854
-2856
-2852
-2850
-2850
-2846
-2846
-2846
-2838
-2824
-2824
-2824
-2824
-2824
-2814
-2816
-2820
-2816
-2808
-2802
-2802
-2798
-2788
-2788
-2788
-2788
-2784
-2780
-2780
-2780
-2780
-2780
-2780
-2780
-2794
-2794
-2788
-2786
-2782
-2776
-2776
-2776
-2776
-2776
-2768
-2768
-2772
-2772
-2770
-2760
-2762
-2756
-2754
-2754
-2754
-2754
-2756
-2754
-2746
-2738
-2738
-2738
-2738
-2738
-2736
-2736
-2736
-2736
-2736
-2736
-2728
-2724
-2724
-2724
-2724
-2718
-2718
-2718
-2718
-2716
-2716
-2716
-2716
-2720
-2720
-2720
-2720
-2720
-2710
-2716
-2714
-2704
-2704
-2712
-2712
-2712
-2720
-2714
-2708
-2708
-2708
-2710
-2710
-2710
-2710
-2714
-2726
-2726
-2726
-2722
-2708
-2700
-2708
-2702
-2694
-2696
-2696
-2696
-2696
-2700
-2692
-2690
-2690
-2690
-2690
-2690
-2690
-2690
-2690
-2688
-2684
-2684
-2692
-2696
-2702
-2702
-2702
-2702
-2698
-2692
-2680
-2672
-2680
-2678
-2678
-2678
-2672
-2672
-2680
-2682
-2682
-2682
-2682
-2678
-2682
-2686
-2688
-2688
-2688
-2688
-2688
-2688
-2688
-2688
-2686
-2690
-2700
-2700
-2700
-2690
-2690
-2690
-2686
-2686
-2686
-2686
-2686
-2686
-2686
-2680
-2680
-2680
-2672
-2670
-2670
-2672
-2672
-2672
-2672
-2672
-2664
-2664
-2666
-2666
-2672
-2668
-2668
-2660
-2646
-2640
-2636
-2636
-2628
-2628
-2620
-2614
-2618
-2618
-2618
-2618
-2620
-2628
-2628
-2628
-2632
-2640
-2644
-2644
-2644
-2642
-2644
-2640
-2652
-2652
-2652
-2652
-2652
-2652
-2650
-2654
-2658
-2658
-2658
-2658
-2656
-2656
-2656
-2656
-2658
-2658
-2650
-2650
-2650
-2650
-2654
-2654
-2654
-2644
-2644
-2644
-2638
-2638
-2638
-2638
-2638
-2638
-2640
-2626
-2626
-2630
-2630
-2630
-2622
-2622
-2626
-2632
-2626
-2618
-2618
-2618
-2618
-2614
-2612
-2612
-2612
-2620
-2620
-2620
-2620
-2620
-2620
-2614
-2614
-2618
-2610
-2610
-2610
-2608
-2608
-2600
-2592
-2596
-2596
-2596
-2600
-2586
-2584
-2584
-2584
-2584
-2588
-2588
-2590
-2584
-2588
-2586
-2586
-2586
-2578
-2578
-2576
-2586
-2586
-2590
-2590
-2588
-2590
-2590
-2594
-2598
-2586
-2586
-2586
-2586
-2582
-2582
-2582
-2572
-2572
-2568
-2568
-2568
-2568
-2568
-2568
-2568
-2568
-2568
-2568
-2572
-2572
-2564
-2564
-2562
-2562
-2562
-2558
-2558
-2558
-2562
-2562
-2562
-2562
-2562
-2554
-2546
-2544
-2544
-2540
-2538
-2538
-2542
-2542
-2542
-2542
-2542
-2542
-2538
-2538
-2538
-2528
-2528
-2528
-2528
-2528
-2528
-2528
-2530
-2526
-2526
-2520
-2520
-2520
-2520
-2520
-2520
-2520
-2512
-2512
-2510
-2508
-2508
-2508
-2508
-2508
-2498
-2492
-2484
-2484
-2484
-2484
-2484
-2484
-2482
-2490
-2490
-2490
-2490
-2490
-2492
-2484
-2484
-2484
-2484
-2484
-2484
-2486
-2486
-2486
-2486
-2486
-2486
-2486
-2486
-2474
-2474
-2478
-2478
-2480
-2480
-2478
-2476
-2474
-2474
-2474
-2474
-2474
-2482
-2482
-2482
-2488
-2478
-2478
-2478
-2478
-2468
-2468
-2468
-2466
-2460
-2458
-2458
-2458
-2458
-2456
-2450
-2448
-2448
-2448
-2448
-2446
-2446
-2444
-2444
-2450
-2446
-2446
-2448
-2438
-2430
-2430
-2436
-2436
-2436
-2434
-2426
-2426
-2426
-2422
-2434
-2430
-2430
-2424
-2424
-2424
-2424
-2428
-2428
-2430
-2428
-2428
-2428
-2420
-2420
-2420
-2418
-2412
-2412
-2402
-2402
-2402
-2398
-2398
-2398
-2398
-2394
-2394
-2390
-2398
-2392
-2392
-2392
-2384
-2380
-2380
-2380
-2380
-2380
-2380
-2382
-2382
-2374
-2378
-2378
-2378
-2376
-2378
-2378
-2366
-2366
-2376
-2376
-2372
-2380
-2380
-2382
-2386
-2384
-2384
-2384
-2384
-2392
-2392
-2380
-2380
-2378
-2382
-2382
-2386
-2374
-2374
-2374
-2374
-2374
-2374
-2370
-2370
-2362
-2350
-2350
-2350
-2342
-2340
-2340
-2344
-2340
-2340
-2338
-2338
-2348
-2348
-2348
-2348
-2348
-2348
-2344
-2348
-2352
-2352
-2342
-2342
-2342
-2342
-2342
-2340
-2340
-2340
-2346
-2346
-2344
-2340
-2340
-2340
-2340
-2336
-2334
-2338
-2334
-2334
-2332
-2342
-2342
-2342
-2342
-2350
-2350
-2350
-2350
-2350
-2346
-2348
-2348
-2348
-2342
-2342
-2342
-2348
-2352
-2352
-2352
-2350
-2344
-2344
-2344
-2334
-2340
-2338
-2336
-2332
-2332
-2330
-2346
-2348
-2340
-2340
-2340
-2340
-2340
-2342
-2342
-2350
-2350
-2352
-2352
-2346
-2346
-2346
-2344
-2336
-2336
-2340
-2342
-2342
-2342
-2342
-2340
-2340
-2340
-2344
-2348
-2344
-2348
-2348
-2352
-2354
-2354
-2346
-2346
-2344
-2336
-2342
-2342
-2330
-2330
-2332
-2330
-2330
-2330
-2326
-2324
-2324
-2330
-2334
-2334
-2338
-2330
-2330
-2326
-2326
-2326
-2326
-2326
-2322
-2318
-2318
-2320
-2312
-2312
-2316
-2308
-2318
-2318
-2306
-2306
-2304
-2304
-2306
-2300
-2296
-2294
-2294
-2298
-2296
-2296
-2296
-2292
-2292
-2286
-2276
-2276
-2274
-2274
-2274
-2278
-2278
-2278
-2274
-2274
-2274
-2274
-2278
-2272
-2272
-2272
-2272
-2272
-2274
-2258
-2256
-2256
-2246
-2246
-2246
-2246
-2246
-2260
-2274
-2276
-2282
-2282
-2282
-2294
-2296
-2296
-2296
-2302
-2302
-2302
-2304
-2304
-2316
-2310
-2310
-2312
-2312
-2312
-2308
-2306
-2306
-2302
-2302
-2304
-2304
-2312
-2312
-2310
-2310
-2310
-2314
-2320
-2320
-2320
-2320
-2312
-2314
-2310
-2310
-2310
-2300
-2290
-2290
-2290
-2290
-2290
-2288
-2278
-2268
-2268
-2260
-2264
-2264
-2264
-2266
-2266
-2266
-2268
-2266
-2266
-2260
-2260
-2260
-2260
-2260
-2260
-2262
-2262
-2268
-2268
-2276
-2276
-2274
-2266
-2266
-2260
-2260
-2260
-2260
-2266
-2260
-2260
-2256
-2252
-2248
-2248
-2248
-2240
-2240
-2234
-2228
-2226
-2226
-2232
-2230
-2230
-2220
-2220
-2214
-2216
-2216
-2216
-2216
-2220
-2216
-2218
-2218
-2218
-2218
-2218
-2218
-2218
-2210
-2210
-2210
-2206
-2218
-2212
-2208
-2200
-2200
-2190
-2190
-2190
-2186
-2186
-2190
-2190
-2190
-2196
-2196
-2196
-2190
-2190
-2194
-2194
-2194
-2194
-2188
-2188
-2188
-2188
-2184
-2184
-2198
-2198
-2206
-2206
-2200
-2198
-2198
-2196
-2184
-2184
-2190
-2186
-2186
-2186
-2194
-2194
-2188
-2182
-2172
-2172
-2172
-2172
-2172
-2172
-2172
-2176
-2176
-2176
-2176
-2178
-2178
-2172
-2162
-2170
-2174
-2174
-2174
-2174
-2178
-2178
-2178
-2178
-2176
-2176
-2176
-2176
-2182
-2172
-2176
-2170
-2162
-2162
-2162
-2164
-2164
-2172
-2164
-2164
-2164
-2164
-2160
-2160
-2152
-2156
-2160
-2152
-2144
-2144
-2144
-2132
-2124
-2122
-2118
-2118
-2118
-2122
-2116
-2112
-2116
-2112
-2108
-2108
-2108
-2098
-2098
-2098
-2098
-2100
-2098
-2094
-2086
-2086
-2072
-2070
-2066
-2066
-2066
-2058
-2058
-2060
-2060
-2060
-2060
-2060
-2054
-2050
-2050
-2046
-2046
-2046
-2044
-2038
-2046
-2046
-2046
-2046
-2042
-2042
-2030
-2030
-2034
-2026
-2026
-2022
-2022
-2020
-2020
-2026
-2028
-2028
-2028
-2028
-2028
-2024
-2024
-2024
-2024
-2016
-2024
-2024
-2026
-2026
-2022
-2024
-2024
-2032
-2026
-2026
-2032
-2024
-2024
-2024
-2020
-2020
-2020
-2016
-2016
-2004
-2000
-2000
-1996
-1988
-1988
-1988
-1980
-1976
-1962
-1962
-1962
-1960
-1958
-1962
-1958
-1958
-1958
-1958
-1954
-1954
-1954
-1958
-1948
-1938
-1938
-1924
-1924
-1924
-1924
-1924
-1924
-1924
-1924
-1924
-1920
-1920
-1914
-1910
-1910
-1904
-1910
-1904
-1904
-1900
-1894
-1894
-1894
-1894
-1888
-1890
-1884
-1886
-1888
-1888
-1888
-1886
-1884
-1884
-1870
-1870
-1874
-1874
-1874
-1874
-1878
-1878
-1878
-1880
-1880
-1880
-1880
-1870
-1870
-1870
-1870
-1870
-1870
-1870
-1870
-1870
-1868
-1860
-1854
-1854
-1854
-1858
-1858
-1858
-1844
-1844
-1844
-1838
-1838
-1834
-1834
-1834
-1834
-1832
-1832
-1832
-1828
-1828
-1828
-1836
-1846
-1846
-1846
-1846
-1846
-1848
-1848
-1836
-1836
-1832
-1832
-1834
-1822
-1822
-1822
-1822
-1814
-1810
-1810
-1814
-1814
-1818
-1818
-1824
-1824
-1820
-1812
-1812
-1814
-1814
-1814
-1814
-1808
-1808
-1808
-1808
-1808
-1814
-1814
-1814
-1814
-1810
-1810
-1810
-1802
-1798
-1792
-1796
-1796
-1802
-1802
-1802
-1802
-1802
-1804
-1800
-1802
-1796
-1796
-1800
-1802
-1806
-1806
-1794
-1794
-1794
-1794
-1794
-1788
-1788
-1788
-1788
-1788
-1788
-1788
-1788
-1790
-1790
-1790
-1790
-1794
-1794
-1794
-1790
-1790
-1790
-1792
-1792
-1792
-1792
-1792
-1788
-1788
-1782
-1772
-1772
-1772
-1764
-1764
-1772
-1772
-1772
-1772
-1772
-1776
-1776
-1776
-1776
-1774
-1774
-1774
-1774
-1774
-1780
-1780
-1776
-1768
-1770
-1770
-1770
-1766
-1752
-1752
-1746
-1744
-1740
-1732
-1732
-1732
-1726
-1726
-1726
-1726
-1726
-1726
-1726
-1726
-1726
-1726
-1726
-1726
-1726
-1730
-1730
-1730
-1736
-1736
-1732
-1732
-1732
-1726
-1726
-1728
-1728
-1728
-1728
-1728
-1728
-1728
-1718
-1718
-1718
-1708
-1708
-1708
-1706
-1702
-1702
-1696
-1694
-1694
-1694
-1688
-1678
-1678
-1680
-1680
-1676
-1668
-1668
-1668
-1674
-1674
-1666
-1666
-1666
-1666
-1666
-1666
-1666
-1664
-1664
-1676
-1676
-1678
-1678
-1678
-1672
-1672
-1674
-1678
-1672
-1674
-1674
-1674
-1674
-1674
-1672
-1668
-1670
-1670
-1666
-1666
-1656
-1656
-1656
-1648
-1648
-1648
-1648
-1652
-1648
-1648
-1648
-1640
-1640
-1640
-1640
-1640
-1636
-1636
-1636
-1636
-1652
-1664
-1660
-1652
-1648
-1648
-1648
-1646
-1646
-1646
-1646
-1644
-1644
-1644
-1644
-1632
-1632
-1632
-1634
-1630
-1622
-1624
-1622
-1622
-1622
-1610
-1610
-1610
-1606
-1604
-1612
-1614
-1620
-1624
-1624
-1624
-1624
-1624
-1618
-1610
-1610
-1610
-1610
-1606
-1610
-1608
-1602
-1604
-1604
-1604
-1604
-1604
-1604
-1604
-1606
-1606
-1606
-1600
-1600
-1600
-1600
-1600
-1596
-1586
-1584
-1582
-1582
-1582
-1572
-1572
-1566
-1574
-1568
-1568
-1568
-1568
-1568
-1564
-1556
-1556
-1542
-1530
-1530
-1532
-1530
-1532
-1532
-1532
-1532
-1532
-1538
-1540
-1540
-1540
-1544
-1534
-1534
-1534
-1530
-1530
-1530
-1522
-1522
-1522
-1522
-1522
-1524
-1524
-1520
-1520
-1518
-1518
-1518
-1514
-1518
-1516
-1514
-1516
-1516
-1516
-1512
-1512
-1512
-1512
-1508
-1508
-1508
-1508
-1504
-1508
-1508
-1508
-1508
-1504
-1506
-1502
-1502
-1498
-1496
-1496
-1496
-1496
-1484
-1484
-1484
-1476
-1472
-1464
-1464
-1468
-1458
-1458
-1458
-1454
-1454
-1454
-1454
-1454
-1454
-1450
-1448
-1448
-1436
-1434
-1440
-1440
-1440
-1428
-1428
-1426
-1426
-1422
-1422
-1422
-1422
-1422
-1416
-1416
-1412
-1412
-1404
-1402
-1402
-1402
-1402
-1402
-1404
-1404
-1404
-1404
-1398
-1398
-1398
-1396
-1392
-1392
-1392
-1384
-1384
-1384
-1384
-1384
-1388
-1388
-1384
-1378
-1368
-1366
-1358
-1360
-1360
-1360
-1350
-1350
-1348
-1350
-1350
-1350
-1350
-1344
-1344
-1344
-1344
-1346
-1348
-1348
-1348
-1348
-1358
-1354
-1356
-1368
-1364
-1368
-1362
-1362
-1356
-1356
-1356
-1360
-1360
-1368
-1374
-1374
-1370
-1362
-1362
-1354
-1350
-1350
-1354
-1356
-1358
-1362
-1356
-1356
-1358
-1358
-1358
-1358
-1358
-1354
-1362
-1362
-1362
-1364
-1364
-1362
-1358
-1358
-1358
-1358
-1356
-1344
-1344
-1342
-1338
-1338
-1344
-1344
-1332
-1332
-1332
-1332
-1334
-1334
-1334
-1334
-1334
-1330
-1330
-1316
-1308
-1304
-1294
-1294
-1294
-1302
-1300
-1300
-1300
-1300
-1294
-1300
-1300
-1296
-1290
-1288
-1284
-1284
-1284
-1278
-1274
-1276
-1278
-1278
-1282
-1286
-1286
-1296
-1304
-1306
-1304
-1296
-1296
-1296
-1296
-1296
-1290
-1290
-1286
-1286
-1282
-1282
-1288
-1294
-1294
-1302
-1302
-1304
-1304
-1304
-1304
-1304
-1308
-1308
-1308
-1308
-1300
-1294
-1298
-1298
-1306
-1306
-1302
-1302
-1302
-1296
-1296
-1306
-1306
-1306
-1306
-1306
-1306
-1306
-1306
-1304
-1300
-1300
-1306
-1306
-1306
-1304
-1304
-1302
-1302
-1302
-1302
-1302
-1312
-1314
-1308
-1302
-1298
-1288
-1280
-1278
-1272
-1274
-1272
-1266
-1256
-1246
-1236
-1236
-1236
-1236
-1236
-1236
-1228
-1228
-1222
-1232
-1232
-1230
-1230
-1230
-1226
-1220
-1234
-1234
-1234
-1240
-1240
-1248
-1240
-1244
-1244
-1240
-1240
-1238
-1238
-1238
-1238
-1232
-1236
-1236
-1236
-1246
-1246
-1254
-1254
-1254
-1258
-1250
-1248
-1248
-1248
-1254
-1248
-1248
-1248
-1250
-1250
-1238
-1238
-1236
-1234
-1232
-1232
-1242
-1242
-1242
-1240
-1240
-1240
-1240
-1238
-1234
-1234
-1234
-1240
-1240
-1240
-1224
-1224
-1222
-1216
-1216
-1208
-1208
-1200
-1198
-1198
-1192
-1196
-1196
-1202
-1202
-1202
-1208
-1208
-1208
-1208
-1198
-1198
-1198
-1198
-1198
-1188
-1188
-1188
-1188
-1190
-1192
-1186
-1176
-1176
-1176
-1176
-1176
-1176
-1174
-1166
-1166
-1172
-1172
-1172
-1168
-1178
-1176
-1174
-1174
-1172
-1172
-1166
-1162
-1162
-1158
-1158
-1158
-1158
-1164
-1164
-1162
-1162
-1162
-1162
-1170
-1170
-1170
-1170
-1164
-1164
-1164
-1166
-1166
-1156
-1150
-1150
-1150
-1150
-1150
-1152
-1152
-1152
-1150
-1150
-1150
-1150
-1146
-1142
-1138
-1138
-1142
-1132
-1132
-1122
-1124
-1124
-1124
-1126
-1126
-1126
-1128
-1130
-1130
-1126
-1126
-1120
-1126
-1126
-1134
-1134
-1130
-1130
-1138
-1138
-1138
-1138
-1138
-1138
-1134
-1134
-1134
-1130
-1130
-1128
-1128
-1122
-1122
-1130
-1130
-1130
-1134
-1126
-1126
-1126
-1118
-1118
-1124
-1116
-1116
-1130
-1130
-1130
-1126
-1126
-1126
-1116
-1116
-1114
-1114
-1124
-1118
-1114
-1110
-1102
-1102
-1102
-1108
-1108
-1112
-1112
-1112
-1112
-1112
-1112
-1112
-1104
-1104
-1114
-1110
-1110
-1110
-1112
-1112
-1102
-1098
-1096
-1096
-1096
-1096
-1096
-1094
-1092
-1092
-1092
-1096
-1084
-1084
-1072
-1072
-1060
-1060
-1058
-1058
-1058
-1058
-1054
-1054
-1054
-1054
-1058
-1064
-1048
-1048
-1042
-1046
-1044
-1050
-1050
-1050
-1042
-1042
-1042
-1028
-1028
-1030
-1030
-1030
-1030
-1030
-1030
-1024
-1030
-1030
-1032
-1032
-1032
-1032
-1034
-1032
-1032
-1032
-1024
-1024
-1024
-1024
-1024
-1024
-1024
-1024
-1024
-1024
-1020
-1020
-1018
-1006
-1008
-1008
-1016
-1016
-1008
-1012
-1010
-1010
-1010
-1010
-1010
-1006
-1004
-1004
-1004
-1004
-1004
-998
-998
-988
-988
-984
-984
-984
-984
-984
-984
-976
-976
-978
-978
-978
-978
-978
-984
-992
-992
-992
-992
-992
-988
-988
-988
-988
-982
-982
-986
-988
-988
-990
-986
-986
-988
-988
-988
-982
-990
-984
-984
-980
-972
-958
-960
-960
-962
-956
-946
-952
-952
-952
-952
-952
-954
-944
-944
-944
-944
-944
-946
-948
-948
-942
-942
-942
-942
-938
-938
-938
-942
-942
-934
-930
-930
-922
-922
-924
-924
-924
-922
-922
-918
-918
-922
-922
-926
-926
-914
-914
-910
-906
-908
-904
-900
-900
-898
-898
-898
-904
-910
-908
-906
-908
-908
-908
-902
-904
-904
-904
-904
-910
-914
-914
-908
-908
-908
-902
-898
-886
-886
-886
-882
-882
-882
-882
-882
-890
-890
-896
-896
-896
-896
-888
-890
-890
-890
-890
-890
-900
-900
-904
-902
-898
-898
-900
-898
-898
-898
-898
-898
-900
-900
-900
-904
-900
-900
-900
-904
-906
-908
-908
-910
-918
-914
-914
-912
-912
-912
-912
-910
-910
-910
-910
-910
-910
-910
-914
-914
-914
-914
-914
-914
-914
-914
-914
-914
-914
-914
-914
-914
-906
-906
-894
-892
-892
-892
-892
-902
-898
-898
-898
-908
-916
-920
-924
-924
-924
-924
-910
-910
-910
-912
-904
-902
-902
-902
-902
-902
-910
-910
-918
-912
-912
-912
-912
-906
-906
-906
-906
-906
-912
-912
-912
-912
-912
-912
-912
-912
-908
-912
-904
-904
-904
-904
-906
-904
-896
-892
-888
-888
-890
-886
-886
-886
-886
-886
-886
-886
-884
-876
-876
-880
-888
-888
-888
-888
-890
-882
-878
-884
-884
-892
-892
-892
-892
-882
-880
-884
-884
-880
-880
-880
-884
-884
-872
-866
-866
-860
-860
-864
-864
-864
-864
-866
-866
-866
-864
-864
-860
-864
-864
-864
-864
-864
-864
-862
-866
-866
-868
-868
-872
-872
-858
-862
-858
-858
-854
-852
-852
-852
-848
-848
-838
-834
-832
-830
-828
-834
-830
-838
-826
-826
-818
-814
-814
-818
-824
-822
-822
-822
-822
-822
-822
-828
-828
-828
-824
-816
-810
-818
-818
-818
-816
-816
-816
-816
-816
-808
-808
-810
-814
-818
-826
-830
-830
-834
-838
-842
-846
-844
-844
-838
-838
-838
-838
-838
-838
-836
-834
-834
-834
-834
-844
-850
-850
-846
-846
-846
-846
-842
-842
-842
-848
-838
-838
-838
-838
-838
-838
-838
-844
-844
-844
-844
-844
-844
-844
-852
-850
-850
-850
-850
-848
-848
-848
-846
-846
-846
-846
-846
-836
-840
-842
-840
-840
-840
-834
-834
-834
-834
-830
-830
-834
-834
-834
-834
-834
-834
-834
-826
-830
-830
-826
-826
-826
-822
-822
-822
-822
-816
-806
-806
-806
-806
-806
-806
-806
-818
-818
-818
-818
-816
-816
-810
-810
-810
-812
-812
-812
-814
-814
-814
-814
-814
-814
-814
-816
-816
-816
-816
-816
-816
-816
-818
-808
-808
-808
-808
-808
-808
-808
-808
-804
-800
-800
-800
-800
-798
-792
-780
-790
-790
-790
-790
-790
-790
-802
-804
-798
-798
-792
-792
-792
-792
-792
-792
-784
-784
-784
-784
-776
-780
-778
-778
-774
-780
-780
-780
-774
-774
-762
-768
-768
-760
-760
-762
-758
-758
-758
-758
-752
-752
-752
-756
-756
-756
-756
-752
-760
-756
-752
-756
-756
-762
-762
-762
-766
-766
-766
-768
-764
-756
-748
-744
-744
-748
-748
-748
-748
-750
-750
-754
-752
-752
-760
-760
-760
-760
-758
-758
-758
-750
-750
-750
-750
-744
-744
-750
-750
-742
-748
-742
-750
-748
-756
-760
-754
-754
-750
-748
-748
-748
-748
-738
-734
-720
-720
-720
-712
-714
-710
-700
-698
-688
-688
-688
-688
-688
-682
-682
-674
-674
-674
-670
-670
-670
-660
-668
-662
-662
-662
-662
-662
-662
-662
-662
-668
-664
-664
-664
-664
-666
-666
-666
-682
-682
-670
-670
-670
-670
-668
-668
-668
-662
-656
-656
-654
-662
-662
-664
-664
-672
-670
-670
-670
-670
-662
-662
-662
-664
-660
-648
-638
-634
-634
-634
-634
-626
-624
-624
-624
-624
-624
-610
-610
-610
-610
-610
-608
-600
-600
-600
-600
-590
-590
-592
-596
-602
-600
-602
-592
-598
-598
-610
-606
-606
-606
-610
-614
-618
-618
-618
-618
-618
-608
-608
-608
-606
-606
-606
-606
-606
-606
-600
-594
-594
-590
-590
-586
-586
-586
-586
-586
-588
-588
-584
-578
-578
-572
-570
-570
-556
-556
-554
-554
-538
-538
-538
-530
-514
-516
-520
-522
-522
-522
-522
-522
-524
-524
-528
-522
-522
-528
-528
-528
-528
-532
-534
-528
-522
-522
-526
-526
-534
-534
-536
-530
-530
-528
-528
-528
-526
-526
-522
-522
-522
-528
-518
-518
-516
-516
-516
-524
-512
-516
-504
-504
-504
-502
-502
-502
-498
-498
-498
-498
-498
-498
-498
-490
-490
-494
-494
-494
-494
-494
-498
-498
-498
-498
-494
-494
-502
-502
-496
-496
-500
-494
-494
-486
-474
-470
-470
-470
-470
-480
-482
-482
-482
-482
-482
-478
-478
-470
-474
-466
-462
-462
-462
-460
-462
-462
-460
-460
-460
-460
-460
-462
-462
-456
-456
-456
-456
-452
-452
-448
-448
-446
-446
-446
-446
-444
-444
-436
-438
-438
-438
-438
-438
-438
-438
-442
-442
-444
-444
-444
-444
-444
-444
-444
-442
-442
-434
-434
-434
-426
-426
-420
-420
-418
-424
-422
-422
-422
-424
-424
-424
-422
-424
-424
-424
-424
-420
-422
-422
-428
-428
-428
-414
-412
-412
-412
-414
-414
-422
-430
-426
-432
-430
-430
-426
-426
-426
-426
-426
-424
-424
-418
-418
-418
-418
-426
-426
-426
-432
-428
-424
-426
-420
-422
-420
-420
-424
-422
-426
-430
-432
-432
-432
-432
-430
-430
-428
-428
-428
-428
-430
-440
-440
-440
-440
-440
-440
-440
-440
-440
-440
-440
-440
-440
-440
-432
-436
-428
-428
-428
-428
-428
-424
-424
-424
-424
-428
-428
-428
-430
-438
-438
-438
-448
-444
-444
-450
-450
-450
-450
-450
-456
-454
-454
-466
-472
-476
-476
-476
-476
-476
-480
-480
-480
-480
-480
-480
-480
-480
-488
-486
-486
-486
-490
-490
-490
-488
-486
-486
-486
-482
-476
-476
-476
-476
-476
-476
-476
-476
-464
-464
-464
-464
-464
-464
-452
-452
-452
-452
-448
-448
-442
-442
-442
-436
-436
-440
-438
-434
-430
-430
-430
-430
-432
-432
-432
-430
-430
-426
-432
-432
-422
-422
-422
-422
-422
-418
-416
-412
-412
-404
-404
-404
-404
-404
-404
-404
-412
-412
-412
-412
-412
-412
-412
-412
-414
-414
-414
-414
-422
-418
-418
-416
-418
-408
-408
-406
-406
-406
-412
-422
-422
-422
-422
-422
-420
-422
-418
-420
-418
-418
-410
-410
-410
-410
-410
-404
-408
-408
-408
-404
-404
-398
-394
-394
-394
-394
-394
-396
-400
-400
-398
-402
-402
-402
-402
-402
-404
-406
-406
-402
-402
-396
-396
-396
-396
-396
-402
-398
-398
-404
-398
-398
-394
-390
-384
-384
-380
-380
-384
-384
-382
-382
-378
-378
-382
-382
-374
-374
-374
-384
-384
-386
-390
-390
-390
-390
-390
-374
-384
-380
-380
-370
-370
-374
-378
-380
-380
-384
-378
-378
-380
-380
-376
-376
-378
-378
-382
-378
-378
-380
-376
-378
-382
-382
-376
-376
-384
-384
-386
-386
-378
-378
-378
-378
-376
-376
-382
-382
-392
-392
-392
-384
-390
-390
-390
-386
-382
-382
-376
-384
-384
-384
-384
-374
-374
-378
-378
-374
-374
-370
-370
-372
-376
-378
-376
-376
-376
-382
-388
-388
-388
-388
-394
-390
-390
-390
-392
-392
-394
-396
-396
-396
-388
-388
-388
-384
-380
-380
-380
-390
-388
-388
-388
-386
-386
-388
-386
-390
-390
-380
-380
-384
-384
-384
-384
-384
-384
-384
-384
-376
-368
-362
-368
-368
-364
-364
-358
-356
-360
-356
-356
-356
-356
-356
-356
-356
-360
-360
-360
-360
-366
-354
-348
-348
-356
-356
-356
-356
-360
-360
-360
-352
-356
-356
-356
-356
-356
-356
-356
-360
-360
-358
-358
-348
-348
-346
-346
-342
-342
-342
-342
-342
-344
-340
-340
-340
-348
-348
-348
-342
-344
-340
-340
-340
-340
-340
-350
-348
-346
-346
-350
-350
-350
-344
-344
-336
-340
-340
-342
-342
-334
-340
-340
-340
-340
-336
-336
-336
-340
-334
-334
-326
-326
-326
-326
-330
-330
-324
-320
-314
-314
-314
-314
-322
-322
-322
-320
-320
-322
-320
-320
-316
-316
-314
-314
-314
-314
-314
-318
-318
-318
-320
-316
-324
-326
-326
-338
-338
-336
-336
-342
-342
-330
-330
-336
-336
-336
-334
-334
-338
-338
-338
-342
-344
-350
-354
-354
-354
-354
-354
-356
-356
-356
-352
-352
-354
-354
-354
-354
-354
-354
-354
-354
-354
-354
-354
-354
-354
-356
-348
-348
-348
-342
-342
-342
-342
-340
-336
-336
-336
-332
-332
-332
-334
-334
-338
-336
-342
-344
-338
-340
-342
-342
-340
-344
-340
-340
-350
-350
-342
-342
-342
-342
-336
-336
-336
-336
-336
-332
-328
-328
-334
-334
-346
-340
-340
-340
-336
-336
-336
-340
-326
-338
-338
-338
-334
-326
-318
-318
-318
-318
-318
-310
-310
-310
-314
-318
-326
-326
-326
-326
-326
-322
-322
-318
-324
-314
-304
-304
-306
-306
-306
-302
-302
-304
-304
-314
-314
-314
-314
-316
-316
-318
-318
-310
-316
-310
-302
-306
-314
-306
-304
-304
-304
-304
-304
-296
-296
-296
-296
-296
-294
-294
-294
-294
-288
-288
-282
-276
-264
-264
-264
-264
-262
-262
-262
-270
-270
-274
-274
-260
-260
-260
-260
-262
-268
-268
-268
-268
-268
-268
-268
-266
-266
-258
-258
-258
-254
-254
-254
-252
-252
-252
-252
-262
-262
-260
-260
-260
-260
-260
-260
-260
-258
-258
-258
-258
-258
-252
-252
-252
-252
-242
-242
-242
-246
-246
-246
-246
-246
-258
-258
-260
-250
-250
-250
-250
-246
-246
-246
-246
-246
-248
-238
-228
-228
-236
-240
-240
-240
-240
-240
-238
-238
-236
-236
-222
-222
-220
-228
-228
-230
-230
-230
-230
-234
-232
-248
-248
-248
-250
-254
-252
-252
-246
-246
-246
-246
-234
-234
-230
-232
-232
-222
-222
-226
-226
-226
-226
-226
-228
-228
-228
-228
-228
-228
-226
-226
-232
-220
-220
-220
-216
-218
-218
-214
-214
-212
-212
-208
-204
-204
-204
-204
-204
-204
-204
-204
-204
-204
-204
-204
-200
-192
-190
-182
-190
-192
-192
-190
-192
-188
-188
-180
-174
-178
-190
-186
-186
-186
-186
-186
-182
-182
-182
-182
-180
-182
-186
-180
-190
-184
-180
-180
-178
-178
-178
-174
-176
-176
-176
-176
-176
-188
-190
-190
-200
-202
-190
-190
-190
-190
-190
-190
-186
-188
-188
-188
-190
-190
-190
-190
-190
-190
-190
-192
-192
-192
-196
-196
-196
-182
-178
-178
-184
-184
-184
-186
-176
-176
-174
-164
-154
-154
-154
-154
-146
-146
-154
-152
-152
-150
-150
-150
-152
-152
-150
-150
-150
-150
-150
-144
-144
-140
-140
-132
-132
-132
-132
-132
-130
-130
-130
-126
-126
-126
-130
-130
-130
-132
-132
-134
-124
-124
-128
-124
-124
-126
-126
-126
-126
-124
-116
-120
-118
-118
-120
-120
-120
-122
-130
-120
-120
-128
-130
-130
-130
-130
-130
-130
-130
-120
-120
-116
-116
-114
-114
-114
-116
-116
-118
-118
-118
-118
-120
-124
-116
-116
-116
-126
-128
-128
-128
-128
-138
-140
-140
-142
-146
-144
-144
-144
-144
-144
-146
-154
-154
-154
-154
-154
-144
-144
-144
-146
-146
-152
-156
-148
-148
-148
-148
-148
-148
-148
-148
-148
-156
-156
-152
-152
-156
-154
-158
-158
-158
-150
-150
-158
-162
-162
-166
-166
-164
-164
-162
-162
-162
-166
-166
-166
-166
-166
-166
-166
-166
-170
-168
-168
-168
-168
-168
-168
-168
-168
-168
-168
-168
-166
-174
-174
-186
-186
-180
-176
-176
-180
-174
-182
-184
-184
-184
-178
-172
-172
-166
-166
-166
-164
-164
-168
-168
-168
-168
-168
-168
-170
-162
-160
-156
-156
-156
-152
-152
-148
-158
-162
-162
-162
-162
-160
-162
-162
-162
-162
-168
-168
-178
-180
-180
-170
-168
-166
-166
-166
-166
-166
-166
-166
-166
-166
-168
-162
-162
-162
-166
-166
-166
-166
-176
-174
-176
-176
-168
-160
-158
-164
-166
-166
-166
-166
-164
-164
-164
-164
-164
-164
-164
-164
-164
-160
-158
-158
-158
-158
-162
-162
-162
-166
-170
-170
-164
-166
-162
-162
-162
-162
-160
-158
-158
-144
-144
-146
-154
-156
-162
-162
-164
-164
-164
-164
-164
-164
-156
-152
-152
-152
-150
-148
-148
-148
-156
-156
-164
-160
-160
-168
-174
-174
-180
-180
-180
-180
-180
-166
-166
-170
-162
-162
-162
-162
-162
-162
-162
-162
-168
-168
-168
-168
-168
-174
-174
-168
-168
-168
-168
-170
-176
-176
-176
-172
-162
-162
-156
-150
-150
-142
-142
-142
-142
-142
-142
-142
-142
-138
-140
-140
-148
-148
-140
-136
-136
-136
-136
-134
-134
-128
-134
-134
-130
-134
-134
-134
-134
-130
-130
-138
-138
-138
-150
-150
-150
-150
-150
-150
-150
-150
-148
-148
-154
-142
-138
-130
-128
-126
-126
-126
-114
-114
-108
-112
-112
-112
-112
-106
-106
-106
-106
-106
-98
-98
-90
-86
-82
-84
-84
-84
-84
-84
-86
-86
-86
-86
-86
-88
-88
-86
-84
-84
-88
-86
-80
-80
-74
-74
-80
-82
-78
-78
-88
-94
-94
-86
-86
-78
-78
-78
-78
-78
-84
-88
-88
-90
-90
-90
-100
-102
-112
-110
-100
-98
-98
-98
-98
-96
-98
-98
-98
-98
-100
-100
-92
-84
-72
-82
-82
-70
-68
-60
-64
-62
-62
-62
-62
-60
-60
-60
-60
-60
-60
-60
-56
-56
-56
-52
-52
-58
-58
-58
-56
-56
-54
-52
-60
-54
-54
-54
-54
-54
-54
-54
-54
-52
-52
-40
-40
-46
-38
-38
-38
-38
-38
-38
-40
-38
-32
-26
-26
-26
-26
-32
-34
-32
-32
-30
-30
-30
-32
-32
-32
-32
-32
-48
-46
-42
-48
-48
-50
-50
-52
-52
-52
-56
-56
-56
-56
-56
-56
-56
-56
-48
-48
-44
-44
-48
-54
-48
