-10478
-10472
-10472
-10472
-10460
-10450
-10438
-10438
-10438
-10438
-10438
-10432
-10422
-10422
-10414
-10414
-10406
-10404
-10398
-10398
-10398
-10394
-10394
-10382
-10382
-10378
-10374
-10370
-10362
-10362
-10352
-10348
-10348
-10348
-10348
-10346
-10338
-10332
-10322
-10322
-10322
-10322
-10322
-10318
-10308
-10308
-10308
-10300
-10292
-10280
-10272
-10270
-10270
-10264
-10262
-10254
-10254
-10250
-10246
-10242
-10232
-10224
-10220
-10214
-10214
-10214
-10214
-10214
-10214
-10214
-10214
-10206
-10206
-10206
-10206
-10206
-10206
-10206
-10206
-10200
-10200
-10200
-10196
-10194
-10194
-10186
-10172
-10172
-10168
-10162
-10160
-10154
-10150
-10138
-10130
-10122
-10118
-10112
-10112
-10104
-10104
-10098
-10098
-10098
-10098
-10098
-10098
-10090
-10090
-10082
-10074
-10064
-10058
-10058
-10054
-10038
-10038
-10038
-10028
-10020
-10016
-10016
-10004
-10004
-10004
-10004
-10006
-10006
-10004
-9994
-9984
-9984
-9974
-9974
-9968
-9968
-9968
-9968
-9960
-9960
-9952
-9948
-9944
-9934
-9924
-9922
-9924
-9924
-9924
-9924
-9912
-9912
-9908
-9908
-9908
-9908
-9908
-9908
-9908
-9908
-9896
-9884
-9878
-9868
-9862
-9852
-9844
-9844
-9844
-9844
-9832
-9824
-9824
-9816
-9816
-9816
-9806
-9808
-9808
-9808
-9808
-9808
-9794
-9794
-9794
-9794
-9788
-9788
-9788
-9772
-9768
-9766
-9766
-9766
-9758
-9752
-9750
-9750
-9742
-9742
-9734
-9734
-9724
-9724
-9714
-9714
-9704
-9704
-9698
-9698
-9698
-9688
-9680
-9674
-9664
-9664
-9664
-9664
-9664
-9654
-9654
-9642
-9642
-9640
-9640
-9640
-9640
-9640
-9634
-9634
-9634
-9634
-9628
-9626
-9618
-9618
-9618
-9612
-9614
-9606
-9606
-9606
-9606
-9606
-9608
-9600
-9588
-9580
-9568
-9556
-9556
-9548
-9548
-9536
-9528
-9528
-9524
-9524
-9518
-9506
-9500
-9492
-9490
-9490
-9480
-9474
-9468
-9458
-9458
-9456
-9456
-9456
-9448
-9448
-9448
-9440
-9440
-9440
-9436
-9424
-9424
-9416
-9414
-9414
-9402
-9396
-9396
-9396
-9396
-9396
-9402
-9402
-9392
-9392
-9392
-9384
-9368
-9360
-9360
-9348
-9348
-9348
-9342
-9342
-9342
-9328
-9328
-9326
-9320
-9320
-9306
-9306
-9298
-9298
-9298
-9300
-9300
-9296
-9290
-9284
-9278
-9262
-9262
-9262
-9254
-9254
-9252
-9248
-9248
-9240
-9240
-9240
-9240
-9236
-9236
-9228
-9228
-9228
-9228
-9214
-9214
-9210
-9206
-9206
-9206
-9206
-9198
-9198
-9198
-9194
-9182
-9182
-9176
-9166
-9160
-9148
-9148
-9148
-9136
-9136
-9136
-9126
-9126
-9126
-9126
-9126
-9128
-9124
-9124
-9124
-9124
-9116
-9116
-9116
-9116
-9116
-9116
-9102
-9102
-9102
-9100
-9086
-9078
-9078
-9078
-9078
-9076
-9076
-9076
-9068
-9074
-9074
-9076
-9076
-9072
-9066
-9066
-9052
-9054
-9054
-9054
-9042
-9042
-9042
-9042
-9032
-9032
-9032
-9034
-9034
-9028
-9030
-9030
-9020
-9020
-9020
-9020
-9008
-8998
-8990
-8990
-8990
-8984
-8966
-8966
-8960
-8960
-8968
-8968
-8968
-8960
-8960
-8960
-8960
-8960
-8956
-8946
-8944
-8944
-8942
-8938
-8938
-8938
-8938
-8938
-8938
-8928
-8928
-8928
-8928
-8924
-8924
-8914
-8914
-8914
-8908
-8908
-8900
-8900
-8894
-8886
-8880
-8870
-8864
-8864
-8864
-8864
-8860
-8860
-8860
-8860
-8860
-8860
-8860
-8850
-8848
-8848
-8840
-8840
-8840
-8834
-8824
-8824
-8816
-8816
-8816
-8816
-8810
-8810
-8810
-8810
-8804
-8806
-8796
-8796
-8796
-8786
-8792
-8792
-8792
-8776
-8776
-8776
-8776
-8776
-8772
-8772
-8764
-8764
-8764
-8764
-8756
-8744
-8744
-8744
-8744
-8744
-8744
-8736
-8726
-8720
-8720
-8706
-8706
-8704
-8698
-8692
-8686
-8682
-8674
-8672
-8662
-8662
-8656
-8656
-8646
-8646
-8636
-8636
-8636
-8636
-8632
-8632
-8632
-8622
-8622
-8610
-8610
-8600
-8600
-8584
-8584
-8584
-8580
-8572
-8568
-8554
-8554
-8554
-8544
-8544
-8544
-8544
-8542
-8542
-8542
-8542
-8554
-8554
-8554
-8554
-8554
-8542
-8542
-8550
-8550
-8544
-8544
-8544
-8532
-8532
-8526
-8516
-8514
-8514
-8504
-8504
-8504
-8496
-8496
-8496
-8496
-8488
-8478
-8476
-8476
-8476
-8476
-8468
-8464
-8452
-8444
-8444
-8444
-8426
-8418
-8416
-8416
-8408
-8396
-8396
-8380
-8374
-8368
-8368
-8368
-8368
-8368
-8368
-8358
-8364
-8364
-8364
-8364
-8356
-8338
-8338
-8326
-8326
-8330
-8330
-8330
-8330
-8318
-8318
-8312
-8312
-8306
-8306
-8300
-8300
-8294
-8296
-8288
-8288
-8292
-8292
-8286
-8286
-8286
-8286
-8286
-8286
-8286
-8280
-8274
-8274
-8274
-8268
-8268
-8268
-8268
-8268
-8260
-8260
-8252
-8252
-8252
-8252
-8246
-8246
-8246
-8246
-8236
-8234
-8234
-8234
-8234
-8232
-8226
-8226
-8218
-8208
-8200
-8200
-8198
-8192
-8184
-8184
-8184
-8168
-8168
-8162
-8158
-8152
-8152
-8146
-8146
-8146
-8134
-8134
-8134
-8130
-8122
-8122
-8118
-8118
-8118
-8112
-8112
-8104
-8092
-8092
-8086
-8084
-8072
-8070
-8060
-8060
-8048
-8048
-8044
-8036
-8036
-8036
-8036
-8036
-8036
-8036
-8026
-8016
-8006
-8006
-7996
-7996
-7996
-7996
-7996
-7996
-7992
-7984
-7984
-7978
-7978
-7974
-7970
-7966
-7954
-7954
-7942
-7936
-7936
-7926
-7926
-7924
-7918
-7918
-7918
-7920
-7920
-7912
-7912
-7912
-7900
-7900
-7894
-7894
-7894
-7894
-7882
-7872
-7862
-7862
-7862
-7858
-7852
-7852
-7838
-7838
-7838
-7838
-7838
-7838
-7838
-7836
-7836
-7836
-7832
-7832
-7828
-7828
-7822
-7822
-7818
-7818
-7818
-7818
-7818
-7818
-7804
-7804
-7798
-7794
-7794
-7794
-7794
-7796
-7790
-7790
-7790
-7790
-7790
-7790
-7790
-7776
-7776
-7776
-7772
-7772
-7768
-7768
-7768
-7768
-7768
-7768
-7768
-7768
-7768
-7756
-7760
-7760
-7760
-7754
-7750
-7750
-7744
-7744
-7744
-7740
-7736
-7734
-7734
-7728
-7720
-7714
-7704
-7700
-7688
-7680
-7680
-7672
-7672
-7654
-7654
-7646
-7646
-7638
-7638
-7638
-7636
-7624
-7624
-7612
-7612
-7604
-7604
-7604
-7604
-7604
-7596
-7600
-7590
-7580
-7580
-7572
-7564
-7560
-7554
-7546
-7546
-7546
-7534
-7526
-7518
-7510
-7510
-7496
-7496
-7488
-7488
-7476
-7476
-7464
-7464
-7464
-7452
-7452
-7452
-7454
-7458
-7442
-7442
-7426
-7426
-7426
-7414
-7414
-7414
-7414
-7402
-7390
-7390
-7382
-7380
-7380
-7374
-7374
-7374
-7374
-7374
-7374
-7370
-7362
-7362
-7362
-7364
-7360
-7360
-7354
-7354
-7352
-7352
-7352
-7352
-7352
-7352
-7342
-7346
-7346
-7344
-7332
-7332
-7330
-7328
-7328
-7320
-7314
-7314
-7314
-7314
-7312
-7320
-7320
-7306
-7306
-7306
-7322
-7322
-7320
-7320
-7320
-7310
-7310
-7310
-7310
-7298
-7298
-7292
-7280
-7276
-7272
-7264
-7256
-7252
-7246
-7246
-7246
-7234
-7226
-7226
-7226
-7224
-7224
-7226
-7226
-7226
-7224
-7224
-7224
-7224
-7216
-7214
-7212
-7206
-7200
-7198
-7198
-7190
-7190
-7182
-7174
-7174
-7174
-7174
-7164
-7150
-7146
-7146
-7138
-7134
-7132
-7132
-7122
-7122
-7118
-7112
-7112
-7112
-7112
-7104
-7102
-7102
-7102
-7102
-7102
-7102
-7102
-7094
-7094
-7094
-7088
-7086
-7086
-7078
-7080
-7080
-7080
-7076
-7074
-7074
-7074
-7074
-7074
-7074
-7074
-7074
-7074
-7074
-7074
-7074
-7074
-7072
-7062
-7062
-7062
-7064
-7050
-7050
-7042
-7042
-7042
-7042
-7042
-7038
-7032
-7030
-7030
-7030
-7030
-7028
-7028
-7026
-7022
-7012
-7012
-7006
-7008
-7010
-7008
-7008
-6996
-6992
-6992
-6992
-6992
-6992
-6986
-6976
-6976
-6974
-6962
-6962
-6962
-6962
-6956
-6956
-6948
-6944
-6944
-6940
-6928
-6920
-6920
-6920
-6918
-6918
-6918
-6912
-6900
-6892
-6892
-6882
-6882
-6882
-6868
-6862
-6862
-6854
-6850
-6836
-6836
-6826
-6826
-6828
-6822
-6822
-6822
-6822
-6824
-6820
-6820
-6808
-6794
-6782
-6772
-6772
-6772
-6772
-6772
-6772
-6772
-6772
-6772
-6764
-6754
-6754
-6754
-6750
-6750
-6750
-6750
-6750
-6746
-6746
-6746
-6746
-6736
-6736
-6724
-6724
-6724
-6716
-6718
-6718
-6718
-6714
-6714
-6714
-6706
-6706
-6698
-6692
-6678
-6668
-6660
-6652
-6652
-6652
-6652
-6646
-6646
-6646
-6646
-6638
-6638
-6636
-6628
-6626
-6620
-6620
-6622
-6622
-6622
-6622
-6622
-6628
-6628
-6628
-6632
-6632
-6632
-6632
-6622
-6622
-6622
-6622
-6618
-6618
-6618
-6606
-6606
-6606
-6594
-6594
-6588
-6582
-6580
-6570
-6572
-6564
-6564
-6564
-6564
-6564
-6560
-6558
-6552
-6552
-6552
-6552
-6544
-6544
-6544
-6548
-6548
-6554
-6554
-6554
-6546
-6542
-6530
-6530
-6530
-6530
-6530
-6536
-6540
-6540
-6538
-6530
-6524
-6514
-6514
-6514
-6514
-6514
-6500
-6500
-6500
-6500
-6494
-6496
-6494
-6494
-6488
-6484
-6474
-6474
-6474
-6474
-6474
-6474
-6474
-6466
-6466
-6466
-6466
-6466
-6466
-6466
-6466
-6458
-6458
-6458
-6458
-6456
-6450
-6456
-6456
-6456
-6456
-6454
-6454
-6454
-6454
-6450
-6444
-6444
-6444
-6436
-6442
-6432
-6426
-6426
-6424
-6412
-6408
-6396
-6396
-6398
-6398
-6396
-6396
-6386
-6386
-6384
-6380
-6380
-6384
-6382
-6380
-6380
-6372
-6368
-6362
-6352
-6352
-6348
-6348
-6348
-6348
-6342
-6342
-6344
-6346
-6346
-6342
-6334
-6334
-6334
-6334
-6332
-6334
-6338
-6338
-6330
-6328
-6316
-6312
-6308
-6308
-6298
-6284
-6284
-6284
-6292
-6292
-6282
-6282
-6278
-6270
-6270
-6270
-6270
-6270
-6274
-6274
-6274
-6272
-6264
-6252
-6240
-6240
-6240
-6236
-6236
-6226
-6228
-6228
-6236
-6240
-6244
-6244
-6244
-6246
-6246
-6234
-6230
-6230
-6230
-6230
-6226
-6226
-6226
-6216
-6212
-6206
-6206
-6196
-6196
-6196
-6196
-6196
-6192
-6192
-6184
-6184
-6184
-6184
-6184
-6176
-6174
-6164
-6162
-6162
-6162
-6162
-6162
-6162
-6160
-6160
-6146
-6148
-6148
-6140
-6140
-6140
-6140
-6140
-6140
-6134
-6122
-6122
-6114
-6114
-6114
-6106
-6102
-6104
-6104
-6104
-6100
-6088
-6084
-6084
-6084
-6080
-6080
-6080
-6078
-6074
-6074
-6062
-6062
-6056
-6056
-6054
-6042
-6036
-6036
-6036
-6036
-6030
-6024
-6024
-6024
-6024
-6024
-6024
-6024
-6018
-6018
-6012
-6012
-6006
-6006
-6006
-5998
-5996
-5996
-5998
-5998
-5998
-5998
-6006
-6006
-6006
-6004
-6008
-6002
-6004
-5998
-5992
-5992
-5976
-5978
-5978
-5978
-5978
-5980
-5978
-5972
-5972
-5968
-5966
-5966
-5966
-5958
-5958
-5958
-5958
-5958
-5958
-5958
-5950
-5950
-5946
-5952
-5948
-5944
-5944
-5936
-5936
-5936
-5932
-5930
-5922
-5922
-5918
-5914
-5904
-5900
-5888
-5888
-5888
-5886
-5878
-5884
-5874
-5874
-5874
-5874
-5862
-5862
-5866
-5866
-5860
-5860
-5860
-5860
-5850
-5846
-5840
-5840
-5842
-5842
-5842
-5842
-5834
-5828
-5832
-5832
-5832
-5836
-5820
-5820
-5822
-5816
-5810
-5810
-5818
-5818
-5818
-5812
-5812
-5808
-5796
-5786
-5770
-5770
-5756
-5750
-5750
-5750
-5750
-5738
-5728
-5728
-5724
-5724
-5722
-5722
-5722
-5720
-5720
-5720
-5714
-5714
-5714
-5714
-5710
-5710
-5710
-5708
-5708
-5708
-5708
-5696
-5690
-5688
-5682
-5682
-5682
-5676
-5676
-5670
-5662
-5654
-5654
-5654
-5654
-5654
-5654
-5654
-5650
-5640
-5636
-5636
-5634
-5632
-5628
-5630
-5630
-5620
-5620
-5622
-5622
-5622
-5622
-5622
-5622
-5622
-5620
-5620
-5620
-5618
-5618
-5610
-5610
-5616
-5616
-5616
-5616
-5620
-5618
-5618
-5618
-5618
-5618
-5612
-5614
-5614
-5614
-5614
-5614
-5614
-5614
-5604
-5604
-5596
-5592
-5592
-5596
-5596
-5594
-5588
-5582
-5582
-5582
-5582
-5576
-5570
-5570
-5570
-5570
-5568
-5568
-5558
-5548
-5538
-5528
-5526
-5526
-5522
-5522
-5522
-5518
-5518
-5510
-5510
-5510
-5510
-5506
-5506
-5506
-5500
-5500
-5500
-5500
-5500
-5500
-5500
-5502
-5488
-5482
-5480
-5474
-5464
-5454
-5452
-5452
-5438
-5422
-5416
-5416
-5414
-5414
-5414
-5414
-5414
-5414
-5414
-5414
-5410
-5406
-5406
-5406
-5404
-5404
-5404
-5404
-5400
-5400
-5394
-5384
-5384
-5382
-5378
-5376
-5368
-5360
-5360
-5352
-5352
-5352
-5358
-5358
-5348
-5340
-5336
-5336
-5336
-5336
-5332
-5332
-5324
-5324
-5320
-5304
-5294
-5294
-5294
-5294
-5294
-5286
-5282
-5282
-5286
-5286
-5286
-5286
-5286
-5286
-5288
-5288
-5276
-5276
-5276
-5268
-5268
-5268
-5264
-5264
-5256
-5264
-5266
-5266
-5262
-5254
-5254
-5248
-5248
-5236
-5236
-5240
-5240
-5240
-5234
-5226
-5212
-5212
-5214
-5214
-5214
-5214
-5206
-5206
-5200
-5194
-5196
-5196
-5198
-5190
-5186
-5176
-5176
-5166
-5162
-5162
-5150
-5142
-5128
-5116
-5116
-5116
-5118
-5118
-5106
-5106
-5106
-5106
-5106
-5102
-5094
-5094
-5092
-5092
-5082
-5082
-5080
-5076
-5070
-5070
-5064
-5064
-5064
-5064
-5058
-5048
-5048
-5048
-5044
-5044
-5044
-5044
-5044
-5044
-5044
-5044
-5044
-5044
-5044
-5044
-5044
-5034
-5024
-5024
-5024
-5024
-5016
-5016
-5022
-5026
-5026
-5020
-5014
-5010
-5010
-5010
-5010
-5004
-4998
-4998
-4998
-4990
-4988
-4982
-4974
-4974
-4966
-4966
-4964
-4964
-4956
-4952
-4956
-4952
-4952
-4952
-4946
-4944
-4938
-4938
-4940
-4944
-4944
-4944
-4944
-4936
-4936
-4934
-4934
-4928
-4928
-4928
-4924
-4924
-4924
-4924
-4924
-4924
-4932
-4934
-4934
-4934
-4934
-4936
-4936
-4936
-4936
-4932
-4932
-4932
-4932
-4934
-4934
-4932
-4924
-4908
-4914
-4906
-4898
-4898
-4898
-4898
-4898
-4900
-4900
-4900
-4892
-4886
-4880
-4872
-4862
-4864
-4864
-4860
-4864
-4864
-4864
-4860
-4852
-4844
-4838
-4838
-4838
-4828
-4832
-4836
-4838
-4828
-4828
-4828
-4828
-4832
-4832
-4832
-4832
-4820
-4820
-4818
-4818
-4828
-4840
-4836
-4836
-4844
-4842
-4842
-4838
-4838
-4840
-4840
-4828
-4820
-4820
-4820
-4812
-4810
-4802
-4802
-4804
-4804
-4798
-4798
-4798
-4798
-4798
-4798
-4798
-4796
-4804
-4794
-4800
-4800
-4800
-4790
-4790
-4796
-4794
-4794
-4794
-4790
-4780
-4770
-4760
-4752
-4752
-4752
-4740
-4740
-4742
-4742
-4742
-4730
-4724
-4724
-4724
-4724
-4714
-4720
-4708
-4708
-4706
-4696
-4684
-4684
-4690
-4690
-4690
-4686
-4676
-4672
-4668
-4668
-4658
-4664
-4664
-4664
-4662
-4654
-4642
-4642
-4642
-4642
-4638
-4638
-4638
-4636
-4638
-4628
-4628
-4628
-4628
-4628
-4628
-4626
-4624
-4608
-4610
-4616
-4616
-4618
-4618
-4618
-4618
-4618
-4614
-4608
-4608
-4608
-4610
-4614
-4610
-4602
-4606
-4606
-4606
-4590
-4578
-4574
-4566
-4562
-4558
-4558
-4558
-4550
-4542
-4542
-4542
-4542
-4542
-4542
-4532
-4532
-4524
-4522
-4522
-4522
-4522
-4516
-4512
-4522
-4516
-4504
-4502
-4502
-4502
-4486
-4480
-4480
-4478
-4484
-4484
-4484
-4474
-4474
-4474
-4472
-4472
-4470
-4472
-4472
-4472
-4472
-4472
-4474
-4464
-4454
-4454
-4458
-4450
-4448
-4448
-4444
-4444
-4444
-4440
-4440
-4440
-4440
-4440
-4438
-4438
-4434
-4434
-4434
-4434
-4432
-4432
-4428
-4424
-4424
-4424
-4422
-4420
-4420
-4420
-4420
-4420
-4420
-4420
-4420
-4420
-4420
-4414
-4412
-4410
-4410
-4398
-4388
-4388
-4388
-4388
-4388
-4388
-4388
-4380
-4380
-4380
-4380
-4374
-4366
-4368
-4362
-4362
-4354
-4354
-4354
-4348
-4340
-4334
-4334
-4334
-4334
-4334
-4330
-4326
-4320
-4320
-4322
-4322
-4322
-4326
-4326
-4320
-4320
-4320
-4320
-4312
-4310
-4310
-4298
-4298
-4298
-4302
-4302
-4304
-4304
-4306
-4306
-4306
-4300
-4300
-4300
-4300
-4294
-4292
-4292
-4292
-4292
-4292
-4284
-4284
-4284
-4274
-4274
-4268
-4268
-4266
-4264
-4262
-4270
-4264
-4264
-4258
-4258
-4258
-4258
-4260
-4250
-4246
-4246
-4246
-4246
-4246
-4246
-4236
-4236
-4236
-4238
-4230
-4222
-4222
-4226
-4218
-4218
-4218
-4214
-4216
-4216
-4212
-4212
-4212
-4212
-4206
-4206
-4206
-4206
-4200
-4192
-4198
-4198
-4198
-4194
-4182
-4184
-4180
-4186
-4186
-4186
-4170
-4170
-4160
-4160
-4160
-4160
-4160
-4156
-4156
-4150
-4146
-4146
-4146
-4146
-4146
-4144
-4148
-4152
-4152
-4152
-4152
-4146
-4146
-4138
-4138
-4130
-4130
-4120
-4108
-4106
-4106
-4106
-4106
-4106
-4106
-4106
-4106
-4108
-4108
-4102
-4102
-4094
-4094
-4094
-4088
-4094
-4102
-4104
-4110
-4110
-4110
-4110
-4110
-4108
-4106
-4106
-4110
-4110
-4106
-4096
-4096
-4092
-4094
-4094
-4094
-4094
-4094
-4094
-4082
-4082
-4082
-4078
-4084
-4084
-4078
-4078
-4074
-4074
-4080
-4080
-4080
-4080
-4080
-4072
-4072
-4072
-4072
-4072
-4064
-4060
-4058
-4058
-4060
-4056
-4060
-4052
-4042
-4042
-4042
-4042
-4042
-4042
-4042
-4042
-4042
-4028
-4030
-4030
-4030
-4030
-4024
-4024
-4024
-4024
-4024
-4024
-4020
-4022
-4022
-4026
-4010
-4010
-4010
-4010
-4010
-4010
-4006
-4008
-4010
-3998
-3992
-3992
-3992
-3992
-3992
-3992
-3992
-3988
-3988
-3988
-3992
-3992
-3992
-3984
-3984
-3990
-3990
-3994
-3994
-3998
-3992
-3990
-3990
-3990
-4000
-3998
-3994
-3990
-3990
-3990
-3990
-3992
-3990
-3992
-3984
-3976
-3980
-3980
-3980
-3980
-3980
-3980
-3980
-3976
-3976
-3976
-3976
-3976
-3976
-3980
-3976
-3976
-3976
-3976
-3972
-3970
-3964
-3964
-3958
-3958
-3954
-3944
-3944
-3934
-3930
-3930
-3926
-3920
-3920
-3912
-3912
-3912
-3912
-3912
-3912
-3912
-3906
-3906
-3900
-3900
-3906
-3906
-3904
-3904
-3904
-3904
-3900
-3900
-3902
-3900
-3900
-3902
-3894
-3894
-3882
-3882
-3882
-3884
-3878
-3878
-3878
-3876
-3874
-3874
-3874
-3876
-3868
-3868
-3860
-3860
-3860
-3852
-3852
-3850
-3850
-3850
-3836
-3832
-3830
-3830
-3820
-3820
-3820
-3810
-3804
-3804
-3804
-3804
-3806
-3806
-3804
-3804
-3798
-3798
-3798
-3792
-3790
-3790
-3790
-3788
-3776
-3776
-3776
-3776
-3776
-3776
-3768
-3774
-3772
-3764
-3758
-3758
-3758
-3750
-3750
-3756
-3756
-3752
-3752
-3752
-3750
-3740
-3740
-3740
-3740
-3734
-3730
-3730
-3728
-3728
-3728
-3724
-3708
-3708
-3708
-3708
-3702
-3710
-3714
-3714
-3714
-3714
-3702
-3700
-3694
-3694
-3694
-3694
-3694
-3694
-3694
-3694
-3694
-3700
-3702
-3702
-3708
-3708
-3708
-3704
-3704
-3704
-3708
-3708
-3714
-3718
-3718
-3718
-3718
-3714
-3712
-3712
-3702
-3702
-3702
-3696
-3688
-3676
-3668
-3662
-3662
-3662
-3652
-3652
-3652
-3646
-3634
-3632
-3632
-3636
-3638
-3638
-3638
-3638
-3638
-3640
-3636
-3628
-3628
-3628
-3628
-3628
-3628
-3628
-3628
-3634
-3636
-3636
-3636
-3640
-3640
-3640
-3642
-3634
-3634
-3634
-3630
-3624
-3624
-3620
-3614
-3616
-3616
-3614
-3612
-3612
-3614
-3600
-3600
-3600
-3602
-3596
-3592
-3596
-3600
-3600
-3600
-3590
-3590
-3586
-3584
-3574
-3570
-3572
-3572
-3572
-3566
-3566
-3566
-3568
-3568
-3568
-3570
-3560
-3560
-3550
-3540
-3544
-3542
-3542
-3542
-3540
-3534
-3534
-3534
-3528
-3528
-3526
-3526
-3520
-3520
-3522
-3522
-3524
-3528
-3528
-3518
-3518
-3518
-3518
-3518
-3530
-3522
-3520
-3526
-3526
-3530
-3530
-3532
-3534
-3524
-3528
-3528
-3528
-3520
-3510
-3510
-3504
-3504
-3496
-3490
-3490
-3490
-3490
-3482
-3482
-3488
-3488
-3486
-3480
-3480
-3480
-3484
-3476
-3472
-3466
-3466
-3462
-3462
-3462
-3462
-3462
-3462
-3462
-3456
-3462
-3462
-3458
-3458
-3458
-3458
-3446
-3442
-3442
-3442
-3438
-3446
-3446
-3446
-3446
-3446
-3452
-3452
-3460
-3456
-3456
-3456
-3456
-3454
-3456
-3448
-3448
-3450
-3442
-3442
-3442
-3442
-3442
-3440
-3434
-3434
-3430
-3430
-3430
-3422
-3422
-3416
-3416
-3416
-3406
-3406
-3406
-3406
-3406
-3404
-3394
-3394
-3394
-3392
-3394
-3388
-3378
-3378
-3378
-3368
-3368
-3366
-3366
-3366
-3366
-3364
-3364
-3364
-3368
-3356
-3352
-3350
-3350
-3340
-3344
-3330
-3336
-3340
-3340
-3330
-3330
-3326
-3312
-3312
-3306
-3306
-3306
-3306
-3308
-3312
-3316
-3316
-3316
-3316
-3318
-3318
-3318
-3318
-3316
-3316
-3308
-3308
-3304
-3306
-3306
-3306
-3306
-3306
-3306
-3310
-3302
-3294
-3292
-3292
-3292
-3290
-3288
-3292
-3288
-3288
-3288
-3282
-3282
-3274
-3274
-3276
-3276
-3274
-3264
-3264
-3264
-3264
-3264
-3264
-3262
-3264
-3264
-3264
-3264
-3264
-3264
-3264
-3254
-3248
-3260
-3260
-3252
-3246
-3246
-3246
-3246
-3242
-3242
-3242
-3236
-3234
-3240
-3240
-3238
-3238
-3238
-3236
-3240
-3242
-3242
-3244
-3244
-3248
-3244
-3248
-3248
-3242
-3230
-3226
-3226
-3224
-3224
-3230
-3230
-3230
-3232
-3232
-3238
-3238
-3230
-3222
-3216
-3216
-3216
-3206
-3206
-3206
-3206
-3206
-3206
-3206
-3206
-3208
-3210
-3210
-3210
-3202
-3194
-3196
-3192
-3192
-3192
-3192
-3192
-3186
-3186
-3184
-3184
-3172
-3164
-3158
-3158
-3158
-3154
-3154
-3154
-3154
-3162
-3162
-3162
-3162
-3162
-3162
-3162
-3166
-3166
-3166
-3168
-3168
-3168
-3168
-3168
-3168
-3168
-3164
-3176
-3174
-3168
-3168
-3168
-3168
-3160
-3156
-3156
-3156
-3156
-3156
-3154
-3146
-3140
-3132
-3132
-3126
-3126
-3126
-3126
-3120
-3110
-3100
-3100
-3100
-3100
-3100
-3100
-3100
-3100
-3106
-3106
-3106
-3106
-3108
-3108
-3104
-3104
-3100
-3096
-3096
-3096
-3094
-3094
-3096
-3096
-3106
-3112
-3112
-3108
-3108
-3108
-3102
-3102
-3102
-3102
-3096
-3100
-3098
-3096
-3096
-3086
-3086
-3084
-3084
-3094
-3092
-3092
-3092
-3092
-3084
-3084
-3084
-3086
-3086
-3086
-3086
-3088
-3086
-3086
-3086
-3088
-3088
-3082
-3082
-3084
-3084
-3084
-3082
-3080
-3080
-3080
-3080
-3080
-3084
-3070
-3064
-3064
-3064
-3064
-3072
-3072
-3066
-3064
-3060
-3060
-3060
-3054
-3054
-3054
-3054
-3052
-3046
-3046
-3044
-3044
-3046
-3034
-3032
-3032
-3032
-3028
-3020
-3020
-3020
-3028
-3028
-3028
-3022
-3022
-3022
-3018
-3018
-3018
-3018
-3014
-3014
-3014
-3014
-3018
-3018
-3006
-3006
-3010
-3016
-3016
-3006
-3006
-3006
-3006
-3006
-3006
-3006
-3006
-3006
-3006
-3006
-3000
-3000
-3000
-3002
-2996
-2996
-2996
-3006
-3006
-3008
-3002
-2990
-2982
-2982
-2982
-2982
-2982
-2972
-2968
-2966
-2958
-2958
-2958
-2958
-2958
-2958
-2958
-2952
-2952
-2942
-2942
-2942
-2942
-2936
-2940
-2940
-2934
-2934
-2928
-2926
-2926
-2924
-2924
-2924
-2930
-2928
-2924
-2932
-2932
-2932
-2924
-2924
-2924
-2924
-2922
-2922
-2914
-2920
-2922
-2922
-2918
-2922
-2920
-2924
-2926
-2918
-2918
-2902
-2904
-2904
-2904
-2904
-2896
-2886
-2886
-2884
-2880
-2880
-2876
-2876
-2872
-2868
-2868
-2868
-2858
-2860
-2860
-2846
-2846
-2846
-2840
-2840
-2840
-2836
-2836
-2830
-2830
-2830
-2830
-2830
-2830
-2830
-2830
-2834
-2834
-2836
-2836
-2838
-2838
-2838
-2842
-2848
-2852
-2852
-2852
-2848
-2848
-2840
-2848
-2858
-2866
-2866
-2866
-2866
-2860
-2858
-2852
-2840
-2840
-2842
-2844
-2836
-2836
-2836
-2836
-2838
-2832
-2832
-2832
-2836
-2830
-2830
-2822
-2822
-2822
-2822
-2822
-2822
-2824
-2822
-2822
-2818
-2818
-2818
-2816
-2812
-2812
-2812
-2812
-2810
-2812
-2802
-2790
-2790
-2796
-2800
-2794
-2790
-2790
-2778
-2772
-2772
-2772
-2772
-2772
-2770
-2770
-2770
-2770
-2770
-2770
-2762
-2762
-2752
-2744
-2746
-2746
-2734
-2730
-2742
-2742
-2742
-2742
-2742
-2740
-2740
-2740
-2736
-2738
-2738
-2730
-2730
-2730
-2734
-2734
-2734
-2734
-2734
-2734
-2728
-2732
-2726
-2720
-2712
-2704
-2696
-2696
-2696
-2690
-2680
-2672
-2672
-2668
-2670
-2670
-2670
-2666
-2666
-2668
-2660
-2660
-2660
-2660
-2660
-2660
-2652
-2652
-2652
-2656
-2656
-2646
-2646
-2642
-2642
-2632
-2632
-2632
-2632
-2630
-2622
-2618
-2618
-2608
-2608
-2600
-2596
-2596
-2596
-2598
-2604
-2596
-2596
-2596
-2582
-2582
-2586
-2586
-2586
-2588
-2584
-2584
-2584
-2588
-2584
-2578
-2578
-2578
-2574
-2574
-2574
-2574
-2576
-2576
-2576
-2576
-2576
-2570
-2568
-2568
-2568
-2568
-2568
-2570
-2558
-2546
-2538
-2538
-2534
-2528
-2528
-2522
-2524
-2510
-2510
-2508
-2508
-2508
-2508
-2508
-2508
-2508
-2500
-2500
-2500
-2494
-2494
-2490
-2478
-2478
-2478
-2478
-2482
-2480
-2480
-2476
-2472
-2472
-2472
-2472
-2466
-2466
-2466
-2460
-2468
-2474
-2474
-2470
-2464
-2460
-2460
-2456
-2458
-2460
-2460
-2460
-2450
-2450
-2450
-2450
-2450
-2438
-2440
-2432
-2424
-2422
-2422
-2416
-2416
-2412
-2406
-2406
-2394
-2400
-2390
-2390
-2390
-2392
-2392
-2386
-2386
-2382
-2382
-2382
-2376
-2372
-2372
-2372
-2372
-2376
-2382
-2376
-2376
-2376
-2380
-2380
-2376
-2376
-2376
-2376
-2376
-2368
-2366
-2366
-2362
-2356
-2362
-2348
-2348
-2348
-2348
-2354
-2354
-2354
-2354
-2354
-2360
-2360
-2360
-2358
-2356
-2356
-2356
-2352
-2350
-2350
-2342
-2336
-2336
-2336
-2336
-2336
-2332
-2332
-2336
-2336
-2332
-2330
-2336
-2336
-2326
-2330
-2334
-2334
-2334
-2334
-2342
-2342
-2346
-2346
-2346
-2350
-2350
-2350
-2350
-2350
-2354
-2352
-2354
-2356
-2356
-2346
-2346
-2346
-2346
-2350
-2350
-2348
-2348
-2358
-2358
-2358
-2360
-2360
-2364
-2356
-2356
-2356
-2356
-2368
-2368
-2372
-2372
-2372
-2374
-2374
-2374
-2374
-2374
-2368
-2368
-2368
-2368
-2368
-2362
-2364
-2364
-2364
-2364
-2364
-2364
-2364
-2364
-2358
-2366
-2366
-2356
-2356
-2356
-2356
-2366
-2362
-2358
-2370
-2370
-2366
-2366
-2366
-2366
-2370
-2362
-2362
-2364
-2364
-2364
-2364
-2364
-2364
-2364
-2356
-2356
-2356
-2356
-2356
-2354
-2352
-2354
-2354
-2354
-2354
-2354
-2354
-2350
-2344
-2344
-2344
-2344
-2344
-2344
-2346
-2342
-2342
-2336
-2336
-2336
-2336
-2324
-2316
-2316
-2308
-2300
-2300
-2302
-2302
-2294
-2294
-2294
-2294
-2294
-2294
-2292
-2292
-2292
-2286
-2286
-2286
-2286
-2286
-2286
-2286
-2286
-2290
-2290
-2290
-2294
-2294
-2292
-2292
-2288
-2288
-2288
-2292
-2294
-2294
-2294
-2294
-2292
-2300
-2300
-2300
-2300
-2298
-2298
-2300
-2286
-2286
-2286
-2286
-2286
-2286
-2286
-2294
-2288
-2278
-2278
-2278
-2280
-2272
-2272
-2276
-2266
-2266
-2266
-2270
-2270
-2270
-2270
-2276
-2276
-2276
-2276
-2280
-2276
-2276
-2276
-2274
-2274
-2274
-2268
-2268
-2268
-2272
-2272
-2278
-2278
-2274
-2274
-2264
-2264
-2264
-2270
-2270
-2270
-2264
-2270
-2270
-2272
-2272
-2272
-2268
-2268
-2268
-2268
-2268
-2268
-2270
-2270
-2278
-2278
-2278
-2272
-2272
-2266
-2266
-2266
-2266
-2256
-2256
-2248
-2248
-2248
-2248
-2248
-2248
-2248
-2248
-2244
-2250
-2250
-2254
-2250
-2250
-2248
-2248
-2248
-2248
-2248
-2250
-2250
-2252
-2252
-2252
-2246
-2246
-2240
-2240
-2246
-2246
-2248
-2256
-2258
-2248
-2256
-2256
-2256
-2256
-2256
-2258
-2252
-2246
-2246
-2248
-2248
-2240
-2240
-2232
-2224
-2224
-2238
-2234
-2234
-2234
-2234
-2230
-2230
-2226
-2222
-2208
-2208
-2204
-2204
-2204
-2204
-2204
-2204
-2204
-2204
-2196
-2196
-2196
-2196
-2196
-2204
-2204
-2202
-2202
-2200
-2200
-2200
-2200
-2206
-2204
-2196
-2192
-2192
-2192
-2192
-2186
-2184
-2180
-2180
-2180
-2176
-2176
-2176
-2172
-2172
-2172
-2174
-2174
-2174
-2168
-2168
-2172
-2168
-2158
-2158
-2158
-2158
-2158
-2158
-2152
-2152
-2152
-2152
-2152
-2142
-2132
-2132
-2128
-2128
-2124
-2124
-2124
-2140
-2140
-2146
-2146
-2140
-2140
-2140
-2144
-2144
-2146
-2148
-2144
-2144
-2142
-2142
-2142
-2142
-2142
-2138
-2134
-2134
-2134
-2134
-2134
-2136
-2136
-2136
-2144
-2144
-2140
-2140
-2140
-2140
-2140
-2142
-2142
-2142
-2142
-2142
-2148
-2148
-2148
-2146
-2144
-2146
-2146
-2146
-2146
-2140
-2140
-2140
-2140
-2140
-2130
-2130
-2130
-2144
-2144
-2134
-2126
-2126
-2126
-2136
-2136
-2144
-2144
-2146
-2146
-2138
-2138
-2142
-2146
-2134
-2134
-2134
-2134
-2126
-2126
-2126
-2124
-2124
-2124
-2124
-2132
-2138
-2128
-2124
-2124
-2124
-2124
-2112
-2112
-2112
-2104
-2100
-2100
-2100
-2092
-2092
-2090
-2090
-2090
-2090
-2090
-2090
-2090
-2090
-2090
-2090
-2084
-2084
-2084
-2084
-2080
-2080
-2084
-2084
-2090
-2090
-2090
-2090
-2078
-2076
-2072
-2072
-2072
-2072
-2066
-2066
-2066
-2066
-2054
-2054
-2058
-2058
-2062
-2054
-2054
-2056
-2060
-2050
-2050
-2044
-2044
-2028
-2030
-2030
-2030
-2030
-2030
-2034
-2030
-2030
-2030
-2030
-2028
-2016
-2016
-2008
-2008
-2006
-2016
-2016
-2016
-2016
-2016
-2016
-2016
-2016
-2016
-2016
-2016
-2016
-2002
-1998
-1998
-2004
-2010
-2012
-2010
-2014
-2012
-2008
-2008
-2008
-2008
-2000
-2000
-2002
-2004
-2010
-2008
-2008
-2012
-2004
-2004
-2004
-2004
-1996
-1996
-1978
-1968
-1968
-1968
-1962
-1958
-1958
-1952
-1942
-1946
-1946
-1944
-1940
-1932
-1932
-1926
-1928
-1926
-1932
-1924
-1924
-1924
-1924
-1920
-1920
-1920
-1920
-1920
-1920
-1920
-1920
-1914
-1914
-1906
-1906
-1906
-1910
-1912
-1916
-1916
-1916
-1916
-1916
-1916
-1920
-1922
-1922
-1926
-1934
-1934
-1920
-1918
-1916
-1924
-1924
-1914
-1914
-1928
-1928
-1922
-1922
-1922
-1922
-1922
-1922
-1922
-1922
-1928
-1928
-1928
-1928
-1930
-1924
-1918
-1918
-1918
-1918
-1910
-1900
-1900
-1894
-1894
-1890
-1888
-1882
-1882
-1882
-1882
-1878
-1868
-1868
-1868
-1866
-1866
-1866
-1866
-1864
-1864
-1860
-1850
-1850
-1850
-1840
-1846
-1846
-1846
-1838
-1838
-1838
-1828
-1828
-1828
-1818
-1818
-1818
-1818
-1812
-1814
-1814
-1814
-1814
-1820
-1820
-1822
-1822
-1820
-1820
-1822
-1816
-1808
-1808
-1808
-1804
-1792
-1792
-1786
-1788
-1788
-1788
-1788
-1788
-1796
-1788
-1788
-1788
-1788
-1788
-1788
-1788
-1788
-1794
-1790
-1790
-1790
-1792
-1792
-1792
-1792
-1792
-1790
-1790
-1788
-1788
-1788
-1788
-1786
-1788
-1790
-1794
-1794
-1794
-1794
-1786
-1786
-1794
-1796
-1796
-1784
-1784
-1788
-1788
-1788
-1788
-1788
-1788
-1784
-1784
-1782
-1782
-1776
-1772
-1772
-1772
-1758
-1762
-1770
-1770
-1770
-1774
-1774
-1774
-1766
-1766
-1766
-1758
-1758
-1758
-1758
-1758
-1758
-1764
-1764
-1770
-1770
-1770
-1770
-1766
-1756
-1752
-1752
-1746
-1744
-1744
-1744
-1744
-1744
-1746
-1744
-1748
-1746
-1746
-1746
-1746
-1746
-1742
-1740
-1740
-1738
-1730
-1730
-1730
-1736
-1738
-1744
-1744
-1748
-1746
-1746
-1746
-1748
-1748
-1748
-1742
-1740
-1740
-1738
-1742
-1742
-1742
-1742
-1736
-1734
-1736
-1734
-1734
-1740
-1740
-1736
-1736
-1736
-1736
-1728
-1728
-1728
-1716
-1716
-1716
-1708
-1706
-1696
-1696
-1692
-1692
-1692
-1696
-1694
-1694
-1694
-1706
-1706
-1706
-1710
-1708
-1710
-1710
-1710
-1710
-1710
-1710
-1704
-1694
-1704
-1696
-1698
-1696
-1702
-1702
-1704
-1700
-1698
-1688
-1688
-1686
-1688
-1688
-1688
-1688
-1686
-1690
-1694
-1696
-1696
-1696
-1696
-1696
-1696
-1696
-1696
-1696
-1688
-1690
-1690
-1690
-1690
-1686
-1686
-1686
-1686
-1672
-1670
-1660
-1654
-1654
-1650
-1654
-1650
-1650
-1646
-1648
-1654
-1652
-1652
-1648
-1648
-1648
-1642
-1638
-1634
-1626
-1626
-1618
-1618
-1620
-1620
-1616
-1616
-1620
-1620
-1620
-1620
-1614
-1614
-1618
-1618
-1614
-1614
-1606
-1606
-1606
-1600
-1600
-1598
-1594
-1594
-1594
-1602
-1598
-1598
-1594
-1590
-1590
-1590
-1590
-1590
-1590
-1590
-1590
-1590
-1596
-1588
-1588
-1588
-1588
-1592
-1586
-1588
-1588
-1588
-1588
-1588
-1596
-1596
-1592
-1592
-1598
-1598
-1594
-1596
-1596
-1596
-1596
-1594
-1592
-1590
-1590
-1586
-1586
-1586
-1586
-1586
-1580
-1586
-1596
-1598
-1598
-1588
-1588
-1582
-1582
-1580
-1578
-1578
-1574
-1582
-1580
-1578
-1576
-1570
-1572
-1572
-1570
-1570
-1570
-1566
-1564
-1564
-1556
-1556
-1556
-1556
-1552
-1552
-1554
-1552
-1548
-1548
-1544
-1536
-1530
-1524
-1524
-1510
-1510
-1510
-1512
-1512
-1516
-1520
-1520
-1526
-1522
-1522
-1526
-1526
-1522
-1522
-1522
-1518
-1518
-1516
-1512
-1512
-1512
-1512
-1512
-1514
-1514
-1514
-1514
-1504
-1502
-1502
-1496
-1496
-1496
-1496
-1504
-1504
-1500
-1500
-1500
-1500
-1500
-1496
-1482
-1482
-1476
-1476
-1476
-1476
-1480
-1480
-1480
-1478
-1478
-1470
-1470
-1470
-1464
-1460
-1460
-1450
-1450
-1450
-1456
-1458
-1448
-1448
-1450
-1450
-1450
-1450
-1450
-1450
-1450
-1450
-1450
-1444
-1440
-1440
-1428
-1434
-1436
-1436
-1440
-1440
-1446
-1446
-1446
-1440
-1438
-1442
-1434
-1434
-1434
-1426
-1426
-1426
-1430
-1430
-1430
-1426
-1426
-1426
-1426
-1418
-1404
-1412
-1410
-1408
-1402
-1406
-1406
-1402
-1402
-1406
-1406
-1400
-1396
-1396
-1398
-1392
-1402
-1402
-1398
-1392
-1386
-1386
-1388
-1382
-1382
-1382
-1370
-1370
-1370
-1368
-1364
-1364
-1364
-1364
-1364
-1364
-1364
-1362
-1362
-1358
-1360
-1360
-1360
-1360
-1360
-1360
-1352
-1352
-1352
-1352
-1352
-1364
-1364
-1366
-1376
-1372
-1372
-1368
-1368
-1368
-1368
-1366
-1366
-1366
-1366
-1366
-1366
-1356
-1356
-1356
-1356
-1354
-1354
-1354
-1358
-1358
-1358
-1358
-1358
-1348
-1344
-1344
-1330
-1330
-1330
-1332
-1332
-1324
-1318
-1316
-1316
-1316
-1316
-1316
-1316
-1318
-1318
-1326
-1326
-1316
-1316
-1312
-1300
-1300
-1300
-1300
-1292
-1292
-1292
-1300
-1304
-1308
-1308
-1306
-1298
-1294
-1294
-1294
-1292
-1292
-1292
-1292
-1294
-1292
-1292
-1284
-1284
-1284
-1294
-1294
-1290
-1290
-1282
-1282
-1280
-1280
-1280
-1280
-1276
-1276
-1278
-1282
-1282
-1286
-1286
-1286
-1286
-1282
-1282
-1282
-1282
-1282
-1274
-1284
-1282
-1282
-1282
-1282
-1274
-1274
-1268
-1256
-1250
-1250
-1242
-1238
-1232
-1232
-1232
-1232
-1232
-1232
-1232
-1232
-1232
-1232
-1236
-1232
-1232
-1232
-1232
-1232
-1232
-1232
-1236
-1236
-1236
-1236
-1240
-1240
-1238
-1248
-1248
-1242
-1250
-1242
-1242
-1238
-1238
-1242
-1242
-1230
-1228
-1228
-1228
-1224
-1222
-1224
-1224
-1224
-1224
-1222
-1224
-1224
-1224
-1212
-1212
-1212
-1210
-1198
-1202
-1198
-1188
-1188
-1188
-1182
-1180
-1170
-1178
-1178
-1178
-1176
-1176
-1176
-1176
-1178
-1174
-1174
-1174
-1174
-1168
-1168
-1168
-1166
-1166
-1150
-1150
-1154
-1154
-1142
-1142
-1142
-1146
-1146
-1138
-1130
-1124
-1124
-1124
-1118
-1118
-1118
-1120
-1126
-1130
-1130
-1134
-1138
-1134
-1134
-1134
-1132
-1132
-1134
-1130
-1130
-1118
-1118
-1110
-1110
-1110
-1106
-1106
-1104
-1104
-1104
-1104
-1112
-1112
-1112
-1112
-1112
-1112
-1112
-1116
-1116
-1124
-1124
-1124
-1118
-1112
-1112
-1112
-1108
-1102
-1102
-1100
-1100
-1100
-1100
-1100
-1092
-1092
-1092
-1094
-1090
-1098
-1106
-1106
-1110
-1110
-1114
-1112
-1104
-1094
-1100
-1100
-1100
-1100
-1100
-1102
-1102
-1102
-1102
-1102
-1102
-1102
-1096
-1092
-1092
-1086
-1096
-1092
-1098
-1098
-1098
-1098
-1098
-1098
-1098
-1098
-1092
-1092
-1088
-1088
-1094
-1092
-1094
-1094
-1094
-1098
-1106
-1098
-1098
-1090
-1086
-1096
-1096
-1096
-1096
-1096
-1096
-1094
-1104
-1104
-1104
-1104
-1104
-1096
-1098
-1098
-1098
-1090
-1090
-1094
-1092
-1090
-1090
-1088
-1088
-1088
-1088
-1088
-1084
-1086
-1080
-1080
-1082
-1068
-1068
-1064
-1064
-1058
-1050
-1050
-1050
-1056
-1046
-1046
-1046
-1048
-1044
-1044
-1038
-1040
-1040
-1042
-1038
-1036
-1034
-1044
-1044
-1044
-1044
-1036
-1028
-1028
-1020
-1020
-1020
-1020
-1020
-1016
-1016
-1016
-1016
-1022
-1018
-1018
-1018
-1018
-1028
-1028
-1028
-1026
-1026
-1026
-1028
-1028
-1028
-1028
-1028
-1020
-1012
-1012
-1012
-1008
-1008
-1014
-1018
-1012
-1012
-1020
-1028
-1028
-1028
-1028
-1028
-1028
-1022
-1028
-1028
-1028
-1028
-1028
-1028
-1026
-1026
-1012
-1008
-1008
-1008
-1008
-1008
-1006
-1000
-1002
-1002
-996
-996
-996
-994
-1000
-1000
-1000
-1000
-998
-1004
-1004
-1004
-998
-998
-998
-1004
-1004
-1000
-1000
-994
-990
-990
-980
-980
-980
-980
-982
-982
-982
-982
-982
-990
-992
-992
-992
-996
-998
-994
-994
-988
-984
-984
-984
-982
-988
-986
-986
-984
-984
-980
-984
-984
-976
-976
-976
-970
-970
-970
-970
-974
-972
-972
-966
-966
-966
-972
-972
-972
-968
-958
-958
-958
-958
-954
-954
-944
-950
-952
-952
-956
-956
-956
-954
-954
-954
-954
-954
-954
-954
-954
-946
-946
-946
-946
-946
-942
-942
-942
-948
-948
-948
-946
-944
-944
-944
-942
-946
-946
-946
-950
-950
-948
-948
-948
-952
-952
-952
-952
-952
-948
-948
-948
-942
-942
-936
-936
-938
-926
-920
-920
-920
-920
-914
-916
-916
-914
-910
-910
-904
-904
-906
-912
-912
-910
-910
-910
-918
-922
-922
-922
-922
-914
-910
-908
-908
-908
-908
-908
-908
-908
-916
-916
-916
-912
-910
-912
-912
-916
-916
-912
-912
-912
-912
-912
-920
-920
-920
-920
-920
-920
-918
-918
-918
-918
-918
-918
-918
-918
-914
-914
-904
-910
-910
-918
-922
-922
-920
-920
-920
-920
-920
-920
-920
-918
-918
-914
-920
-920
-920
-918
-918
-920
-918
-918
-918
-918
-916
-910
-910
-910
-908
-908
-908
-908
-908
-908
-904
-904
-902
-910
-910
-898
-898
-898
-898
-898
-900
-900
-900
-896
-908
-910
-910
-910
-910
-910
-910
-916
-916
-916
-914
-924
-920
-920
-920
-920
-920
-920
-916
-906
-906
-904
-904
-904
-898
-898
-886
-886
-882
-882
-882
-884
-884
-884
-884
-884
-886
-886
-872
-874
-868
-854
-850
-850
-852
-854
-852
-858
-852
-846
-858
-858
-858
-858
-858
-858
-850
-858
-858
-858
-858
-858
-858
-858
-860
-854
-854
-854
-854
-854
-854
-850
-850
-850
-844
-846
-846
-846
-846
-850
-854
-858
-854
-854
-858
-858
-858
-856
-856
-856
-850
-850
-850
-850
-840
-840
-832
-826
-826
-826
-826
-824
-824
-824
-824
-824
-824
-820
-820
-822
-816
-806
-802
-802
-800
-800
-800
-798
-802
-802
-802
-802
-800
-800
-800
-796
-798
-798
-798
-798
-798
-798
-806
-814
-810
-808
-810
-810
-810
-810
-810
-810
-810
-804
-800
-792
-788
-774
-774
-774
-776
-770
-770
-778
-770
-766
-758
-756
-748
-748
-748
-748
-748
-742
-742
-742
-728
-728
-728
-728
-728
-732
-732
-732
-732
-732
-732
-730
-730
-730
-730
-742
-744
-744
-744
-744
-744
-754
-754
-762
-762
-754
-754
-754
-754
-762
-762
-762
-754
-754
-754
-754
-754
-754
-754
-744
-742
-744
-744
-744
-742
-742
-738
-738
-744
-744
-744
-744
-742
-742
-742
-740
-740
-736
-734
-734
-744
-738
-750
-748
-742
-742
-742
-742
-738
-738
-738
-738
-738
-740
-740
-740
-740
-740
-734
-734
-734
-734
-732
-732
-734
-734
-728
-728
-728
-720
-716
-716
-720
-712
-712
-712
-708
-700
-696
-696
-694
-692
-692
-692
-692
-692
-692
-690
-690
-690
-682
-684
-682
-682
-684
-684
-684
-694
-692
-678
-678
-664
-652
-658
-666
-666
-662
-662
-664
-664
-664
-664
-664
-664
-660
-660
-650
-650
-650
-662
-662
-662
-654
-654
-660
-658
-658
-658
-658
-658
-652
-656
-660
-660
-664
-664
-664
-664
-664
-662
-662
-662
-662
-662
-662
-662
-662
-662
-662
-662
-660
-660
-656
-648
-648
-648
-650
-652
-652
-652
-652
-652
-652
-652
-652
-658
-658
-652
-652
-656
-650
-652
-648
-640
-640
-632
-632
-632
-632
-624
-626
-628
-622
-626
-628
-632
-632
-632
-632
-628
-628
-632
-632
-626
-626
-626
-622
-622
-622
-622
-622
-622
-622
-622
-622
-622
-626
-626
-614
-624
-626
-626
-628
-640
-640
-640
-640
-640
-640
-640
-640
-630
-630
-634
-634
-630
-624
-630
-630
-630
-632
-632
-618
-616
-604
-604
-602
-602
-602
-602
-602
-592
-596
-596
-596
-588
-590
-582
-582
-582
-582
-580
-576
-576
-576
-576
-576
-576
-580
-584
-584
-584
-584
-582
-582
-574
-574
-574
-574
-580
-576
-576
-574
-574
-574
-578
-578
-578
-578
-578
-578
-582
-582
-582
-582
-582
-570
-570
-570
-576
-576
-570
-570
-566
-572
-572
-570
-570
-570
-570
-564
-554
-554
-554
-552
-554
-554
-560
-552
-544
-540
-532
-528
-520
-520
-520
-514
-508
-508
-508
-510
-502
-496
-496
-494
-490
-490
-486
-496
-496
-496
-496
-496
-496
-496
-496
-494
-494
-494
-494
-498
-488
-490
-488
-488
-482
-482
-482
-482
-482
-482
-484
-476
-476
-476
-476
-482
-478
-468
-472
-472
-472
-472
-468
-468
-468
-474
-474
-474
-474
-474
-466
-466
-460
-456
-456
-444
-434
-426
-422
-424
-424
-416
-416
-420
-414
-414
-414
-414
-412
-412
-410
-404
-402
-400
-390
-390
-398
-398
-398
-398
-398
-394
-394
-392
-392
-388
-388
-388
-388
-388
-392
-392
-392
-392
-390
-390
-384
-384
-380
-380
-380
-380
-380
-372
-370
-370
-370
-374
-374
-374
-378
-378
-378
-378
-378
-378
-378
-382
-390
-390
-390
-394
-394
-390
-390
-390
-392
-386
-386
-388
-386
-386
-386
-384
-392
-398
-408
-408
-416
-416
-424
-424
-424
-428
-432
-432
-432
-426
-426
-426
-426
-426
-426
-426
-420
-420
-430
-436
-436
-436
-432
-440
-440
-442
-440
-440
-440
-438
-438
-436
-436
-436
-438
-438
-438
-432
-420
-420
-420
-420
-418
-418
-418
-418
-418
-418
-418
-418
-418
-418
-408
-408
-412
-418
-418
-418
-418
-418
-416
-418
-418
-418
-418
-420
-418
-418
-422
-414
-412
-404
-404
-406
-406
-406
-406
-406
-406
-406
-394
-390
-390
-386
-378
-378
-378
-374
-374
-378
-378
-370
-364
-364
-360
-366
-364
-362
-362
-366
-366
-366
-366
-356
-350
-350
-350
-350
-350
-346
-344
-344
-344
-344
-344
-344
-338
-338
-330
-330
-324
-324
-318
-318
-330
-332
-332
-322
-324
-324
-324
-312
-308
-308
-322
-328
-322
-322
-322
-322
-322
-316
-316
-316
-316
-314
-312
-310
-316
-312
-316
-324
-324
-314
-314
-322
-322
-322
-322
-324
-324
-324
-326
-336
-336
-330
-330
-330
-330
-330
-332
-332
-332
-332
-332
-332
-338
-338
-338
-340
-346
-346
-352
-352
-354
-344
-342
-342
-342
-342
-332
-332
-332
-332
-324
-322
-322
-314
-314
-302
-308
-314
-314
-320
-320
-320
-320
-318
-318
-322
-322
-314
-306
-306
-300
-300
-298
-294
-294
-290
-290
-290
-290
-290
-290
-286
-286
-288
-288
-288
-288
-280
-280
-280
-280
-286
-286
-290
-290
-292
-302
-296
-298
-304
-300
-300
-300
-304
-306
-298
-286
-286
-286
-288
-288
-282
-276
-268
-272
-272
-272
-272
-268
-268
-268
-264
-264
-264
-262
-258
-258
-258
-254
-254
-258
-260
-260
-262
-262
-266
-268
-270
-276
-278
-278
-278
-278
-280
-282
-276
-276
-276
-276
-274
-278
-278
-276
-276
-276
-274
-274
-274
-272
-280
-280
-280
-274
-272
-260
-260
-260
-256
-256
-256
-256
-256
-248
-248
-248
-248
-248
-248
-238
-238
-246
-246
-246
-246
-246
-246
-246
-246
-242
-242
-234
-234
-232
-232
-236
-236
-232
-232
-232
-232
-232
-230
-232
-232
-232
-232
-236
-236
-236
-236
-236
-236
-240
-244
-244
-250
-250
-250
-250
-250
-248
-242
-242
-236
-236
-236
-232
-236
-230
-226
-226
-222
-214
-208
-208
-208
-208
-212
-210
-208
-208
-208
-208
-208
-208
-204
-208
-208
-208
-208
-200
-200
-200
-200
-196
-200
-200
-200
-200
-200
-190
-194
-194
-194
-184
-184
-184
-194
-186
-174
-166
-166
-166
-166
-170
-170
-168
-160
-160
-150
-150
-140
-140
-144
-144
-144
-154
-156
-156
-162
-162
-162
-154
-154
-150
-150
-150
-150
-150
-150
-150
-148
-148
-148
-144
-150
-150
-150
-146
-146
-146
-146
-146
-144
-142
-140
-140
-144
-144
-144
-148
-148
-146
-146
-146
-140
-146
-142
-134
-134
-128
-128
-122
-122
-122
-126
-118
-108
-108
-108
-108
-108
-108
-98
-98
-98
-86
-86
-88
-96
-96
-96
-96
-94
-94
-94
-94
-94
-94
-94
-94
-90
-90
-80
-80
-76
-76
-62
-54
-60
-60
-60
-60
-60
-54
-54
-54
-54
-54
-46
-46
-46
-44
-46
-46
-46
-48
-40
-40
-40
-36
-24
-24
-28
-20
-20
-20
-20
-20
-20
-20
-10
-10
-10
-10
-8
-8
-8
-8
2
2
2
2
-6
-6
0
0
-4
-4
-4
-2
-2
-2
-2
0
0
0
0
-4
-4
4
4
4
-4
-4
-4
0
0
0
-2
-10
-10
-6
2
14
6
8
8
6
10
10
10
10
10
10
4
4
4
6
6
6
10
10
10
12
12
4
4
4
4
4
4
14
14
14
14
16
16
18
18
26
30
30
30
30
30
16
12
12
12
12
12
12
6
2
2
2
12
20
20
20
20
14
12
0
0
0
0
0
-4
-4
-4
-4
-12
-10
-10
-8
-8
-8
-8
-8
-6
-12
-4
-4
-6
-6
0
4
6
4
4
-4
-4
-4
-8
-8
-4
-12
-12
-14
-14
-10
-12
-8
-16
-16
-16
-26
-26
-32
-32
-32
-32
-28
-26
-30
-32
-30
-30
-34
-34
-26
-24
-24
-24
-24
-24
-26
-20
-10
-10
-8
-8
-8
-6
-6
-6
-6
-8
-8
-14
-18
-20
-20
-20
-20
-24
-16
-16
-20
-20
-20
-20
-18
-18
-18
-12
-10
-4
-4
4
4
4
4
4
4
4
6
6
6
10
6
8
8
8
10
8
8
8
8
8
8
4
6
6
12
12
20
20
20
20
20
22
22
30
32
32
32
30
30
30
30
30
30
30
22
18
12
12
20
26
20
20
20
16
16
10
10
14
14
14
16
16
8
8
2
0
2
6
4
0
0
8
8
8
16
16
16
16
16
16
16
18
18
18
18
18
10
14
14
12
12
12
12
14
14
14
14
14
8
8
8
8
8
8
8
16
28
28
28
28
24
28
28
28
28
28
28
24
24
24
12
12
12
0
-2
-2
-2
-2
-6
-6
2
2
10
10
10
10
8
8
8
8
8
16
16
22
22
20
20
20
20
20
20
20
20
22
22
20
18
20
20
20
14
14
6
6
8
6
-2
4
4
4
6
-2
-12
-12
-12
-12
-6
-4
2
6
6
6
4
-6
-6
-6
-6
-4
-4
-14
-12
-18
-18
-18
-14
-8
-14
-14
-14
-14
-6
-6
-8
2
-10
-10
-14
-14
-10
-6
-6
-6
-2
-2
-2
-2
-2
-2
0
0
0
0
0
0
0
0
0
0
4
4
2
2
2
2
-2
-4
0
0
0
0
4
4
2
2
12
2
0
10
10
10
12
10
18
20
20
2
2
-2
4
6
6
6
6
6
6
4
4
4
4
8
4
8
8
8
8
8
10
10
10
12
12
12
18
16
16
20
24
22
34
30
30
30
30
36
36
48
48
54
48
48
52
66
66
66
66
66
66
66
66
66
66
66
66
66
60
60
60
66
66
66
66
72
72
72
72
72
76
68
76
84
84
84
78
70
62
62
68
68
68
64
64
74
74
74
74
74
74
74
68
68
68
68
66
66
62
68
64
64
64
64
64
64
64
64
64
64
64
70
82
82
74
74
70
70
70
64
64
74
72
72
74
74
74
90
90
90
80
80
74
74
74
76
76
80
80
78
78
78
78
78
78
84
84
84
94
88
98
94
94
94
94
94
94
94
94
92
82
88
86
80
86
86
90
102
110
108
108
100
100
100
92
92
92
92
92
92
96
96
96
96
86
86
94
92
84
92
92
92
92
92
94
94
88
88
88
88
88
80
86
86
86
86
80
86
80
80
70
70
68
74
58
58
58
54
54
56
56
56
68
70
70
70
70
70
70
60
72
72
70
82
76
76
76
76
78
78
84
80
76
76
76
76
76
84
82
82
82
82
82
80
82
78
78
74
74
74
74
78
78
84
84
78
78
76
76
78
78
76
72
74
74
74
74
74
66
66
68
68
72
72
72
74
74
74
74
76
82
84
84
84
84
84
86
78
78
68
68
68
68
62
58
56
56
60
60
60
60
60
56
56
52
52
54
46
46
46
34
44
44
44
44
44
44
42
42
36
30
40
40
44
48
48
48
48
50
54
54
56
56
56
60
60
66
64
64
64
64
76
64
64
64
60
60
56
56
56
56
56
56
56
56
56
56
56
68
72
72
74
74
76
76
72
72
76
76
76
76
76
76
76
84
84
86
86
86
88
90
88
92
92
96
94
94
94
94
94
94
94
92
92
92
92
92
100
100
100
110
110
110
106
102
102
102
100
100
106
106
106
108
106
106
106
108
108
112
108
108
108
108
114
114
108
112
112
112
112
124
118
118
114
114
118
118
114
114
114
114
114
120
126
136
140
146
144
148
148
148
142
142
146
146
144
144
140
132
132
132
134
134
128
128
126
126
126
128
128
128
128
128
128
128
122
124
124
126
128
128
128
128
128
120
120
120
122
122
122
122
122
122
124
116
116
116
122
122
122
122
122
122
120
122
124
124
128
128
136
136
132
134
134
134
146
146
146
146
146
142
146
144
144
150
150
148
150
152
152
152
152
152
152
142
142
142
142
134
134
140
140
136
136
136
140
140
142
146
146
134
138
136
132
132
132
132
134
134
130
120
122
128
128
128
128
128
130
130
130
134
134
134
134
134
134
132
132
138
138
138
138
130
130
130
130
132
132
142
156
152
152
156
162
162
162
160
168
168
168
168
168
168
168
164
166
166
166
166
172
172
166
166
166
166
172
172
172
172
172
172
170
170
170
182
182
182
182
182
180
172
172
174
174
174
174
170
170
170
170
170
170
170
170
170
176
178
178
180
180
184
188
188
188
188
186
180
182
180
180
180
180
186
186
190
196
198
192
192
190
190
190
190
190
188
188
188
196
194
194
194
194
194
194
194
186
186
176
182
172
172
174
174
174
174
172
176
176
174
174
174
174
174
180
180
180
180
180
180
180
180
180
180
174
170
170
176
176
176
174
174
174
174
184
184
186
196
184
178
178
178
180
180
178
178
188
190
190
190
184
184
184
192
202
202
202
198
202
204
202
202
202
202
202
202
202
206
206
206
206
202
194
192
192
184
170
170
178
178
178
180
180
182
182
182
182
186
190
188
188
186
186
186
190
190
190
196
196
202
202
200
202
202
202
202
194
190
188
188
188
188
190
194
194
188
192
192
192
182
186
184
178
182
184
184
184
184
188
188
182
182
182
180
180
180
180
180
180
184
184
190
188
