-10470
-10458
-10450
-10442
-10434
-10422
-10432
-10426
-10416
-10410
-10400
-10394
-10394
-10394
-10394
-10394
-10394
-10384
-10380
-10376
-10368
-10368
-10358
-10358
-10358
-10352
-10352
-10348
-10348
-10344
-10344
-10336
-10326
-10326
-10326
-10326
-10312
-10304
-10300
-10300
-10302
-10298
-10292
-10292
-10282
-10274
-10274
-10268
-10268
-10270
-10262
-10262
-10262
-10262
-10258
-10250
-10242
-10242
-10236
-10232
-10228
-10228
-10226
-10220
-10220
-10220
-10214
-10210
-10204
-10204
-10206
-10198
-10198
-10198
-10198
-10198
-10198
-10190
-10190
-10190
-10190
-10182
-10172
-10158
-10158
-10158
-10156
-10156
-10156
-10156
-10140
-10140
-10140
-10140
-10140
-10140
-10136
-10136
-10136
-10136
-10128
-10124
-10122
-10122
-10112
-10110
-10110
-10096
-10096
-10096
-10096
-10088
-10088
-10086
-10086
-10086
-10086
-10078
-10078
-10074
-10066
-10066
-10056
-10044
-10044
-10044
-10044
-10036
-10040
-10040
-10040
-10040
-10036
-10022
-10022
-10016
-10018
-10014
-10014
-10014
-10014
-10014
-10014
-10002
-9996
-9988
-9984
-9984
-9976
-9964
-9964
-9950
-9950
-9950
-9948
-9936
-9930
-9922
-9922
-9914
-9906
-9908
-9908
-9908
-9902
-9902
-9894
-9890
-9880
-9872
-9872
-9868
-9868
-9862
-9858
-9858
-9848
-9838
-9838
-9826
-9826
-9820
-9820
-9820
-9810
-9810
-9796
-9796
-9790
-9786
-9786
-9786
-9772
-9772
-9760
-9760
-9760
-9754
-9754
-9748
-9738
-9724
-9716
-9708
-9692
-9692
-9688
-9688
-9688
-9688
-9688
-9688
-9674
-9674
-9664
-9664
-9664
-9664
-9652
-9652
-9642
-9638
-9638
-9638
-9636
-9626
-9626
-9614
-9604
-9590
-9578
-9578
-9578
-9564
-9558
-9558
-9550
-9546
-9538
-9538
-9534
-9534
-9524
-9522
-9522
-9512
-9512
-9512
-9502
-9502
-9492
-9492
-9492
-9492
-9492
-9488
-9488
-9488
-9488
-9482
-9482
-9482
-9476
-9476
-9476
-9474
-9474
-9474
-9470
-9476
-9476
-9472
-9462
-9462
-9456
-9456
-9450
-9436
-9442
-9434
-9434
-9434
-9434
-9434
-9430
-9420
-9420
-9420
-9414
-9408
-9408
-9408
-9398
-9386
-9372
-9368
-9362
-9362
-9362
-9352
-9352
-9352
-9352
-9352
-9352
-9352
-9360
-9360
-9360
-9348
-9348
-9348
-9350
-9346
-9346
-9346
-9336
-9336
-9336
-9332
-9332
-9332
-9332
-9320
-9320
-9320
-9320
-9320
-9320
-9320
-9316
-9316
-9316
-9316
-9316
-9316
-9306
-9298
-9284
-9280
-9280
-9280
-9280
-9274
-9274
-9268
-9256
-9258
-9252
-9248
-9236
-9236
-9228
-9218
-9218
-9212
-9200
-9200
-9192
-9180
-9180
-9170
-9170
-9164
-9156
-9154
-9140
-9132
-9132
-9124
-9120
-9120
-9116
-9116
-9116
-9116
-9116
-9116
-9116
-9110
-9110
-9098
-9098
-9094
-9094
-9092
-9080
-9082
-9074
-9074
-9060
-9054
-9054
-9054
-9054
-9054
-9054
-9054
-9054
-9054
-9046
-9044
-9044
-9044
-9038
-9030
-9030
-9030
-9028
-9028
-9028
-9028
-9032
-9032
-9030
-9030
-9030
-9020
-9012
-9012
-9006
-9006
-9006
-9006
-8998
-8990
-8990
-8990
-8982
-8982
-8982
-8982
-8982
-8982
-8980
-8972
-8972
-8966
-8966
-8966
-8966
-8956
-8942
-8942
-8942
-8936
-8928
-8928
-8914
-8914
-8906
-8894
-8894
-8886
-8886
-8886
-8878
-8882
-8882
-8874
-8874
-8874
-8874
-8864
-8866
-8866
-8856
-8848
-8848
-8840
-8830
-8820
-8818
-8808
-8806
-8806
-8800
-8800
-8800
-8800
-8800
-8806
-8804
-8804
-8804
-8804
-8804
-8804
-8794
-8790
-8780
-8774
-8774
-8764
-8756
-8744
-8736
-8736
-8736
-8736
-8736
-8740
-8728
-8722
-8722
-8722
-8722
-8714
-8710
-8710
-8710
-8710
-8710
-8696
-8696
-8696
-8686
-8680
-8670
-8670
-8670
-8668
-8662
-8662
-8662
-8662
-8662
-8648
-8640
-8632
-8624
-8612
-8610
-8612
-8604
-8600
-8600
-8594
-8594
-8588
-8588
-8580
-8580
-8580
-8578
-8566
-8564
-8564
-8556
-8556
-8552
-8552
-8542
-8538
-8538
-8538
-8538
-8528
-8522
-8522
-8522
-8528
-8528
-8528
-8528
-8528
-8528
-8528
-8520
-8520
-8520
-8520
-8520
-8520
-8520
-8514
-8514
-8514
-8514
-8514
-8518
-8518
-8516
-8516
-8506
-8508
-8510
-8510
-8510
-8506
-8506
-8504
-8504
-8496
-8496
-8486
-8486
-8486
-8486
-8486
-8486
-8488
-8488
-8488
-8488
-8488
-8488
-8486
-8486
-8484
-8484
-8484
-8486
-8476
-8474
-8474
-8474
-8464
-8456
-8452
-8452
-8452
-8452
-8456
-8450
-8450
-8444
-8444
-8434
-8440
-8434
-8426
-8426
-8426
-8426
-8426
-8418
-8404
-8396
-8396
-8396
-8386
-8386
-8384
-8374
-8374
-8374
-8364
-8364
-8354
-8354
-8344
-8334
-8334
-8324
-8318
-8314
-8306
-8304
-8304
-8304
-8304
-8304
-8296
-8296
-8284
-8284
-8284
-8284
-8284
-8276
-8276
-8276
-8272
-8272
-8258
-8248
-8240
-8238
-8228
-8212
-8200
-8200
-8202
-8202
-8190
-8188
-8188
-8188
-8184
-8184
-8190
-8184
-8180
-8174
-8168
-8168
-8168
-8168
-8174
-8174
-8166
-8154
-8144
-8144
-8144
-8132
-8132
-8132
-8134
-8124
-8112
-8110
-8110
-8116
-8116
-8116
-8116
-8110
-8098
-8086
-8084
-8084
-8084
-8080
-8080
-8080
-8080
-8072
-8070
-8066
-8060
-8046
-8034
-8032
-8032
-8022
-8022
-8022
-8022
-8022
-8022
-8016
-8012
-7996
-7988
-7996
-7996
-7996
-7994
-7994
-7994
-7988
-7988
-7984
-7982
-7982
-7978
-7966
-7962
-7962
-7962
-7956
-7960
-7960
-7954
-7954
-7948
-7948
-7948
-7944
-7944
-7944
-7944
-7944
-7944
-7944
-7944
-7942
-7946
-7936
-7936
-7936
-7936
-7936
-7928
-7924
-7924
-7910
-7910
-7910
-7910
-7912
-7912
-7900
-7900
-7900
-7900
-7890
-7890
-7890
-7890
-7892
-7896
-7896
-7896
-7896
-7900
-7892
-7892
-7886
-7886
-7886
-7882
-7882
-7882
-7882
-7882
-7882
-7882
-7882
-7878
-7878
-7870
-7858
-7866
-7866
-7866
-7866
-7866
-7866
-7862
-7860
-7860
-7860
-7860
-7856
-7856
-7856
-7856
-7856
-7856
-7856
-7856
-7856
-7844
-7844
-7844
-7844
-7844
-7844
-7838
-7832
-7832
-7830
-7824
-7824
-7818
-7810
-7810
-7804
-7804
-7796
-7796
-7784
-7784
-7774
-7774
-7764
-7766
-7766
-7766
-7766
-7756
-7756
-7748
-7740
-7736
-7736
-7736
-7728
-7718
-7706
-7706
-7706
-7704
-7694
-7694
-7694
-7694
-7694
-7694
-7694
-7686
-7682
-7670
-7660
-7660
-7658
-7654
-7654
-7654
-7648
-7648
-7640
-7634
-7626
-7626
-7626
-7624
-7616
-7610
-7610
-7614
-7614
-7614
-7602
-7602
-7602
-7598
-7594
-7594
-7594
-7594
-7582
-7582
-7578
-7568
-7568
-7564
-7564
-7558
-7554
-7554
-7554
-7554
-7552
-7552
-7548
-7548
-7548
-7538
-7532
-7532
-7532
-7532
-7534
-7534
-7534
-7532
-7532
-7528
-7526
-7522
-7518
-7512
-7504
-7500
-7488
-7488
-7488
-7494
-7490
-7478
-7472
-7466
-7460
-7458
-7452
-7452
-7442
-7442
-7442
-7438
-7438
-7438
-7440
-7440
-7440
-7440
-7440
-7440
-7432
-7432
-7432
-7426
-7426
-7424
-7424
-7424
-7420
-7420
-7414
-7410
-7404
-7392
-7390
-7378
-7370
-7362
-7362
-7356
-7356
-7344
-7344
-7344
-7344
-7342
-7334
-7334
-7334
-7328
-7328
-7328
-7328
-7328
-7322
-7318
-7316
-7316
-7316
-7316
-7310
-7310
-7306
-7306
-7298
-7294
-7294
-7294
-7288
-7288
-7286
-7286
-7286
-7276
-7276
-7268
-7268
-7262
-7258
-7250
-7250
-7244
-7248
-7248
-7248
-7248
-7248
-7242
-7240
-7240
-7240
-7240
-7240
-7234
-7234
-7234
-7234
-7234
-7224
-7226
-7218
-7218
-7218
-7218
-7214
-7210
-7210
-7210
-7210
-7210
-7210
-7210
-7210
-7208
-7194
-7194
-7194
-7186
-7184
-7184
-7174
-7174
-7166
-7166
-7166
-7160
-7150
-7150
-7148
-7148
-7148
-7144
-7136
-7140
-7130
-7130
-7130
-7138
-7138
-7132
-7132
-7132
-7132
-7132
-7132
-7132
-7124
-7124
-7118
-7118
-7106
-7106
-7090
-7090
-7080
-7080
-7070
-7070
-7064
-7066
-7066
-7066
-7062
-7062
-7060
-7060
-7060
-7046
-7046
-7042
-7040
-7040
-7034
-7046
-7046
-7042
-7042
-7038
-7034
-7034
-7022
-7014
-7018
-7018
-7010
-7010
-7010
-7004
-7004
-7010
-6998
-6998
-6998
-7002
-6994
-6994
-6994
-6994
-6994
-6994
-6994
-6998
-6998
-6998
-6994
-6982
-6980
-6980
-6980
-6976
-6966
-6960
-6958
-6944
-6952
-6952
-6944
-6944
-6940
-6940
-6940
-6940
-6930
-6930
-6928
-6928
-6928
-6928
-6920
-6922
-6914
-6910
-6902
-6892
-6892
-6890
-6880
-6878
-6878
-6878
-6870
-6870
-6870
-6870
-6866
-6862
-6868
-6862
-6850
-6850
-6850
-6846
-6846
-6830
-6828
-6820
-6820
-6808
-6800
-6800
-6800
-6800
-6800
-6800
-6800
-6800
-6784
-6784
-6784
-6784
-6774
-6774
-6774
-6774
-6762
-6762
-6762
-6762
-6762
-6768
-6764
-6764
-6754
-6748
-6740
-6740
-6736
-6736
-6736
-6736
-6736
-6734
-6732
-6732
-6732
-6732
-6720
-6720
-6714
-6714
-6714
-6710
-6710
-6710
-6698
-6688
-6684
-6684
-6674
-6674
-6666
-6652
-6652
-6652
-6652
-6652
-6646
-6636
-6628
-6628
-6622
-6614
-6614
-6602
-6596
-6584
-6584
-6574
-6572
-6574
-6562
-6562
-6562
-6562
-6558
-6558
-6558
-6558
-6558
-6548
-6548
-6548
-6540
-6534
-6534
-6536
-6536
-6528
-6528
-6528
-6522
-6512
-6508
-6508
-6498
-6504
-6504
-6504
-6504
-6504
-6494
-6494
-6494
-6494
-6494
-6484
-6486
-6478
-6478
-6478
-6478
-6480
-6474
-6464
-6464
-6468
-6462
-6460
-6464
-6470
-6474
-6474
-6474
-6474
-6474
-6464
-6464
-6458
-6458
-6458
-6458
-6458
-6446
-6446
-6446
-6446
-6444
-6438
-6428
-6418
-6416
-6412
-6410
-6408
-6408
-6404
-6404
-6404
-6396
-6382
-6372
-6372
-6372
-6364
-6360
-6350
-6344
-6344
-6344
-6344
-6338
-6334
-6334
-6334
-6334
-6332
-6326
-6330
-6330
-6330
-6330
-6328
-6318
-6318
-6314
-6308
-6308
-6308
-6308
-6308
-6300
-6300
-6300
-6300
-6300
-6300
-6300
-6300
-6300
-6300
-6300
-6304
-6304
-6304
-6302
-6302
-6300
-6292
-6292
-6292
-6278
-6278
-6278
-6278
-6272
-6264
-6256
-6250
-6250
-6246
-6230
-6230
-6224
-6224
-6226
-6226
-6218
-6210
-6206
-6202
-6192
-6200
-6192
-6192
-6192
-6194
-6194
-6192
-6192
-6192
-6192
-6188
-6186
-6186
-6178
-6174
-6168
-6164
-6158
-6150
-6150
-6146
-6140
-6140
-6130
-6126
-6126
-6124
-6120
-6108
-6102
-6102
-6102
-6102
-6092
-6092
-6092
-6092
-6084
-6076
-6068
-6060
-6052
-6052
-6052
-6052
-6050
-6042
-6042
-6042
-6038
-6032
-6032
-6026
-6026
-6020
-6020
-6020
-6008
-6008
-6006
-6006
-5996
-5996
-5996
-5996
-5990
-5984
-5984
-5976
-5966
-5966
-5966
-5964
-5964
-5960
-5960
-5962
-5960
-5960
-5954
-5946
-5938
-5936
-5934
-5934
-5934
-5934
-5934
-5934
-5926
-5926
-5926
-5926
-5922
-5928
-5928
-5928
-5910
-5910
-5910
-5910
-5916
-5916
-5916
-5916
-5906
-5914
-5904
-5894
-5894
-5888
-5888
-5882
-5878
-5876
-5876
-5870
-5868
-5868
-5868
-5868
-5856
-5860
-5856
-5852
-5852
-5852
-5852
-5854
-5854
-5848
-5836
-5826
-5826
-5826
-5826
-5832
-5832
-5832
-5832
-5832
-5832
-5832
-5828
-5828
-5832
-5832
-5822
-5820
-5810
-5810
-5802
-5802
-5802
-5802
-5802
-5796
-5796
-5796
-5786
-5786
-5786
-5786
-5786
-5786
-5780
-5780
-5780
-5776
-5776
-5774
-5770
-5770
-5766
-5766
-5770
-5766
-5766
-5766
-5766
-5754
-5754
-5754
-5754
-5754
-5750
-5752
-5752
-5752
-5752
-5752
-5752
-5752
-5752
-5740
-5744
-5752
-5748
-5748
-5748
-5748
-5748
-5738
-5738
-5738
-5726
-5726
-5726
-5718
-5718
-5718
-5718
-5718
-5712
-5712
-5712
-5700
-5700
-5700
-5698
-5686
-5690
-5690
-5688
-5694
-5694
-5682
-5674
-5672
-5672
-5666
-5660
-5654
-5654
-5664
-5664
-5656
-5656
-5656
-5646
-5638
-5638
-5628
-5610
-5610
-5610
-5610
-5610
-5604
-5594
-5594
-5592
-5592
-5584
-5580
-5580
-5580
-5580
-5586
-5586
-5586
-5580
-5572
-5566
-5562
-5562
-5558
-5558
-5558
-5552
-5552
-5544
-5544
-5542
-5542
-5542
-5542
-5548
-5548
-5548
-5548
-5542
-5532
-5532
-5528
-5526
-5526
-5526
-5526
-5526
-5526
-5516
-5516
-5516
-5512
-5512
-5506
-5504
-5504
-5504
-5502
-5498
-5498
-5500
-5492
-5496
-5496
-5488
-5488
-5482
-5476
-5466
-5460
-5454
-5454
-5446
-5442
-5434
-5424
-5428
-5430
-5430
-5430
-5422
-5414
-5410
-5410
-5410
-5402
-5402
-5402
-5396
-5396
-5384
-5374
-5374
-5374
-5374
-5376
-5376
-5366
-5366
-5362
-5358
-5356
-5348
-5348
-5342
-5334
-5334
-5334
-5334
-5334
-5334
-5330
-5330
-5330
-5330
-5324
-5322
-5314
-5314
-5314
-5314
-5314
-5314
-5314
-5312
-5312
-5310
-5310
-5304
-5296
-5292
-5290
-5284
-5286
-5270
-5270
-5260
-5262
-5262
-5264
-5258
-5260
-5250
-5250
-5250
-5246
-5236
-5236
-5236
-5236
-5236
-5236
-5226
-5226
-5226
-5226
-5226
-5226
-5226
-5224
-5226
-5226
-5232
-5232
-5232
-5228
-5216
-5206
-5206
-5202
-5202
-5202
-5202
-5198
-5194
-5186
-5178
-5178
-5168
-5160
-5160
-5160
-5172
-5172
-5168
-5168
-5168
-5158
-5158
-5158
-5158
-5156
-5156
-5156
-5156
-5152
-5144
-5144
-5140
-5140
-5132
-5132
-5132
-5132
-5134
-5134
-5132
-5132
-5122
-5122
-5124
-5124
-5124
-5116
-5116
-5122
-5112
-5112
-5112
-5112
-5112
-5114
-5114
-5114
-5114
-5114
-5114
-5114
-5108
-5102
-5102
-5098
-5098
-5092
-5092
-5092
-5084
-5076
-5078
-5076
-5076
-5076
-5076
-5078
-5078
-5078
-5078
-5076
-5076
-5074
-5070
-5062
-5062
-5062
-5056
-5052
-5044
-5042
-5042
-5042
-5034
-5034
-5036
-5036
-5030
-5030
-5030
-5030
-5030
-5030
-5030
-5030
-5030
-5028
-5028
-5036
-5028
-5028
-5030
-5030
-5030
-5020
-5020
-5008
-4998
-5002
-5002
-5002
-4994
-4986
-4986
-4980
-4974
-4976
-4976
-4976
-4974
-4958
-4958
-4958
-4958
-4954
-4954
-4954
-4954
-4954
-4954
-4954
-4946
-4948
-4948
-4948
-4946
-4948
-4940
-4940
-4932
-4926
-4924
-4918
-4918
-4914
-4918
-4918
-4914
-4914
-4914
-4914
-4916
-4922
-4922
-4922
-4922
-4922
-4918
-4922
-4916
-4906
-4900
-4904
-4888
-4878
-4884
-4882
-4878
-4870
-4870
-4870
-4870
-4854
-4854
-4854
-4854
-4844
-4838
-4838
-4834
-4836
-4836
-4836
-4838
-4832
-4832
-4832
-4832
-4832
-4822
-4822
-4822
-4806
-4806
-4802
-4802
-4798
-4788
-4786
-4786
-4786
-4786
-4786
-4778
-4794
-4802
-4796
-4796
-4794
-4794
-4804
-4804
-4804
-4804
-4806
-4806
-4806
-4806
-4806
-4798
-4790
-4794
-4790
-4790
-4782
-4782
-4780
-4780
-4780
-4780
-4780
-4780
-4780
-4780
-4778
-4778
-4778
-4778
-4780
-4776
-4768
-4754
-4750
-4750
-4744
-4744
-4740
-4740
-4740
-4740
-4740
-4740
-4742
-4738
-4732
-4730
-4732
-4724
-4730
-4730
-4728
-4728
-4728
-4728
-4728
-4716
-4712
-4712
-4712
-4712
-4712
-4712
-4720
-4724
-4718
-4702
-4694
-4694
-4688
-4684
-4684
-4692
-4692
-4692
-4692
-4692
-4692
-4686
-4686
-4674
-4676
-4676
-4676
-4664
-4664
-4664
-4664
-4664
-4660
-4660
-4658
-4660
-4660
-4654
-4654
-4646
-4646
-4654
-4654
-4660
-4660
-4660
-4652
-4652
-4652
-4652
-4642
-4648
-4648
-4648
-4648
-4648
-4648
-4648
-4642
-4642
-4638
-4632
-4630
-4630
-4630
-4630
-4630
-4628
-4628
-4622
-4622
-4614
-4614
-4604
-4602
-4598
-4600
-4600
-4600
-4592
-4586
-4580
-4580
-4580
-4580
-4580
-4566
-4566
-4566
-4566
-4566
-4564
-4556
-4544
-4544
-4544
-4538
-4538
-4540
-4542
-4540
-4540
-4540
-4540
-4540
-4532
-4532
-4516
-4510
-4506
-4496
-4496
-4496
-4496
-4500
-4502
-4502
-4502
-4502
-4502
-4502
-4494
-4494
-4480
-4478
-4478
-4470
-4470
-4470
-4470
-4466
-4466
-4466
-4466
-4462
-4462
-4462
-4462
-4462
-4446
-4446
-4446
-4448
-4448
-4448
-4450
-4450
-4446
-4446
-4446
-4446
-4442
-4440
-4430
-4430
-4426
-4418
-4418
-4416
-4416
-4414
-4418
-4412
-4412
-4412
-4412
-4416
-4416
-4416
-4404
-4406
-4406
-4398
-4396
-4396
-4396
-4396
-4396
-4396
-4392
-4392
-4384
-4378
-4378
-4378
-4378
-4378
-4380
-4370
-4366
-4366
-4364
-4362
-4356
-4356
-4350
-4346
-4346
-4346
-4346
-4346
-4346
-4346
-4346
-4346
-4354
-4354
-4354
-4346
-4346
-4346
-4346
-4348
-4348
-4348
-4336
-4336
-4336
-4334
-4340
-4338
-4330
-4322
-4312
-4306
-4304
-4304
-4304
-4304
-4312
-4312
-4306
-4308
-4308
-4304
-4308
-4306
-4302
-4292
-4292
-4290
-4290
-4300
-4300
-4288
-4282
-4272
-4266
-4260
-4260
-4260
-4260
-4260
-4260
-4256
-4256
-4256
-4256
-4250
-4240
-4236
-4236
-4230
-4226
-4216
-4216
-4210
-4196
-4196
-4196
-4186
-4184
-4174
-4162
-4160
-4160
-4164
-4164
-4164
-4166
-4166
-4164
-4162
-4168
-4168
-4168
-4168
-4164
-4152
-4146
-4134
-4134
-4128
-4120
-4124
-4124
-4128
-4128
-4126
-4126
-4116
-4108
-4114
-4114
-4106
-4102
-4102
-4100
-4100
-4100
-4100
-4100
-4094
-4094
-4092
-4088
-4088
-4082
-4080
-4066
-4066
-4066
-4066
-4060
-4060
-4060
-4060
-4062
-4062
-4064
-4062
-4056
-4056
-4056
-4050
-4050
-4046
-4048
-4042
-4046
-4038
-4038
-4032
-4026
-4024
-4022
-4020
-4012
-4012
-4012
-4012
-4012
-4012
-4010
-4014
-4014
-4010
-4000
-4000
-3996
-3988
-3976
-3976
-3974
-3974
-3974
-3960
-3960
-3960
-3954
-3954
-3950
-3954
-3954
-3954
-3954
-3954
-3950
-3950
-3952
-3952
-3952
-3952
-3952
-3952
-3952
-3952
-3952
-3952
-3952
-3952
-3948
-3940
-3940
-3940
-3946
-3946
-3950
-3944
-3936
-3934
-3928
-3928
-3918
-3918
-3914
-3914
-3914
-3904
-3904
-3904
-3904
-3906
-3906
-3902
-3902
-3902
-3894
-3896
-3892
-3892
-3892
-3882
-3866
-3868
-3868
-3866
-3864
-3864
-3858
-3858
-3858
-3858
-3858
-3858
-3854
-3846
-3846
-3846
-3840
-3836
-3842
-3842
-3838
-3838
-3838
-3838
-3844
-3844
-3842
-3842
-3842
-3840
-3840
-3832
-3832
-3824
-3826
-3826
-3826
-3826
-3828
-3828
-3824
-3822
-3822
-3822
-3822
-3816
-3814
-3814
-3814
-3814
-3814
-3814
-3822
-3822
-3822
-3824
-3824
-3824
-3826
-3826
-3816
-3816
-3816
-3816
-3816
-3806
-3796
-3790
-3784
-3784
-3784
-3784
-3784
-3782
-3778
-3778
-3778
-3778
-3778
-3764
-3752
-3752
-3752
-3746
-3734
-3734
-3734
-3738
-3738
-3730
-3714
-3716
-3716
-3716
-3716
-3716
-3716
-3704
-3700
-3700
-3698
-3698
-3698
-3686
-3686
-3686
-3686
-3676
-3672
-3668
-3668
-3664
-3664
-3664
-3660
-3666
-3666
-3662
-3664
-3664
-3664
-3664
-3658
-3658
-3650
-3650
-3650
-3646
-3648
-3648
-3636
-3642
-3644
-3630
-3630
-3620
-3620
-3620
-3616
-3616
-3616
-3618
-3618
-3614
-3614
-3608
-3602
-3600
-3600
-3600
-3600
-3602
-3602
-3600
-3604
-3604
-3604
-3596
-3596
-3584
-3584
-3580
-3580
-3584
-3584
-3584
-3572
-3580
-3568
-3568
-3562
-3562
-3562
-3562
-3558
-3546
-3546
-3546
-3546
-3542
-3536
-3536
-3530
-3526
-3518
-3518
-3510
-3508
-3502
-3502
-3502
-3494
-3494
-3496
-3496
-3488
-3490
-3488
-3480
-3494
-3494
-3494
-3494
-3494
-3494
-3494
-3480
-3480
-3480
-3474
-3472
-3472
-3476
-3474
-3474
-3466
-3454
-3464
-3464
-3464
-3456
-3456
-3456
-3456
-3456
-3460
-3454
-3456
-3456
-3450
-3450
-3444
-3442
-3442
-3442
-3438
-3426
-3426
-3420
-3418
-3418
-3422
-3418
-3426
-3426
-3426
-3422
-3418
-3418
-3418
-3418
-3418
-3416
-3406
-3406
-3402
-3402
-3394
-3394
-3388
-3388
-3388
-3384
-3384
-3390
-3390
-3398
-3398
-3392
-3392
-3394
-3404
-3404
-3404
-3402
-3402
-3398
-3398
-3398
-3398
-3398
-3398
-3398
-3398
-3390
-3388
-3394
-3394
-3392
-3394
-3394
-3386
-3374
-3362
-3362
-3360
-3352
-3342
-3334
-3330
-3320
-3320
-3314
-3314
-3310
-3308
-3302
-3292
-3288
-3288
-3288
-3284
-3284
-3284
-3276
-3276
-3286
-3284
-3288
-3288
-3276
-3276
-3282
-3282
-3282
-3282
-3282
-3282
-3282
-3282
-3282
-3282
-3282
-3282
-3282
-3282
-3282
-3282
-3282
-3282
-3282
-3282
-3280
-3280
-3276
-3272
-3268
-3262
-3262
-3248
-3246
-3252
-3252
-3252
-3252
-3250
-3250
-3250
-3250
-3250
-3244
-3246
-3248
-3238
-3222
-3222
-3222
-3222
-3222
-3212
-3218
-3208
-3206
-3206
-3198
-3198
-3196
-3206
-3206
-3206
-3212
-3212
-3206
-3198
-3198
-3194
-3194
-3198
-3190
-3190
-3190
-3190
-3190
-3192
-3192
-3192
-3192
-3190
-3190
-3182
-3176
-3176
-3182
-3186
-3186
-3186
-3186
-3192
-3190
-3194
-3194
-3184
-3182
-3176
-3176
-3176
-3174
-3174
-3162
-3162
-3162
-3152
-3156
-3146
-3146
-3144
-3144
-3144
-3144
-3144
-3144
-3144
-3144
-3144
-3140
-3132
-3120
-3112
-3108
-3108
-3108
-3108
-3110
-3106
-3098
-3092
-3090
-3090
-3090
-3090
-3086
-3086
-3074
-3074
-3072
-3066
-3062
-3062
-3062
-3062
-3062
-3062
-3062
-3066
-3052
-3052
-3052
-3046
-3046
-3040
-3042
-3042
-3042
-3044
-3044
-3044
-3044
-3046
-3046
-3044
-3038
-3032
-3032
-3032
-3032
-3032
-3024
-3024
-3022
-3014
-3014
-3014
-3014
-3004
-3004
-3004
-3004
-2998
-2998
-2992
-2992
-2992
-2992
-2992
-2992
-2994
-2988
-2988
-2980
-2980
-2980
-2982
-2982
-2978
-2978
-2978
-2978
-2978
-2978
-2980
-2978
-2978
-2972
-2972
-2972
-2972
-2968
-2968
-2968
-2968
-2968
-2962
-2966
-2964
-2960
-2952
-2954
-2954
-2954
-2946
-2942
-2942
-2944
-2940
-2938
-2936
-2936
-2936
-2932
-2932
-2932
-2932
-2932
-2932
-2932
-2932
-2920
-2918
-2920
-2928
-2928
-2922
-2924
-2912
-2902
-2902
-2902
-2888
-2880
-2880
-2880
-2872
-2872
-2872
-2866
-2866
-2866
-2866
-2866
-2866
-2866
-2866
-2866
-2862
-2862
-2858
-2850
-2850
-2850
-2850
-2850
-2850
-2850
-2850
-2854
-2840
-2840
-2830
-2830
-2830
-2830
-2834
-2832
-2832
-2832
-2828
-2828
-2828
-2828
-2828
-2828
-2838
-2838
-2842
-2842
-2842
-2842
-2842
-2842
-2842
-2842
-2842
-2844
-2844
-2844
-2844
-2852
-2854
-2854
-2854
-2858
-2858
-2856
-2846
-2846
-2846
-2846
-2846
-2846
-2846
-2846
-2858
-2858
-2862
-2860
-2856
-2856
-2856
-2856
-2856
-2856
-2864
-2864
-2864
-2864
-2860
-2860
-2860
-2860
-2860
-2860
-2860
-2850
-2854
-2854
-2854
-2854
-2858
-2858
-2858
-2858
-2860
-2860
-2860
-2860
-2860
-2860
-2860
-2858
-2856
-2856
-2856
-2856
-2856
-2856
-2858
-2858
-2858
-2858
-2854
-2854
-2854
-2854
-2854
-2854
-2848
-2846
-2840
-2842
-2852
-2850
-2850
-2856
-2856
-2856
-2856
-2850
-2850
-2850
-2850
-2850
-2842
-2840
-2840
-2840
-2836
-2828
-2828
-2838
-2838
-2838
-2838
-2838
-2838
-2838
-2828
-2824
-2836
-2834
-2834
-2834
-2834
-2832
-2832
-2826
-2826
-2830
-2822
-2822
-2822
-2822
-2822
-2822
-2822
-2812
-2812
-2812
-2812
-2812
-2812
-2808
-2802
-2802
-2798
-2798
-2798
-2798
-2804
-2804
-2804
-2810
-2802
-2802
-2802
-2796
-2802
-2802
-2792
-2790
-2790
-2782
-2782
-2782
-2790
-2784
-2784
-2784
-2776
-2770
-2770
-2766
-2766
-2766
-2766
-2758
-2758
-2758
-2756
-2756
-2756
-2762
-2758
-2758
-2756
-2756
-2756
-2756
-2756
-2758
-2758
-2762
-2754
-2752
-2752
-2752
-2752
-2748
-2748
-2748
-2744
-2744
-2742
-2742
-2734
-2736
-2736
-2726
-2726
-2726
-2726
-2726
-2726
-2718
-2718
-2710
-2700
-2700
-2700
-2700
-2700
-2700
-2696
-2702
-2702
-2702
-2702
-2704
-2704
-2704
-2698
-2698
-2698
-2694
-2694
-2694
-2694
-2694
-2694
-2684
-2678
-2686
-2686
-2680
-2680
-2680
-2680
-2680
-2674
-2674
-2674
-2678
-2680
-2680
-2680
-2676
-2676
-2676
-2676
-2676
-2666
-2666
-2664
-2664
-2660
-2652
-2652
-2652
-2660
-2648
-2646
-2646
-2648
-2656
-2658
-2658
-2660
-2650
-2650
-2650
-2650
-2660
-2656
-2656
-2656
-2656
-2656
-2656
-2650
-2650
-2660
-2644
-2644
-2632
-2632
-2628
-2628
-2628
-2628
-2628
-2626
-2622
-2622
-2622
-2622
-2622
-2620
-2620
-2610
-2610
-2616
-2620
-2618
-2622
-2628
-2628
-2620
-2616
-2612
-2608
-2602
-2602
-2606
-2606
-2606
-2620
-2618
-2618
-2616
-2616
-2624
-2622
-2616
-2616
-2622
-2622
-2622
-2608
-2608
-2608
-2608
-2608
-2616
-2626
-2622
-2618
-2628
-2628
-2624
-2624
-2624
-2628
-2628
-2622
-2622
-2622
-2632
-2632
-2628
-2628
-2628
-2614
-2606
-2614
-2614
-2614
-2614
-2612
-2612
-2612
-2602
-2602
-2602
-2602
-2598
-2598
-2598
-2596
-2592
-2592
-2592
-2592
-2592
-2588
-2588
-2588
-2592
-2598
-2598
-2598
-2598
-2602
-2588
-2588
-2588
-2584
-2584
-2584
-2584
-2584
-2584
-2584
-2590
-2586
-2588
-2580
-2580
-2586
-2586
-2582
-2580
-2572
-2572
-2572
-2572
-2572
-2582
-2582
-2592
-2580
-2580
-2576
-2576
-2570
-2562
-2562
-2564
-2566
-2566
-2556
-2558
-2550
-2542
-2542
-2542
-2542
-2540
-2538
-2538
-2542
-2546
-2546
-2540
-2540
-2540
-2544
-2544
-2544
-2544
-2546
-2542
-2546
-2546
-2546
-2544
-2540
-2544
-2546
-2546
-2534
-2534
-2534
-2530
-2524
-2520
-2524
-2524
-2524
-2524
-2514
-2508
-2508
-2496
-2496
-2496
-2486
-2486
-2488
-2484
-2478
-2480
-2480
-2480
-2468
-2462
-2462
-2462
-2462
-2462
-2462
-2462
-2464
-2466
-2466
-2466
-2458
-2460
-2458
-2458
-2468
-2468
-2468
-2468
-2456
-2450
-2446
-2446
-2446
-2444
-2444
-2444
-2444
-2450
-2450
-2446
-2446
-2446
-2446
-2442
-2442
-2442
-2442
-2442
-2438
-2438
-2442
-2436
-2436
-2436
-2436
-2432
-2432
-2426
-2414
-2414
-2412
-2408
-2408
-2402
-2398
-2398
-2398
-2398
-2396
-2396
-2396
-2396
-2390
-2378
-2374
-2366
-2368
-2368
-2368
-2358
-2358
-2344
-2344
-2346
-2346
-2346
-2346
-2340
-2340
-2336
-2326
-2326
-2324
-2324
-2320
-2320
-2326
-2326
-2328
-2328
-2328
-2328
-2328
-2328
-2324
-2324
-2316
-2312
-2312
-2312
-2300
-2300
-2300
-2300
-2300
-2300
-2308
-2302
-2298
-2298
-2302
-2302
-2296
-2290
-2288
-2288
-2290
-2290
-2292
-2292
-2288
-2288
-2278
-2278
-2270
-2270
-2256
-2256
-2260
-2260
-2260
-2260
-2252
-2246
-2246
-2246
-2246
-2246
-2238
-2250
-2246
-2234
-2234
-2234
-2230
-2226
-2232
-2232
-2232
-2232
-2232
-2232
-2232
-2234
-2234
-2238
-2238
-2238
-2238
-2238
-2238
-2234
-2238
-2238
-2234
-2224
-2222
-2220
-2228
-2228
-2228
-2238
-2244
-2244
-2246
-2246
-2238
-2236
-2236
-2244
-2244
-2244
-2240
-2234
-2232
-2232
-2230
-2230
-2230
-2230
-2230
-2230
-2230
-2230
-2230
-2218
-2214
-2212
-2208
-2208
-2206
-2202
-2198
-2202
-2198
-2198
-2192
-2192
-2192
-2192
-2192
-2192
-2192
-2192
-2192
-2192
-2192
-2192
-2192
-2192
-2192
-2198
-2198
-2198
-2202
-2198
-2194
-2194
-2186
-2184
-2180
-2184
-2186
-2186
-2186
-2178
-2182
-2178
-2180
-2172
-2174
-2174
-2170
-2170
-2172
-2172
-2172
-2164
-2164
-2164
-2164
-2164
-2164
-2164
-2164
-2164
-2162
-2162
-2162
-2162
-2158
-2156
-2156
-2156
-2152
-2152
-2162
-2162
-2152
-2138
-2140
-2140
-2144
-2134
-2132
-2136
-2128
-2128
-2128
-2128
-2128
-2128
-2128
-2118
-2112
-2112
-2112
-2114
-2116
-2116
-2106
-2116
-2108
-2106
-2106
-2100
-2100
-2096
-2096
-2096
-2092
-2092
-2088
-2088
-2080
-2080
-2082
-2086
-2086
-2086
-2080
-2080
-2080
-2080
-2068
-2076
-2080
-2080
-2080
-2072
-2072
-2060
-2060
-2060
-2060
-2060
-2060
-2060
-2060
-2060
-2060
-2050
-2050
-2052
-2056
-2056
-2056
-2056
-2044
-2032
-2032
-2040
-2040
-2032
-2026
-2026
-2026
-2016
-2016
-2016
-2016
-2016
-2020
-2020
-2016
-2016
-2016
-2006
-2010
-2010
-2010
-2010
-2002
-2002
-2002
-2002
-2002
-1998
-2000
-2000
-2000
-2000
-2000
-2000
-2000
-2000
-2006
-2008
-2008
-2002
-1996
-1996
-1996
-1996
-1992
-1988
-1996
-1996
-1998
-1998
-1998
-1998
-1998
-1998
-1998
-1998
-1998
-1998
-1998
-1988
-1986
-1974
-1966
-1966
-1966
-1962
-1954
-1954
-1954
-1954
-1954
-1954
-1954
-1948
-1948
-1938
-1938
-1936
-1936
-1926
-1926
-1926
-1920
-1920
-1920
-1912
-1912
-1912
-1912
-1912
-1912
-1916
-1914
-1914
-1902
-1898
-1906
-1896
-1898
-1898
-1898
-1886
-1886
-1886
-1880
-1880
-1876
-1876
-1872
-1872
-1872
-1876
-1876
-1874
-1874
-1874
-1874
-1874
-1874
-1874
-1874
-1874
-1880
-1880
-1878
-1878
-1878
-1878
-1878
-1878
-1878
-1876
-1876
-1868
-1868
-1868
-1870
-1870
-1870
-1870
-1870
-1870
-1866
-1866
-1866
-1866
-1866
-1864
-1874
-1874
-1870
-1866
-1866
-1860
-1860
-1864
-1864
-1864
-1860
-1868
-1866
-1866
-1866
-1870
-1870
-1870
-1870
-1870
-1870
-1870
-1870
-1870
-1870
-1870
-1880
-1880
-1880
-1880
-1880
-1872
-1872
-1872
-1870
-1876
-1876
-1870
-1870
-1870
-1876
-1876
-1876
-1876
-1876
-1874
-1874
-1874
-1874
-1872
-1872
-1868
-1876
-1876
-1876
-1870
-1870
-1866
-1858
-1864
-1864
-1864
-1868
-1876
-1876
-1876
-1876
-1876
-1876
-1866
-1866
-1864
-1864
-1864
-1864
-1864
-1864
-1864
-1856
-1852
-1852
-1852
-1842
-1838
-1842
-1842
-1842
-1842
-1842
-1844
-1842
-1832
-1832
-1838
-1838
-1832
-1832
-1822
-1822
-1822
-1822
-1820
-1820
-1818
-1818
-1818
-1818
-1818
-1818
-1816
-1816
-1816
-1822
-1818
-1818
-1808
-1798
-1798
-1802
-1802
-1806
-1812
-1810
-1812
-1812
-1814
-1806
-1798
-1788
-1786
-1786
-1780
-1772
-1768
-1768
-1754
-1744
-1744
-1746
-1748
-1748
-1748
-1748
-1744
-1752
-1752
-1756
-1750
-1756
-1744
-1744
-1744
-1744
-1744
-1744
-1744
-1744
-1744
-1744
-1744
-1738
-1748
-1748
-1742
-1734
-1734
-1736
-1736
-1736
-1736
-1730
-1724
-1724
-1724
-1728
-1730
-1738
-1742
-1738
-1730
-1736
-1736
-1736
-1736
-1736
-1724
-1724
-1740
-1740
-1738
-1732
-1726
-1726
-1724
-1724
-1726
-1728
-1734
-1734
-1736
-1736
-1728
-1718
-1718
-1712
-1712
-1702
-1698
-1698
-1698
-1698
-1710
-1712
-1702
-1702
-1702
-1702
-1702
-1702
-1704
-1706
-1706
-1706
-1706
-1706
-1706
-1706
-1706
-1706
-1706
-1706
-1702
-1702
-1702
-1702
-1696
-1696
-1696
-1692
-1694
-1702
-1702
-1694
-1700
-1696
-1696
-1696
-1696
-1708
-1708
-1708
-1708
-1706
-1710
-1710
-1716
-1718
-1722
-1722
-1722
-1718
-1718
-1720
-1720
-1720
-1720
-1720
-1714
-1706
-1694
-1692
-1692
-1690
-1688
-1680
-1680
-1680
-1680
-1674
-1666
-1666
-1666
-1666
-1666
-1674
-1684
-1676
-1672
-1674
-1674
-1678
-1678
-1676
-1680
-1672
-1672
-1672
-1676
-1676
-1676
-1676
-1680
-1678
-1666
-1662
-1662
-1660
-1650
-1650
-1650
-1650
-1652
-1652
-1652
-1652
-1652
-1652
-1648
-1648
-1654
-1654
-1652
-1652
-1652
-1652
-1652
-1652
-1652
-1654
-1646
-1648
-1648
-1644
-1638
-1638
-1638
-1638
-1638
-1638
-1638
-1642
-1644
-1644
-1644
-1644
-1644
-1642
-1648
-1646
-1646
-1646
-1646
-1644
-1644
-1642
-1636
-1636
-1636
-1636
-1636
-1636
-1636
-1636
-1636
-1638
-1638
-1644
-1636
-1636
-1636
-1636
-1636
-1636
-1636
-1636
-1634
-1634
-1634
-1638
-1632
-1632
-1632
-1632
-1632
-1632
-1624
-1624
-1626
-1618
-1618
-1616
-1616
-1616
-1616
-1616
-1616
-1610
-1610
-1596
-1594
-1578
-1574
-1574
-1574
-1578
-1578
-1586
-1586
-1586
-1586
-1586
-1586
-1586
-1576
-1578
-1568
-1564
-1560
-1564
-1558
-1558
-1552
-1552
-1552
-1552
-1540
-1540
-1536
-1536
-1538
-1534
-1534
-1530
-1530
-1530
-1530
-1530
-1530
-1530
-1530
-1530
-1530
-1530
-1528
-1522
-1522
-1522
-1522
-1522
-1520
-1520
-1518
-1514
-1514
-1510
-1504
-1496
-1488
-1488
-1486
-1486
-1486
-1472
-1472
-1470
-1470
-1470
-1474
-1474
-1474
-1474
-1474
-1470
-1468
-1476
-1476
-1476
-1476
-1474
-1466
-1466
-1466
-1468
-1472
-1484
-1484
-1490
-1490
-1490
-1490
-1482
-1482
-1482
-1482
-1486
-1486
-1496
-1504
-1506
-1510
-1510
-1510
-1516
-1516
-1516
-1520
-1520
-1524
-1524
-1524
-1524
-1524
-1528
-1528
-1530
-1530
-1530
-1530
-1530
-1530
-1526
-1526
-1522
-1514
-1512
-1506
-1506
-1506
-1508
-1506
-1506
-1506
-1506
-1504
-1504
-1500
-1502
-1502
-1502
-1498
-1496
-1484
-1488
-1482
-1486
-1482
-1482
-1478
-1472
-1468
-1466
-1466
-1466
-1466
-1466
-1478
-1468
-1468
-1464
-1464
-1458
-1458
-1452
-1452
-1452
-1458
-1458
-1458
-1458
-1456
-1456
-1456
-1458
-1458
-1456
-1456
-1444
-1444
-1444
-1444
-1444
-1446
-1448
-1436
-1434
-1440
-1440
-1440
-1440
-1440
-1440
-1440
-1440
-1446
-1446
-1446
-1446
-1438
-1442
-1442
-1442
-1434
-1428
-1430
-1430
-1424
-1414
-1414
-1414
-1412
-1414
-1414
-1414
-1414
-1412
-1414
-1414
-1414
-1400
-1400
-1400
-1400
-1410
-1404
-1396
-1394
-1394
-1386
-1380
-1380
-1380
-1370
-1370
-1370
-1376
-1376
-1376
-1376
-1370
-1364
-1364
-1358
-1346
-1346
-1346
-1346
-1346
-1346
-1344
-1344
-1340
-1336
-1336
-1336
-1336
-1324
-1324
-1326
-1330
-1330
-1330
-1330
-1330
-1328
-1328
-1322
-1322
-1322
-1324
-1320
-1320
-1316
-1302
-1302
-1302
-1308
-1308
-1308
-1316
-1318
-1318
-1318
-1314
-1312
-1314
-1314
-1310
-1310
-1306
-1298
-1298
-1298
-1292
-1288
-1282
-1282
-1282
-1274
-1274
-1274
-1274
-1272
-1272
-1272
-1272
-1262
-1258
-1258
-1254
-1244
-1250
-1248
-1242
-1234
-1234
-1234
-1222
-1222
-1222
-1222
-1222
-1216
-1210
-1210
-1210
-1210
-1210
-1200
-1196
-1196
-1196
-1198
-1198
-1198
-1198
-1198
-1198
-1198
-1204
-1204
-1204
-1204
-1204
-1204
-1208
-1208
-1208
-1208
-1212
-1212
-1212
-1202
-1202
-1188
-1178
-1168
-1168
-1168
-1168
-1168
-1162
-1154
-1154
-1154
-1152
-1160
-1154
-1156
-1156
-1156
-1144
-1144
-1148
-1150
-1150
-1164
-1160
-1166
-1166
-1166
-1168
-1168
-1168
-1168
-1164
-1168
-1168
-1166
-1166
-1158
-1158
-1158
-1158
-1160
-1164
-1166
-1154
-1154
-1156
-1156
-1160
-1160
-1162
-1162
-1162
-1180
-1180
-1180
-1180
-1180
-1180
-1172
-1168
-1168
-1160
-1160
-1162
-1166
-1166
-1174
-1174
-1174
-1174
-1168
-1168
-1168
-1168
-1168
-1168
-1166
-1162
-1160
-1154
-1154
-1154
-1154
-1156
-1156
-1160
-1158
-1158
-1158
-1158
-1148
-1148
-1148
-1140
-1140
-1140
-1140
-1140
-1140
-1140
-1140
-1140
-1140
-1150
-1156
-1156
-1158
-1148
-1136
-1136
-1136
-1138
-1138
-1134
-1138
-1136
-1132
-1132
-1132
-1132
-1138
-1138
-1134
-1128
-1128
-1128
-1134
-1134
-1134
-1134
-1138
-1142
-1142
-1132
-1132
-1132
-1130
-1132
-1132
-1124
-1124
-1124
-1124
-1124
-1124
-1124
-1132
-1130
-1126
-1132
-1132
-1132
-1132
-1132
-1128
-1128
-1128
-1128
-1132
-1130
-1126
-1126
-1128
-1128
-1122
-1122
-1116
-1116
-1126
-1130
-1130
-1130
-1132
-1134
-1134
-1130
-1130
-1126
-1126
-1124
-1130
-1122
-1122
-1126
-1128
-1128
-1126
-1126
-1126
-1126
-1126
-1126
-1124
-1118
-1108
-1114
-1114
-1120
-1116
-1112
-1116
-1112
-1104
-1104
-1104
-1104
-1098
-1098
-1104
-1104
-1104
-1104
-1102
-1104
-1104
-1104
-1098
-1090
-1096
-1096
-1100
-1100
-1100
-1100
-1104
-1102
-1102
-1096
-1092
-1092
-1092
-1090
-1090
-1096
-1096
-1092
-1092
-1092
-1080
-1070
-1070
-1072
-1072
-1072
-1072
-1072
-1072
-1072
-1072
-1072
-1072
-1072
-1072
-1076
-1072
-1070
-1070
-1070
-1064
-1064
-1070
-1070
-1062
-1052
-1052
-1052
-1052
-1050
-1050
-1052
-1052
-1056
-1056
-1056
-1056
-1056
-1056
-1050
-1044
-1044
-1044
-1044
-1044
-1052
-1054
-1054
-1044
-1042
-1042
-1036
-1028
-1026
-1024
-1020
-1020
-1012
-1012
-1014
-1014
-1014
-1014
-1022
-1022
-1022
-1024
-1032
-1032
-1032
-1036
-1036
-1036
-1036
-1040
-1034
-1030
-1030
-1030
-1034
-1032
-1032
-1032
-1032
-1032
-1030
-1030
-1024
-1024
-1024
-1024
-1024
-1024
-1024
-1024
-1020
-1020
-1020
-1024
-1030
-1030
-1030
-1030
-1036
-1036
-1036
-1036
-1038
-1032
-1034
-1034
-1034
-1034
-1042
-1042
-1042
-1034
-1038
-1040
-1044
-1044
-1044
-1048
-1048
-1048
-1040
-1038
-1038
-1034
-1034
-1030
-1030
-1022
-1022
-1022
-1022
-1022
-1024
-1026
-1026
-1026
-1018
-1018
-1006
-1000
-1000
-1000
-1000
-994
-994
-994
-998
-998
-998
-998
-992
-990
-996
-996
-996
-986
-986
-986
-986
-986
-986
-986
-986
-986
-974
-974
-970
-970
-970
-970
-964
-966
-966
-966
-966
-966
-974
-978
-978
-978
-984
-984
-982
-984
-984
-984
-984
-984
-984
-984
-986
-986
-986
-986
-986
-988
-980
-978
-978
-980
-980
-980
-980
-980
-974
-974
-974
-978
-978
-984
-988
-992
-992
-994
-994
-994
-994
-994
-984
-984
-984
-986
-990
-990
-994
-988
-988
-988
-986
-986
-982
-978
-972
-964
-962
-952
-956
-956
-950
-950
-950
-946
-946
-940
-940
-930
-930
-930
-928
-928
-928
-934
-934
-934
-938
-930
-930
-938
-938
-938
-938
-938
-946
-946
-944
-944
-942
-938
-938
-938
-934
-934
-936
-936
-934
-934
-938
-932
-928
-928
-936
-936
-936
-932
-936
-924
-924
-924
-924
-924
-924
-924
-920
-918
-910
-910
-904
-906
-904
-908
-908
-906
-912
-912
-914
-908
-908
-908
-908
-902
-902
-890
-886
-882
-880
-880
-864
-864
-864
-868
-866
-864
-872
-872
-870
-866
-866
-866
-866
-866
-860
-862
-862
-862
-862
-862
-862
-858
-858
-858
-858
-854
-854
-860
-852
-850
-850
-852
-854
-844
-838
-838
-838
-840
-842
-840
-840
-840
-840
-846
-846
-846
-846
-846
-846
-844
-844
-844
-838
-838
-840
-840
-840
-838
-840
-844
-844
-836
-830
-834
-834
-826
-826
-834
-838
-834
-834
-834
-838
-828
-828
-828
-832
-836
-836
-850
-850
-850
-844
-844
-844
-844
-844
-844
-844
-844
-848
-848
-856
-860
-860
-860
-860
-852
-852
-852
-846
-840
-840
-840
-840
-840
-836
-836
-836
-836
-838
-842
-854
-854
-866
-860
-860
-860
-864
-864
-864
-868
-856
-856
-848
-848
-848
-856
-854
-868
-868
-868
-868
-868
-868
-854
-848
-856
-856
-856
-856
-846
-846
-852
-852
-840
-840
-840
-840
-840
-840
-840
-842
-842
-848
-848
-848
-848
-848
-838
-834
-842
-838
-834
-828
-828
-828
-828
-832
-832
-830
-828
-828
-828
-828
-828
-830
-830
-830
-830
-826
-826
-822
-822
-818
-818
-818
-818
-822
-822
-822
-822
-822
-820
-820
-822
-822
-822
-816
-808
-808
-804
-804
-804
-804
-804
-806
-806
-806
-808
-810
-810
-810
-810
-804
-800
-800
-802
-802
-798
-798
-788
-796
-796
-796
-790
-790
-790
-790
-790
-790
-790
-790
-790
-786
-788
-788
-788
-784
-784
-786
-796
-792
-796
-796
-800
-800
-814
-818
-818
-816
-816
-814
-812
-802
-790
-786
-782
-782
-778
-784
-784
-784
-784
-780
-780
-782
-782
-782
-782
-774
-774
-774
-774
-774
-774
-774
-774
-774
-782
-782
-782
-780
-784
-782
-770
-770
-766
-762
-768
-774
-770
-772
-772
-772
-770
-770
-772
-772
-772
-772
-772
-772
-772
-764
-764
-764
-764
-764
-764
-764
-760
-760
-760
-762
-762
-762
-762
-762
-762
-758
-760
-758
-750
-750
-752
-756
-756
-756
-756
-756
-756
-756
-750
-750
-742
-732
-730
-728
-730
-728
-728
-716
-710
-708
-708
-708
-718
-720
-720
-720
-720
-720
-712
-722
-714
-726
-726
-726
-722
-728
-728
-728
-728
-730
-730
-732
-732
-732
-732
-732
-732
-732
-732
-732
-732
-732
-728
-728
-732
-732
-736
-730
-730
-730
-730
-730
-730
-730
-730
-730
-732
-722
-722
-724
-724
-718
-718
-718
-716
-716
-716
-710
-710
-710
-710
-720
-720
-720
-720
-720
-720
-716
-716
-718
-716
-714
-718
-708
-708
-708
-706
-706
-696
-700
-700
-700
-700
-702
-702
-712
-712
-712
-712
-712
-712
-704
-708
-708
-696
-688
-682
-684
-692
-688
-692
-692
-696
-696
-690
-680
-680
-680
-680
-678
-674
-674
-674
-674
-674
-674
-680
-680
-680
-684
-682
-682
-686
-688
-692
-692
-686
-684
-684
-692
-692
-692
-684
-678
-676
-676
-676
-676
-678
-678
-680
-680
-680
-680
-680
-680
-680
-686
-686
-682
-670
-676
-676
-670
-670
-662
-662
-662
-662
-662
-662
-656
-664
-664
-664
-660
-660
-648
-648
-648
-648
-650
-650
-650
-646
-646
-646
-642
-636
-636
-636
-636
-636
-636
-636
-636
-634
-638
-632
-632
-632
-632
-618
-626
-626
-634
-632
-632
-632
-632
-620
-622
-622
-622
-622
-622
-618
-618
-618
-618
-618
-618
-618
-612
-612
-614
-610
-618
-618
-618
-614
-614
-618
-618
-618
-624
-624
-624
-624
-628
-630
-628
-628
-628
-624
-624
-626
-614
-622
-624
-626
-626
-626
-626
-626
-626
-616
-616
-616
-616
-612
-614
-614
-614
-622
-624
-620
-626
-626
-616
-616
-608
-598
-600
-600
-600
-594
-584
-584
-594
-594
-600
-600
-606
-606
-598
-592
-592
-592
-592
-592
-592
-594
-594
-592
-592
-592
-592
-592
-580
-580
-584
-584
-582
-582
-582
-582
-578
-588
-588
-582
-582
-582
-582
-582
-578
-578
-578
-582
-582
-582
-580
-580
-580
-580
-580
-580
-580
-580
-566
-566
-566
-566
-576
-578
-578
-578
-578
-578
-570
-562
-560
-558
-568
-568
-568
-568
-568
-568
-568
-568
-568
-564
-564
-564
-560
-560
-560
-560
-558
-558
-558
-558
-558
-558
-562
-562
-562
-562
-562
-562
-562
-564
-562
-562
-564
-574
-572
-572
-578
-576
-576
-582
-578
-578
-576
-576
-576
-578
-570
-570
-566
-564
-564
-574
-574
-572
-572
-572
-572
-566
-566
-566
-570
-570
-570
-570
-570
-560
-564
-564
-564
-564
-564
-562
-562
-568
-576
-576
-572
-580
-580
-580
-584
-576
-574
-574
-580
-582
-578
-578
-562
-568
-568
-562
-562
-560
-560
-560
-560
-560
-556
-556
-556
-556
-556
-556
-558
-558
-558
-546
-546
-544
-544
-544
-544
-544
-544
-544
-542
-542
-556
-556
-550
-550
-550
-548
-548
-546
-546
-546
-546
-546
-546
-546
-546
-546
-546
-546
-546
-546
-546
-552
-550
-554
-550
-544
-544
-552
-552
-552
-552
-554
-554
-546
-546
-546
-552
-552
-548
-548
-548
-544
-544
-544
-544
-542
-542
-544
-544
-534
-540
-540
-540
-540
-540
-534
-540
-532
-536
-534
-530
-530
-530
-538
-534
-534
-522
-522
-526
-526
-526
-526
-524
-520
-518
-522
-518
-518
-522
-522
-518
-522
-522
-522
-522
-522
-522
-522
-522
-524
-524
-530
-518
-518
-520
-520
-520
-522
-522
-520
-520
-520
-520
-520
-518
-518
-518
-518
-518
-516
-516
-520
-534
-534
-534
-534
-534
-534
-528
-522
-522
-528
-530
-534
-532
-532
-536
-536
-536
-530
-530
-530
-530
-530
-530
-538
-546
-544
-544
-548
-542
-548
-548
-548
-548
-548
-548
-548
-554
-554
-554
-554
-554
-554
-556
-556
-556
-556
-556
-552
-554
-546
-546
-546
-546
-546
-542
-542
-542
-536
-536
-536
-536
-530
-534
-550
-544
-538
-538
-538
-538
-538
-532
-536
-526
-526
-526
-518
-518
-516
-518
-528
-528
-522
-522
-522
-522
-522
-526
-526
-526
-528
-524
-524
-524
-526
-526
-526
-526
-526
-532
-532
-542
-542
-536
-536
-536
-540
-540
-530
-530
-530
-530
-530
-542
-546
-538
-538
-538
-538
-546
-544
-544
-532
-532
-528
-522
-526
-526
-526
-526
-526
-522
-522
-522
-522
-522
-518
-518
-516
-516
-516
-516
-516
-518
-518
-526
-524
-524
-510
-510
-510
-500
-500
-500
-500
-500
-500
-500
-500
-500
-494
-492
-486
-486
-492
-494
-504
-504
-504
-504
-496
-496
-496
-500
-514
-514
-514
-514
-514
-514
-508
-510
-506
-504
-496
-494
-506
-506
-498
-498
-502
-502
-498
-498
-498
-498
-498
-498
-498
-498
-498
-490
-490
-490
-490
-490
-490
-486
-486
-486
-484
-498
-500
-500
-500
-504
-504
-504
-502
-498
-500
-494
-494
-488
-488
-490
-496
-496
-486
-486
-496
-496
-488
-484
-480
-480
-476
-478
-478
-478
-476
-472
-478
-470
-470
-470
-468
-468
-466
-464
-456
-456
-456
-456
-456
-458
-460
-456
-456
-456
-454
-454
-454
-454
-444
-442
-442
-442
-434
-438
-444
-440
-434
-434
-434
-442
-442
-442
-442
-438
-440
-438
-448
-448
-446
-458
-458
-458
-462
-462
-466
-464
-464
-468
-466
-466
-468
-466
-464
-460
-462
-462
-456
-456
-456
-450
-446
-446
-446
-444
-444
-444
-432
-432
-432
-432
-432
-432
-434
-434
-434
-434
-434
-440
-440
-440
-444
-444
-446
-446
-456
-450
-438
-432
-434
-442
-442
-444
-444
-438
-434
-434
-434
-434
-438
-438
-438
-436
-436
-438
-444
-444
-444
-444
-442
-442
-436
-436
-436
-426
-434
-428
-428
-428
-428
-428
-428
-428
-436
-434
-434
-436
-436
-436
-436
-436
-430
-420
-420
-420
-420
-420
-420
-428
-416
-420
-416
-416
-416
-420
-420
-420
-420
-422
-422
-422
-420
-422
-422
-422
-416
-410
-410
-404
-404
-404
-400
-396
-394
-394
-394
-396
-396
-398
-400
-400
-400
-400
-400
-400
-400
-400
-400
-398
-398
-398
-412
-414
-422
-422
-422
-430
-430
-430
-428
-434
-434
-434
-434
-434
-430
-424
-424
-418
-418
-416
-416
-416
-416
-416
-412
-404
-404
-404
-404
-402
-402
-402
-402
-410
-404
-404
-404
-410
-404
-394
-394
-394
-394
-384
-384
-384
-384
-384
-372
-372
-372
-370
-370
-370
-366
-358
-358
-358
-366
-364
-364
-364
-358
-358
-358
-358
-358
-358
-360
-354
-354
-354
-362
-368
-366
-354
-358
-358
-352
-352
-352
-352
-352
-354
-356
-356
-356
-356
-364
-364
-360
-360
-358
-364
-368
-362
-362
-362
-366
-366
-352
-352
-352
-352
-352
-348
-344
-344
-344
-336
-336
-336
-336
-336
-334
-334
-328
-328
-330
-330
-326
-326
-326
-326
-310
-318
-318
-312
-312
-312
-312
-312
-310
-308
-316
-316
-316
-320
-316
-316
-314
-314
-318
-308
-308
-308
-308
-308
-318
-318
-318
-318
-318
-318
-318
-316
-316
-316
-316
-316
-316
-320
-310
-310
-310
-308
-308
-310
-310
-310
-310
-322
-322
-322
-320
-322
-322
-322
-326
-334
-334
-334
-334
-334
-334
-334
-334
-334
-334
-328
-328
-330
-330
-330
-330
-330
-330
-330
-330
-330
-330
-324
-312
-312
-312
-312
-312
-312
-316
-316
-316
-316
-316
-314
-314
-314
-314
-314
-314
-306
-306
-296
-294
-286
-286
-286
-286
-286
-284
-284
-282
-282
-284
-284
-286
-290
-290
-290
-276
-276
-282
-280
-280
-280
-272
-268
-268
-268
-276
-276
-266
-266
-262
-262
-262
-262
-262
-262
-262
-258
-258
-258
-258
-258
-258
-258
-258
-252
-252
-252
-248
-248
-248
-248
-258
-258
-258
-252
-250
-256
-256
-252
-258
-252
-252
-252
-254
-254
-246
-248
-248
-244
-238
-238
-230
-230
-220
-226
-226
-226
-226
-226
-226
-232
-232
-232
-232
-232
-238
-240
-240
-246
-248
-248
-252
-252
-252
-262
-266
-266
-266
-268
-268
-268
-276
-276
-280
-276
-274
-274
-274
-274
-274
-274
-274
-274
-274
-274
-274
-274
-280
-276
-276
-272
-264
-264
-254
-254
-254
-254
-262
-252
-258
-258
-258
-258
-254
-250
-248
-246
-246
-236
-242
-236
-230
-230
-230
-236
-232
-236
-230
-230
-224
-214
-214
-214
-204
-208
-208
-202
-206
-206
-206
-214
-214
-214
-216
-214
-214
-216
-216
-212
-212
-212
-212
-212
-208
-208
-208
-208
-196
-196
-194
-192
-192
-192
-192
-192
-192
-192
-196
-196
-196
-196
-190
-190
-190
-190
-180
-180
-180
-180
-180
-176
-176
-180
-172
-170
-170
-170
-172
-174
-174
-172
-174
-168
-168
-156
-152
-162
-162
-162
-158
-152
-154
-154
-154
-152
-146
-146
-142
-142
-146
-146
-146
-146
-146
-146
-152
-152
-142
-142
-142
-132
-140
-140
-140
-140
-140
-140
-138
-134
-134
-134
-142
-142
-142
-142
-148
-148
-148
-144
-144
-152
-158
-160
-160
-160
-164
-166
-166
-166
-166
-166
-166
-166
-166
-166
-158
-158
-152
-152
-154
-154
-154
-154
-154
-154
-154
-156
-160
-154
-162
-162
-162
-162
-162
-166
-158
-158
-166
-166
-166
-166
-164
-166
-166
-172
-172
-172
-172
-172
-170
-162
-162
-162
-160
-160
-160
-160
-166
-170
-160
-160
-158
-148
-140
-144
-132
-124
-112
-120
-118
-118
-118
-118
-118
-118
-116
-116
-116
-116
-116
-114
-118
-122
-120
-116
-116
-118
-110
-108
-106
-106
-106
-110
-108
-106
-106
-102
-102
-106
-106
-106
-102
-102
-102
-90
-88
-88
-88
-88
-88
-88
-74
-74
-68
-68
-68
-68
-54
-54
-54
-60
-60
-60
-62
-48
-48
-48
-46
-46
-46
-44
-44
-44
-46
-46
-46
-42
-38
-36
-36
-30
-30
-40
-26
-26
-24
-24
-24
-28
-32
-26
-26
-22
-22
-24
-28
-28
-28
-28
-28
-28
-20
-16
-20
-28
-28
-28
-28
-28
-28
-26
-22
-20
-20
-18
-18
-10
-10
-10
-10
-10
-10
-10
-14
-26
-38
-38
-44
-46
-46
-46
-46
-42
-42
-38
-38
-48
-34
-34
-34
-34
-34
-34
-34
-36
-38
-38
-38
-40
-44
-50
-50
-50
-50
-52
-52
-44
-44
-44
-38
-38
-44
-34
-34
-42
-42
-50
-58
-58
-46
-54
-54
-54
-54
-54
-48
-42
-42
-42
-50
-50
-46
-52
-52
-36
-36
-34
-28
-18
-18
-18
-22
-20
-16
-22
-26
-28
-28
-22
-22
-22
-16
-16
-12
-12
-12
-12
-12
-12
-12
-10
-10
-20
-22
-20
-20
-20
-20
-16
-12
-8
-8
-8
-18
-18
-20
-20
-20
-20
-20
-24
-24
-18
-10
-10
-10
-10
-14
-14
-18
-24
-24
-24
-20
-20
-20
-20
-20
-12
-18
-18
-18
-18
-18
-18
-18
-18
-14
-14
-2
-2
-2
-2
-6
-6
-12
-12
-14
-14
-20
-22
-22
-18
-18
-8
-8
-14
-2
-2
-2
-2
-10
-10
-10
-10
0
-2
0
0
0
-4
-4
-6
-6
-4
-4
-4
-4
0
0
0
6
6
6
6
-8
-20
-20
-20
-12
-6
-2
-2
-2
0
-8
-8
-6
-6
-12
-20
-20
-18
-4
0
0
0
14
26
26
26
26
26
26
26
26
34
34
36
32
34
34
42
56
56
56
56
56
56
56
56
54
58
52
52
52
52
60
62
60
60
56
56
56
56
56
56
56
60
60
60
60
60
50
50
50
50
48
48
48
58
68
68
68
68
68
68
62
62
58
58
58
58
58
58
58
58
58
60
60
60
60
60
60
56
60
60
60
60
60
60
60
54
48
48
48
44
46
58
56
56
56
56
56
52
52
52
50
48
56
56
54
54
54
54
54
54
54
54
58
58
50
46
46
46
30
30
30
30
30
34
34
32
32
32
32
24
24
22
22
24
16
8
12
20
20
18
18
18
18
18
18
16
16
16
16
14
14
16
16
16
16
16
14
14
22
26
26
26
30
22
30
28
30
30
26
30
30
30
26
24
24
26
40
40
40
40
40
40
48
46
46
46
48
48
56
58
58
58
58
58
58
58
64
64
68
68
68
68
68
68
68
68
68
66
66
74
74
74
72
68
68
68
68
68
68
68
68
58
50
60
60
60
52
58
64
62
62
62
62
66
64
70
70
70
70
70
74
80
80
80
72
72
60
60
60
52
52
52
56
56
56
56
56
56
56
56
46
46
46
46
46
46
46
44
44
44
54
52
52
52
52
48
48
48
56
60
52
54
54
54
46
46
48
48
42
42
42
42
34
34
34
40
40
36
36
38
32
40
40
42
54
54
56
56
52
52
46
46
46
52
52
52
48
48
58
58
58
58
68
68
68
74
78
78
78
72
72
70
70
70
64
62
64
64
60
60
60
60
60
52
52
58
58
58
56
54
54
