-10472
-10458
-10446
-10446
-10434
-10422
-10412
-10400
-10394
-10388
-10374
-10368
-10362
-10360
-10354
-10348
-10342
-10334
-10330
-10318
-10312
-10296
-10290
-10294
-10284
-10278
-10272
-10262
-10256
-10252
-10234
-10230
-10224
-10216
-10208
-10202
-10192
-10186
-10180
-10168
-10162
-10152
-10148
-10138
-10138
-10126
-10120
-10118
-10106
-10106
-10096
-10092
-10092
-10082
-10080
-10070
-10064
-10056
-10060
-10058
-10052
-10044
-10040
-10036
-10024
-10014
-10006
-10000
-9994
-9998
-9994
-9990
-9990
-9976
-9966
-9960
-9950
-9938
-9938
-9940
-9940
-9928
-9920
-9920
-9914
-9914
-9908
-9900
-9892
-9886
-9880
-9874
-9864
-9858
-9858
-9850
-9850
-9836
-9830
-9822
-9820
-9818
-9806
-9804
-9794
-9782
-9770
-9758
-9752
-9742
-9730
-9718
-9718
-9706
-9704
-9700
-9690
-9680
-9680
-9670
-9654
-9648
-9660
-9660
-9658
-9658
-9648
-9636
-9636
-9636
-9636
-9630
-9626
-9616
-9616
-9616
-9610
-9592
-9596
-9596
-9596
-9590
-9586
-9574
-9562
-9558
-9546
-9546
-9544
-9532
-9524
-9516
-9510
-9502
-9492
-9496
-9494
-9486
-9484
-9488
-9478
-9482
-9476
-9474
-9460
-9448
-9444
-9432
-9428
-9420
-9412
-9406
-9402
-9394
-9386
-9374
-9370
-9370
-9364
-9360
-9354
-9344
-9336
-9334
-9334
-9324
-9314
-9312
-9302
-9302
-9302
-9302
-9296
-9282
-9270
-9266
-9264
-9254
-9248
-9236
-9230
-9214
-9218
-9208
-9202
-9202
-9206
-9196
-9196
-9184
-9174
-9160
-9160
-9150
-9150
-9156
-9148
-9138
-9128
-9126
-9116
-9104
-9100
-9098
-9092
-9084
-9074
-9070
-9058
-9052
-9048
-9042
-9028
-9028
-9024
-9012
-9008
-9008
-9002
-9000
-9000
-8994
-8986
-8972
-8966
-8964
-8956
-8948
-8942
-8944
-8942
-8934
-8934
-8934
-8932
-8932
-8928
-8920
-8920
-8922
-8920
-8912
-8896
-8890
-8874
-8866
-8854
-8848
-8848
-8844
-8836
-8828
-8828
-8830
-8826
-8818
-8810
-8798
-8796
-8792
-8780
-8780
-8772
-8770
-8760
-8756
-8764
-8756
-8750
-8748
-8742
-8742
-8740
-8736
-8724
-8720
-8716
-8716
-8714
-8714
-8704
-8700
-8698
-8694
-8684
-8676
-8670
-8664
-8658
-8648
-8648
-8646
-8636
-8626
-8618
-8612
-8612
-8612
-8610
-8604
-8592
-8592
-8592
-8586
-8586
-8582
-8570
-8564
-8558
-8554
-8554
-8542
-8536
-8536
-8536
-8534
-8518
-8512
-8512
-8506
-8506
-8494
-8486
-8468
-8470
-8460
-8452
-8442
-8426
-8426
-8426
-8422
-8418
-8406
-8396
-8396
-8394
-8388
-8374
-8372
-8366
-8356
-8348
-8340
-8344
-8338
-8336
-8326
-8322
-8318
-8310
-8302
-8300
-8292
-8286
-8288
-8286
-8276
-8276
-8274
-8262
-8256
-8250
-8236
-8232
-8232
-8226
-8216
-8210
-8198
-8190
-8180
-8184
-8184
-8180
-8176
-8170
-8158
-8154
-8154
-8150
-8150
-8150
-8146
-8148
-8148
-8148
-8148
-8148
-8148
-8148
-8146
-8140
-8140
-8132
-8118
-8112
-8106
-8100
-8092
-8084
-8078
-8080
-8080
-8074
-8074
-8070
-8064
-8062
-8060
-8048
-8034
-8028
-8030
-8030
-8020
-8014
-7998
-7998
-7984
-7974
-7970
-7966
-7966
-7960
-7952
-7948
-7946
-7944
-7944
-7932
-7924
-7914
-7908
-7900
-7890
-7876
-7870
-7870
-7872
-7872
-7864
-7858
-7852
-7852
-7852
-7838
-7826
-7822
-7812
-7808
-7806
-7806
-7792
-7782
-7778
-7776
-7772
-7772
-7768
-7762
-7758
-7740
-7738
-7738
-7728
-7734
-7728
-7718
-7718
-7724
-7722
-7722
-7716
-7712
-7702
-7698
-7694
-7690
-7682
-7678
-7672
-7670
-7658
-7642
-7634
-7620
-7612
-7602
-7602
-7602
-7594
-7584
-7586
-7582
-7578
-7572
-7572
-7566
-7556
-7548
-7548
-7548
-7544
-7540
-7532
-7528
-7532
-7528
-7528
-7526
-7522
-7514
-7512
-7512
-7512
-7498
-7492
-7480
-7476
-7468
-7468
-7472
-7460
-7452
-7446
-7444
-7436
-7436
-7436
-7434
-7434
-7426
-7426
-7432
-7424
-7424
-7420
-7410
-7410
-7406
-7408
-7404
-7404
-7402
-7402
-7398
-7390
-7382
-7368
-7360
-7352
-7348
-7332
-7320
-7320
-7312
-7316
-7304
-7310
-7302
-7304
-7296
-7296
-7294
-7286
-7282
-7276
-7276
-7272
-7262
-7262
-7262
-7256
-7248
-7244
-7236
-7238
-7238
-7242
-7238
-7232
-7236
-7230
-7234
-7242
-7238
-7236
-7236
-7224
-7216
-7216
-7212
-7212
-7208
-7200
-7200
-7202
-7200
-7190
-7188
-7186
-7182
-7174
-7174
-7166
-7154
-7146
-7144
-7146
-7138
-7134
-7122
-7110
-7100
-7092
-7086
-7086
-7084
-7082
-7076
-7074
-7072
-7068
-7056
-7056
-7058
-7044
-7030
-7032
-7024
-7024
-7016
-7004
-7004
-7004
-7004
-6998
-6998
-6992
-6978
-6976
-6968
-6964
-6958
-6958
-6954
-6948
-6950
-6944
-6934
-6934
-6934
-6924
-6914
-6904
-6904
-6898
-6894
-6890
-6894
-6894
-6892
-6892
-6892
-6888
-6880
-6880
-6870
-6868
-6868
-6868
-6866
-6864
-6860
-6848
-6842
-6842
-6838
-6842
-6836
-6832
-6820
-6820
-6812
-6818
-6814
-6810
-6802
-6806
-6806
-6806
-6798
-6788
-6782
-6790
-6788
-6792
-6802
-6796
-6792
-6792
-6790
-6788
-6782
-6774
-6774
-6778
-6780
-6774
-6770
-6760
-6756
-6752
-6748
-6748
-6744
-6740
-6740
-6740
-6736
-6738
-6724
-6724
-6716
-6708
-6708
-6700
-6700
-6702
-6698
-6680
-6668
-6646
-6640
-6628
-6624
-6624
-6628
-6626
-6612
-6604
-6598
-6592
-6590
-6588
-6588
-6582
-6582
-6576
-6574
-6572
-6580
-6580
-6580
-6570
-6576
-6568
-6562
-6554
-6556
-6540
-6540
-6540
-6540
-6530
-6530
-6526
-6528
-6522
-6522
-6514
-6502
-6496
-6484
-6474
-6460
-6466
-6464
-6454
-6446
-6436
-6432
-6430
-6426
-6416
-6418
-6422
-6422
-6414
-6412
-6412
-6410
-6406
-6408
-6402
-6390
-6390
-6378
-6388
-6386
-6386
-6384
-6384
-6384
-6380
-6376
-6364
-6356
-6344
-6344
-6334
-6328
-6328
-6332
-6330
-6330
-6318
-6318
-6312
-6296
-6296
-6296
-6280
-6278
-6284
-6276
-6280
-6284
-6278
-6268
-6264
-6262
-6260
-6256
-6246
-6240
-6242
-6242
-6244
-6236
-6222
-6222
-6228
-6236
-6226
-6224
-6226
-6226
-6226
-6228
-6220
-6214
-6204
-6200
-6204
-6204
-6204
-6194
-6194
-6196
-6196
-6188
-6186
-6180
-6178
-6178
-6182
-6176
-6168
-6154
-6142
-6142
-6146
-6138
-6138
-6142
-6134
-6126
-6120
-6120
-6122
-6114
-6108
-6106
-6102
-6106
-6104
-6102
-6100
-6100
-6092
-6092
-6090
-6092
-6094
-6094
-6094
-6102
-6102
-6102
-6096
-6090
-6092
-6078
-6074
-6074
-6080
-6082
-6082
-6074
-6074
-6066
-6060
-6058
-6054
-6042
-6042
-6032
-6032
-6032
-6030
-6032
-6030
-6026
-6026
-6018
-6010
-6012
-6014
-6014
-6014
-6010
-6004
-6012
-6012
-6008
-6004
-6004
-6008
-6012
-6006
-6004
-6004
-6000
-5990
-5986
-5998
-5996
-5998
-5988
-5978
-5980
-5980
-5974
-5966
-5966
-5956
-5944
-5936
-5930
-5932
-5924
-5918
-5920
-5916
-5920
-5922
-5916
-5908
-5906
-5896
-5898
-5900
-5898
-5888
-5890
-5890
-5882
-5882
-5874
-5866
-5862
-5852
-5848
-5836
-5836
-5836
-5834
-5836
-5836
-5828
-5828
-5832
-5828
-5824
-5820
-5820
-5820
-5814
-5810
-5808
-5806
-5808
-5806
-5798
-5798
-5786
-5786
-5786
-5786
-5786
-5788
-5788
-5788
-5786
-5774
-5764
-5764
-5764
-5762
-5760
-5758
-5752
-5752
-5748
-5748
-5740
-5744
-5744
-5732
-5722
-5730
-5726
-5714
-5700
-5706
-5698
-5698
-5694
-5690
-5690
-5696
-5684
-5674
-5672
-5672
-5684
-5686
-5686
-5674
-5672
-5666
-5664
-5652
-5648
-5644
-5640
-5632
-5634
-5628
-5620
-5622
-5632
-5634
-5622
-5622
-5624
-5620
-5618
-5618
-5614
-5614
-5612
-5606
-5602
-5600
-5600
-5592
-5588
-5578
-5576
-5558
-5550
-5542
-5542
-5532
-5524
-5514
-5514
-5514
-5508
-5504
-5492
-5492
-5492
-5484
-5484
-5486
-5486
-5486
-5486
-5486
-5478
-5478
-5470
-5464
-5462
-5462
-5454
-5454
-5444
-5444
-5444
-5440
-5446
-5434
-5434
-5434
-5426
-5416
-5414
-5412
-5416
-5416
-5416
-5402
-5402
-5396
-5396
-5398
-5396
-5396
-5396
-5398
-5396
-5392
-5394
-5392
-5392
-5386
-5386
-5382
-5374
-5376
-5370
-5370
-5364
-5370
-5358
-5348
-5350
-5346
-5346
-5342
-5338
-5336
-5334
-5336
-5322
-5322
-5316
-5316
-5316
-5302
-5292
-5282
-5282
-5286
-5286
-5282
-5286
-5286
-5288
-5276
-5268
-5268
-5262
-5266
-5256
-5248
-5234
-5228
-5238
-5232
-5224
-5218
-5214
-5206
-5196
-5190
-5194
-5190
-5194
-5192
-5178
-5178
-5180
-5180
-5182
-5176
-5164
-5162
-5162
-5162
-5158
-5146
-5146
-5140
-5140
-5140
-5140
-5140
-5130
-5138
-5142
-5134
-5130
-5130
-5124
-5122
-5116
-5110
-5112
-5110
-5098
-5096
-5092
-5092
-5092
-5086
-5098
-5100
-5100
-5094
-5090
-5086
-5076
-5070
-5070
-5060
-5052
-5042
-5042
-5042
-5042
-5036
-5034
-5030
-5018
-5006
-4992
-4994
-4988
-4984
-4988
-4986
-4994
-5002
-5016
-5020
-5020
-5018
-5012
-5008
-5008
-5000
-4994
-4988
-4988
-4988
-4978
-4974
-4968
-4966
-4966
-4956
-4950
-4956
-4956
-4948
-4942
-4942
-4936
-4936
-4936
-4926
-4928
-4916
-4910
-4916
-4904
-4898
-4898
-4898
-4886
-4886
-4884
-4874
-4878
-4870
-4870
-4866
-4874
-4874
-4864
-4864
-4854
-4852
-4852
-4850
-4840
-4832
-4816
-4812
-4812
-4808
-4802
-4802
-4802
-4796
-4786
-4786
-4786
-4788
-4782
-4786
-4776
-4768
-4774
-4774
-4774
-4772
-4780
-4780
-4772
-4778
-4768
-4756
-4742
-4740
-4732
-4722
-4722
-4718
-4710
-4704
-4704
-4704
-4702
-4686
-4676
-4672
-4672
-4664
-4654
-4654
-4646
-4640
-4636
-4624
-4624
-4620
-4608
-4602
-4594
-4596
-4596
-4596
-4586
-4584
-4576
-4576
-4580
-4578
-4584
-4578
-4566
-4570
-4566
-4566
-4566
-4566
-4560
-4560
-4554
-4554
-4548
-4550
-4550
-4538
-4532
-4518
-4506
-4500
-4490
-4488
-4484
-4480
-4472
-4468
-4462
-4452
-4454
-4452
-4448
-4448
-4450
-4446
-4450
-4450
-4460
-4456
-4450
-4438
-4438
-4444
-4434
-4432
-4426
-4428
-4418
-4414
-4406
-4406
-4400
-4400
-4400
-4408
-4408
-4410
-4400
-4400
-4392
-4392
-4384
-4388
-4378
-4378
-4382
-4376
-4370
-4372
-4368
-4360
-4356
-4358
-4356
-4350
-4354
-4350
-4352
-4352
-4352
-4350
-4352
-4356
-4354
-4342
-4342
-4342
-4330
-4324
-4332
-4316
-4316
-4310
-4306
-4306
-4300
-4294
-4298
-4300
-4300
-4300
-4294
-4286
-4286
-4292
-4292
-4282
-4288
-4294
-4298
-4298
-4296
-4294
-4296
-4296
-4298
-4296
-4300
-4304
-4298
-4294
-4294
-4298
-4302
-4292
-4292
-4288
-4278
-4272
-4268
-4268
-4268
-4274
-4278
-4272
-4280
-4276
-4272
-4264
-4260
-4262
-4266
-4270
-4270
-4268
-4256
-4254
-4256
-4254
-4254
-4246
-4248
-4250
-4250
-4244
-4244
-4240
-4230
-4234
-4230
-4236
-4230
-4218
-4218
-4216
-4208
-4208
-4198
-4196
-4196
-4190
-4188
-4194
-4190
-4176
-4176
-4176
-4178
-4172
-4170
-4170
-4162
-4164
-4158
-4158
-4158
-4164
-4160
-4160
-4160
-4154
-4148
-4146
-4148
-4142
-4146
-4146
-4140
-4128
-4122
-4132
-4128
-4134
-4132
-4128
-4136
-4130
-4132
-4132
-4132
-4146
-4146
-4146
-4146
-4144
-4142
-4138
-4138
-4132
-4132
-4132
-4130
-4132
-4128
-4118
-4118
-4118
-4102
-4094
-4094
-4088
-4088
-4090
-4090
-4090
-4088
-4086
-4090
-4092
-4086
-4096
-4082
-4078
-4074
-4076
-4076
-4068
-4080
-4068
-4078
-4076
-4072
-4072
-4074
-4066
-4066
-4064
-4064
-4064
-4050
-4040
-4032
-4026
-4018
-4022
-4024
-4012
-4000
-4000
-4000
-4000
-4000
-3996
-3994
-3992
-3986
-3986
-3984
-3984
-3972
-3962
-3948
-3948
-3950
-3950
-3950
-3938
-3938
-3946
-3952
-3952
-3952
-3952
-3956
-3946
-3954
-3960
-3958
-3966
-3960
-3960
-3954
-3954
-3954
-3946
-3944
-3944
-3944
-3930
-3930
-3928
-3926
-3916
-3920
-3916
-3912
-3904
-3914
-3900
-3898
-3898
-3896
-3896
-3898
-3898
-3884
-3882
-3884
-3878
-3878
-3872
-3860
-3860
-3864
-3858
-3842
-3836
-3834
-3834
-3830
-3830
-3830
-3832
-3832
-3830
-3824
-3824
-3820
-3820
-3812
-3812
-3808
-3808
-3802
-3802
-3810
-3802
-3806
-3802
-3804
-3796
-3784
-3776
-3778
-3764
-3760
-3758
-3762
-3754
-3738
-3734
-3724
-3732
-3732
-3724
-3720
-3724
-3722
-3722
-3720
-3714
-3714
-3712
-3720
-3716
-3712
-3712
-3708
-3698
-3692
-3692
-3690
-3680
-3668
-3668
-3674
-3670
-3656
-3652
-3652
-3644
-3638
-3638
-3628
-3618
-3606
-3598
-3600
-3600
-3604
-3606
-3608
-3606
-3608
-3610
-3612
-3610
-3610
-3606
-3610
-3604
-3612
-3610
-3610
-3608
-3608
-3602
-3602
-3598
-3606
-3600
-3596
-3596
-3598
-3598
-3598
-3602
-3600
-3606
-3606
-3610
-3610
-3610
-3610
-3610
-3606
-3606
-3606
-3598
-3598
-3594
-3592
-3592
-3580
-3570
-3564
-3564
-3566
-3556
-3546
-3542
-3544
-3538
-3544
-3540
-3538
-3538
-3538
-3536
-3532
-3526
-3526
-3528
-3524
-3522
-3522
-3530
-3524
-3522
-3530
-3530
-3530
-3528
-3528
-3526
-3516
-3500
-3486
-3476
-3478
-3474
-3468
-3464
-3458
-3452
-3452
-3450
-3444
-3434
-3426
-3422
-3414
-3412
-3412
-3408
-3410
-3404
-3404
-3398
-3400
-3390
-3390
-3378
-3374
-3364
-3368
-3360
-3358
-3358
-3356
-3350
-3338
-3326
-3324
-3312
-3306
-3306
-3302
-3294
-3284
-3292
-3288
-3288
-3292
-3292
-3286
-3282
-3280
-3274
-3278
-3270
-3268
-3268
-3276
-3268
-3284
-3274
-3264
-3254
-3254
-3248
-3250
-3252
-3250
-3246
-3250
-3242
-3242
-3242
-3242
-3242
-3238
-3238
-3232
-3220
-3214
-3210
-3206
-3206
-3206
-3204
-3206
-3212
-3210
-3210
-3210
-3214
-3218
-3216
-3216
-3212
-3212
-3202
-3200
-3200
-3198
-3190
-3190
-3190
-3190
-3184
-3184
-3188
-3182
-3180
-3164
-3166
-3156
-3148
-3154
-3154
-3148
-3150
-3150
-3144
-3142
-3136
-3130
-3130
-3122
-3116
-3112
-3122
-3122
-3110
-3102
-3102
-3102
-3094
-3090
-3090
-3090
-3080
-3078
-3080
-3080
-3070
-3068
-3076
-3068
-3054
-3046
-3038
-3042
-3046
-3042
-3038
-3034
-3034
-3026
-3016
-3010
-3010
-3010
-3010
-3000
-2990
-2980
-2966
-2968
-2960
-2958
-2946
-2958
-2958
-2944
-2944
-2942
-2944
-2946
-2946
-2946
-2946
-2946
-2946
-2936
-2924
-2930
-2926
-2928
-2924
-2914
-2912
-2912
-2902
-2900
-2900
-2894
-2888
-2888
-2888
-2884
-2876
-2872
-2866
-2858
-2850
-2852
-2842
-2834
-2834
-2834
-2826
-2826
-2822
-2824
-2822
-2818
-2812
-2812
-2812
-2808
-2818
-2818
-2824
-2824
-2824
-2816
-2816
-2812
-2808
-2814
-2816
-2812
-2806
-2800
-2808
-2802
-2790
-2782
-2782
-2784
-2784
-2790
-2792
-2790
-2786
-2786
-2780
-2776
-2776
-2774
-2774
-2768
-2766
-2754
-2756
-2766
-2768
-2768
-2766
-2762
-2756
-2754
-2752
-2744
-2750
-2748
-2748
-2736
-2724
-2712
-2714
-2712
-2714
-2710
-2700
-2702
-2700
-2700
-2706
-2706
-2706
-2700
-2706
-2702
-2700
-2710
-2708
-2708
-2708
-2698
-2698
-2692
-2686
-2686
-2682
-2666
-2660
-2648
-2646
-2652
-2646
-2640
-2640
-2636
-2634
-2634
-2632
-2628
-2628
-2628
-2626
-2624
-2624
-2618
-2610
-2608
-2602
-2598
-2594
-2600
-2596
-2588
-2574
-2576
-2574
-2568
-2566
-2566
-2566
-2560
-2562
-2560
-2552
-2548
-2542
-2540
-2546
-2552
-2546
-2540
-2538
-2532
-2526
-2520
-2516
-2520
-2520
-2524
-2520
-2508
-2502
-2500
-2500
-2506
-2506
-2504
-2502
-2494
-2494
-2504
-2514
-2514
-2514
-2506
-2508
-2512
-2510
-2510
-2506
-2498
-2486
-2484
-2474
-2474
-2468
-2458
-2460
-2460
-2460
-2470
-2466
-2466
-2454
-2448
-2450
-2448
-2448
-2448
-2446
-2444
-2440
-2440
-2428
-2428
-2424
-2418
-2418
-2418
-2410
-2420
-2428
-2428
-2428
-2426
-2434
-2434
-2428
-2426
-2416
-2422
-2420
-2404
-2398
-2392
-2392
-2390
-2390
-2394
-2394
-2384
-2382
-2386
-2382
-2378
-2382
-2382
-2390
-2390
-2384
-2376
-2374
-2368
-2360
-2352
-2364
-2356
-2350
-2344
-2336
-2326
-2324
-2328
-2328
-2316
-2318
-2318
-2318
-2318
-2328
-2328
-2334
-2338
-2344
-2352
-2348
-2354
-2354
-2352
-2342
-2342
-2334
-2338
-2342
-2342
-2340
-2336
-2336
-2338
-2334
-2336
-2344
-2338
-2344
-2338
-2340
-2336
-2340
-2336
-2340
-2342
-2342
-2334
-2328
-2322
-2312
-2312
-2318
-2318
-2308
-2304
-2306
-2316
-2324
-2330
-2330
-2330
-2324
-2316
-2314
-2306
-2302
-2298
-2300
-2306
-2304
-2306
-2302
-2304
-2302
-2306
-2308
-2308
-2294
-2294
-2288
-2288
-2290
-2284
-2282
-2290
-2290
-2296
-2298
-2294
-2294
-2290
-2280
-2282
-2282
-2286
-2292
-2292
-2290
-2288
-2290
-2284
-2282
-2286
-2294
-2290
-2280
-2286
-2280
-2276
-2284
-2278
-2278
-2274
-2274
-2264
-2258
-2250
-2238
-2240
-2240
-2238
-2238
-2240
-2240
-2244
-2244
-2236
-2234
-2242
-2232
-2222
-2228
-2230
-2226
-2230
-2236
-2228
-2224
-2228
-2228
-2238
-2242
-2236
-2238
-2238
-2232
-2234
-2234
-2234
-2234
-2228
-2228
-2228
-2224
-2216
-2212
-2212
-2218
-2204
-2198
-2186
-2176
-2176
-2178
-2180
-2174
-2174
-2166
-2180
-2182
-2182
-2178
-2176
-2176
-2170
-2170
-2172
-2172
-2164
-2152
-2156
-2158
-2158
-2154
-2146
-2144
-2140
-2138
-2146
-2142
-2140
-2136
-2136
-2126
-2124
-2124
-2124
-2124
-2124
-2124
-2120
-2120
-2116
-2116
-2116
-2110
-2110
-2110
-2118
-2124
-2124
-2112
-2104
-2104
-2096
-2092
-2102
-2102
-2100
-2098
-2098
-2090
-2084
-2088
-2092
-2090
-2088
-2092
-2086
-2086
-2078
-2092
-2090
-2088
-2084
-2086
-2080
-2080
-2080
-2078
-2070
-2070
-2072
-2068
-2068
-2058
-2070
-2070
-2064
-2062
-2062
-2062
-2058
-2060
-2060
-2060
-2060
-2062
-2060
-2060
-2054
-2048
-2042
-2030
-2030
-2030
-2030
-2028
-2028
-2030
-2028
-2030
-2030
-2030
-2030
-2028
-2028
-2032
-2032
-2032
-2042
-2042
-2040
-2040
-2044
-2048
-2048
-2044
-2048
-2040
-2048
-2048
-2040
-2040
-2030
-2030
-2026
-2038
-2032
-2030
-2044
-2034
-2036
-2032
-2032
-2038
-2026
-2026
-2032
-2020
-2016
-2016
-2024
-2016
-2014
-2014
-2010
-2010
-2004
-2004
-2004
-2002
-2002
-1998
-1994
-1994
-1998
-1992
-1992
-1994
-1990
-1996
-1990
-1986
-1984
-1974
-1962
-1966
-1964
-1966
-1960
-1954
-1958
-1948
-1940
-1944
-1944
-1928
-1922
-1908
-1914
-1908
-1906
-1906
-1906
-1906
-1908
-1914
-1910
-1902
-1892
-1892
-1892
-1894
-1888
-1888
-1882
-1888
-1888
-1880
-1886
-1882
-1872
-1874
-1868
-1870
-1878
-1878
-1878
-1878
-1876
-1870
-1870
-1876
-1878
-1880
-1886
-1890
-1894
-1898
-1896
-1898
-1894
-1892
-1896
-1890
-1892
-1890
-1894
-1888
-1884
-1876
-1870
-1874
-1876
-1882
-1880
-1882
-1886
-1886
-1886
-1876
-1876
-1876
-1878
-1878
-1878
-1878
-1880
-1880
-1880
-1866
-1866
-1866
-1866
-1856
-1860
-1846
-1846
-1842
-1834
-1834
-1834
-1830
-1826
-1816
-1816
-1812
-1812
-1812
-1814
-1814
-1816
-1802
-1802
-1796
-1800
-1798
-1796
-1788
-1790
-1790
-1794
-1782
-1782
-1774
-1772
-1766
-1764
-1764
-1764
-1766
-1764
-1754
-1752
-1752
-1754
-1754
-1752
-1746
-1750
-1742
-1738
-1742
-1738
-1734
-1732
-1738
-1734
-1734
-1724
-1724
-1722
-1722
-1720
-1718
-1732
-1732
-1724
-1724
-1730
-1738
-1738
-1736
-1736
-1740
-1742
-1736
-1742
-1754
-1760
-1760
-1760
-1758
-1758
-1750
-1738
-1738
-1740
-1742
-1746
-1738
-1738
-1744
-1744
-1736
-1732
-1732
-1730
-1730
-1730
-1728
-1730
-1718
-1714
-1714
-1714
-1714
-1704
-1704
-1704
-1704
-1704
-1696
-1694
-1692
-1694
-1696
-1696
-1694
-1694
-1696
-1702
-1696
-1690
-1684
-1680
-1690
-1690
-1688
-1690
-1688
-1692
-1690
-1690
-1688
-1692
-1692
-1698
-1696
-1696
-1696
-1690
-1692
-1692
-1682
-1690
-1684
-1678
-1674
-1674
-1674
-1674
-1674
-1670
-1672
-1684
-1682
-1672
-1672
-1674
-1674
-1676
-1680
-1678
-1676
-1674
-1668
-1668
-1670
-1670
-1660
-1656
-1654
-1662
-1668
-1676
-1668
-1662
-1664
-1658
-1658
-1666
-1664
-1662
-1652
-1652
-1658
-1648
-1652
-1644
-1646
-1646
-1648
-1644
-1648
-1646
-1646
-1646
-1638
-1642
-1642
-1634
-1632
-1636
-1632
-1634
-1638
-1630
-1622
-1628
-1628
-1626
-1616
-1622
-1618
-1624
-1620
-1626
-1626
-1620
-1620
-1626
-1622
-1622
-1622
-1622
-1626
-1630
-1632
-1622
-1622
-1620
-1616
-1626
-1626
-1622
-1622
-1622
-1622
-1622
-1622
-1628
-1634
-1634
-1638
-1638
-1646
-1632
-1634
-1630
-1630
-1630
-1624
-1624
-1624
-1628
-1630
-1634
-1638
-1636
-1636
-1642
-1638
-1634
-1634
-1626
-1624
-1622
-1624
-1624
-1620
-1620
-1618
-1618
-1618
-1618
-1618
-1608
-1608
-1596
-1584
-1578
-1572
-1572
-1572
-1570
-1574
-1572
-1576
-1576
-1574
-1584
-1576
-1564
-1570
-1570
-1564
-1562
-1566
-1562
-1574
-1576
-1580
-1594
-1594
-1598
-1588
-1588
-1586
-1586
-1590
-1592
-1596
-1590
-1592
-1594
-1596
-1596
-1588
-1598
-1606
-1594
-1586
-1588
-1588
-1578
-1586
-1580
-1580
-1584
-1570
-1574
-1576
-1576
-1564
-1552
-1548
-1548
-1548
-1554
-1550
-1550
-1548
-1544
-1536
-1524
-1524
-1514
-1510
-1516
-1506
-1510
-1510
-1510
-1512
-1512
-1512
-1516
-1512
-1514
-1504
-1502
-1508
-1510
-1498
-1494
-1488
-1492
-1488
-1488
-1490
-1488
-1488
-1482
-1472
-1474
-1470
-1468
-1468
-1468
-1468
-1460
-1460
-1464
-1464
-1472
-1474
-1470
-1468
-1468
-1468
-1468
-1458
-1444
-1436
-1444
-1444
-1444
-1444
-1440
-1438
-1440
-1440
-1446
-1446
-1446
-1434
-1428
-1432
-1434
-1434
-1436
-1430
-1430
-1428
-1432
-1428
-1426
-1428
-1428
-1426
-1418
-1422
-1422
-1420
-1420
-1416
-1414
-1420
-1426
-1428
-1434
-1424
-1432
-1434
-1424
-1424
-1418
-1418
-1422
-1428
-1428
-1426
-1428
-1430
-1432
-1420
-1420
-1416
-1404
-1400
-1392
-1392
-1392
-1392
-1400
-1400
-1400
-1402
-1400
-1398
-1398
-1402
-1390
-1394
-1396
-1394
-1396
-1400
-1402
-1406
-1402
-1400
-1400
-1404
-1400
-1392
-1390
-1390
-1392
-1386
-1388
-1394
-1394
-1400
-1384
-1384
-1386
-1386
-1382
-1386
-1382
-1374
-1374
-1368
-1362
-1368
-1368
-1368
-1366
-1374
-1374
-1374
-1374
-1368
-1376
-1376
-1378
-1380
-1380
-1384
-1386
-1386
-1388
-1392
-1384
-1382
-1380
-1380
-1380
-1374
-1374
-1382
-1392
-1398
-1392
-1394
-1400
-1400
-1392
-1388
-1382
-1380
-1378
-1378
-1384
-1380
-1376
-1376
-1376
-1366
-1362
-1354
-1350
-1350
-1356
-1364
-1352
-1356
-1354
-1346
-1348
-1348
-1348
-1348
-1352
-1352
-1366
-1360
-1356
-1344
-1342
-1344
-1346
-1348
-1338
-1340
-1340
-1338
-1344
-1348
-1344
-1336
-1334
-1334
-1338
-1338
-1336
-1336
-1336
-1342
-1342
-1346
-1352
-1352
-1348
-1348
-1348
-1348
-1346
-1350
-1346
-1344
-1336
-1340
-1334
-1334
-1328
-1312
-1314
-1304
-1294
-1290
-1280
-1276
-1266
-1266
-1266
-1266
-1262
-1262
-1262
-1260
-1264
-1270
-1272
-1264
-1268
-1272
-1264
-1260
-1262
-1262
-1254
-1244
-1244
-1244
-1244
-1238
-1238
-1236
-1236
-1236
-1232
-1230
-1230
-1224
-1214
-1214
-1212
-1212
-1216
-1210
-1206
-1204
-1204
-1204
-1204
-1204
-1196
-1196
-1186
-1182
-1188
-1182
-1168
-1164
-1168
-1170
-1170
-1170
-1170
-1174
-1170
-1174
-1172
-1166
-1158
-1152
-1152
-1150
-1150
-1150
-1152
-1148
-1148
-1150
-1150
-1148
-1148
-1146
-1146
-1160
-1160
-1160
-1164
-1158
-1144
-1148
-1148
-1148
-1148
-1148
-1148
-1148
-1138
-1128
-1132
-1124
-1114
-1108
-1108
-1108
-1112
-1106
-1104
-1104
-1100
-1106
-1106
-1104
-1104
-1094
-1094
-1100
-1100
-1100
-1100
-1100
-1100
-1100
-1096
-1092
-1096
-1100
-1102
-1106
-1104
-1104
-1100
-1088
-1084
-1088
-1088
-1096
-1096
-1094
-1092
-1092
-1088
-1088
-1080
-1088
-1096
-1090
-1090
-1096
-1092
-1090
-1094
-1094
-1094
-1100
-1096
-1096
-1102
-1102
-1102
-1102
-1096
-1096
-1086
-1076
-1070
-1076
-1076
-1074
-1074
-1076
-1080
-1078
-1078
-1086
-1088
-1088
-1084
-1076
-1076
-1072
-1070
-1072
-1074
-1082
-1068
-1068
-1062
-1060
-1052
-1052
-1046
-1040
-1040
-1038
-1038
-1032
-1026
-1026
-1012
-1016
-1016
-1024
-1018
-1018
-1022
-1020
-1014
-1014
-1022
-1024
-1026
-1026
-1026
-1022
-1022
-1020
-1020
-1020
-1026
-1026
-1028
-1030
-1020
-1016
-1004
-1004
-1012
-1010
-1010
-1004
-1004
-1004
-1004
-1010
-1010
-1006
-1002
-1004
-1016
-1018
-1026
-1018
-1014
-1010
-1010
-1014
-1014
-1016
-1018
-1022
-1020
-1012
-1010
-1016
-1014
-1014
-1020
-1020
-1020
-1016
-1016
-1012
-1012
-1012
-1012
-1012
-1008
-1004
-1004
-1004
-1004
-1000
-1004
-1010
-1006
-1004
-1004
-1012
-1012
-1012
-1012
-1020
-1020
-1016
-1014
-1012
-1012
-1012
-1012
-1012
-1016
-1016
-1018
-1016
-1006
-1008
-1002
-1002
-994
-994
-992
-990
-982
-980
-996
-996
-996
-996
-990
-990
-986
-986
-982
-970
-970
-976
-974
-974
-978
-982
-980
-976
-980
-984
-984
-980
-974
-980
-980
-980
-980
-982
-978
-982
-978
-964
-964
-964
-962
-958
-958
-960
-960
-958
-954
-954
-952
-952
-942
-934
-934
-942
-938
-932
-930
-924
-926
-918
-922
-920
-918
-912
-910
-906
-914
-914
-910
-916
-930
-930
-934
-934
-928
-936
-936
-918
-918
-912
-904
-902
-900
-902
-910
-906
-902
-902
-894
-892
-894
-888
-888
-882
-896
-888
-878
-876
-876
-874
-870
-866
-866
-860
-860
-860
-852
-848
-840
-840
-830
-830
-818
-818
-824
-824
-820
-824
-824
-818
-818
-816
-816
-808
-796
-796
-784
-784
-782
-782
-786
-796
-796
-798
-798
-806
-808
-814
-814
-814
-822
-822
-812
-804
-806
-804
-804
-804
-804
-806
-800
-790
-790
-794
-794
-790
-786
-784
-772
-770
-768
-768
-766
-766
-752
-752
-754
-750
-754
-754
-750
-752
-752
-752
-744
-748
-752
-748
-742
-742
-752
-734
-728
-732
-728
-728
-726
-738
-748
-748
-748
-752
-756
-760
-762
-760
-758
-752
-746
-744
-734
-732
-728
-732
-732
-728
-732
-724
-730
-736
-734
-732
-728
-736
-736
-740
-740
-726
-734
-734
-734
-732
-732
-732
-730
-722
-720
-720
-722
-722
-716
-714
-706
-704
-708
-710
-710
-706
-706
-702
-704
-704
-696
-692
-694
-696
-696
-696
-698
-692
-688
-682
-682
-678
-682
-676
-680
-684
-682
-682
-682
-688
-692
-684
-684
-684
-682
-678
-682
-680
-682
-678
-676
-688
-682
-688
-692
-690
-690
-690
-686
-680
-674
-672
-666
-666
-666
-664
-656
-656
-654
-644
-644
-644
-648
-648
-650
-652
-652
-650
-650
-634
-630
-626
-626
-622
-618
-618
-602
-610
-620
-620
-616
-614
-622
-624
-618
-624
-614
-610
-610
-604
-604
-606
-608
-606
-608
-596
-600
-600
-600
-600
-610
-614
-616
-624
-632
-632
-632
-628
-612
-612
-612
-612
-610
-608
-612
-604
-608
-616
-618
-624
-632
-636
-642
-642
-656
-660
-660
-656
-650
-656
-656
-652
-650
-658
-648
-648
-644
-644
-644
-650
-654
-654
-654
-656
-654
-652
-652
-652
-652
-644
-644
-646
-644
-636
-636
-638
-638
-632
-634
-632
-634
-630
-634
-634
-638
-638
-642
-638
-624
-622
-626
-626
-626
-630
-638
-638
-638
-628
-634
-634
-628
-628
-628
-626
-622
-622
-620
-620
-620
-620
-622
-624
-624
-630
-630
-632
-624
-626
-620
-620
-622
-622
-622
-622
-616
-620
-622
-634
-636
-636
-648
-652
-654
-644
-644
-646
-658
-648
-642
-642
-648
-650
-648
-650
-648
-648
-648
-644
-636
-628
-618
-624
-624
-628
-624
-624
-640
-628
-626
-624
-624
-628
-626
-634
-634
-630
-634
-638
-634
-638
-640
-634
-638
-638
-630
-644
-648
-648
-642
-640
-636
-624
-620
-620
-612
-618
-618
-616
-606
-598
-608
-608
-620
-618
-626
-632
-632
-636
-640
-634
-630
-630
-630
-626
-632
-632
-632
-626
-634
-636
-636
-626
-632
-632
-630
-634
-646
-640
-642
-644
-648
-654
-654
-654
-654
-654
-648
-648
-646
-646
-644
-650
-658
-648
-656
-662
-662
-664
-654
-654
-656
-656
-656
-652
-652
-652
-652
-648
-644
-644
-642
-638
-650
-650
-654
-654
-652
-666
-660
-672
-674
-666
-668
-664
-666
-656
-650
-652
-644
-644
-648
-652
-656
-658
-662
-662
-654
-654
-658
-656
-656
-650
-644
-640
-638
-638
-642
-642
-648
-652
-644
-644
-638
-634
-628
-628
-618
-626
-626
-626
-630
-624
-628
-622
-620
-616
-618
-616
-614
-602
-598
-598
-596
-590
-588
-592
-578
-580
-582
-580
-570
-566
-558
-562
-552
-558
-552
-542
-534
-532
-532
-540
-548
-546
-540
-548
-552
-562
-564
-562
-558
-552
-554
-548
-546
-546
-542
-538
-536
-540
-540
-540
-540
-548
-554
-554
-556
-564
-564
-560
-558
-560
-554
-548
-552
-550
-550
-550
-540
-542
-534
-540
-546
-542
-544
-546
-540
-538
-540
-544
-538
-540
-534
-534
-534
-528
-520
-522
-520
-524
-528
-528
-528
-528
-528
-530
-538
-538
-538
-540
-540
-532
-524
-524
-526
-518
-514
-514
-514
-514
-522
-526
-534
-542
-528
-526
-524
-530
-534
-534
-536
-536
-544
-542
-538
-538
-542
-542
-532
-516
-520
-512
-506
-506
-506
-514
-510
-502
-506
-506
-510
-520
-520
-514
-514
-512
-512
-502
-508
-508
-510
-500
-504
-504
-504
-504
-498
-496
-502
-500
-494
-494
-494
-502
-510
-522
-516
-526
-524
-522
-522
-518
-518
-522
-522
-528
-528
-520
-512
-512
-516
-530
-530
-530
-536
-534
-540
-540
-536
-532
-528
-528
-528
-532
-532
-532
-534
-528
-540
-542
-532
-534
-532
-534
-538
-540
-544
-540
-532
-532
-532
-536
-534
-534
-540
-548
-544
-540
-538
-534
-542
-542
-534
-532
-530
-524
-524
-532
-536
-536
-542
-542
-534
-534
-532
-536
-534
-534
-530
-530
-530
-532
-530
-538
-536
-536
-536
-532
-526
-526
-528
-524
-524
-516
-514
-512
-506
-508
-502
-498
-496
-486
-484
-488
-488
-494
-494
-494
-498
-498
-498
-500
-496
-498
-496
-496
-486
-494
-494
-498
-488
-490
-480
-472
-460
-454
-450
-450
-460
-472
-472
-472
-468
-472
-476
-470
-472
-470
-474
-476
-476
-476
-480
-480
-476
-468
-464
-462
-462
-462
-460
-460
-460
-456
-460
-460
-458
-454
-446
-446
-450
-446
-442
-446
-440
-444
-438
-432
-432
-426
-428
-428
-418
-418
-418
-430
-430
-430
-430
-432
-432
-432
-442
-430
-426
-414
-414
-408
-414
-414
-414
-414
-414
-418
-416
-420
-408
-406
-404
-406
-406
-416
-416
-416
-420
-420
-416
-420
-430
-430
-424
-426
-430
-432
-432
-434
-436
-430
-420
-428
-424
-424
-420
-420
-414
-414
-408
-406
-396
-396
-398
-406
-412
-400
-400
-400
-394
-388
-388
-384
-384
-382
-384
-376
-368
-368
-362
-362
-364
-366
-364
-374
-370
-376
-360
-356
-358
-358
-358
-360
-358
-358
-352
-346
-340
-346
-346
-336
-344
-342
-348
-342
-334
-330
-330
-330
-330
-322
-322
-328
-326
-320
-316
-314
-314
-314
-320
-320
-320
-314
-320
-320
-320
-324
-332
-342
-340
-338
-334
-328
-328
-326
-330
-330
-330
-326
-326
-324
-312
-312
-326
-322
-318
-324
-324
-316
-316
-316
-316
-316
-310
-308
-300
-296
-296
-298
-298
-302
-302
-296
-296
-298
-308
-312
-314
-314
-322
-322
-322
-328
-332
-328
-328
-328
-320
-320
-314
-312
-308
-306
-306
-304
-310
-314
-314
-308
-312
-312
-308
-310
-310
-310
-310
-304
-306
-318
-316
-328
-330
-322
-314
-324
-326
-334
-328
-320
-318
-316
-314
-298
-292
-278
-278
-276
-276
-274
-274
-268
-268
-276
-274
-268
-268
-260
-260
-270
-276
-282
-276
-270
-270
-282
-292
-292
-298
-292
-292
-292
-292
-292
-300
-300
-298
-296
-296
-282
-282
-286
-282
-276
-274
-276
-282
-284
-284
-280
-280
-272
-272
-270
-274
-270
-270
-270
-262
-256
-266
-266
-254
-248
-236
-236
-238
-234
-234
-228
-224
-226
-220
-218
-224
-214
-214
-214
-224
-222
-222
-222
-218
-226
-230
-228
-224
-224
-228
-224
-230
-238
-238
-238
-236
-234
-236
-222
-228
-228
-228
-234
-234
-238
-234
-240
-248
-250
-250
-246
-242
-248
-248
-248
-248
-260
-258
-268
-270
-270
-256
-254
-254
-252
-244
-242
-236
-248
-250
-250
-258
-258
-264
-264
-272
-280
-282
-282
-286
-288
-284
-288
-298
-298
-298
-298
-294
-294
-298
-292
-298
-302
-300
-298
-304
-302
-300
-302
-302
-306
-306
-310
-312
-312
-310
-310
-310
-312
-312
-316
-320
-314
-322
-326
-334
-334
-320
-320
-324
-326
-332
-334
-328
-334
-330
-324
-318
-318
-314
-312
-320
-314
-314
-318
-322
-312
-310
-304
-304
-302
-298
-288
-280
-282
-292
-284
-284
-284
-286
-282
-268
-268
-268
-266
-264
-262
-246
-248
-248
-248
-250
-240
-240
-242
-242
-240
-240
-242
-238
-248
-250
-240
-240
-236
-234
-230
-220
-224
-224
-224
-222
-220
-214
-216
-212
-210
-208
-212
-212
-212
-212
-212
-212
-218
-218
-212
-212
-212
-204
-202
-202
-202
-202
-198
-198
-208
-208
-214
-212
-208
-216
-212
-204
-202
-200
-190
-178
-178
-168
-168
-156
-154
-148
-144
-154
-156
-158
-166
-168
-164
-164
-166
-174
-166
-162
-160
-160
-164
-170
-174
-172
-174
-168
-162
-162
-150
-150
-150
-146
-146
-146
-146
-144
-144
-146
-134
-134
-134
-142
-134
-124
-124
-128
-124
-124
-120
-128
-132
-144
-146
-146
-142
-152
-150
-150
-158
-158
-158
-154
-158
-162
-160
-156
-162
-162
-170
-168
-158
-152
-156
-150
-150
-148
-142
-144
-136
-128
-122
-128
-128
-122
-130
-130
-132
-130
-130
-128
-124
-120
-120
-114
-120
-126
-136
-136
-128
-128
-124
-124
-126
-126
-126
-112
-120
-120
-120
-114
-120
-128
-134
-128
-132
-132
-128
-128
-132
-124
-124
-124
-124
-122
-122
-112
-116
-116
-116
-112
-116
-116
-114
-114
-114
-116
-116
-124
-124
-130
-130
-132
-126
-124
-126
-126
-124
-116
-114
-116
-116
-116
-100
-100
-88
-90
-90
-84
-84
-84
-90
-90
-90
-84
-86
-86
-86
-86
-78
-70
-70
-70
-70
-60
-66
-62
-62
-70
-70
-70
-80
-80
-80
-88
-86
-80
-84
-84
-82
-78
-72
-72
-74
-80
-80
-74
-70
-74
-70
-72
-76
-76
-74
-76
-76
-74
-66
-72
-62
-62
-62
-70
-74
-72
-62
-58
-64
-64
-68
-60
-60
-60
-66
-68
-68
-70
-70
-70
-68
-72
-72
-72
-78
-82
-78
-78
-78
-84
-88
-86
-78
-84
-82
-72
-72
-78
-86
-86
-86
-84
-80
-88
-90
-86
-84
-86
-84
-82
-82
-82
-76
-76
-62
-62
-58
-56
-54
-50
-46
-56
-56
-56
-56
-58
-58
-60
-56
-58
-62
-58
-60
-70
-74
-74
-78
-78
-86
-90
-94
-94
-90
-84
-84
-82
-82
-82
-74
-72
-74
-74
-74
-78
-78
-68
-74
-84
-84
-88
-88
-92
-90
-90
-92
-90
-88
-90
-82
-82
-88
-74
-68
-64
-64
-66
-66
-70
-76
-76
-82
-84
-76
-78
-90
-94
-90
-90
-90
-82
-84
-90
-86
-78
-80
-80
-86
-80
-88
-88
-82
-82
-78
-72
-74
-66
-64
-62
-58
-58
-58
-60
-62
-72
-80
-86
-82
-68
-68
-68
-64
-64
-60
-60
-58
-52
-52
-52
-44
-40
-38
-42
-46
-44
-42
-36
-30
-30
-26
-24
-26
-32
-26
-20
-20
-16
-22
-18
-10
-14
-18
-22
-22
-22
-22
-22
-24
-28
-34
-32
-38
-40
-38
-50
-50
-44
-44
-44
-44
-52
-54
-56
-58
-56
-46
-48
-42
-40
-46
-38
-48
-56
-56
-60
-60
-54
-58
-56
-50
-46
-46
-48
-62
-62
-62
-62
-60
-64
-62
-70
-66
-66
-66
-60
-60
-58
-52
-58
-62
-66
-58
-58
-56
-54
-46
-50
-44
-46
-42
-42
-42
-34
-34
-30
-30
-28
-30
-32
-32
-34
-30
-30
-40
-50
-50
-54
-52
-46
-56
-56
-52
-46
-42
-38
-40
-34
-32
-36
-32
-20
-26
-22
-18
-12
-6
-4
-4
4
12
12
10
6
12
10
14
22
24
20
30
30
30
42
40
40
40
38
34
40
40
42
42
38
28
28
28
22
26
20
20
22
18
8
2
-2
-8
-16
-6
-6
-4
2
4
16
22
10
10
-2
-4
4
4
12
12
14
14
14
22
22
24
28
36
44
46
50
54
58
60
68
72
64
68
64
70
70
66
68
68
64
66
66
64
62
64
62
64
68
60
60
68
66
70
68
68
70
76
80
76
72
78
76
80
84
80
84
82
82
74
70
68
68
78
80
80
70
76
76
76
74
70
74
70
64
70
76
82
90
84
86
94
90
92
96
96
90
90
88
80
80
76
72
62
56
58
64
68
68
72
72
80
78
78
70
76
70
84
84
84
82
80
74
78
78
78
88
88
92
96
98
98
98
98
98
98
96
98
106
116
114
116
120
126
126
128
124
116
112
108
114
114
106
106
106
106
114
120
112
112
112
120
118
124
126
124
132
140
140
136
136
138
138
140
140
144
134
134
134
134
124
128
128
138
134
134
134
140
140
148
150
150
164
156
158
154
164
154
166
166
164
166
178
178
176
180
184
170
170
160
162
162
162
168
170
170
170
180
180
188
188
186
186
182
182
184
184
180
184
182
186
186
186
186
178
182
186
186
184
180
180
180
178
186
190
196
190
196
192
192
192
192
192
194
198
190
186
180
186
182
172
180
182
198
208
200
194
192
190
190
196
190
188
182
188
188
188
190
198
200
202
200
204
198
198
202
208
212
206
200
194
194
198
202
204
204
208
204
200
198
202
196
200
200
202
202
206
214
224
220
218
218
218
220
224
224
224
218
208
204
204
204
204
206
206
204
204
204
206
208
208
198
204
208
208
202
202
206
204
204
202
198
196
196
200
208
214
216
204
202
206
206
206
208
208
204
206
206
202
210
210
210
208
208
218
220
214
212
208
210
212
214
210
210
204
208
212
210
208
216
222
230
230
230
222
222
234
232
236
244
244
244
240
240
240
240
240
256
254
254
258
264
270
270
262
262
262
262
262
270
274
274
272
272
280
280
284
282
284
280
280
282
282
284
286
296
296
296
300
304
304
298
298
308
304
308
310
316
316
318
322
320
324
332
338
338
338
336
344
340
340
342
342
342
340
340
338
340
348
352
352
352
350
350
356
356
356
348
342
344
344
346
346
358
352
352
342
338
336
334
344
344
344
332
336
330
328
314
314
322
322
320
316
316
312
316
318
322
320
322
324
320
314
326
330
340
340
332
332
336
334
334
344
344
344
342
342
338
338
338
336
336
342
342
342
338
330
334
340
344
344
350
348
354
356
358
358
346
342
342
338
334
334
328
330
330
332
332
332
332
332
332
324
320
324
324
320
314
304
302
306
312
304
294
296
292
284
284
288
288
288
288
278
268
256
246
252
250
254
252
250
244
238
240
240
238
246
244
244
242
244
246
238
238
230
230
234
234
234
234
232
238
238
240
240
240
242
252
254
258
270
270
274
272
272
272
276
276
272
262
266
280
270
276
286
282
290
288
292
298
298
298
292
290
290
288
288
286
290
294
286
284
288
288
282
276
276
280
280
280
276
276
272
282
288
284
276
284
292
282
284
284
284
282
282
282
298
298
292
292
286
286
292
298
298
298
302
298
300
296
304
304
304
304
304
298
300
314
310
310
314
310
314
316
316
318
326
320
314
314
314
310
310
314
312
318
318
316
316
314
318
318
318
312
306
308
306
298
290
286
290
288
276
274
268
270
262
260
254
254
250
250
252
240
252
254
246
246
246
238
238
230
230
232
230
238
238
242
242
238
238
240
248
252
250
256
250
246
240
246
248
246
246
250
256
254
252
252
256
256
262
254
250
248
248
252
248
242
240
240
240
250
246
250
248
256
256
260
262
268
268
276
276
278
278
274
270
270
274
270
280
282
284
284
280
278
274
274
268
268
270
268
274
268
268
268
268
274
278
278
278
278
272
274
270
282
282
284
286
290
298
290
290
304
306
312
312
306
298
298
298
298
292
292
298
296
292
298
306
310
320
316
318
314
312
310
310
308
310
310
308
308
310
314
320
330
334
334
336
338
342
342
336
338
342
342
342
342
332
332
322
322
324
332
332
334
324
324
330
330
338
342
344
344
336
336
344
344
350
350
352
348
344
360
354
344
344
344
350
352
348
342
352
352
346
354
354
354
352
354
360
360
358
366
362
356
364
364
364
364
366
370
372
370
368
366
372
368
370
370
374
378
378
372
372
378
382
382
376
374
376
382
382
380
380
378
378
382
382
380
380
382
380
382
382
380
376
384
384
384
382
376
376
376
378
380
378
378
386
380
388
388
382
372
372
378
370
374
366
368
370
364
364
376
362
362
362
364
360
360
356
348
348
352
362
362
362
370
368
366
356
356
356
364
374
374
366
358
350
344
346
344
340
340
346
340
342
348
340
348
342
348
344
346
346
344
342
342
332
336
336
342
346
334
340
334
332
334
336
338
350
348
350
348
346
346
342
348
350
350
354
352
352
364
364
364
374
368
368
372
372
372
370
376
372
370
372
382
372
382
384
378
372
368
372
372
372
372
372
372
364
352
350
350
348
348
352
350
354
352
342
338
340
332
332
324
312
324
324
330
328
328
330
324
314
310
310
318
324
314
314
308
316
316
322
326
320
320
334
338
338
344
336
336
336
336
340
340
342
334
332
340
348
346
346
346
346
346
346
332
340
340
342
340
332
332
332
338
344
338
346
340
334
334
338
344
344
344
344
340
340
348
338
338
338
334
336
334
334
332
336
336
336
336
330
338
340
346
346
346
346
350
346
346
360
350
354
356
356
358
362
366
366
372
372
374
368
358
358
358
362
360
358
360
366
368
368
366
366
370
372
380
380
380
380
382
394
396
392
396
406
408
408
420
418
430
418
416
416
422
418
418
420
416
426
414
418
420
428
422
414
420
420
420
424
422
418
420
416
416
426
430
438
444
442
436
434
436
428
438
446
454
456
454
456
454
454
448
454
454
454
454
456
456
462
470
470
478
476
466
474
478
486
490
486
492
492
488
484
488
488
488
488
480
484
486
474
464
460
468
468
460
460
462
456
452
452
452
454
454
452
448
444
456
456
458
458
448
448
448
452
448
456
456
454
444
448
442
442
442
442
446
438
440
440
438
428
424
428
428
430
432
428
422
424
414
414
410
420
416
422
420
408
404
404
408
408
414
412
420
418
420
426
426
432
422
420
420
418
420
416
416
416
414
420
420
416
416
416
410
410
416
416
416
416
414
414
418
418
414
404
412
412
412
412
406
404
406
398
398
398
388
394
394
394
388
386
384
392
384
382
388
384
384
384
374
380
380
380
376
372
364
354
352
350
342
332
336
336
342
346
350
354
368
366
366
366
366
374
376
384
386
390
382
384
382
386
378
376
380
370
368
370
370
370
372
366
356
364
364
368
372
372
372
372
372
380
384
392
384
380
382
378
374
376
370
372
366
360
366
378
364
366
364
364
362
362
356
362
362
362
346
352
348
352
352
356
356
352
352
346
356
354
350
358
360
354
356
356
358
350
352
352
346
352
342
346
342
338
340
342
348
348
336
328
330
334
334
344
348
346
348
352
340
332
326
332
332
326
332
324
326
320
324
328
328
332
330
328
324
322
316
316
324
328
330
328
330
324
330
332
340
344
340
338
338
332
334
334
338
338
344
342
342
342
334
334
334
336
332
332
340
344
352
350
346
354
354
354
354
358
356
364
364
368
368
366
360
356
352
354
344
352
350
350
338
344
338
332
330
334
334
334
330
336
332
342
342
342
350
356
356
356
356
350
350
348
348
350
348
350
346
352
352
352
356
346
350
348
346
330
330
330
338
338
340
336
346
346
346
350
356
356
360
368
368
368
368
364
374
376
376
376
372
372
366
372
370
376
370
372
376
382
390
394
390
390
390
380
382
382
382
392
392
386
386
384
384
384
384
394
402
406
412
414
412
412
416
418
420
410
410
408
408
412
406
396
400
410
416
412
412
406
406
406
406
404
404
396
396
392
382
384
384
388
386
390
388
388
394
402
402
404
404
404
404
398
392
392
398
394
392
392
400
402
404
410
412
406
410
406
404
406
406
406
400
398
402
406
408
406
406
410
412
412
412
422
422
426
434
434
440
432
428
428
430
426
426
438
438
440
438
438
438
434
442
444
444
448
448
452
444
444
434
440
442
440
432
432
428
424
434
424
426
426
424
424
420
414
404
412
412
414
404
408
408
404
394
394
398
398
400
406
402
402
406
402
402
402
400
402
402
400
402
402
408
408
406
406
406
404
404
400
396
396
398
402
398
398
408
410
404
406
418
420
412
412
424
426
426
428
426
422
426
428
432
432
428
430
440
440
436
432
432
428
424
420
416
418
422
422
428
430
440
448
450
452
456
456
456
460
456
456
458
458
462
466
462
454
460
460
458
458
458
464
472
468
468
466
464
466
472
472
480
478
488
484
492
492
486
486
486
486
486
486
496
502
502
494
494
490
490
490
494
494
494
494
494
488
498
498
496
496
498
498
498
498
506
514
518
518
520
520
526
530
534
536
544
548
554
560
562
562
560
560
566
560
560
556
556
556
556
556
554
550
542
546
548
552
554
542
528
522
526
524
520
524
524
516
514
520
520
528
528
528
534
524
528
524
522
514
514
514
516
512
512
518
526
520
518
510
522
518
526
522
528
528
528
528
532
540
542
542
544
544
548
550
544
544
544
550
558
558
558
554
542
534
530
532
530
520
520
514
524
524
528
522
522
526
526
516
514
524
528
528
528
530
532
540
536
536
542
544
540
538
542
542
534
526
534
528
530
532
534
534
528
528
528
526
526
528
536
538
544
540
540
548
548
544
546
546
546
548
556
556
550
554
550
550
556
548
540
540
546
546
546
536
532
548
538
538
532
526
528
524
524
524
530
530
538
536
538
544
544
544
550
550
550
554
548
542
542
546
550
550
546
546
544
554
560
556
556
550
562
562
566
560
568
568
562
562
552
540
540
540
540
546
546
546
544
540
538
540
546
546
546
546
552
554
560
562
556
550
550
552
552
548
548
548
548
544
558
558
558
560
558
556
558
550
554
546
552
552
552
550
540
534
528
526
538
540
538
538
534
538
538
530
530
528
526
534
542
542
546
554
560
568
574
574
582
580
578
570
566
572
564
570
568
564
564
572
568
572
572
572
574
572
572
578
578
580
570
570
570
564
566
570
568
572
572
570
570
568
572
578
588
592
588
586
582
582
582
590
586
594
594
592
586
592
582
582
576
584
592
588
588
580
588
590
590
590
582
576
572
574
578
578
584
582
576
572
566
568
566
578
578
584
586
592
592
602
602
612
614
616
614
626
618
618
624
624
620
624
624
614
616
606
606
608
610
612
612
614
616
626
618
620
620
606
612
612
614
618
624
632
630
630
624
628
628
634
634
634
634
630
630
630
630
632
634
636
632
640
646
648
652
640
634
644
646
640
648
640
648
646
646
646
646
648
648
642
640
648
646
638
636
634
640
632
628
638
638
632
628
626
628
632
624
618
622
626
626
626
