-10468
-10462
-10458
-10454
-10446
-10450
-10452
-10446
-10436
-10432
-10426
-10416
-10406
-10406
-10396
-10388
-10382
-10366
-10360
-10348
-10342
-10334
-10330
-10326
-10312
-10302
-10296
-10296
-10284
-10270
-10258
-10258
-10256
-10242
-10228
-10216
-10210
-10208
-10202
-10192
-10184
-10182
-10174
-10164
-10156
-10150
-10140
-10128
-10124
-10114
-10108
-10108
-10106
-10092
-10090
-10082
-10076
-10066
-10062
-10058
-10058
-10054
-10054
-10050
-10050
-10040
-10036
-10026
-10024
-10010
-10002
-10000
-9998
-9992
-9986
-9984
-9980
-9980
-9966
-9954
-9948
-9946
-9940
-9932
-9924
-9920
-9916
-9910
-9900
-9892
-9888
-9882
-9876
-9860
-9854
-9842
-9834
-9832
-9838
-9840
-9826
-9816
-9816
-9818
-9816
-9816
-9810
-9812
-9800
-9790
-9788
-9786
-9780
-9768
-9762
-9756
-9742
-9734
-9720
-9710
-9706
-9692
-9688
-9684
-9684
-9672
-9664
-9654
-9648
-9646
-9638
-9632
-9632
-9628
-9630
-9618
-9612
-9602
-9594
-9582
-9572
-9564
-9560
-9550
-9548
-9538
-9532
-9528
-9524
-9526
-9514
-9508
-9498
-9494
-9486
-9476
-9468
-9460
-9458
-9448
-9446
-9444
-9432
-9426
-9410
-9402
-9398
-9392
-9386
-9374
-9374
-9370
-9368
-9362
-9352
-9344
-9340
-9332
-9328
-9324
-9316
-9314
-9310
-9296
-9286
-9278
-9266
-9262
-9254
-9246
-9242
-9236
-9234
-9230
-9228
-9220
-9212
-9212
-9210
-9200
-9196
-9194
-9184
-9170
-9166
-9158
-9152
-9146
-9138
-9132
-9124
-9120
-9116
-9114
-9108
-9102
-9092
-9082
-9078
-9066
-9062
-9048
-9044
-9044
-9050
-9046
-9040
-9034
-9030
-9018
-9008
-8998
-8994
-8988
-8992
-9000
-8996
-8984
-8972
-8962
-8954
-8952
-8942
-8936
-8924
-8922
-8920
-8914
-8908
-8896
-8892
-8894
-8886
-8874
-8868
-8860
-8852
-8844
-8838
-8828
-8816
-8812
-8798
-8790
-8784
-8784
-8780
-8774
-8770
-8756
-8752
-8750
-8738
-8732
-8728
-8722
-8716
-8716
-8702
-8702
-8694
-8680
-8674
-8678
-8670
-8658
-8650
-8648
-8638
-8634
-8620
-8610
-8600
-8592
-8586
-8586
-8572
-8568
-8560
-8550
-8538
-8526
-8518
-8506
-8502
-8496
-8492
-8486
-8480
-8466
-8462
-8458
-8448
-8440
-8436
-8420
-8416
-8416
-8412
-8406
-8400
-8392
-8388
-8390
-8386
-8380
-8372
-8370
-8360
-8350
-8346
-8334
-8328
-8328
-8326
-8326
-8326
-8316
-8316
-8312
-8302
-8292
-8282
-8280
-8278
-8270
-8262
-8252
-8248
-8246
-8244
-8242
-8238
-8236
-8228
-8228
-8218
-8218
-8214
-8212
-8208
-8206
-8194
-8194
-8194
-8184
-8180
-8172
-8162
-8154
-8144
-8146
-8140
-8134
-8132
-8128
-8126
-8118
-8110
-8110
-8106
-8096
-8090
-8084
-8074
-8074
-8078
-8086
-8086
-8082
-8074
-8070
-8070
-8068
-8062
-8058
-8052
-8050
-8052
-8040
-8040
-8038
-8040
-8034
-8024
-8020
-8010
-8010
-8006
-7990
-7982
-7972
-7968
-7976
-7966
-7958
-7960
-7954
-7946
-7942
-7936
-7934
-7928
-7924
-7916
-7918
-7918
-7920
-7914
-7906
-7898
-7890
-7888
-7880
-7870
-7870
-7860
-7854
-7848
-7848
-7838
-7826
-7816
-7806
-7798
-7788
-7788
-7778
-7774
-7762
-7754
-7754
-7754
-7750
-7734
-7742
-7728
-7736
-7728
-7722
-7720
-7716
-7704
-7706
-7702
-7704
-7710
-7708
-7700
-7694
-7682
-7670
-7662
-7662
-7652
-7648
-7638
-7626
-7616
-7612
-7608
-7604
-7600
-7592
-7582
-7578
-7574
-7572
-7574
-7568
-7562
-7562
-7570
-7556
-7548
-7550
-7538
-7528
-7512
-7504
-7500
-7492
-7484
-7470
-7468
-7468
-7458
-7448
-7444
-7434
-7432
-7424
-7422
-7422
-7412
-7408
-7396
-7392
-7380
-7388
-7386
-7380
-7368
-7362
-7364
-7364
-7358
-7352
-7356
-7352
-7344
-7342
-7338
-7328
-7326
-7310
-7308
-7304
-7294
-7290
-7292
-7286
-7282
-7264
-7272
-7262
-7262
-7258
-7248
-7242
-7230
-7220
-7204
-7202
-7190
-7180
-7170
-7162
-7150
-7140
-7136
-7130
-7120
-7120
-7116
-7108
-7110
-7104
-7096
-7082
-7076
-7062
-7052
-7048
-7046
-7048
-7034
-7030
-7026
-7024
-7020
-7014
-7008
-7002
-7006
-7006
-6996
-6988
-6988
-6986
-6974
-6964
-6966
-6960
-6960
-6950
-6950
-6956
-6946
-6944
-6944
-6938
-6924
-6910
-6908
-6904
-6908
-6896
-6892
-6890
-6884
-6882
-6880
-6882
-6874
-6870
-6858
-6856
-6850
-6848
-6844
-6844
-6844
-6836
-6830
-6830
-6834
-6842
-6842
-6832
-6840
-6832
-6830
-6832
-6820
-6816
-6808
-6800
-6798
-6788
-6796
-6790
-6788
-6784
-6778
-6776
-6778
-6772
-6770
-6772
-6766
-6764
-6756
-6750
-6750
-6750
-6742
-6744
-6754
-6756
-6756
-6756
-6758
-6748
-6736
-6730
-6716
-6708
-6702
-6690
-6680
-6676
-6670
-6664
-6648
-6648
-6646
-6646
-6648
-6650
-6652
-6646
-6638
-6630
-6620
-6614
-6610
-6610
-6614
-6604
-6598
-6592
-6588
-6582
-6582
-6574
-6574
-6564
-6556
-6552
-6554
-6548
-6546
-6544
-6544
-6538
-6542
-6546
-6546
-6546
-6546
-6548
-6536
-6522
-6518
-6522
-6516
-6518
-6510
-6498
-6496
-6496
-6492
-6494
-6486
-6474
-6472
-6462
-6454
-6450
-6444
-6438
-6426
-6426
-6410
-6410
-6408
-6400
-6396
-6400
-6388
-6386
-6378
-6382
-6368
-6362
-6362
-6364
-6354
-6354
-6354
-6358
-6362
-6362
-6364
-6356
-6356
-6356
-6354
-6342
-6334
-6330
-6318
-6314
-6318
-6318
-6316
-6312
-6306
-6298
-6298
-6298
-6288
-6286
-6284
-6280
-6268
-6270
-6266
-6258
-6262
-6258
-6248
-6236
-6236
-6234
-6226
-6216
-6210
-6204
-6200
-6200
-6192
-6190
-6184
-6178
-6166
-6158
-6158
-6158
-6154
-6142
-6140
-6126
-6124
-6114
-6118
-6106
-6098
-6092
-6088
-6080
-6074
-6074
-6068
-6070
-6066
-6056
-6044
-6040
-6042
-6030
-6028
-6028
-6020
-6018
-6024
-6018
-6006
-6000
-5996
-5990
-5990
-5990
-5990
-5982
-5978
-5964
-5956
-5952
-5954
-5946
-5938
-5936
-5932
-5926
-5928
-5934
-5932
-5920
-5908
-5908
-5910
-5910
-5910
-5908
-5900
-5898
-5892
-5892
-5882
-5884
-5880
-5880
-5870
-5858
-5852
-5848
-5846
-5836
-5836
-5828
-5830
-5830
-5826
-5830
-5830
-5826
-5820
-5814
-5800
-5806
-5798
-5796
-5792
-5782
-5770
-5762
-5762
-5762
-5762
-5762
-5760
-5756
-5750
-5752
-5748
-5750
-5744
-5738
-5732
-5730
-5726
-5716
-5714
-5710
-5698
-5690
-5686
-5686
-5682
-5676
-5676
-5678
-5674
-5670
-5660
-5656
-5650
-5648
-5640
-5624
-5628
-5622
-5616
-5604
-5594
-5590
-5590
-5594
-5582
-5570
-5568
-5572
-5564
-5558
-5558
-5548
-5542
-5546
-5546
-5540
-5532
-5526
-5520
-5520
-5514
-5514
-5510
-5504
-5504
-5498
-5488
-5486
-5478
-5474
-5474
-5474
-5462
-5458
-5450
-5440
-5436
-5424
-5420
-5410
-5404
-5410
-5404
-5402
-5396
-5386
-5378
-5370
-5364
-5368
-5366
-5366
-5364
-5366
-5358
-5352
-5346
-5342
-5342
-5340
-5330
-5324
-5316
-5308
-5304
-5290
-5288
-5290
-5286
-5278
-5276
-5268
-5256
-5246
-5242
-5242
-5238
-5246
-5242
-5248
-5244
-5240
-5228
-5220
-5216
-5218
-5214
-5212
-5200
-5196
-5194
-5194
-5196
-5188
-5184
-5188
-5184
-5180
-5178
-5178
-5176
-5176
-5168
-5160
-5158
-5148
-5138
-5138
-5136
-5144
-5146
-5140
-5132
-5122
-5118
-5114
-5108
-5102
-5096
-5088
-5086
-5090
-5082
-5086
-5082
-5080
-5082
-5080
-5084
-5088
-5094
-5090
-5088
-5084
-5074
-5066
-5058
-5060
-5054
-5044
-5040
-5034
-5038
-5036
-5036
-5026
-5026
-5016
-5004
-5004
-4996
-4992
-4992
-4990
-4986
-4982
-4980
-4964
-4956
-4960
-4968
-4962
-4958
-4944
-4928
-4924
-4922
-4920
-4922
-4918
-4916
-4902
-4906
-4904
-4894
-4896
-4890
-4882
-4868
-4858
-4854
-4860
-4850
-4858
-4852
-4856
-4850
-4852
-4842
-4844
-4838
-4834
-4842
-4832
-4820
-4820
-4826
-4828
-4822
-4824
-4818
-4808
-4804
-4802
-4802
-4788
-4780
-4772
-4762
-4768
-4766
-4772
-4770
-4772
-4762
-4750
-4746
-4742
-4740
-4740
-4738
-4734
-4722
-4714
-4718
-4706
-4700
-4696
-4694
-4700
-4700
-4704
-4712
-4716
-4708
-4702
-4706
-4706
-4702
-4694
-4698
-4696
-4696
-4690
-4694
-4690
-4688
-4680
-4678
-4674
-4672
-4672
-4660
-4662
-4656
-4658
-4650
-4650
-4652
-4652
-4646
-4650
-4644
-4646
-4644
-4638
-4630
-4636
-4630
-4628
-4628
-4630
-4632
-4634
-4630
-4620
-4608
-4614
-4614
-4612
-4616
-4612
-4608
-4600
-4600
-4596
-4588
-4576
-4576
-4570
-4558
-4558
-4550
-4546
-4546
-4548
-4550
-4546
-4544
-4532
-4526
-4520
-4516
-4504
-4504
-4502
-4508
-4508
-4504
-4506
-4504
-4508
-4506
-4502
-4498
-4502
-4496
-4492
-4486
-4484
-4488
-4492
-4484
-4482
-4488
-4488
-4498
-4496
-4486
-4480
-4472
-4470
-4468
-4466
-4456
-4452
-4446
-4448
-4448
-4446
-4448
-4444
-4438
-4444
-4442
-4442
-4438
-4436
-4432
-4424
-4422
-4414
-4414
-4404
-4406
-4410
-4406
-4410
-4406
-4406
-4398
-4390
-4392
-4394
-4388
-4380
-4368
-4370
-4368
-4366
-4370
-4362
-4362
-4358
-4360
-4360
-4364
-4366
-4360
-4348
-4354
-4348
-4346
-4352
-4346
-4336
-4334
-4326
-4320
-4324
-4316
-4314
-4316
-4306
-4308
-4296
-4296
-4288
-4288
-4288
-4300
-4300
-4304
-4306
-4304
-4304
-4298
-4298
-4298
-4302
-4298
-4292
-4290
-4286
-4282
-4280
-4274
-4266
-4272
-4270
-4282
-4278
-4274
-4274
-4270
-4270
-4270
-4266
-4258
-4256
-4252
-4250
-4262
-4260
-4256
-4256
-4260
-4260
-4260
-4254
-4254
-4252
-4240
-4238
-4234
-4226
-4220
-4208
-4200
-4202
-4194
-4186
-4176
-4168
-4170
-4172
-4164
-4164
-4156
-4156
-4144
-4130
-4126
-4124
-4118
-4114
-4114
-4116
-4114
-4110
-4110
-4106
-4100
-4100
-4090
-4084
-4084
-4078
-4074
-4072
-4070
-4068
-4064
-4064
-4056
-4050
-4038
-4040
-4034
-4032
-4024
-4022
-4018
-4020
-4018
-4014
-4006
-3996
-4002
-3998
-3996
-3986
-3984
-3980
-3972
-3972
-3978
-3970
-3970
-3964
-3964
-3968
-3966
-3970
-3966
-3956
-3960
-3956
-3958
-3956
-3952
-3948
-3948
-3950
-3940
-3936
-3928
-3932
-3946
-3942
-3934
-3934
-3938
-3934
-3930
-3924
-3924
-3916
-3912
-3902
-3898
-3894
-3894
-3886
-3884
-3874
-3870
-3862
-3858
-3856
-3854
-3862
-3866
-3870
-3876
-3882
-3888
-3884
-3870
-3858
-3858
-3856
-3858
-3848
-3850
-3846
-3846
-3838
-3832
-3832
-3832
-3820
-3816
-3812
-3810
-3798
-3794
-3792
-3792
-3782
-3774
-3754
-3754
-3742
-3736
-3742
-3738
-3742
-3738
-3726
-3726
-3728
-3722
-3724
-3712
-3704
-3706
-3704
-3692
-3694
-3700
-3698
-3698
-3696
-3694
-3694
-3694
-3692
-3700
-3700
-3692
-3682
-3676
-3666
-3658
-3642
-3648
-3652
-3650
-3650
-3652
-3650
-3638
-3642
-3634
-3628
-3624
-3618
-3612
-3614
-3624
-3620
-3610
-3608
-3606
-3610
-3606
-3600
-3588
-3586
-3584
-3574
-3570
-3568
-3552
-3542
-3536
-3528
-3522
-3518
-3518
-3510
-3508
-3512
-3506
-3512
-3512
-3510
-3506
-3496
-3496
-3492
-3492
-3488
-3488
-3472
-3472
-3462
-3468
-3464
-3472
-3478
-3486
-3480
-3482
-3476
-3470
-3480
-3476
-3474
-3458
-3448
-3448
-3440
-3432
-3434
-3430
-3430
-3434
-3428
-3422
-3430
-3414
-3418
-3420
-3414
-3406
-3402
-3402
-3396
-3396
-3394
-3388
-3388
-3380
-3372
-3376
-3374
-3368
-3368
-3370
-3366
-3372
-3358
-3342
-3334
-3350
-3354
-3346
-3348
-3350
-3346
-3356
-3364
-3362
-3364
-3360
-3354
-3354
-3356
-3354
-3360
-3352
-3344
-3340
-3338
-3334
-3336
-3334
-3330
-3332
-3326
-3316
-3316
-3316
-3300
-3298
-3302
-3302
-3294
-3284
-3280
-3280
-3274
-3268
-3258
-3254
-3254
-3250
-3250
-3254
-3254
-3240
-3234
-3226
-3216
-3206
-3204
-3194
-3194
-3192
-3192
-3190
-3188
-3186
-3186
-3184
-3174
-3174
-3172
-3160
-3158
-3158
-3154
-3146
-3154
-3144
-3144
-3134
-3136
-3128
-3126
-3132
-3130
-3122
-3118
-3122
-3114
-3110
-3104
-3102
-3098
-3094
-3094
-3100
-3092
-3094
-3094
-3088
-3084
-3082
-3080
-3070
-3062
-3066
-3056
-3056
-3048
-3044
-3040
-3040
-3034
-3034
-3024
-3022
-3024
-3026
-3020
-3020
-3020
-3012
-3006
-3014
-3000
-2994
-2998
-2992
-2990
-2980
-2980
-2978
-2974
-2968
-2964
-2960
-2960
-2956
-2956
-2950
-2940
-2936
-2934
-2928
-2934
-2932
-2934
-2934
-2936
-2932
-2932
-2918
-2918
-2916
-2928
-2922
-2922
-2924
-2918
-2912
-2904
-2906
-2902
-2896
-2888
-2888
-2890
-2886
-2876
-2872
-2882
-2870
-2864
-2856
-2854
-2848
-2854
-2840
-2840
-2842
-2830
-2818
-2814
-2800
-2796
-2796
-2796
-2792
-2788
-2786
-2788
-2788
-2788
-2784
-2770
-2768
-2766
-2760
-2768
-2768
-2764
-2768
-2770
-2754
-2752
-2750
-2744
-2732
-2732
-2730
-2728
-2726
-2726
-2720
-2718
-2710
-2714
-2718
-2716
-2710
-2700
-2698
-2694
-2682
-2684
-2688
-2684
-2684
-2680
-2668
-2678
-2684
-2696
-2682
-2678
-2672
-2668
-2656
-2656
-2652
-2652
-2656
-2638
-2634
-2634
-2636
-2634
-2626
-2624
-2626
-2636
-2636
-2632
-2624
-2622
-2616
-2612
-2620
-2620
-2624
-2624
-2624
-2620
-2614
-2612
-2602
-2596
-2598
-2590
-2590
-2590
-2592
-2590
-2582
-2578
-2580
-2576
-2576
-2580
-2578
-2576
-2578
-2584
-2586
-2586
-2582
-2584
-2584
-2592
-2582
-2582
-2572
-2570
-2560
-2560
-2564
-2564
-2556
-2542
-2532
-2532
-2528
-2530
-2534
-2530
-2530
-2520
-2520
-2512
-2514
-2508
-2500
-2498
-2494
-2498
-2496
-2492
-2492
-2490
-2486
-2486
-2488
-2486
-2474
-2474
-2486
-2484
-2480
-2478
-2478
-2478
-2476
-2480
-2470
-2476
-2482
-2474
-2472
-2474
-2474
-2472
-2466
-2468
-2466
-2474
-2472
-2480
-2474
-2472
-2474
-2470
-2480
-2472
-2458
-2452
-2452
-2450
-2446
-2442
-2442
-2440
-2442
-2440
-2440
-2432
-2432
-2428
-2422
-2418
-2412
-2406
-2406
-2406
-2406
-2412
-2414
-2412
-2412
-2412
-2412
-2418
-2410
-2408
-2406
-2406
-2408
-2410
-2414
-2414
-2404
-2404
-2402
-2390
-2390
-2384
-2384
-2384
-2376
-2382
-2378
-2380
-2382
-2382
-2376
-2380
-2370
-2366
-2366
-2360
-2348
-2348
-2344
-2344
-2338
-2338
-2336
-2342
-2334
-2322
-2322
-2324
-2312
-2300
-2300
-2294
-2294
-2294
-2288
-2292
-2294
-2290
-2280
-2278
-2286
-2292
-2286
-2284
-2282
-2280
-2268
-2272
-2268
-2272
-2272
-2270
-2256
-2254
-2254
-2254
-2258
-2254
-2250
-2246
-2246
-2244
-2250
-2250
-2262
-2266
-2274
-2274
-2268
-2278
-2282
-2290
-2284
-2288
-2284
-2284
-2284
-2288
-2282
-2280
-2280
-2276
-2282
-2276
-2280
-2274
-2272
-2272
-2266
-2264
-2264
-2260
-2268
-2272
-2266
-2266
-2270
-2266
-2258
-2248
-2242
-2238
-2242
-2234
-2228
-2222
-2214
-2216
-2214
-2216
-2206
-2202
-2200
-2192
-2182
-2174
-2180
-2178
-2174
-2168
-2172
-2176
-2168
-2166
-2174
-2170
-2168
-2164
-2156
-2150
-2142
-2146
-2144
-2144
-2132
-2142
-2136
-2136
-2136
-2136
-2136
-2132
-2134
-2132
-2134
-2138
-2142
-2138
-2138
-2136
-2136
-2132
-2126
-2130
-2122
-2124
-2110
-2104
-2100
-2094
-2092
-2092
-2088
-2088
-2090
-2088
-2092
-2088
-2088
-2088
-2088
-2084
-2084
-2080
-2076
-2076
-2074
-2076
-2074
-2072
-2074
-2068
-2058
-2060
-2062
-2054
-2060
-2054
-2044
-2042
-2034
-2034
-2028
-2036
-2040
-2032
-2028
-2020
-2020
-2016
-2012
-2010
-2008
-2002
-1994
-1990
-1990
-1988
-1986
-1980
-1986
-1990
-1982
-1984
-1978
-1980
-1974
-1970
-1968
-1960
-1956
-1950
-1948
-1946
-1946
-1952
-1940
-1950
-1950
-1950
-1950
-1946
-1940
-1942
-1936
-1938
-1944
-1946
-1954
-1958
-1956
-1958
-1954
-1954
-1954
-1946
-1948
-1940
-1932
-1926
-1922
-1932
-1934
-1938
-1924
-1918
-1908
-1912
-1910
-1910
-1910
-1920
-1924
-1934
-1934
-1928
-1928
-1938
-1936
-1936
-1934
-1928
-1918
-1914
-1914
-1910
-1904
-1900
-1898
-1900
-1908
-1908
-1902
-1906
-1898
-1894
-1894
-1888
-1892
-1884
-1884
-1884
-1878
-1874
-1868
-1860
-1860
-1848
-1846
-1842
-1838
-1836
-1842
-1836
-1840
-1850
-1856
-1854
-1848
-1844
-1844
-1846
-1844
-1846
-1844
-1842
-1848
-1846
-1834
-1846
-1840
-1846
-1836
-1828
-1818
-1818
-1814
-1810
-1808
-1808
-1808
-1806
-1802
-1796
-1796
-1798
-1794
-1784
-1788
-1780
-1772
-1772
-1770
-1776
-1774
-1776
-1768
-1776
-1768
-1762
-1762
-1768
-1764
-1760
-1754
-1748
-1742
-1744
-1736
-1736
-1734
-1730
-1724
-1722
-1720
-1716
-1706
-1714
-1702
-1706
-1698
-1708
-1700
-1692
-1690
-1690
-1686
-1676
-1662
-1658
-1658
-1660
-1654
-1656
-1648
-1640
-1636
-1640
-1638
-1644
-1644
-1644
-1636
-1638
-1638
-1632
-1620
-1618
-1612
-1622
-1620
-1618
-1622
-1628
-1626
-1628
-1630
-1624
-1632
-1632
-1632
-1642
-1644
-1642
-1636
-1636
-1648
-1644
-1646
-1650
-1642
-1640
-1636
-1636
-1634
-1630
-1630
-1630
-1628
-1626
-1628
-1630
-1630
-1636
-1626
-1626
-1624
-1608
-1608
-1600
-1596
-1592
-1580
-1582
-1582
-1576
-1574
-1574
-1570
-1564
-1562
-1564
-1558
-1560
-1554
-1552
-1540
-1536
-1534
-1528
-1528
-1534
-1524
-1538
-1534
-1542
-1538
-1536
-1534
-1532
-1532
-1538
-1522
-1512
-1520
-1522
-1536
-1540
-1540
-1534
-1524
-1522
-1526
-1530
-1526
-1530
-1526
-1526
-1526
-1526
-1524
-1526
-1520
-1526
-1532
-1532
-1532
-1536
-1532
-1536
-1536
-1538
-1538
-1546
-1544
-1538
-1538
-1530
-1532
-1532
-1526
-1536
-1534
-1532
-1526
-1526
-1518
-1514
-1516
-1514
-1510
-1502
-1510
-1508
-1510
-1514
-1522
-1512
-1512
-1516
-1516
-1516
-1506
-1506
-1498
-1498
-1494
-1500
-1504
-1504
-1502
-1494
-1492
-1486
-1488
-1488
-1488
-1496
-1492
-1496
-1494
-1494
-1492
-1492
-1500
-1500
-1486
-1482
-1484
-1480
-1480
-1486
-1490
-1486
-1486
-1488
-1488
-1492
-1486
-1486
-1486
-1490
-1496
-1506
-1512
-1506
-1506
-1510
-1510
-1512
-1508
-1516
-1510
-1512
-1512
-1516
-1508
-1508
-1518
-1516
-1516
-1506
-1508
-1510
-1516
-1504
-1500
-1500
-1502
-1498
-1492
-1496
-1500
-1496
-1488
-1486
-1480
-1482
-1484
-1476
-1464
-1464
-1462
-1460
-1462
-1456
-1458
-1456
-1458
-1456
-1450
-1440
-1436
-1438
-1438
-1438
-1444
-1444
-1440
-1434
-1430
-1416
-1414
-1410
-1410
-1406
-1408
-1408
-1402
-1404
-1406
-1398
-1392
-1386
-1392
-1386
-1382
-1382
-1390
-1392
-1398
-1400
-1404
-1400
-1400
-1412
-1398
-1392
-1388
-1382
-1384
-1392
-1386
-1374
-1374
-1376
-1376
-1370
-1370
-1370
-1378
-1370
-1368
-1368
-1370
-1366
-1364
-1376
-1376
-1370
-1378
-1374
-1368
-1364
-1362
-1360
-1360
-1356
-1346
-1336
-1330
-1330
-1322
-1316
-1320
-1324
-1316
-1318
-1316
-1322
-1322
-1322
-1318
-1316
-1318
-1322
-1328
-1322
-1322
-1330
-1330
-1334
-1330
-1334
-1336
-1328
-1324
-1330
-1334
-1336
-1336
-1342
-1348
-1350
-1352
-1346
-1346
-1338
-1334
-1332
-1328
-1332
-1332
-1332
-1326
-1324
-1316
-1316
-1316
-1306
-1308
-1308
-1308
-1312
-1310
-1308
-1308
-1306
-1308
-1302
-1298
-1302
-1306
-1304
-1304
-1306
-1314
-1300
-1296
-1298
-1298
-1288
-1290
-1290
-1288
-1282
-1290
-1282
-1280
-1288
-1280
-1276
-1274
-1274
-1270
-1272
-1282
-1276
-1276
-1278
-1278
-1278
-1272
-1272
-1262
-1270
-1262
-1256
-1254
-1260
-1256
-1256
-1250
-1250
-1242
-1248
-1252
-1254
-1258
-1258
-1258
-1258
-1254
-1250
-1246
-1250
-1254
-1252
-1262
-1262
-1258
-1264
-1266
-1270
-1266
-1264
-1264
-1264
-1256
-1256
-1254
-1256
-1258
-1254
-1252
-1248
-1232
-1242
-1246
-1248
-1242
-1240
-1246
-1238
-1230
-1232
-1226
-1226
-1214
-1212
-1202
-1198
-1202
-1198
-1202
-1202
-1198
-1192
-1190
-1184
-1186
-1182
-1178
-1184
-1184
-1184
-1184
-1184
-1182
-1176
-1172
-1166
-1158
-1158
-1158
-1160
-1150
-1158
-1146
-1152
-1152
-1152
-1158
-1160
-1158
-1152
-1152
-1150
-1144
-1146
-1144
-1138
-1142
-1136
-1132
-1128
-1130
-1128
-1122
-1124
-1124
-1122
-1114
-1098
-1088
-1088
-1080
-1070
-1066
-1064
-1060
-1062
-1064
-1066
-1060
-1062
-1050
-1050
-1050
-1054
-1054
-1046
-1046
-1034
-1034
-1034
-1040
-1054
-1046
-1058
-1056
-1058
-1056
-1058
-1054
-1050
-1052
-1040
-1036
-1034
-1022
-1016
-1012
-1020
-1022
-1022
-1018
-1012
-1014
-1020
-1024
-1024
-1022
-1022
-1020
-1016
-1026
-1024
-1014
-1004
-1008
-1000
-1000
-996
-996
-1000
-1008
-998
-996
-998
-986
-986
-984
-984
-978
-978
-980
-986
-996
-988
-978
-986
-982
-986
-994
-988
-988
-988
-986
-990
-982
-982
-978
-980
-974
-978
-976
-976
-976
-974
-972
-968
-974
-968
-970
-970
-972
-970
-968
-964
-950
-942
-952
-948
-944
-944
-944
-940
-940
-948
-946
-942
-946
-944
-952
-958
-956
-956
-956
-952
-948
-950
-938
-932
-928
-918
-904
-892
-886
-888
-892
-880
-882
-874
-868
-868
-876
-876
-868
-854
-848
-846
-834
-828
-820
-812
-812
-806
-806
-800
-800
-804
-798
-798
-800
-802
-802
-810
-808
-808
-810
-810
-810
-810
-810
-812
-800
-800
-794
-796
-794
-800
-796
-798
-808
-804
-802
-800
-788
-794
-800
-808
-808
-812
-814
-816
-816
-810
-810
-804
-810
-806
-802
-798
-804
-808
-808
-806
-802
-802
-804
-810
-806
-798
-800
-800
-794
-794
-790
-788
-788
-774
-766
-762
-760
-758
-756
-746
-746
-742
-742
-734
-728
-732
-740
-742
-740
-734
-740
-736
-744
-750
-754
-756
-760
-758
-758
-768
-768
-768
-762
-756
-760
-760
-758
-756
-764
-762
-760
-762
-766
-754
-752
-740
-742
-750
-740
-748
-748
-750
-746
-746
-748
-744
-738
-740
-740
-734
-738
-730
-734
-732
-732
-738
-738
-742
-746
-746
-736
-736
-730
-720
-714
-716
-710
-710
-710
-718
-712
-708
-702
-698
-688
-698
-688
-692
-692
-698
-690
-686
-678
-674
-670
-668
-668
-664
-666
-666
-660
-656
-660
-646
-654
-662
-666
-668
-680
-684
-676
-676
-674
-672
-676
-666
-666
-658
-660
-660
-668
-668
-668
-668
-664
-662
-662
-664
-664
-662
-666
-676
-674
-674
-670
-666
-662
-658
-662
-658
-648
-646
-646
-650
-646
-646
-646
-644
-644
-644
-646
-652
-656
-656
-654
-644
-646
-648
-648
-654
-656
-660
-660
-664
-664
-666
-670
-664
-662
-660
-656
-658
-662
-664
-660
-660
-668
-660
-660
-656
-652
-656
-654
-664
-662
-662
-664
-668
-658
-662
-662
-650
-652
-658
-646
-634
-636
-638
-634
-634
-632
-634
-634
-630
-630
-622
-620
-614
-610
-598
-600
-594
-592
-590
-584
-586
-594
-600
-604
-602
-602
-608
-606
-598
-598
-594
-594
-588
-578
-576
-566
-568
-568
-564
-560
-560
-554
-552
-550
-556
-558
-558
-552
-548
-542
-536
-530
-522
-524
-522
-514
-506
-502
-504
-498
-494
-500
-500
-500
-502
-502
-496
-496
-490
-490
-488
-478
-482
-482
-480
-480
-476
-486
-488
-486
-486
-494
-488
-488
-488
-488
-482
-488
-490
-478
-482
-472
-480
-470
-466
-456
-444
-440
-444
-442
-442
-440
-432
-432
-430
-430
-434
-428
-436
-442
-442
-442
-442
-452
-444
-452
-460
-462
-468
-466
-470
-460
-470
-474
-478
-484
-486
-492
-490
-490
-490
-484
-488
-496
-492
-490
-486
-482
-480
-476
-474
-460
-460
-450
-450
-452
-452
-448
-446
-442
-438
-438
-430
-434
-430
-426
-422
-430
-432
-432
-430
-424
-428
-428
-432
-434
-428
-430
-434
-432
-430
-434
-432
-430
-428
-426
-432
-432
-436
-426
-436
-436
-432
-432
-428
-422
-420
-424
-422
-422
-422
-414
-410
-410
-408
-408
-414
-410
-410
-410
-410
-410
-406
-416
-400
-400
-402
-396
-392
-390
-388
-388
-388
-384
-390
-406
-406
-410
-414
-426
-436
-438
-436
-426
-428
-424
-428
-426
-428
-432
-434
-430
-436
-434
-434
-428
-440
-442
-450
-454
-454
-454
-452
-456
-444
-444
-446
-442
-436
-436
-434
-426
-418
-420
-418
-406
-410
-408
-408
-410
-406
-410
-402
-400
-404
-412
-408
-416
-418
-412
-412
-408
-406
-408
-408
-412
-410
-398
-404
-400
-386
-388
-378
-374
-380
-380
-390
-392
-390
-384
-388
-396
-388
-392
-386
-376
-368
-360
-356
-350
-356
-362
-364
-362
-366
-358
-350
-348
-342
-334
-340
-340
-340
-338
-334
-336
-334
-338
-342
-342
-336
-334
-330
-326
-320
-318
-316
-316
-320
-312
-316
-318
-312
-316
-308
-308
-310
-300
-304
-308
-296
-294
-286
-290
-282
-284
-290
-292
-292
-292
-290
-292
-290
-276
-276
-270
-270
-268
-268
-264
-266
-272
-278
-282
-278
-280
-286
-284
-286
-290
-294
-292
-294
-294
-294
-290
-290
-282
-282
-280
-270
-270
-270
-260
-254
-258
-254
-254
-250
-250
-250
-250
-250
-246
-240
-228
-220
-218
-222
-214
-210
-200
-192
-190
-182
-190
-190
-200
-210
-208
-214
-212
-210
-212
-212
-210
-198
-196
-188
-182
-180
-182
-190
-184
-180
-178
-178
-168
-172
-164
-168
-168
-166
-168
-168
-168
-168
-168
-170
-168
-166
-158
-160
-166
-164
-170
-176
-178
-182
-176
-178
-174
-172
-180
-184
-186
-182
-184
-188
-186
-180
-180
-182
-170
-164
-164
-156
-154
-146
-144
-140
-146
-152
-152
-148
-146
-150
-142
-152
-152
-140
-132
-128
-136
-130
-120
-118
-126
-132
-132
-128
-128
-132
-136
-136
-130
-126
-126
-116
-106
-106
-98
-104
-100
-110
-116
-110
-116
-120
-126
-126
-128
-130
-124
-126
-126
-118
-112
-106
-104
-100
-102
-110
-110
-110
-110
-110
-106
-106
-98
-100
-104
-98
-100
-100
-96
-96
-94
-90
-98
-92
-94
-102
-102
-102
-104
-116
-116
-118
-106
-114
-108
-112
-104
-106
-104
-108
-112
-100
-98
-92
-84
-86
-88
-86
-80
-80
-80
-80
-88
-86
-86
-86
-78
-72
-74
-68
-70
-74
-68
-70
-64
-62
-60
-60
-54
-58
-64
-60
-54
-46
-48
-50
-48
-46
-40
-38
-52
-52
-46
-58
-62
-50
-54
-50
-58
-62
-58
-66
-68
-64
-60
-62
-62
-60
-60
-58
-56
-60
-70
-72
-78
-76
-80
-78
-70
-72
-70
-72
-70
-70
-74
-74
-76
-82
-78
-72
-74
-62
-66
-68
-78
-78
-78
-74
-70
-68
-74
-74
-68
-70
-74
-74
-88
-90
-92
-90
-86
-80
-94
-92
-92
-84
-82
-78
-72
-74
-72
-74
-70
-70
-70
-74
-66
-58
-58
-52
-54
-58
-58
-54
-58
-56
-58
-46
-50
-54
-52
-48
-52
-56
-56
-56
-48
-48
-42
-30
-36
-38
-30
-30
-32
-32
-36
-36
-44
-44
-48
-48
-46
-42
-46
-44
-42
-40
-36
-32
-32
-24
-26
-28
-26
-30
-22
-22
-16
-24
-18
-16
-10
-10
-12
-8
-16
-22
-20
-10
-2
-4
4
0
10
0
4
10
10
10
18
16
16
2
8
4
8
2
2
-6
4
2
6
8
8
20
20
16
16
10
4
4
-4
-14
-8
0
-4
-4
-2
-2
-2
-4
-14
-16
-22
-14
-14
-14
-14
-10
-2
2
-2
4
6
2
0
-6
-6
-6
-10
-8
-6
-2
4
-2
-2
-2
2
4
-4
-12
-14
-6
0
-2
0
2
-4
0
2
6
0
-10
-10
-20
-22
-18
-20
-24
-20
-20
-18
-10
-6
2
0
-2
-14
-12
-18
-18
-26
-20
-22
-24
-16
-16
-12
-12
-12
-14
-12
-16
-24
-26
-22
-16
-16
-16
-18
-24
-32
-32
-32
-36
-26
-24
-22
-28
-28
-30
-32
-22
-26
-20
-16
-6
-8
-16
-24
-20
-8
-4
-4
-4
6
-2
-4
-12
-12
-16
-10
-10
-16
-8
-10
-2
6
4
4
4
6
4
-4
-2
-6
-8
-14
-18
-24
-20
-16
-16
-20
-24
-32
-28
-36
-36
-32
-34
-32
-42
-44
-48
-48
-46
-46
-38
-36
-42
-42
-44
-38
-40
-34
-44
-36
-32
-36
-32
-34
-40
-34
-32
-32
-28
-16
-14
-18
-24
-32
-40
-38
-30
-28
-34
-30
-30
-30
-36
-38
-44
-52
-50
-60
-62
-56
-54
-54
-58
-58
-54
-54
-58
-60
-68
-68
-76
-62
-56
-52
-54
-54
-54
-42
-40
-48
-46
-44
-46
-42
-40
-34
-44
-30
-32
-30
-20
-26
-16
-18
-20
-20
-10
-16
-16
-14
-16
-12
-14
-10
-14
-4
-8
-8
-2
0
4
6
16
20
22
14
12
14
14
18
20
20
20
16
20
12
12
10
10
12
14
12
18
8
2
2
2
6
-2
-2
-14
-12
-8
-6
-8
-14
-4
2
2
-2
-6
-10
-16
-22
-12
-4
-2
-2
4
0
0
0
-2
4
4
2
8
8
2
14
18
14
12
14
14
14
20
14
22
22
16
16
22
14
12
6
2
10
6
8
8
12
16
26
32
30
30
26
26
34
36
42
50
52
44
42
42
44
48
50
50
46
36
36
36
26
18
18
14
14
14
6
12
12
8
12
10
18
24
22
22
32
40
40
46
38
38
36
36
36
40
48
56
58
58
64
70
80
86
86
90
90
90
90
96
92
88
88
88
90
88
88
74
74
76
80
78
74
66
64
52
44
36
36
38
34
40
42
50
50
54
58
56
60
66
68
68
70
72
82
82
88
90
92
100
92
90
92
86
82
82
84
74
62
70
72
64
64
64
60
60
52
68
78
74
66
66
64
72
64
52
46
44
52
58
60
58
52
48
48
46
50
58
64
70
68
60
62
62
54
52
58
62
62
58
64
68
66
70
70
68
68
72
80
78
78
82
82
82
86
80
80
82
86
78
82
88
84
84
84
86
76
76
82
92
80
82
84
86
86
86
86
94
90
98
94
98
92
88
80
80
80
80
82
80
80
78
76
68
62
62
66
66
60
66
74
80
74
78
72
72
70
62
64
66
66
68
72
64
68
74
68
72
72
68
66
56
52
40
46
48
42
42
34
38
36
38
38
46
46
42
42
46
44
56
50
52
54
40
46
50
50
56
60
56
60
64
64
66
64
68
60
52
60
64
66
64
62
62
60
76
68
74
78
78
72
72
70
66
62
58
62
58
56
54
58
52
54
66
64
60
62
66
62
48
50
64
66
58
64
64
68
70
70
74
70
70
68
70
82
86
82
78
82
82
74
76
72
76
78
80
82
84
80
82
88
90
96
92
86
88
88
94
96
98
92
90
88
98
94
94
96
96
90
92
90
96
92
88
88
86
86
86
84
78
78
78
78
80
80
78
74
76
80
76
78
78
78
78
80
80
86
94
94
96
92
92
88
82
76
80
92
92
96
96
94
86
90
88
90
82
78
74
86
86
90
92
94
98
104
110
102
104
96
100
108
110
120
112
108
108
104
106
110
110
110
110
112
108
106
110
104
108
104
96
102
98
104
104
108
106
100
96
92
92
92
92
100
100
98
106
106
108
104
96
94
94
98
102
94
100
102
108
104
108
108
112
114
110
116
128
132
128
138
138
134
134
128
132
128
136
130
136
136
136
132
126
112
108
108
118
112
106
102
102
106
112
108
112
116
122
122
116
114
126
124
124
122
122
128
132
132
136
124
128
128
122
120
124
122
122
118
116
108
106
112
108
106
106
108
104
102
102
106
108
114
120
122
118
120
120
126
126
124
124
120
114
114
114
112
112
114
104
106
100
96
100
106
98
102
104
108
108
112
106
104
100
98
98
90
92
84
72
72
72
70
70
74
78
78
84
88
84
88
94
96
98
96
88
88
88
88
88
88
96
90
92
96
98
100
100
96
96
98
100
102
96
94
92
84
86
86
88
86
84
82
78
88
82
82
84
84
82
82
80
86
82
78
72
66
62
56
44
34
34
42
46
40
38
34
40
38
32
34
32
34
28
20
22
16
14
16
8
2
-2
-2
4
-2
8
6
6
8
2
6
2
0
12
8
12
-2
0
-4
-4
2
2
-10
-10
-18
-16
-20
-20
-26
-18
-24
-16
-24
-22
-16
-20
-12
-22
-28
-24
-24
-22
-20
-18
-22
-18
-12
-14
-8
-2
4
2
0
2
2
6
8
4
4
6
6
18
22
22
24
30
22
26
30
40
40
34
32
32
30
34
30
16
16
16
26
32
40
38
38
36
40
42
36
32
30
40
40
44
46
52
48
46
54
58
62
62
62
58
64
68
66
54
52
46
48
52
50
46
44
40
46
42
38
38
38
28
26
18
12
12
6
14
14
14
18
16
14
6
14
16
10
12
12
10
14
14
14
10
12
10
4
0
6
4
2
0
4
8
16
14
14
14
20
20
8
12
16
24
24
24
28
32
20
20
18
20
26
28
26
32
36
36
34
40
40
44
44
42
44
36
44
34
34
34
30
28
26
22
26
22
24
20
30
38
36
34
36
36
42
44
44
40
44
48
46
48
48
48
48
50
50
50
48
54
60
70
74
64
54
54
58
52
56
52
46
50
54
54
52
48
38
44
44
40
34
34
30
28
20
30
28
22
22
22
22
20
22
18
18
28
28
32
34
44
52
48
56
52
52
48
44
50
56
52
60
64
64
72
74
72
68
72
76
76
78
78
78
82
80
76
80
86
88
90
86
80
88
80
80
80
84
78
84
76
76
76
76
84
84
84
90
90
90
90
92
94
92
90
96
96
96
98
100
106
106
106
112
116
106
98
98
94
98
96
98
104
110
120
122
112
122
118
120
118
114
118
126
122
122
124
126
120
130
128
130
124
130
130
142
142
144
152
142
150
150
156
156
156
150
152
152
144
138
140
132
132
130
128
136
136
128
122
130
122
128
128
132
138
144
140
138
136
134
136
128
134
132
120
124
124
124
124
130
134
142
142
138
138
134
134
138
140
140
142
142
144
152
144
142
140
142
146
144
144
138
142
138
138
140
138
136
140
142
132
138
140
146
138
132
138
130
126
136
124
122
120
126
122
122
128
126
128
130
126
124
122
118
124
122
116
112
112
116
118
122
128
132
136
144
146
148
148
142
146
148
150
148
148
150
148
152
152
148
148
164
164
164
158
170
172
174
184
192
198
194
194
198
190
196
200
204
200
204
206
196
206
202
194
194
190
188
184
178
174
174
172
180
190
190
186
186
178
182
188
194
190
192
194
194
194
200
200
200
204
196
198
190
188
190
178
170
170
172
172
172
172
178
188
190
188
182
180
180
182
176
184
184
178
174
174
176
176
176
178
178
174
176
168
164
170
172
160
162
160
164
164
170
166
160
154
148
146
142
138
134
134
128
138
142
138
138
136
128
124
130
132
130
128
126
126
120
120
120
114
120
116
126
126
130
132
144
140
140
140
144
138
144
154
152
158
148
148
152
164
162
166
166
164
166
166
166
166
160
158
152
152
152
160
160
164
164
164
164
156
158
162
164
158
152
150
152
150
156
156
152
150
156
158
154
152
150
152
158
160
166
174
174
176
180
186
178
176
174
182
184
180
182
180
180
180
182
176
174
172
172
164
170
176
170
176
176
182
182
182
188
186
182
188
192
196
194
194
184
186
188
192
190
180
182
178
178
184
186
194
184
170
168
174
168
162
160
158
158
154
156
150
150
138
146
150
158
156
160
168
166
166
162
168
172
188
200
198
200
202
208
206
210
222
218
220
228
232
232
238
240
242
246
246
252
252
242
246
246
246
256
260
260
256
252
256
256
244
244
240
250
250
252
254
258
258
256
250
262
258
264
268
268
268
260
258
256
260
264
262
268
272
262
258
262
262
254
254
258
264
254
258
260
260
266
264
274
280
284
272
266
262
266
268
272
266
274
272
260
254
256
256
260
260
256
256
262
256
256
258
258
252
262
262
260
264
268
268
268
258
250
250
248
250
250
252
256
254
248
254
252
250
242
238
244
246
248
250
242
248
254
254
260
264
264
266
260
258
256
248
248
246
244
250
254
258
258
258
256
250
248
248
250
250
254
250
254
254
254
258
254
258
258
266
266
262
260
252
242
248
246
248
250
250
252
252
254
250
246
238
248
256
256
254
254
254
250
248
250
252
254
250
258
252
244
238
238
234
240
240
230
230
230
220
220
216
214
210
212
216
212
212
204
194
194
198
186
190
192
192
190
184
190
198
196
190
194
196
196
190
192
200
194
198
198
192
196
196
184
180
182
186
190
180
178
178
180
178
180
172
174
172
168
158
150
152
148
148
150
146
154
160
154
154
152
148
150
150
148
148
144
144
136
140
140
146
150
158
162
166
162
154
140
130
136
136
130
128
118
116
120
122
122
130
126
130
134
136
134
134
130
124
128
128
140
142
148
150
148
146
150
140
138
134
140
154
164
160
160
156
162
160
158
158
160
162
158
158
158
158
156
150
150
148
142
146
138
142
140
140
142
138
142
142
152
150
148
140
128
124
122
122
132
140
138
138
146
146
140
146
150
154
154
164
172
170
170
162
154
156
156
156
162
156
154
162
162
162
162
164
158
160
160
168
174
182
170
172
172
178
182
184
174
172
174
174
164
166
170
164
164
168
168
160
160
162
164
170
174
182
180
184
170
164
168
168
162
162
164
170
160
166
164
164
154
160
158
164
158
160
164
172
170
174
172
174
174
174
168
164
164
158
152
158
156
152
158
158
154
158
162
156
152
142
146
136
132
128
130
130
138
134
134
134
142
142
144
138
142
142
144
144
144
134
140
132
126
126
126
142
142
144
142
142
128
130
126
120
110
126
126
124
114
118
108
108
102
110
112
112
110
104
106
108
114
114
108
104
104
104
106
102
100
110
106
106
104
106
102
98
110
96
96
88
88
86
90
86
86
92
86
82
86
88
80
68
58
56
54
48
46
46
38
36
38
38
40
50
54
46
58
64
64
62
72
64
68
60
50
52
60
60
74
74
82
84
80
74
70
70
78
78
80
88
86
92
96
96
96
96
100
102
102
96
92
98
98
100
102
92
86
86
72
72
76
78
84
92
86
86
88
88
92
90
92
98
94
96
94
100
112
110
116
116
122
126
132
128
128
128
130
126
128
128
124
116
120
118
120
120
122
122
126
120
120
120
122
122
126
130
124
124
120
120
124
114
124
132
144
140
142
132
128
126
122
122
120
126
132
132
142
146
146
144
148
148
146
140
138
134
146
146
142
152
150
152
160
156
156
160
160
162
166
168
174
170
170
168
170
172
174
180
178
180
180
172
174
174
180
180
178
184
192
206
206
206
204
200
200
196
184
184
182
176
186
186
184
182
172
174
186
184
182
178
178
176
180
178
176
180
184
184
180
180
180
188
180
182
184
184
182
184
184
182
186
192
194
192
182
178
184
186
184
184
198
200
200
194
196
188
188
190
178
178
180
174
178
180
174
184
190
198
194
182
182
186
182
182
176
184
198
200
200
204
204
208
210
214
220
222
228
230
224
216
212
214
212
206
200
194
190
188
190
190
192
196
192
198
204
194
194
186
186
188
182
184
180
180
182
178
172
176
182
174
174
174
170
160
160
160
164
158
164
166
164
164
162
166
162
162
158
164
158
160
152
160
170
166
170
176
174
174
178
174
182
186
186
184
178
180
182
186
188
180
178
164
170
164
166
164
164
148
146
144
150
154
164
154
156
154
154
156
152
140
128
128
130
128
120
120
120
112
118
118
118
118
124
120
114
126
126
126
128
120
118
124
128
114
114
114
118
118
120
126
122
126
128
130
134
144
142
138
126
126
126
122
124
118
124
118
108
106
110
110
104
108
116
114
120
120
118
126
130
142
142
150
146
146
146
156
160
150
148
148
148
146
138
130
132
134
132
142
138
128
128
126
132
128
134
134
140
140
140
144
150
154
158
164
168
168
170
162
166
164
166
156
154
164
160
168
158
160
168
170
166
164
162
162
166
170
178
180
178
176
160
158
170
178
180
174
176
174
174
168
164
168
172
174
180
180
184
174
174
166
162
154
160
158
158
156
154
156
150
146
136
142
152
150
148
154
160
168
174
168
176
182
190
192
194
190
194
192
188
188
188
180
176
184
182
182
184
190
188
182
190
182
188
188
200
202
200
204
204
202
198
210
202
196
208
208
202
202
206
204
202
210
202
202
206
206
198
194
210
202
202
202
196
190
192
190
188
196
202
206
202
204
202
202
200
192
194
198
198
200
200
196
204
202
210
214
216
216
216
214
214
218
224
220
216
216
208
200
202
200
202
212
214
212
206
206
206
208
204
204
208
206
198
188
190
194
188
190
194
206
206
206
204
202
204
208
208
216
222
222
220
220
210
214
216
224
226
222
228
230
220
224
226
232
230
226
236
244
244
248
248
248
250
252
244
240
236
238
238
246
252
244
238
242
236
232
232
236
232
232
222
218
220
224
234
230
230
234
238
230
228
220
220
220
218
222
228
234
232
232
230
238
242
236
238
234
234
242
246
254
256
258
258
248
252
250
250
248
264
264
254
262
264
264
258
256
258
260
272
270
270
270
268
270
272
268
264
260
272
270
274
272
272
274
268
266
254
252
248
238
228
228
232
224
224
218
218
214
216
222
234
232
228
226
226
230
228
226
226
224
228
226
222
218
218
214
214
216
214
218
208
206
208
204
204
204
210
214
214
214
214
208
212
206
204
202
204
194
188
188
188
186
188
188
182
182
188
186
190
184
190
194
190
194
198
208
214
220
220
228
222
222
222
228
212
218
206
210
212
206
212
200
200
204
210
212
218
222
228
226
232
222
220
218
224
226
226
224
228
228
228
218
214
216
226
236
234
234
234
232
230
232
230
224
220
228
228
230
242
234
238
250
246
242
248
256
254
252
250
254
246
244
240
232
238
236
236
236
240
240
240
238
240
244
240
234
236
230
236
232
236
240
238
248
246
246
250
240
238
244
246
244
244
244
246
256
256
266
268
270
270
270
276
280
286
288
290
286
280
282
280
270
266
274
274
274
272
272
274
270
266
270
278
284
280
282
288
288
288
294
292
292
304
308
310
314
318
328
322
336
342
348
348
350
344
338
338
334
334
338
342
332
328
330
338
330
330
326
316
328
316
316
314
320
324
324
316
308
310
306
302
308
308
302
292
296
298
300
296
302
302
304
294
296
296
292
292
306
308
310
306
304
302
302
290
292
292
300
300
290
286
292
294
292
292
290
294
296
296
306
298
296
302
306
298
296
296
296
304
312
316
316
314
314
314
318
320
320
324
332
326
330
336
344
348
350
360
360
360
362
370
368
364
362
360
352
348
348
346
344
342
346
344
346
338
338
332
340
350
346
346
352
348
342
338
338
344
350
354
364
358
362
364
364
364
368
372
366
370
362
374
386
392
384
380
384
386
376
372
374
382
386
386
390
398
388
384
386
388
402
408
404
410
410
406
406
406
410
410
408
412
418
418
414
414
414
416
422
424
420
424
424
420
426
434
436
436
444
442
442
446
450
454
454
450
444
442
446
452
460
452
460
462
458
462
462
464
468
472
474
470
470
468
464
464
464
466
460
456
454
460
456
450
454
462
464
462
460
464
458
462
462
462
462
462
454
448
444
448
448
450
452
448
438
436
440
440
428
430
430
432
430
432
440
434
428
426
426
428
424
426
434
438
446
450
458
460
468
464
464
464
458
458
470
478
482
476
472
472
470
466
476
476
478
484
480
478
480
476
470
472
474
468
468
464
458
448
452
454
458
464
456
458
458
456
454
456
452
456
460
454
458
458
458
462
462
464
464
474
472
472
478
482
484
482
486
494
498
498
498
506
512
516
516
506
504
506
506
506
512
504
504
500
506
510
518
518
516
514
510
506
498
496
494
500
500
504
508
516
518
518
514
514
518
520
510
514
512
512
520
528
530
532
532
530
528
530
526
516
510
508
504
510
500
490
486
490
496
500
500
496
500
504
502
498
494
490
484
482
484
476
480
476
476
488
492
492
494
490
494
500
496
494
496
492
488
494
496
484
478
484
490
482
484
484
486
486
482
492
494
494
484
482
482
476
466
464
466
466
478
482
488
490
490
482
486
486
494
494
490
494
496
498
496
496
494
496
500
512
518
520
520
524
534
532
528
528
524
538
536
536
526
526
518
516
518
518
524
524
518
512
520
536
540
540
546
540
538
534
542
542
544
548
554
546
546
550
554
558
554
550
548
552
552
552
548
554
542
546
554
552
552
564
560
564
564
564
576
572
574
582
586
574
580
580
582
578
584
584
584
576
570
572
580
574
584
594
594
590
584
584
592
592
594
592
588
584
592
592
594
594
590
586
588
590
588
584
582
572
574
580
582
580
570
582
582
584
582
588
586
586
586
572
568
566
558
554
558
542
544
550
544
540
538
532
526
534
532
524
524
524
524
526
528
524
526
518
530
534
536
532
532
526
520
518
520
516
510
512
520
520
520
522
524
532
532
538
538
538
542
538
530
524
534
540
540
536
542
534
542
542
540
538
540
542
550
558
558
548
554
556
550
550
552
544
546
544
544
536
540
544
544
542
546
540
540
528
520
528
528
530
530
530
528
530
530
520
524
530
530
528
530
526
532
534
536
536
536
530
536
536
530
524
524
530
528
522
524
520
520
518
528
532
534
532
528
526
528
520
516
508
508
504
504
506
512
