-2623
-2621
-2621
-2621
-2621
-2621
-2621
-2613
-2613
-2613
-2613
-2611
-2611
-2611
-2605
-2605
-2589
-2585
-2579
-2575
-2575
-2565
-2565
-2561
-2559
-2547
-2543
-2543
-2543
-2543
-2543
-2543
-2537
-2535
-2533
-2525
-2507
-2493
-2483
-2483
-2487
-2485
-2485
-2483
-2483
-2483
-2477
-2471
-2471
-2467
-2463
-2455
-2455
-2445
-2441
-2425
-2413
-2413
-2405
-2405
-2405
-2405
-2405
-2403
-2393
-2383
-2383
-2371
-2371
-2365
-2365
-2353
-2353
-2353
-2353
-2347
-2345
-2337
-2337
-2337
-2325
-2325
-2309
-2309
-2309
-2309
-2305
-2295
-2285
-2285
-2285
-2283
-2283
-2283
-2275
-2275
-2271
-2271
-2271
-2271
-2263
-2253
-2243
-2243
-2231
-2231
-2235
-2223
-2223
-2213
-2213
-2213
-2207
-2207
-2207
-2205
-2205
-2205
-2201
-2197
-2193
-2187
-2187
-2181
-2181
-2175
-2175
-2175
-2163
-2163
-2163
-2163
-2163
-2161
-2161
-2161
-2149
-2149
-2143
-2143
-2135
-2135
-2127
-2127
-2127
-2127
-2117
-2113
-2113
-2113
-2105
-2091
-2091
-2091
-2091
-2091
-2091
-2091
-2091
-2077
-2077
-2061
-2047
-2043
-2043
-2043
-2043
-2031
-2019
-2017
-2011
-2011
-2011
-2011
-2011
-1999
-1999
-1987
-1987
-1981
-1981
-1981
-1981
-1981
-1977
-1977
-1967
-1967
-1967
-1961
-1957
-1957
-1955
-1955
-1945
-1947
-1939
-1943
-1943
-1931
-1915
-1907
-1897
-1897
-1897
-1897
-1897
-1893
-1891
-1891
-1889
-1889
-1887
-1887
-1885
-1877
-1867
-1861
-1861
-1861
-1861
-1859
-1859
-1859
-1859
-1861
-1861
-1851
-1851
-1851
-1851
-1845
-1845
-1845
-1845
-1847
-1847
-1847
-1843
-1843
-1843
-1843
-1837
-1829
-1829
-1829
-1829
-1829
-1829
-1823
-1827
-1827
-1823
-1823
-1819
-1819
-1819
-1825
-1825
-1825
-1825
-1821
-1813
-1799
-1799
-1799
-1799
-1791
-1791
-1791
-1791
-1791
-1791
-1791
-1791
-1791
-1791
-1791
-1791
-1779
-1771
-1771
-1767
-1767
-1761
-1761
-1761
-1761
-1763
-1763
-1757
-1759
-1759
-1759
-1751
-1751
-1747
-1745
-1745
-1743
-1739
-1739
-1735
-1735
-1727
-1727
-1727
-1727
-1731
-1725
-1725
-1725
-1717
-1707
-1699
-1699
-1697
-1699
-1699
-1699
-1697
-1697
-1697
-1687
-1691
-1691
-1683
-1683
-1683
-1683
-1683
-1683
-1685
-1685
-1685
-1685
-1671
-1661
-1661
-1661
-1661
-1661
-1655
-1649
-1649
-1649
-1649
-1649
-1639
-1643
-1631
-1627
-1627
-1627
-1623
-1617
-1615
-1615
-1615
-1615
-1609
-1611
-1605
-1603
-1603
-1603
-1597
-1597
-1597
-1597
-1597
-1597
-1591
-1593
-1583
-1573
-1565
-1565
-1551
-1549
-1541
-1539
-1539
-1531
-1531
-1531
-1531
-1531
-1531
-1531
-1535
-1535
-1519
-1513
-1513
-1513
-1513
-1513
-1517
-1517
-1517
-1517
-1515
-1515
-1515
-1515
-1509
-1509
-1509
-1509
-1505
-1499
-1495
-1485
-1485
-1485
-1479
-1479
-1469
-1471
-1471
-1471
-1469
-1469
-1469
-1467
-1469
-1469
-1475
-1465
-1461
-1461
-1461
-1459
-1453
-1445
-1443
-1443
-1443
-1437
-1435
-1431
-1421
-1423
-1423
-1411
-1407
-1407
-1403
-1401
-1393
-1393
-1397
-1387
-1387
-1387
-1387
-1385
-1379
-1369
-1363
-1363
-1363
-1363
-1353
-1353
-1353
-1347
-1349
-1349
-1349
-1343
-1343
-1343
-1343
-1343
-1339
-1339
-1339
-1339
-1335
-1329
-1327
-1319
-1323
-1323
-1323
-1319
-1317
-1311
-1311
-1311
-1301
-1301
-1303
-1303
-1303
-1303
-1303
-1301
-1297
-1291
-1279
-1279
-1279
-1279
-1279
-1275
-1275
-1275
-1277
-1269
-1269
-1261
-1253
-1245
-1245
-1239
-1237
-1235
-1235
-1235
-1235
-1233
-1233
-1229
-1229
-1229
-1227
-1227
-1227
-1227
-1219
-1215
-1215
-1215
-1215
-1215
-1215
-1213
-1215
-1215
-1215
-1215
-1215
-1215
-1213
-1213
-1213
-1213
-1201
-1207
-1205
-1205
-1205
-1205
-1205
-1213
-1217
-1217
-1211
-1211
-1211
-1211
-1211
-1211
-1209
-1203
-1195
-1185
-1185
-1185
-1191
-1191
-1181
-1185
-1185
-1199
-1193
-1195
-1187
-1183
-1183
-1183
-1181
-1177
-1177
-1175
-1171
-1169
-1169
-1169
-1163
-1163
-1171
-1161
-1161
-1161
-1161
-1157
-1157
-1157
-1157
-1153
-1153
-1149
-1149
-1149
-1153
-1149
-1149
-1135
-1133
-1133
-1133
-1133
-1133
-1133
-1133
-1133
-1133
-1121
-1121
-1119
-1115
-1109
-1109
-1109
-1109
-1109
-1109
-1109
-1099
-1101
-1107
-1103
-1099
-1099
-1095
-1099
-1099
-1099
-1093
-1087
-1079
-1079
-1079
-1079
-1079
-1079
-1079
-1079
-1079
-1081
-1075
-1069
-1063
-1061
-1049
-1049
-1051
-1051
-1051
-1041
-1035
-1035
-1035
-1027
-1025
-1025
-1025
-1023
-1015
-1015
-1015
-1015
-1019
-1019
-1019
-1009
-1001
-991
-983
-983
-983
-975
-977
-975
-971
-975
-967
-961
-961
-961
-961
-961
-961
-961
-961
-961
-961
-961
-961
-961
-963
-963
-963
-951
-947
-949
-949
-941
-941
-933
-933
-933
-941
-927
-927
-927
-927
-927
-927
-927
-929
-919
-921
-921
-917
-917
-909
-901
-897
-887
-887
-887
-885
-881
-869
-869
-869
-869
-869
-869
-859
-859
-869
-869
-871
-871
-871
-871
-871
-881
-877
-877
-877
-883
-875
-875
-875
-875
-875
-873
-873
-861
-853
-845
-839
-839
-839
-833
-825
-825
-825
-827
-827
-819
-819
-819
-807
-807
-811
-811
-809
-809
-813
-813
-805
-807
-807
-807
-799
-799
-797
-797
-791
-791
-791
-791
-791
-791
-791
-791
-799
-799
-799
-799
-797
-797
-797
-801
-801
-801
-801
-801
-799
-799
-797
-793
-789
-789
-789
-789
-789
-789
-783
-783
-791
-791
-791
-789
-789
-787
-777
-769
-769
-773
-773
-769
-769
-757
-751
-751
-751
-751
-751
-751
-751
-741
-741
-737
-727
-719
-709
-703
-703
-703
-703
-703
-703
-705
-705
-709
-709
-701
-699
-699
-699
-709
-709
-709
-697
-693
-693
-693
-689
-689
-687
-687
-681
-681
-681
-681
-681
-673
-673
-673
-673
-683
-685
-685
-693
-689
-689
-681
-681
-681
-681
-681
-673
-675
-675
-675
-675
-661
-661
-651
-651
-647
-641
-641
-641
-641
-639
-645
-645
-641
-633
-633
-631
-631
-631
-631
-631
-631
-631
-631
-631
-631
-637
-633
-633
-633
-633
-629
-621
-621
-617
-607
-607
-605
-601
-589
-579
-583
-583
-579
-577
-577
-589
-589
-593
-593
-591
-591
-587
-587
-581
-581
-581
-581
-585
-585
-573
-565
-565
-561
-561
-557
-557
-557
-561
-561
-561
-561
-561
-561
-561
-561
-561
-565
-565
-565
-569
-569
-567
-567
-567
-567
-567
-567
-571
-571
-571
-573
-567
-565
-567
-573
-577
-573
-573
-573
-573
-573
-569
-563
-563
-557
-557
-551
-555
-543
-545
-545
-543
-543
-543
-553
-551
-551
-547
-547
-539
-535
-535
-535
-535
-535
-523
-533
-529
-533
-533
-533
-527
-527
-527
-519
-521
-525
-525
-525
-521
-527
-527
-527
-523
-523
-519
-521
-513
-513
-513
-513
-511
-515
-511
-511
-515
-509
-509
-519
-519
-519
-521
-523
-523
-523
-523
-515
-511
-511
-509
-509
-509
-509
-509
-509
-515
-499
-499
-507
-507
-507
-503
-513
-515
-515
-515
-499
-497
-497
-497
-497
-495
-501
-501
-501
-509
-509
-505
-505
-505
-505
-505
-499
-499
-497
-495
-495
-495
-499
-499
-493
-493
-493
-493
-495
-495
-495
-485
-475
-467
-467
-467
-467
-467
-459
-459
-459
-459
-459
-465
-463
-463
-453
-445
-441
-441
-437
-423
-417
-411
-407
-407
-407
-405
-405
-405
-405
-405
-395
-395
-395
-395
-395
-395
-393
-391
-391
-393
-391
-391
-387
-387
-387
-387
-377
-379
-371
-371
-371
-373
-373
-373
-367
-367
-365
-365
-353
-353
-353
-353
-349
-349
-349
-349
-349
-357
-349
-349
-349
-357
-355
-355
-355
-355
-355
-351
-351
-349
-349
-349
-347
-347
-347
-349
-349
-343
-331
-331
-333
-333
-333
-331
-321
-321
-321
-317
-317
-317
-317
-313
-313
-303
-305
-305
-305
-305
-299
-297
-289
-291
-291
-291
-289
-289
-289
-287
-299
-299
-295
-281
-281
-281
-281
-281
-281
-285
-281
-281
-281
-281
-279
-279
-279
-283
-283
-281
-283
-283
-285
-277
-273
-269
-269
-269
-269
-269
-269
-261
-261
-261
-259
-261
-261
-261
-261
-261
-261
-259
-259
-255
-257
-257
-257
-257
-257
-257
-251
-251
-251
-245
-247
-243
-235
-235
-235
-235
-235
-233
-233
-233
-237
-235
-235
-235
-235
-239
-239
-239
-233
-233
-235
-235
-235
-237
-229
-229
-231
-231
-231
-231
-231
-231
-231
-231
-231
-231
-231
-231
-231
-231
-231
-229
-229
-233
-229
-229
-235
-235
-235
-229
-229
-229
-229
-229
-229
-221
-225
-215
-207
-201
-201
-207
-207
-199
-199
-199
-197
-197
-197
-197
-197
-197
-197
-197
-197
-197
-195
-189
-179
-179
-181
-187
-187
-185
-185
-185
-185
-185
-185
-187
-187
-187
-187
-187
-179
-179
-179
-179
-179
-179
-179
-179
-169
-169
-171
-171
-167
-167
-165
-165
-161
-161
-161
-161
-157
-157
-163
-163
-163
-177
-177
-177
-173
-173
-173
-173
-173
-173
-173
-173
-161
-161
-161
-161
-161
-161
-161
-161
-163
-163
-163
-163
-163
-163
-163
-159
-159
-155
-161
-161
-161
-155
-155
-155
-149
-149
-149
-147
-155
-153
-157
-153
-153
-151
-151
-143
-135
-141
-141
-141
-133
-127
-127
-141
-135
-135
-131
-125
-125
-125
-131
-133
-135
-135
-137
-143
-143
-143
-145
-145
-143
-135
-139
-139
-139
-143
-143
-143
-143
-135
-137
-137
-137
-137
-137
-135
-135
-139
-139
-135
-137
-137
-145
-145
-137
-137
-127
-127
-121
-131
-129
-119
-117
-119
-119
-117
-109
-109
-109
-109
-105
-93
-93
-87
-87
-81
-81
-81
-81
-81
-81
-81
-79
-79
-69
-69
-67
-67
-57
-57
-57
-57
-55
-55
-61
-61
-59
-61
-63
-63
-63
-63
-63
-63
-75
-75
-77
-77
-77
-77
-79
-79
-79
-79
-79
-79
-75
-75
-75
-75
-77
-77
-77
-75
-75
-75
-83
-81
-81
-85
-85
-85
-85
-81
-81
-77
-75
-69
-69
-69
-69
-69
-59
-53
-53
-53
-53
-53
-53
-53
-51
-51
-51
-45
-43
-43
-39
-39
-41
-41
-41
-41
-41
-41
-43
-43
-43
-43
-43
-43
-47
-45
-37
-37
-37
-31
-31
-37
-37
-37
-37
-37
-37
-37
-33
-23
-23
-21
-17
-19
-15
-21
-21
-23
-23
-23
-21
-29
-29
-29
-29
-29
-29
-29
-31
-31
-27
-27
-27
-35
-35
-35
-35
-35
-35
-39
-39
-33
-33
-33
-39
-39
-41
-41
-41
-45
-45
-37
-37
-35
-35
-33
-33
-33
-33
-33
-29
-29
-29
-29
-23
-23
-15
-9
-17
-11
-15
-15
-15
-15
-19
-19
-19
-25
-17
-17
-11
-11
-7
-1
-3
-3
-3
-3
-7
-7
-7
-3
-3
-3
-7
-7
-7
-7
-7
-7
-9
-9
-17
-21
-21
-29
-29
-19
-13
-5
-3
-3
-3
-3
-3
-3
-3
-7
-7
-7
-15
-11
-9
-9
-9
-15
-15
-15
-15
-23
-27
-27
-27
-23
-23
-23
-23
-23
-31
-31
-33
-27
-27
-21
-21
-21
-17
-15
-15
-15
-15
-5
-5
-3
-3
-15
-23
-23
-23
-11
-11
-11
-11
-7
-7
-9
-9
-9
-9
-9
-1
-1
-7
-7
-7
-7
-11
-5
-5
-3
-3
-3
-3
-3
1
1
1
7
3
3
5
3
3
-1
-1
1
-1
-5
-5
-5
-5
-5
-5
-5
-5
-5
7
7
15
13
13
11
11
11
11
11
11
19
19
19
25
25
21
21
23
23
15
13
19
19
25
25
25
27
31
31
31
31
35
29
29
27
27
33
43
51
51
59
59
57
57
57
57
57
59
59
51
51
51
51
51
53
45
45
55
55
53
53
53
53
53
57
61
61
57
61
55
55
55
55
49
49
49
49
49
47
47
47
45
45
45
43
43
43
37
37
33
33
33
43
43
43
43
35
35
31
43
43
47
59
59
67
61
59
59
59
59
59
59
59
59
59
67
67
69
69
69
69
69
69
69
69
75
75
77
81
79
79
79
83
83
79
79
79
79
79
83
75
67
67
67
65
65
65
65
65
65
65
65
67
67
69
69
77
71
67
63
63
59
53
53
51
53
53
53
53
53
59
63
59
59
55
55
55
55
59
69
69
73
73
73
75
75
87
91
81
79
79
79
81
83
83
83
83
83
87
87
87
87
87
87
87
87
87
83
83
75
79
79
79
79
77
77
75
75
75
81
71
85
85
89
89
99
99
95
105
105
105
115
115
121
121
133
137
137
135
135
125
123
125
123
131
135
135
145
145
141
137
135
127
127
133
133
133
123
123
123
121
121
121
121
125
129
129
119
113
113
113
113
117
115
115
115
115
117
117
121
121
121
123
129
133
133
135
135
133
133
133
133
137
129
129
129
123
123
123
123
117
123
123
123
123
123
127
127
125
129
129
123
123
129
129
129
129
129
129
129
123
125
125
127
127
127
127
125
125
125
125
125
115
115
115
111
109
121
121
123
123
117
117
119
119
119
121
121
115
121
125
131
131
133
127
127
127
125
121
121
125
125
135
139
139
145
145
145
149
149
149
149
149
149
151
149
149
149
149
149
149
149
145
137
139
139
143
147
147
147
147
143
145
151
151
147
151
151
157
149
149
151
147
141
145
147
153
153
153
153
153
153
155
155
155
155
155
147
147
147
137
133
133
133
143
139
139
139
139
143
143
141
139
139
135
135
135
135
135
137
137
135
133
127
127
125
125
111
119
119
117
117
117
117
119
119
119
119
119
119
121
135
139
139
141
141
139
145
145
141
141
141
141
131
131
129
129
129
125
129
129
123
123
123
123
123
123
119
123
125
119
119
119
115
115
123
123
123
125
121
115
115
117
117
121
125
125
125
133
133
133
137
129
129
127
127
129
129
129
129
129
129
123
123
123
117
125
123
121
117
117
107
107
111
109
109
115
115
111
105
105
105
105
105
105
105
105
105
113
125
123
117
117
113
107
107
107
107
105
105
111
111
111
111
111
111
111
107
111
111
111
111
111
105
113
111
111
115
115
115
115
111
103
103
99
99
107
111
111
111
111
111
117
117
129
129
123
123
125
125
131
131
131
135
135
137
137
143
143
139
147
147
147
141
141
135
135
131
135
137
143
143
143
151
145
145
145
137
145
145
145
145
141
141
143
143
135
135
135
143
143
147
147
157
157
151
151
151
149
149
147
147
141
141
141
141
141
141
141
141
141
141
149
149
151
147
147
143
145
131
131
131
129
129
129
129
125
125
125
125
129
125
125
125
123
123
121
121
121
123
123
123
129
129
129
131
131
131
131
129
125
117
117
117
117
117
117
125
125
117
117
117
123
123
123
121
123
127
121
117
117
115
111
111
111
111
111
111
111
111
111
115
115
115
115
115
115
115
125
123
123
123
119
119
119
119
119
117
131
125
125
123
123
125
123
123
115
121
121
121
129
129
129
129
137
145
145
145
151
149
147
147
147
155
155
155
155
157
157
157
149
147
147
135
133
133
133
133
133
133
127
133
133
133
133
133
131
135
135
137
137
131
127
127
127
131
131
133
135
135
133
135
129
129
121
121
119
119
123
123
123
119
113
119
117
117
117
117
117
117
115
121
127
127
127
129
129
135
135
139
139
139
131
131
135
139
139
139
139
137
147
145
145
141
141
141
141
141
141
141
141
141
139
133
123
123
123
123
123
131
131
131
131
131
131
135
135
135
125
125
123
123
123
123
123
131
131
129
129
133
133
133
125
125
125
125
125
125
125
125
127
127
127
127
127
125
131
131
131
133
133
133
133
141
153
153
153
157
157
173
173
179
179
179
179
181
181
181
193
193
195
195
195
195
187
187
187
187
187
187
175
167
167
165
163
161
161
161
161
161
165
157
159
165
159
151
151
151
151
139
139
133
141
141
141
141
141
139
129
129
131
135
127
133
133
137
137
137
137
137
139
145
145
145
145
145
145
145
145
143
143
155
159
167
167
167
165
159
159
159
159
159
159
157
159
159
161
147
141
143
143
143
143
143
137
137
137
137
137
133
127
127
117
117
121
121
121
121
121
131
131
131
131
131
135
135
137
137
141
137
141
141
139
123
123
123
119
125
125
131
131
143
143
151
151
153
153
153
153
155
155
155
165
165
165
165
165
161
161
161
161
161
161
161
163
163
163
163
157
155
163
157
163
163
163
163
157
157
165
171
171
171
169
167
177
177
177
177
177
177
177
177
193
193
191
191
191
189
189
181
171
171
179
167
167
167
167
169
165
165
165
165
173
177
177
175
169
169
169
169
169
169
169
169
169
167
167
167
167
161
161
161
161
163
163
163
163
163
163
163
165
177
177
177
177
175
181
185
185
185
185
185
181
177
177
165
175
167
167
163
167
173
175
177
173
173
173
173
171
171
171
171
171
167
161
161
161
167
167
167
167
167
161
161
161
161
161
159
159
161
161
161
157
165
171
169
177
169
161
155
155
155
149
149
149
149
155
159
159
159
159
159
159
159
159
165
165
165
165
165
165
163
159
161
161
161
163
161
163
173
179
179
179
179
179
179
179
177
183
181
181
181
181
193
193
193
195
187
187
187
185
185
185
185
185
177
177
177
191
191
191
191
179
179
179
179
179
179
183
187
187
187
191
191
187
185
179
183
183
187
189
191
185
185
185
177
175
185
185
185
197
197
195
195
195
195
191
191
193
189
189
189
185
185
193
197
197
197
197
197
197
191
191
191
191
191
191
199
199
199
201
201
195
195
195
189
189
187
187
187
187
185
185
185
187
187
181
181
181
175
169
175
173
173
173
169
169
175
175
173
173
173
173
187
187
195
187
193
193
193
191
191
191
191
191
191
191
197
197
197
197
201
201
201
207
207
209
201
199
199
189
189
189
189
189
183
183
181
193
193
193
193
189
193
193
193
193
199
195
193
193
191
195
195
195
199
193
193
191
187
187
191
187
187
185
185
185
185
185
179
183
183
183
187
183
183
189
189
189
183
183
181
191
191
187
193
193
193
193
183
187
195
185
183
183
183
185
185
185
187
193
193
195
195
191
191
191
191
185
191
187
187
185
187
189
189
189
193
193
201
201
201
201
213
213
213
217
217
217
217
217
217
215
215
215
215
215
215
215
215
221
221
221
221
225
217
217
219
219
217
229
235
235
235
235
225
225
225
225
231
235
241
241
247
241
241
249
245
245
241
241
243
243
249
243
243
251
251
243
229
229
237
237
239
237
237
237
237
237
235
227
227
231
229
231
231
231
231
231
235
235
235
235
237
237
237
237
237
237
237
237
237
245
249
249
249
249
249
253
257
257
257
261
257
255
255
261
261
263
263
263
263
263
263
267
267
267
259
255
255
255
255
255
257
257
259
259
263
263
261
261
261
261
255
255
255
255
255
265
259
261
257
255
255
255
255
255
263
269
275
275
277
277
271
271
271
271
273
275
275
273
273
279
279
273
273
273
269
273
273
279
279
283
283
279
281
281
291
291
291
291
291
291
291
299
301
301
303
303
303
305
305
305
305
293
303
307
307
305
305
303
303
295
299
299
301
297
303
305
309
309
309
321
323
317
309
309
317
311
309
309
309
309
311
305
305
305
311
311
311
311
309
317
313
313
313
313
315
315
315
315
313
315
317
317
317
329
333
333
333
333
333
329
325
327
329
329
329
323
323
323
323
323
321
321
321
319
319
319
319
313
313
313
313
319
319
319
319
313
317
327
327
327
327
327
315
319
315
315
315
317
323
323
323
329
329
329
329
329
329
331
331
345
345
341
333
333
333
333
331
331
331
331
331
331
327
335
335
335
335
335
335
335
333
329
329
329
333
331
325
321
325
325
325
325
327
327
327
327
327
327
327
325
319
319
311
303
303
303
295
297
297
315
315
303
303
303
303
303
303
311
311
311
311
311
321
319
309
309
301
297
297
295
293
291
291
291
291
291
291
279
275
267
267
277
271
271
275
275
269
269
273
273
273
273
273
273
273
273
267
267
267
267
261
261
261
267
271
273
273
273
267
259
267
267
265
265
265
273
273
277
277
277
277
279
279
279
285
285
285
285
285
285
285
285
285
299
303
303
307
307
307
305
305
309
309
309
299
299
291
291
291
281
277
277
273
273
273
277
277
277
277
277
273
273
277
273
273
269
261
261
261
259
259
259
257
251
251
251
251
251
251
251
257
255
249
249
249
251
251
251
251
245
247
249
249
249
249
249
249
249
249
249
247
247
249
247
247
247
247
247
247
249
253
253
253
253
253
253
253
247
243
243
253
243
251
251
251
253
249
249
249
245
245
245
245
245
245
245
249
249
249
241
241
241
249
249
251
251
251
257
257
257
253
253
239
239
239
231
231
231
231
235
235
235
243
251
245
253
253
251
249
247
241
239
249
245
241
243
243
247
247
249
251
251
251
249
249
249
243
237
237
237
237
237
241
247
247
241
235
241
241
239
239
245
245
249
249
245
245
245
245
245
259
261
261
255
255
255
255
255
255
259
259
259
259
261
261
261
261
261
259
259
261
261
263
263
263
263
263
263
261
263
267
259
259
259
259
259
257
253
253
251
251
255
255
255
247
249
249
249
249
245
245
245
245
245
245
245
245
241
243
243
245
245
245
245
245
241
241
239
239
233
223
221
229
229
229
225
217
213
213
213
213
213
217
217
223
223
223
223
223
223
217
217
209
209
209
209
209
209
209
207
205
203
199
199
199
203
203
203
205
205
197
197
197
197
197
189
181
183
183
185
185
179
183
183
179
179
187
181
181
181
181
181
181
177
179
181
185
185
185
185
187
195
195
195
195
203
199
203
191
189
189
193
193
191
191
185
187
191
189
189
189
191
183
183
185
189
189
183
187
187
187
187
185
187
187
187
187
187
185
179
179
179
175
175
179
179
179
179
183
183
183
183
183
177
177
177
177
169
169
173
169
169
173
179
187
187
187
187
187
187
187
183
183
183
183
183
183
191
191
195
197
197
197
197
197
197
197
195
195
189
189
193
193
195
191
185
185
189
195
193
193
193
193
191
197
197
197
199
199
203
201
193
193
195
197
199
203
203
191
181
181
175
181
181
181
183
183
183
183
183
177
177
177
181
181
181
181
191
191
183
185
191
191
191
191
201
199
187
187
183
185
181
181
181
181
181
183
181
185
193
205
199
199
201
201
201
201
203
203
203
189
189
189
191
193
197
197
197
195
193
195
199
199
199
199
199
199
199
199
197
195
189
189
189
193
199
199
199
189
189
191
187
185
191
191
199
199
199
203
199
199
199
203
201
201
205
205
205
205
205
209
209
209
203
203
203
203
203
203
203
197
197
191
189
189
189
183
183
183
183
183
183
183
189
189
189
189
189
191
193
193
193
193
191
195
197
197
193
193
193
197
197
197
195
197
197
197
197
197
201
199
203
203
205
201
201
191
187
191
201
209
209
209
209
209
209
215
215
209
209
209
209
211
205
205
205
205
215
207
207
203
197
203
205
205
205
205
205
205
205
205
203
209
209
209
213
209
209
213
215
215
217
215
215
207
201
201
199
187
187
185
185
185
185
181
179
191
191
191
191
185
177
177
179
179
179
179
179
179
181
191
195
195
193
193
189
187
175
175
175
175
169
177
181
193
197
201
195
195
195
195
195
195
195
195
181
187
189
183
183
189
189
179
175
165
165
165
161
161
161
161
159
159
159
159
159
159
161
163
159
159
153
149
149
149
153
155
155
157
155
155
155
153
153
153
153
153
153
153
153
153
145
145
145
145
145
145
145
145
145
145
145
145
135
131
133
127
129
129
129
135
127
137
137
137
137
137
137
127
127
127
123
123
123
123
123
129
131
129
129
131
131
131
131
131
141
141
135
127
127
129
129
121
111
103
103
101
105
105
103
103
103
97
103
107
107
107
107
107
107
101
105
105
111
121
121
117
113
115
101
105
107
107
105
115
115
115
121
109
105
105
105
105
107
109
109
109
109
109
111
119
127
123
123
121
123
123
123
123
123
123
123
123
123
123
125
125
125
129
129
129
129
129
129
123
123
123
123
123
125
125
127
127
127
129
129
127
133
133
133
135
135
129
129
135
145
141
145
145
145
151
151
151
145
145
145
145
139
137
137
137
141
141
143
143
143
143
143
143
143
143
143
141
141
141
141
129
129
133
133
139
149
153
153
153
153
153
157
159
153
161
157
161
165
165
165
163
161
161
161
165
165
169
169
169
183
187
187
187
187
187
187
187
189
189
189
189
187
187
195
195
201
201
201
201
201
195
201
201
201
207
207
207
207
201
201
201
201
205
205
205
205
205
205
207
207
207
207
209
205
189
195
195
195
195
193
193
199
195
195
195
195
195
197
197
189
197
197
197
197
199
187
187
187
187
187
181
181
181
183
187
187
175
175
175
171
171
171
171
171
171
167
177
177
177
177
181
187
195
195
195
195
203
201
201
201
201
197
197
203
207
213
213
213
209
209
207
209
201
205
213
213
219
209
209
215
215
215
215
215
211
219
221
223
229
229
231
235
235
229
227
225
225
225
231
231
231
221
217
217
215
215
215
215
211
217
221
221
221
213
213
217
217
211
217
217
217
217
219
211
207
205
205
205
205
205
207
217
217
229
231
231
231
225
229
229
229
229
221
221
221
221
221
227
227
223
229
229
237
237
237
243
237
231
231
231
231
231
233
233
233
225
225
221
221
213
213
221
221
233
227
227
235
241
241
241
241
229
227
227
227
239
239
239
239
235
235
235
235
235
235
235
235
245
237
237
237
245
237
237
239
233
233
229
229
231
231
223
217
217
231
233
231
231
231
231
231
231
231
235
235
235
235
235
229
229
229
219
217
217
217
223
223
221
221
221
221
221
221
223
223
225
225
229
231
231
231
231
231
225
225
237
237
231
231
229
229
221
217
215
209
209
209
209
209
209
209
209
217
217
217
217
217
209
215
215
215
215
215
215
229
223
215
215
213
213
221
225
225
225
225
225
225
225
225
225
229
231
227
227
225
225
223
223
221
221
229
233
233
235
225
225
229
227
227
227
221
219
219
219
219
227
221
221
209
199
201
203
203
203
201
201
201
203
205
199
199
199
201
203
215
213
215
209
209
207
203
203
203
199
205
197
207
205
205
205
205
205
205
211
213
213
213
213
213
205
205
211
211
209
207
207
205
203
203
203
187
185
185
187
187
189
189
187
195
193
189
195
195
181
187
181
181
197
195
197
197
193
189
189
189
189
187
195
187
187
199
199
199
199
195
193
193
193
193
193
193
193
193
193
193
195
195
195
201
205
205
205
209
209
209
209
209
209
205
203
203
203
203
199
199
199
191
191
191
187
187
187
195
195
195
195
197
197
197
197
189
189
189
185
185
187
187
173
177
181
181
181
175
179
181
181
179
179
185
185
189
189
189
189
189
191
195
203
203
205
205
205
203
203
199
199
199
199
199
191
191
191
191
191
191
191
189
189
189
189
185
181
181
181
181
181
187
187
187
197
197
197
211
209
209
207
207
205
203
193
183
177
177
165
165
165
177
187
185
183
183
185
189
189
195
197
201
201
201
205
205
209
209
207
207
211
209
209
209
205
205
205
195
195
195
195
193
195
197
197
197
197
197
197
191
187
187
187
187
183
183
185
185
187
171
177
177
177
173
171
173
167
177
179
179
179
179
177
177
177
173
173
177
175
173
173
173
171
171
175
167
167
167
167
167
167
167
163
163
167
177
177
177
179
185
185
187
193
187
187
189
195
195
195
197
193
193
189
193
193
203
203
207
207
205
205
201
201
207
207
207
207
205
209
209
205
205
205
201
201
203
203
207
207
209
215
219
219
219
219
215
211
211
209
209
195
193
189
189
189
189
193
193
189
195
197
197
197
197
197
197
197
193
193
193
193
193
189
193
193
197
197
197
195
197
191
191
191
193
193
195
195
185
185
185
185
185
191
197
197
203
197
197
207
207
217
217
215
219
219
219
219
219
219
221
221
219
211
211
211
207
207
207
207
207
207
199
199
199
199
199
191
191
191
191
191
199
199
199
199
199
199
203
201
201
199
199
189
189
195
195
195
195
193
193
193
193
191
191
191
197
195
193
201
201
203
199
199
197
197
193
191
199
207
217
217
209
215
215
215
215
203
195
195
195
195
195
203
201
199
199
199
199
199
205
205
205
205
205
205
205
199
199
199
193
197
201
201
207
211
215
221
215
203
205
213
213
213
211
211
211
219
219
211
215
215
227
227
231
231
231
231
231
237
241
237
241
249
249
241
241
241
245
251
241
241
239
239
239
237
237
237
241
237
237
237
237
237
237
237
231
231
231
229
227
227
227
227
229
229
225
225
215
215
215
215
227
227
227
227
229
229
225
223
223
223
223
223
209
209
209
217
215
217
217
217
209
209
209
209
209
209
211
219
219
219
219
221
213
209
215
215
215
215
223
229
227
229
229
229
229
229
221
219
221
221
221
229
223
223
217
217
217
217
213
209
217
217
223
223
223
223
223
227
227
227
227
227
227
227
225
219
231
231
229
229
229
229
229
229
221
221
221
225
225
229
237
237
237
237
237
237
237
245
251
251
251
245
235
235
235
233
233
233
233
233
237
237
243
243
243
243
245
245
245
245
245
245
247
241
237
237
237
235
241
245
245
247
247
247
243
243
243
243
251
251
247
249
249
255
251
241
241
241
237
241
241
241
237
233
233
235
235
239
233
231
229
233
233
233
219
219
207
207
207
203
203
205
205
201
201
195
189
187
187
187
187
185
187
187
187
177
179
173
173
173
177
177
187
187
189
189
189
197
199
201
197
191
185
185
189
189
189
189
189
195
203
193
193
193
193
195
197
197
197
183
187
187
193
195
195
195
195
195
193
193
193
193
183
179
179
177
177
177
173
181
173
185
193
193
193
193
197
193
199
199
199
199
199
199
199
199
199
195
195
195
195
195
195
203
203
213
213
223
223
223
219
219
221
219
219
223
227
227
233
233
233
233
227
231
225
225
225
225
215
215
215
215
223
223
231
231
231
231
231
231
237
237
227
227
227
227
229
229
229
233
233
233
237
243
243
243
243
231
231
233
229
229
223
219
221
225
225
225
225
233
233
239
239
239
239
235
235
235
235
233
233
231
231
231
223
219
219
219
227
227
235
235
247
247
237
233
227
227
221
227
233
231
231
227
227
227
227
225
225
225
213
213
213
215
217
209
209
217
217
217
225
225
213
213
213
213
207
207
199
199
199
211
205
205
205
205
205
205
207
207
209
209
211
213
213
213
213
213
201
201
201
201
201
201
205
205
201
201
189
189
189
193
193
193
191
191
191
187
193
191
193
193
193
193
193
193
193
191
191
195
195
195
189
181
179
177
173
169
171
171
173
173
171
169
175
175
175
171
159
155
155
155
165
171
171
169
169
169
165
161
151
161
155
149
151
149
149
149
147
147
147
147
147
153
153
153
159
159
159
155
151
143
143
143
133
133
121
121
121
125
133
133
133
133
133
133
135
131
129
129
129
123
123
117
117
117
115
115
115
125
129
129
129
129
119
119
119
119
111
107
109
109
109
109
109
115
115
111
113
123
123
123
123
123
123
123
123
123
117
121
121
121
121
131
135
135
139
139
143
143
149
149
149
149
149
143
151
159
159
161
159
161
161
161
151
149
149
147
147
147
147
147
153
153
155
155
155
155
159
159
159
151
151
151
151
151
151
151
151
147
147
151
161
161
161
161
161
161
161
161
161
161
167
167
161
161
161
161
161
161
157
161
159
157
155
155
153
153
151
151
167
167
167
167
167
167
167
167
175
175
179
179
179
179
179
179
185
185
195
197
197
197
183
183
187
175
167
165
165
167
163
173
165
165
165
163
163
163
163
163
167
161
161
161
161
163
163
163
163
163
167
167
163
159
159
159
151
151
151
143
143
143
143
135
135
135
141
143
143
143
143
143
143
143
133
133
135
141
141
141
141
141
143
141
141
141
143
143
143
143
143
145
145
139
139
143
147
147
147
143
147
147
143
143
145
141
133
133
133
133
133
135
139
139
139
151
151
151
151
145
145
145
153
151
153
147
147
155
153
153
153
153
153
161
159
159
157
157
157
161
171
171
177
177
177
173
175
181
181
183
183
189
189
193
193
187
187
185
185
185
185
195
195
205
205
209
209
209
209
211
207
211
211
203
201
191
191
191
197
197
193
191
195
191
195
195
195
193
187
187
183
183
187
187
187
179
177
177
177
179
175
175
187
189
189
189
189
189
189
189
191
189
187
187
183
183
183
183
177
177
177
177
177
177
191
191
191
189
195
195
203
203
203
189
185
185
185
191
187
189
189
189
183
183
183
183
167
161
167
171
171
171
173
171
171
171
173
165
165
165
165
165
181
181
181
181
187
187
197
197
197
201
203
203
203
203
203
207
213
213
213
213
213
205
203
199
207
213
209
209
209
209
213
213
213
223
225
231
231
231
229
229
229
227
227
227
227
227
233
233
235
223
223
223
223
223
223
223
223
223
235
233
247
243
237
245
245
245
243
237
237
245
253
253
253
253
253
253
251
255
255
255
253
257
257
259
263
249
245
245
245
245
251
251
251
257
257
257
253
255
259
259
259
259
259
259
259
259
259
265
265
265
265
265
265
265
265
265
253
255
255
255
245
245
245
245
245
245
245
245
241
239
239
239
235
237
233
223
223
223
223
231
237
237
233
233
233
229
231
231
237
237
239
239
235
233
235
227
225
237
237
241
241
241
241
241
241
239
239
239
239
239
235
235
235
235
235
235
235
243
241
241
237
233
237
237
237
231
231
231
231
231
237
237
243
245
245
247
247
247
249
249
239
241
241
241
241
241
249
249
253
243
243
247
247
247
249
249
249
251
253
251
247
247
247
247
253
253
247
247
247
247
247
245
245
241
241
241
241
241
235
239
239
247
247
247
247
255
261
267
267
267
267
257
257
257
255
253
253
253
253
253
251
255
267
273
273
273
275
275
275
277
277
271
273
277
271
269
269
267
267
267
267
267
267
267
269
271
271
271
271
271
271
271
269
279
279
277
277
277
277
273
269
269
269
259
259
261
261
259
255
253
249
247
247
247
237
237
237
227
227
227
233
237
235
231
237
237
237
237
237
237
237
237
237
237
239
239
249
241
249
249
253
251
251
251
243
243
243
243
243
243
237
237
227
227
219
219
219
219
225
225
225
227
227
227
233
231
231
239
237
233
233
221
221
221
223
223
223
223
223
221
221
211
207
201
205
195
199
199
199
207
207
207
207
217
223
223
215
207
205
205
213
213
213
213
219
219
217
217
217
217
219
221
221
221
221
221
221
221
221
221
221
211
211
211
211
211
207
205
205
199
207
207
207
215
215
215
219
221
221
221
219
221
221
213
215
215
215
215
211
213
213
217
217
217
211
213
213
213
211
195
191
191
201
201
201
199
199
199
199
195
185
177
177
183
181
181
177
177
177
169
169
165
165
165
165
165
165
165
165
155
155
151
151
147
147
147
147
147
147
147
147
147
151
155
155
161
159
157
157
167
173
173
167
173
177
173
173
165
165
165
167
167
167
177
175
189
189
203
203
195
195
195
195
195
195
195
197
193
191
191
187
191
199
201
201
203
209
209
209
209
205
199
205
205
211
211
217
217
221
221
221
221
215
215
215
215
215
219
219
215
215
221
221
221
221
221
221
227
225
229
223
235
233
229
231
231
231
231
221
221
221
217
217
217
217
221
229
229
233
227
227
219
219
219
223
223
223
223
223
225
235
233
233
233
233
233
233
233
233
233
233
237
237
237
235
237
237
235
239
239
239
237
237
237
237
237
237
251
251
251
239
239
239
239
237
237
235
235
237
237
237
237
235
235
235
235
235
235
233
233
225
225
225
225
225
237
237
229
223
213
213
207
207
203
197
203
207
207
207
209
209
209
207
215
215
215
213
213
225
229
227
227
221
221
221
225
227
227
227
227
227
227
227
227
239
237
233
233
233
233
233
241
249
249
255
255
253
259
259
261
261
261
265
263
263
255
255
247
247
247
255
255
253
247
247
247
247
241
247
247
247
249
257
255
255
257
257
247
247
237
245
237
243
249
249
249
249
249
249
249
249
249
249
249
249
249
249
249
245
245
261
253
253
253
247
247
245
245
247
253
247
253
253
245
245
245
251
253
253
251
251
251
251
241
241
241
241
241
245
245
245
237
231
231
231
227
223
223
227
227
227
227
227
227
227
227
227
227
229
235
235
235
231
231
237
237
237
237
237
237
241
241
233
237
237
235
243
231
223
223
223
235
235
237
229
229
223
223
223
223
215
215
207
199
203
203
215
215
215
213
213
213
219
209
201
203
203
203
203
207
207
205
205
205
207
209
209
209
205
205
201
201
201
201
201
203
205
205
205
207
197
201
209
209
209
213
213
213
205
205
205
203
203
205
209
207
209
209
209
209
209
209
203
191
193
193
193
193
193
189
189
189
191
183
183
179
179
179
179
169
169
175
175
175
177
175
175
175
175
181
181
181
181
181
185
181
181
181
181
181
181
177
173
173
173
173
175
189
189
189
189
189
193
193
197
197
197
207
211
211
213
213
211
211
207
207
207
207
211
213
219
215
215
215
211
211
211
211
211
211
211
211
211
211
211
211
215
213
207
207
203
203
203
195
203
203
203
199
199
199
199
211
211
211
211
211
211
211
211
211
213
213
211
211
211
211
211
207
207
201
201
203
195
195
199
193
187
191
191
191
191
191
195
189
189
189
189
189
203
197
197
193
193
193
193
193
189
189
185
185
181
189
193
193
193
193
195
195
195
195
187
187
187
183
183
185
185
183
183
189
189
189
185
185
189
193
193
193
193
191
191
191
195
195
195
195
195
193
185
185
185
183
183
183
183
173
177
177
177
169
169
169
181
175
167
167
167
167
165
165
165
165
165
165
165
163
163
161
161
161
161
161
161
161
169
167
165
169
173
181
183
183
181
185
191
191
191
191
191
191
191
191
191
189
187
195
199
199
199
203
203
203
205
209
209
213
213
213
213
213
213
213
217
209
215
215
219
219
219
219
219
219
219
219
219
219
219
221
219
219
219
217
217
207
209
213
213
213
205
205
203
203
205
201
201
205
207
211
219
217
217
217
217
217
221
221
213
213
225
225
233
233
233
233
231
229
225
223
215
215
215
215
211
199
199
205
213
211
213
213
217
213
217
221
221
221
231
233
229
229
227
219
221
221
221
221
221
227
229
229
229
229
233
233
231
231
231
231
231
231
227
225
229
227
227
229
229
229
229
229
233
239
241
241
243
235
227
227
235
229
233
233
229
229
229
229
229
229
229
227
227
227
223
223
217
223
217
225
225
231
231
239
249
249
249
253
251
251
243
245
255
255
255
257
257
251
251
243
233
227
227
223
225
231
231
229
229
229
217
217
205
205
201
201
209
205
205
215
215
215
213
215
219
219
219
219
219
209
209
209
209
209
209
209
209
205
205
205
205
197
193
205
205
201
197
197
197
201
199
199
203
213
215
207
207
207
207
211
211
211
215
223
223
223
223
231
231
231
231
227
223
221
215
219
219
215
215
217
223
223
229
229
241
245
245
245
245
255
261
261
255
259
259
259
259
259
259
269
269
269
269
271
265
265
271
271
273
273
273
273
273
277
273
273
269
269
269
269
273
273
267
267
267
267
275
275
273
273
273
273
275
275
269
263
263
261
261
261
261
261
261
261
253
253
253
