-2613
-2613
-2609
-2601
-2599
-2589
-2585
-2577
-2563
-2569
-2561
-2555
-2547
-2547
-2545
-2525
-2523
-2513
-2515
-2507
-2499
-2493
-2485
-2479
-2473
-2461
-2451
-2441
-2435
-2433
-2437
-2433
-2425
-2419
-2411
-2407
-2407
-2403
-2403
-2393
-2387
-2381
-2377
-2373
-2367
-2357
-2351
-2347
-2335
-2325
-2317
-2305
-2301
-2303
-2301
-2299
-2295
-2289
-2285
-2279
-2279
-2271
-2271
-2263
-2261
-2251
-2245
-2245
-2237
-2227
-2221
-2211
-2209
-2207
-2195
-2185
-2185
-2177
-2173
-2169
-2159
-2149
-2143
-2133
-2125
-2121
-2109
-2103
-2097
-2083
-2079
-2075
-2073
-2067
-2059
-2051
-2053
-2045
-2035
-2039
-2037
-2029
-2021
-2013
-2009
-2005
-1993
-1993
-1983
-1983
-1977
-1971
-1971
-1961
-1967
-1967
-1963
-1957
-1949
-1941
-1933
-1929
-1921
-1915
-1923
-1923
-1921
-1913
-1905
-1905
-1889
-1891
-1877
-1881
-1883
-1879
-1869
-1863
-1855
-1863
-1861
-1855
-1849
-1849
-1849
-1843
-1833
-1827
-1817
-1809
-1807
-1797
-1797
-1801
-1805
-1803
-1807
-1799
-1793
-1789
-1793
-1785
-1783
-1775
-1773
-1759
-1751
-1751
-1749
-1745
-1747
-1743
-1735
-1733
-1735
-1731
-1731
-1725
-1719
-1727
-1725
-1723
-1729
-1721
-1717
-1705
-1697
-1693
-1681
-1669
-1669
-1659
-1653
-1657
-1645
-1641
-1639
-1641
-1633
-1619
-1617
-1611
-1607
-1599
-1593
-1587
-1587
-1577
-1575
-1577
-1565
-1551
-1543
-1533
-1529
-1521
-1511
-1497
-1481
-1475
-1465
-1459
-1455
-1455
-1457
-1471
-1463
-1463
-1453
-1443
-1441
-1433
-1439
-1435
-1431
-1425
-1427
-1419
-1421
-1413
-1415
-1415
-1415
-1415
-1419
-1419
-1409
-1405
-1399
-1393
-1387
-1375
-1365
-1365
-1361
-1349
-1343
-1343
-1339
-1337
-1331
-1329
-1329
-1321
-1313
-1305
-1299
-1289
-1289
-1281
-1277
-1279
-1265
-1257
-1267
-1257
-1245
-1243
-1245
-1241
-1235
-1235
-1229
-1213
-1213
-1201
-1201
-1189
-1183
-1181
-1173
-1169
-1161
-1169
-1151
-1137
-1133
-1121
-1113
-1105
-1099
-1095
-1081
-1081
-1079
-1075
-1067
-1063
-1063
-1055
-1047
-1043
-1037
-1031
-1027
-1019
-1007
-1003
-1001
-995
-995
-991
-991
-987
-977
-979
-969
-969
-963
-959
-959
-943
-933
-935
-923
-923
-915
-923
-923
-933
-925
-921
-923
-915
-901
-899
-891
-895
-901
-899
-897
-895
-887
-889
-879
-873
-869
-871
-877
-867
-865
-867
-859
-859
-857
-861
-859
-861
-849
-849
-853
-847
-841
-837
-833
-823
-821
-825
-829
-825
-821
-817
-813
-811
-807
-803
-793
-797
-789
-785
-781
-779
-789
-793
-797
-799
-807
-795
-783
-771
-769
-769
-769
-753
-751
-749
-747
-735
-725
-721
-723
-719
-711
-713
-715
-713
-701
-705
-705
-703
-707
-705
-703
-703
-703
-693
-693
-693
-693
-699
-697
-699
-707
-703
-707
-703
-697
-683
-683
-679
-677
-675
-673
-665
-665
-655
-651
-647
-631
-637
-639
-635
-635
-629
-625
-613
-601
-601
-599
-591
-589
-591
-599
-587
-577
-577
-571
-559
-553
-553
-539
-541
-541
-545
-551
-549
-547
-543
-535
-541
-533
-531
-525
-537
-543
-545
-541
-533
-541
-541
-547
-551
-547
-543
-547
-539
-539
-543
-543
-537
-527
-525
-527
-533
-521
-523
-519
-511
-505
-503
-503
-491
-495
-493
-495
-491
-487
-485
-485
-477
-485
-483
-481
-477
-473
-473
-469
-463
-455
-455
-457
-463
-465
-463
-469
-471
-467
-461
-453
-447
-445
-437
-429
-431
-423
-427
-427
-421
-421
-421
-415
-417
-417
-403
-405
-399
-399
-395
-397
-381
-377
-375
-371
-365
-365
-353
-347
-341
-341
-337
-333
-329
-313
-315
-313
-313
-315
-317
-307
-313
-301
-301
-295
-291
-291
-287
-285
-277
-273
-263
-267
-257
-255
-251
-245
-247
-259
-255
-263
-257
-261
-253
-247
-241
-233
-229
-223
-223
-217
-215
-199
-199
-199
-195
-191
-175
-175
-171
-171
-163
-165
-165
-165
-169
-169
-173
-175
-173
-169
-167
-155
-151
-155
-161
-161
-157
-153
-157
-167
-163
-171
-173
-177
-171
-169
-173
-179
-181
-179
-179
-173
-181
-175
-177
-183
-183
-175
-185
-191
-191
-187
-189
-177
-177
-167
-161
-157
-161
-153
-153
-157
-145
-155
-151
-157
-151
-159
-171
-179
-183
-183
-183
-191
-185
-193
-191
-189
-191
-189
-191
-193
-189
-185
-185
-181
-173
-171
-171
-171
-175
-179
-169
-163
-161
-153
-149
-141
-145
-151
-143
-149
-155
-157
-145
-141
-139
-135
-129
-129
-129
-129
-117
-121
-125
-135
-139
-133
-139
-135
-135
-147
-143
-147
-145
-155
-149
-147
-141
-133
-129
-125
-125
-125
-123
-121
-127
-125
-113
-117
-117
-111
-97
-99
-103
-101
-105
-103
-101
-107
-99
-95
-103
-107
-109
-113
-113
-115
-117
-109
-103
-91
-87
-89
-89
-93
-95
-99
-93
-97
-91
-93
-89
-95
-97
-105
-119
-117
-117
-121
-121
-127
-121
-109
-117
-111
-119
-121
-119
-123
-123
-121
-125
-119
-121
-111
-107
-107
-103
-103
-109
-111
-111
-107
-107
-111
-111
-103
-101
-103
-105
-109
-109
-99
-91
-87
-93
-101
-103
-97
-107
-109
-105
-105
-115
-119
-117
-117
-113
-115
-113
-113
-109
-97
-93
-97
-95
-93
-103
-101
-103
-91
-91
-87
-87
-91
-91
-83
-87
-83
-83
-85
-85
-89
-93
-91
-87
-89
-83
-77
-81
-85
-95
-97
-93
-89
-93
-91
-91
-99
-91
-87
-85
-85
-83
-79
-75
-85
-83
-83
-85
-95
-97
-103
-99
-85
-77
-85
-79
-79
-87
-83
-89
-93
-95
-91
-93
-85
-75
-81
-71
-67
-63
-73
-69
-69
-77
-77
-79
-91
-97
-95
-95
-99
-97
-95
-95
-97
-109
-101
-95
-97
-95
-95
-105
-115
-125
-123
-129
-129
-139
-141
-137
-137
-133
-131
-123
-125
-127
-133
-129
-133
-123
-129
-129
-123
-123
-121
-117
-117
-117
-119
-117
-119
-119
-119
-111
-119
-123
-123
-127
-121
-111
-117
-115
-115
-115
-117
-115
-123
-119
-125
-115
-115
-109
-107
-103
-103
-109
-103
-99
-95
-99
-95
-93
-97
-87
-91
-89
-83
-77
-69
-67
-67
-63
-63
-61
-57
-49
-53
-47
-45
-47
-41
-37
-31
-27
-27
-27
-25
-23
-33
-37
-45
-37
-33
-25
-25
-29
-25
-21
-17
-11
-7
1
-5
-7
-5
-3
5
3
-1
5
11
9
19
25
17
15
15
11
5
13
9
13
5
5
5
-1
-3
-3
-3
-1
-9
-13
-17
-19
-25
-15
-17
-11
-15
-21
-23
-25
-39
-45
-41
-35
-37
-35
-35
-29
-23
-21
-19
-25
-29
-29
-33
-39
-35
-33
-33
-25
-17
-21
-23
-19
-17
-17
-19
-17
-13
-11
-11
-9
-15
-11
-7
-11
-9
-5
5
7
5
11
15
11
13
7
-3
-7
-15
-3
-1
1
7
9
5
1
-1
7
13
15
9
5
3
7
13
21
21
17
17
11
13
11
11
19
27
21
17
11
11
7
9
21
15
21
23
13
5
-1
3
3
5
5
5
7
5
5
-5
-15
-9
-5
-5
-11
3
-1
1
9
7
9
13
5
15
17
17
19
19
17
21
21
15
9
17
21
27
29
35
45
45
31
33
41
37
39
33
27
29
29
31
35
35
39
35
31
25
23
27
31
33
43
55
55
51
41
41
41
37
35
37
37
41
39
45
51
47
55
59
63
61
51
41
41
39
35
37
43
43
43
45
53
49
53
53
57
57
59
69
69
67
59
53
57
61
51
51
41
49
45
53
49
43
41
41
37
37
45
51
51
47
47
51
51
47
41
33
31
37
37
39
33
27
29
27
21
9
-3
1
3
7
13
13
17
13
17
19
13
17
23
25
23
19
27
25
21
23
31
27
29
29
25
33
31
31
25
27
23
25
19
13
17
21
25
27
21
21
23
23
21
9
5
9
9
3
7
11
15
27
17
9
5
3
15
13
21
25
29
29
39
47
47
43
47
39
37
39
47
53
53
49
53
53
51
59
63
61
69
71
73
69
77
83
87
83
89
87
89
85
89
91
89
85
85
87
81
83
87
87
91
97
89
85
89
83
77
77
73
67
65
65
65
65
61
65
65
67
63
63
75
73
65
61
69
69
69
73
79
83
83
71
69
67
59
61
67
71
75
73
75
75
65
67
63
69
69
67
63
51
57
47
39
45
53
55
47
43
43
47
51
49
43
53
47
47
35
33
35
37
37
43
45
45
41
39
35
35
35
35
39
37
39
47
53
57
65
59
55
51
47
51
49
53
47
43
43
51
53
61
67
59
59
71
79
67
65
65
57
57
59
51
41
39
37
39
45
63
63
57
49
49
55
47
55
53
59
61
61
59
57
57
63
69
77
73
73
77
71
67
73
73
83
83
87
91
95
99
97
95
97
99
99
103
115
107
119
113
105
111
111
103
101
105
109
109
111
115
115
111
115
107
95
99
99
103
107
107
115
111
111
113
115
119
125
133
125
125
129
127
127
133
133
131
123
123
131
133
131
137
131
125
131
131
131
131
137
135
137
137
129
131
135
135
147
141
145
151
157
153
147
151
145
149
145
143
143
139
135
143
149
151
151
155
159
163
161
163
161
169
177
169
169
163
165
165
173
187
181
179
177
177
177
193
191
191
195
193
195
191
195
195
185
185
189
189
193
195
195
195
197
205
213
215
217
213
219
221
225
223
235
227
223
215
215
217
207
211
211
221
223
219
211
211
215
215
217
213
213
213
207
197
193
195
193
187
189
191
189
185
183
189
181
189
191
191
189
195
189
177
179
187
179
177
177
189
191
193
191
195
203
203
203
203
211
211
207
211
207
211
215
211
213
221
211
209
213
205
205
215
213
217
223
217
221
225
225
221
221
221
229
223
233
229
221
219
223
215
219
217
213
209
203
207
213
215
223
213
219
221
215
223
231
231
231
231
235
237
231
227
227
219
219
217
213
213
209
211
223
225
215
211
213
209
209
209
215
213
201
211
203
209
205
209
215
213
213
219
211
211
209
201
211
211
219
223
219
221
223
221
221
225
225
227
225
217
211
205
205
209
211
213
213
219
223
221
223
225
227
233
237
241
241
231
223
217
219
225
213
203
205
205
209
211
207
207
195
189
191
185
181
177
175
183
187
187
187
181
187
177
179
189
183
189
191
205
203
207
205
197
195
201
209
203
207
213
217
213
209
213
213
211
215
223
227
235
235
239
241
245
239
241
235
229
227
237
237
237
237
247
259
255
251
249
251
259
265
265
269
269
269
273
277
277
265
263
269
275
275
291
289
281
287
291
293
291
295
291
295
291
279
281
281
281
279
281
279
281
279
283
279
281
287
285
281
273
273
269
271
265
265
269
271
279
273
275
277
279
279
281
279
277
273
277
281
283
285
279
279
287
283
275
273
283
281
287
283
283
285
291
295
297
303
293
303
303
295
293
291
289
293
287
285
275
283
283
275
279
281
279
281
275
263
257
255
257
251
253
257
261
267
269
265
261
263
271
267
273
273
275
271
259
263
255
243
245
245
245
229
231
231
235
237
243
251
253
259
261
269
255
255
259
267
265
263
265
265
261
251
249
243
241
237
227
211
203
201
197
195
187
187
187
189
195
193
191
195
203
195
199
199
205
205
203
203
205
201
197
201
191
189
181
187
201
211
203
207
203
209
201
211
209
213
203
191
185
183
191
185
173
175
175
171
171
161
151
155
145
149
153
145
137
145
141
139
131
135
135
141
143
143
145
153
157
159
159
151
151
157
157
163
157
155
161
159
159
157
147
153
149
153
159
165
159
159
167
165
167
179
173
177
183
187
185
183
179
171
175
171
175
181
189
181
175
171
177
181
189
187
187
195
197
197
193
195
185
189
193
195
193
193
191
185
173
179
183
179
173
171
179
183
171
169
167
169
169
171
167
165
157
157
159
151
153
153
155
163
157
155
157
157
171
173
177
177
171
167
167
167
157
157
153
157
153
159
153
153
151
147
153
155
161
167
169
167
171
165
165
169
175
175
175
165
153
145
145
139
141
141
141
133
141
147
145
143
149
151
151
145
151
157
163
171
171
169
169
177
179
181
183
197
187
187
179
181
189
195
199
195
201
201
205
213
209
213
221
231
235
245
249
243
251
247
239
251
253
253
259
267
263
263
261
257
249
247
245
251
245
245
247
245
239
241
251
237
231
235
235
231
225
225
223
233
225
225
223
227
239
235
235
231
233
235
235
231
231
223
219
225
233
241
233
239
229
225
217
221
219
225
227
237
237
235
225
225
233
239
231
219
215
215
221
225
213
213
211
221
227
239
237
243
243
243
239
243
243
241
243
255
249
259
257
257
259
255
259
261
255
257
255
261
263
273
267
273
273
269
269
261
267
267
281
275
269
263
269
257
251
247
251
245
239
249
255
255
259
261
261
257
265
265
267
271
265
261
265
263
265
263
267
269
261
259
261
257
259
263
257
269
265
271
271
271
271
267
267
259
257
263
257
255
253
255
253
249
255
269
281
277
281
279
287
293
301
299
293
287
273
277
285
283
289
299
293
301
311
301
293
291
285
285
291
293
301
291
285
291
287
287
285
283
293
293
293
297
299
293
297
301
293
295
287
279
267
267
275
271
275
275
283
277
277
283
291
283
283
297
293
297
299
287
287
279
279
277
283
275
277
277
275
279
279
267
261
249
247
255
251
251
253
255
253
253
255
257
263
257
251
259
261
265
261
255
251
251
261
261
261
263
259
265
259
249
245
233
223
229
225
219
217
215
221
221
217
215
211
205
209
215
219
219
221
219
221
215
215
211
209
209
209
215
215
213
223
221
227
231
235
239
243
243
253
251
255
253
249
247
247
245
245
239
241
251
257
255
253
251
249
241
239
249
245
241
241
247
247
255
257
259
263
271
265
267
261
255
261
265
269
257
267
271
273
275
269
263
253
249
247
245
255
255
257
251
243
249
241
245
235
235
231
225
223
215
207
211
213
205
203
199
195
191
199
195
197
193
201
203
205
211
211
215
215
211
209
213
221
215
207
209
205
201
195
207
207
207
207
207
215
211
217
225
219
215
215
205
205
199
205
201
201
193
195
195
195
201
199
203
203
203
193
191
195
183
185
187
191
189
193
195
193
187
179
179
187
197
197
201
201
201
191
189
189
191
191
185
189
189
185
193
189
203
199
197
193
197
185
177
165
173
171
177
169
165
165
157
167
171
163
165
163
169
167
167
171
173
177
173
173
177
183
189
197
195
191
193
191
193
197
205
211
209
213
207
197
201
203
203
195
203
207
201
207
209
213
211
219
211
199
195
193
207
203
205
197
191
193
191
191
193
193
189
183
179
183
173
173
169
159
161
161
161
163
163
163
167
159
151
143
135
129
119
123
117
117
125
129
121
115
115
115
115
109
111
105
117
115
119
119
127
127
123
123
127
123
125
113
117
107
109
109
113
113
111
117
119
113
113
113
111
103
101
109
117
105
103
97
99
101
109
109
115
117
127
127
139
143
147
145
141
147
147
147
151
159
163
167
155
157
161
161
169
179
177
175
181
183
179
173
173
171
171
169
179
177
177
187
187
191
191
193
191
191
191
189
189
185
185
183
177
169
163
153
149
145
135
135
127
123
127
133
135
135
139
149
149
147
147
153
153
153
153
149
151
155
151
153
147
147
149
149
147
147
157
159
167
167
173
175
177
179
179
177
185
191
185
193
189
197
199
199
197
209
211
215
223
223
229
233
227
223
225
221
221
231
235
235
235
229
219
225
227
221
209
211
213
211
211
209
201
199
199
199
201
201
201
209
207
211
217
221
225
221
221
225
237
235
233
229
231
235
237
245
247
251
255
251
249
251
251
239
237
237
239
233
237
225
227
217
223
227
233
223
223
211
213
213
213
221
221
221
227
227
225
229
225
233
225
237
241
241
245
251
245
251
251
257
271
255
251
241
239
235
223
219
225
221
225
229
231
235
229
221
217
219
219
219
229
229
231
241
247
239
235
235
243
247
243
247
253
257
251
255
243
243
241
237
231
225
227
237
239
249
245
249
245
243
253
261
273
269
269
261
263
267
265
257
259
269
265
265
273
267
255
259
261
259
249
251
243
247
239
237
235
235
231
237
231
235
239
239
239
233
225
225
225
231
241
245
241
235
239
243
239
231
227
225
229
227
227
225
227
225
223
215
223
215
215
211
211
209
193
191
189
193
191
189
189
185
173
173
171
157
165
159
155
157
151
153
149
149
153
155
155
161
155
161
159
165
167
169
177
177
175
175
165
165
165
165
169
165
165
173
181
195
197
207
201
197
193
195
189
187
189
191
191
189
189
187
181
185
195
191
193
187
187
185
185
185
193
193
193
191
183
187
197
193
193
199
197
195
189
193
207
211
211
211
217
217
213
215
219
225
223
223
225
227
233
235
235
245
255
257
267
277
281
285
289
285
281
283
273
283
281
281
283
285
281
275
279
291
291
289
289
289
295
283
283
283
283
287
287
285
285
289
295
293
293
291
279
279
277
277
279
271
281
283
273
281
285
281
295
287
287
285
281
283
287
285
281
295
297
287
285
293
297
297
293
297
305
299
305
299
303
303
309
307
307
311
305
305
311
301
299
305
317
313
311
309
321
329
329
325
323
321
319
315
321
317
315
305
305
305
309
305
305
301
299
297
287
299
307
309
297
289
285
297
299
297
297
297
291
289
285
277
275
269
265
263
251
253
253
249
257
259
255
263
263
271
269
267
263
255
251
249
247
253
259
249
247
253
255
257
253
261
265
267
253
253
251
243
241
243
243
241
241
233
237
241
241
237
245
251
249
237
241
245
237
229
225
223
207
195
197
193
193
197
187
191
185
187
187
181
187
183
191
199
199
197
197
193
185
185
185
187
191
191
189
195
205
211
211
223
227
221
221
225
221
213
217
225
221
221
227
231
223
223
221
209
207
201
203
207
207
207
205
209
205
203
213
205
203
211
211
217
213
205
203
203
207
211
221
213
207
209
205
197
193
199
185
177
165
169
163
163
159
171
181
179
185
189
189
191
191
197
199
203
189
193
199
201
199
193
199
195
195
181
183
183
181
181
177
185
181
179
175
169
167
159
151
155
155
147
149
147
147
135
133
121
115
103
91
93
97
95
101
101
117
121
121
123
133
137
145
137
137
137
133
137
139
145
151
149
151
161
155
147
147
147
147
145
137
139
133
133
135
139
135
131
129
123
131
127
127
127
123
121
119
123
121
131
139
139
145
143
149
147
135
131
131
123
119
129
133
121
119
121
125
117
115
111
111
109
115
127
127
139
137
139
133
123
121
121
121
117
119
119
129
121
113
103
91
89
83
77
67
69
71
75
71
63
61
73
81
77
79
73
77
77
81
73
67
71
81
81
89
89
87
81
77
85
79
81
89
87
91
103
109
109
117
121
129
125
133
127
127
125
125
129
127
129
131
133
133
131
131
131
135
137
139
135
133
133
139
143
149
147
157
153
147
149
145
143
149
143
141
135
133
135
129
133
125
127
115
119
125
129
119
117
111
117
105
107
107
109
119
111
109
115
117
113
99
99
101
95
87
85
91
87
85
89
91
87
87
85
91
89
89
87
85
87
91
95
101
103
107
103
105
101
103
95
93
95
85
89
99
99
93
97
89
89
91
89
89
87
81
77
75
73
75
75
73
79
77
73
73
73
67
79
85
83
83
83
81
91
85
81
73
69
75
81
79
85
83
85
85
89
89
87
87
91
95
99
107
117
113
125
123
113
111
111
117
119
123
127
133
131
131
135
131
141
137
133
133
137
137
139
141
131
127
123
129
121
127
123
133
135
137
143
139
151
155
157
149
149
143
143
145
145
139
139
139
135
137
147
147
153
161
153
155
153
153
157
157
157
161
163
167
169
175
173
175
191
199
193
201
197
195
201
205
205
205
197
197
207
205
203
207
207
197
195
187
187
187
187
191
187
181
181
177
177
171
181
183
179
181
191
197
193
195
195
199
207
199
193
183
185
173
171
175
173
181
185
185
187
185
177
167
163
165
157
159
157
155
147
147
153
153
163
169
167
163
165
169
171
171
175
179
175
171
159
147
151
155
151
141
149
155
157
159
149
149
153
159
161
151
149
145
151
155
153
153
159
167
163
167
155
157
157
157
157
147
159
169
171
169
163
167
173
173
167
167
165
163
159
157
163
169
159
149
151
145
143
149
153
161
159
161
163
165
163
165
163
171
167
169
173
181
185
177
179
173
169
171
183
175
177
185
177
171
175
175
185
183
185
191
193
201
203
205
195
195
187
191
195
205
201
197
203
203
195
199
195
193
183
185
193
205
201
193
183
175
179
185
193
191
187
191
183
193
191
195
191
189
193
187
183
177
181
181
177
183
185
181
179
187
185
185
191
179
175
171
169
179
171
169
165
169
169
169
171
165
161
155
149
141
147
149
153
157
153
155
157
157
155
161
173
173
175
163
161
153
147
151
157
155
151
159
165
169
173
169
165
163
159
159
161
155
149
145
151
151
145
151
157
165
169
169
175
181
185
187
187
195
197
207
209
211
213
205
209
203
207
199
203
203
201
209
207
209
209
205
191
197
195
195
195
205
209
205
199
193
199
203
209
219
215
209
209
209
205
211
205
215
217
215
211
213
211
209
203
193
187
193
195
201
201
197
197
201
195
201
205
205
199
197
187
185
195
199
201
199
185
181
183
183
177
173
163
159
157
151
159
165
163
171
175
169
169
159
157
159
163
157
153
153
153
151
149
161
163
163
171
173
165
161
163
163
167
173
177
171
163
157
161
167
177
175
177
173
175
175
183
179
179
181
179
181
193
207
201
209
207
211
211
217
211
207
207
197
201
201
195
199
205
207
217
223
223
229
215
205
199
205
197
191
195
205
215
207
207
205
201
199
205
211
201
205
213
207
207
211
205
199
197
187
179
177
171
177
175
173
167
165
165
155
157
163
169
165
163
171
175
167
169
169
171
171
165
175
179
181
177
187
183
183
173
169
165
171
173
173
169
155
157
153
155
159
159
155
149
143
143
143
149
139
145
149
145
149
153
147
145
135
125
117
117
125
117
111
111
117
111
113
103
109
103
101
103
99
99
101
111
109
109
111
105
103
113
115
115
113
109
97
101
107
99
107
113
107
105
113
113
113
115
119
113
119
123
123
125
125
133
123
123
119
125
125
129
129
125
125
123
119
123
125
137
141
151
153
149
163
161
161
151
157
161
161
153
161
157
159
159
157
157
159
153
163
163
161
169
173
181
173
171
171
169
171
175
187
189
189
171
173
177
185
185
179
173
179
179
179
183
185
185
189
185
175
171
165
169
161
159
157
157
155
149
151
155
163
161
157
155
163
155
147
147
149
149
159
161
151
151
145
139
137
141
147
153
157
159
151
149
147
149
151
153
159
161
157
151
151
145
153
151
143
143
141
143
139
139
153
161
159
157
163
157
159
163
161
167
163
169
165
167
167
167
167
161
169
173
171
173
175
179
179
165
165
161
163
173
177
177
177
179
185
179
175
173
175
179
173
171
169
165
169
171
171
173
165
157
157
155
159
157
157
157
163
157
153
157
157
157
157
161
159
163
167
171
165
167
171
165
173
171
173
173
167
169
177
179
185
185
183
179
185
187
195
201
203
207
209
211
205
205
211
217
231
229
235
231
227
223
221
219
219
219
211
209
207
213
211
217
223
221
219
213
211
207
205
213
215
209
207
221
213
209
203
203
195
197
195
195
189
189
189
181
173
179
175
171
177
173
165
165
175
179
177
179
181
175
177
175
177
185
193
191
195
195
193
181
177
181
179
177
167
167
165
153
147
151
153
155
147
139
135
141
135
129
129
125
133
133
129
125
123
135
131
129
121
131
129
131
139
133
131
133
131
125
121
119
119
119
109
111
115
123
115
113
117
117
117
125
129
135
127
135
133
137
147
149
141
135
139
137
133
135
131
121
125
129
131
129
131
127
129
135
139
143
151
157
147
149
153
151
147
159
155
147
135
131
127
137
135
129
137
135
139
143
145
143
127
121
127
133
141
139
141
151
161
169
169
159
155
143
147
133
129
129
121
121
115
111
105
105
103
101
107
101
101
105
95
97
105
105
101
101
99
107
101
109
103
105
111
105
105
101
99
99
87
95
105
99
103
103
101
103
113
105
103
107
107
121
117
113
103
105
107
105
107
103
111
103
105
109
115
117
117
111
115
109
113
121
125
113
109
93
89
93
91
97
89
95
93
81
87
87
85
87
87
89
91
93
89
91
93
85
75
79
79
81
77
79
77
89
99
103
99
93
83
83
81
83
79
69
71
67
73
81
81
85
79
77
79
75
83
85
91
91
97
93
91
99
99
99
99
83
73
81
81
77
85
85
85
91
91
93
101
107
103
111
115
119
119
119
127
119
125
127
131
127
119
125
119
123
121
119
119
121
117
123
119
115
115
115
113
107
101
105
105
105
103
105
113
115
119
111
125
129
133
127
121
117
111
117
119
117
117
109
117
125
121
119
121
123
113
109
113
111
111
105
107
99
89
91
101
91
87
93
91
91
91
97
105
113
111
113
111
117
125
117
117
111
119
119
119
121
119
105
99
105
103
93
91
83
95
95
105
103
107
111
109
113
107
117
127
139
145
147
145
145
141
135
139
135
125
119
119
115
107
97
87
87
91
97
101
95
95
105
113
117
121
125
123
125
129
133
143
147
137
131
145
143
133
133
141
147
155
153
159
163
163
159
151
159
157
155
155
149
143
139
147
147
141
139
139
149
145
147
143
147
149
151
147
151
143
147
139
141
153
145
149
149
139
147
153
159
153
149
145
149
151
149
149
153
151
139
131
121
133
141
143
145
145
139
135
135
131
133
127
129
133
141
141
143
147
147
151
145
141
139
129
131
131
129
123
121
113
127
129
135
129
141
137
139
137
145
139
137
135
141
143
135
127
123
125
113
115
107
101
109
109
111
111
113
109
113
111
111
107
113
119
113
123
127
121
119
123
121
117
119
127
129
123
125
123
125
115
117
121
119
125
137
131
143
141
143
145
133
133
137
139
143
143
145
141
125
119
111
123
117
111
121
133
133
133
139
139
139
135
137
133
133
139
141
129
127
125
123
123
125
129
129
121
113
113
111
101
97
89
97
99
99
89
77
85
81
83
79
83
83
87
81
75
77
75
69
61
67
67
73
77
69
79
77
69
69
69
65
81
83
89
83
87
87
91
95
95
89
95
95
91
93
91
89
87
75
67
65
69
69
79
77
71
73
69
67
59
57
55
61
65
61
59
59
59
55
51
53
53
51
47
53
55
63
61
61
61
51
49
53
55
55
49
39
35
35
35
31
29
43
43
47
51
57
61
49
55
59
55
49
43
41
35
45
39
45
51
57
55
57
53
45
51
43
51
57
55
55
61
61
67
65
57
61
63
59
59
61
65
71
73
61
69
63
61
61
63
65
73
71
73
79
81
83
83
83
91
95
93
95
95
99
97
95
93
97
91
95
101
103
105
105
111
113
113
107
111
113
113
107
103
105
95
97
91
85
87
95
99
99
97
95
95
103
107
107
109
107
109
105
107
107
107
107
103
103
103
97
101
97
99
101
99
97
95
95
93
103
105
101
103
97
87
79
87
91
89
103
95
99
101
97
97
101
99
103
113
107
109
105
101
105
97
101
101
101
101
99
99
107
117
125
131
137
129
127
127
123
127
133
133
129
125
127
121
117
109
121
107
103
99
97
97
97
99
93
105
107
113
115
115
111
107
103
105
113
113
113
123
111
109
101
103
109
103
99
101
97
105
99
89
89
83
81
83
83
83
81
77
79
79
93
93
89
99
103
99
95
87
95
87
89
93
93
93
99
99
99
97
87
89
89
101
101
113
109
107
107
113
119
123
119
115
109
113
105
101
101
113
111
113
113
111
117
117
113
119
131
131
127
133
137
137
141
149
153
157
159
161
149
155
155
153
159
161
157
155
155
157
157
159
161
163
167
167
159
161
163
163
155
155
157
159
153
153
165
163
161
163
161
165
169
171
171
171
169
171
177
165
161
169
159
149
147
151
157
155
155
153
153
151
147
147
149
149
149
149
149
147
147
137
143
139
139
141
139
139
137
145
147
157
165
157
155
163
165
165
167
161
171
169
161
159
165
155
155
149
141
143
147
149
163
163
169
167
161
165
163
167
167
169
167
173
165
169
177
191
191
193
189
189
193
191
187
189
191
191
191
183
173
179
181
175
175
167
165
163
165
165
165
173
175
175
175
165
167
167
161
153
151
149
147
143
149
147
147
153
151
147
139
135
131
139
151
151
155
161
161
151
145
149
139
145
137
129
135
127
125
125
123
119
123
117
115
113
113
119
123
117
127
119
123
119
119
125
129
133
133
139
135
139
139
145
141
137
137
137
137
141
137
135
139
147
147
149
147
135
137
147
139
135
129
131
139
143
141
147
139
135
135
135
137
133
129
129
127
131
129
137
131
123
123
113
113
123
125
129
131
133
137
135
147
147
151
147
153
153
169
177
177
183
183
179
193
193
191
195
195
197
183
181
183
187
187
183
183
181
179
179
179
183
183
183
177
173
169
173
169
171
163
153
153
157
161
153
159
159
161
161
161
165
167
177
171
171
173
179
177
173
171
169
171
165
171
175
173
177
173
179
179
175
175
171
159
157
163
165
169
167
161
157
163
169
171
177
173
171
165
159
153
149
143
149
155
157
145
139
133
133
133
117
117
101
109
111
111
107
109
105
103
99
101
97
93
97
93
101
91
75
67
69
69
59
55
51
51
63
61
63
59
53
59
63
73
73
79
85
77
71
67
63
57
59
59
69
55
55
63
63
67
71
69
73
87
85
83
91
93
87
87
77
81
73
75
75
71
75
63
57
59
65
69
75
79
77
73
83
89
85
81
81
79
93
91
93
99
87
87
83
87
87
79
83
87
97
95
87
73
75
67
75
79
85
85
81
79
87
87
89
91
95
95
103
91
89
95
95
99
101
105
107
109
113
121
111
109
109
119
117
107
107
103
95
97
89
97
99
97
103
99
109
117
119
113
115
117
119
115
125
117
123
123
121
123
123
125
131
137
135
131
131
127
121
121
115
123
129
127
123
115
119
119
111
105
111
115
113
117
107
111
113
117
117
117
127
119
123
127
129
135
137
137
133
131
133
127
131
133
137
137
137
143
145
145
145
141
145
147
149
145
145
139
137
129
127
127
129
129
131
131
129
129
127
123
123
125
129
135
129
125
125
125
119
119
115
119
123
125
125
127
127
131
131
137
137
153
161
157
161
163
161
149
139
133
137
137
131
125
125
125
117
111
119
113
109
111
111
113
109
109
115
115
121
111
99
99
95
93
95
97
99
101
97
97
101
97
93
101
105
103
109
109
109
111
125
125
133
141
131
133
133
141
139
135
139
139
143
149
143
137
141
155
155
155
147
145
139
133
133
133
139
135
139
129
131
127
125
119
123
137
137
147
145
153
153
151
137
141
133
125
123
119
113
123
119
125
125
129
129
133
131
131
133
137
141
139
141
141
143
155
155
147
143
141
147
149
151
145
139
141
141
143
149
149
151
149
149
159
149
145
133
133
135
125
119
121
123
119
115
107
117
129
135
133
127
127
113
111
103
95
101
99
111
107
93
93
97
91
83
79
85
85
83
83
77
79
85
75
81
79
79
77
79
79
81
75
67
63
63
67
61
63
61
57
49
41
45
47
49
41
47
51
51
47
47
47
45
45
43
45
57
51
49
43
45
41
39
39
39
35
35
39
39
49
51
41
41
43
45
49
53
63
67
67
71
71
81
79
79
81
81
81
79
83
83
89
97
93
99
91
87
97
107
101
99
97
87
87
83
81
81
79
81
77
67
67
71
73
67
69
73
73
69
75
69
71
75
77
77
87
97
93
103
103
99
89
87
77
77
85
83
85
85
77
75
71
69
69
71
69
63
71
77
81
75
71
73
77
73
75
71
73
63
65
59
55
51
47
53
51
53
55
55
55
53
61
61
73
85
87
91
91
99
99
97
87
87
91
103
107
109
109
111
111
111
111
111
111
107
105
117
115
119
103
103
109
109
123
129
121
125
135
143
137
141
143
141
137
137
135
127
123
127
131
125
123
127
123
121
133
129
141
143
139
131
139
145
137
135
131
121
119
119
131
125
127
115
121
123
119
119
123
123
125
129
125
121
115
109
107
101
101
101
93
99
99
85
89
93
97
93
89
95
103
95
97
93
97
97
105
113
121
123
121
127
115
117
113
119
127
137
145
147
141
139
131
125
139
139
137
137
131
131
123
127
123
123
127
135
139
139
143
133
143
145
153
149
149
153
153
151
147
145
147
145
141
143
149
157
151
157
151
153
161
167
165
173
175
173
179
181
185
185
191
205
205
201
205
203
209
209
207
201
207
205
219
213
215
219
215
217
211
205
205
197
195
191
197
199
199
197
191
187
189
183
187
197
199
195
193
203
199
205
205
211
209
211
217
217
227
227
233
221
223
219
225
221
225
227
225
235
233
239
235
239
235
231
225
225
219
205
197
195
189
181
179
179
183
183
175
183
179
183
181
189
185
183
179
175
171
171
173
181
183
185
179
187
185
197
185
175
169
175
175
173
173
179
183
185
177
169
167
165
165
157
147
147
155
155
161
159
155
147
147
149
157
159
159
157
153
153
157
153
159
171
169
171
173
165
175
177
179
173
177
177
173
161
161
155
145
151
143
143
143
143
149
149
141
153
153
153
153
149
153
143
141
145
153
151
153
155
161
161
169
175
173
177
185
185
179
175
175
173
161
167
167
173
163
167
175
173
177
173
169
179
181
187
193
181
183
183
189
195
197
193
195
203
201
201
201
199
197
197
197
197
201
199
199
201
197
185
185
175
175
181
181
179
185
187
181
185
187
185
185
181
179
183
177
175
181
185
189
189
187
187
193
189
185
187
185
185
181
175
179
177
179
177
181
179
173
165
161
161
155
151
151
153
151
149
137
141
133
137
143
145
139
133
133
133
135
141
145
137
139
133
131
121
111
119
123
123
123
127
129
129
113
105
115
115
115
115
113
119
121
121
127
119
121
123
117
115
111
115
119
123
121
127
125
125
125
123
131
137
137
141
143
139
139
133
141
141
135
135
145
133
137
137
137
139
133
123
111
113
109
113
113
109
103
107
107
107
115
107
109
109
115
123
123
125
129
133
149
151
153
145
145
153
151
161
161
163
159
161
163
169
165
165
165
159
163
157
157
159
151
159
163
161
165
165
171
165
165
163
169
175
183
191
193
197
189
183
175
175
175
163
159
153
161
159
159
165
157
151
151
147
147
145
143
145
143
135
141
149
155
151
151
143
147
149
147
153
153
153
149
149
149
149
151
157
161
153
151
153
143
133
125
117
117
113
107
111
113
121
125
127
139
145
141
141
131
141
141
141
135
135
139
143
135
131
129
131
127
119
115
123
121
121
119
117
117
117
117
123
125
127
131
137
139
137
149
141
137
149
149
147
149
143
143
139
137
147
161
151
157
159
163
167
167
169
173
179
173
161
161
153
145
141
143
149
161
163
157
155
161
169
169
159
163
161
157
157
163
169
177
175
175
165
161
153
157
147
147
137
139
137
141
151
157
151
159
151
153
159
157
153
153
155
151
159
155
157
151
139
131
127
115
109
119
113
113
117
115
111
103
103
101
105
109
113
119
119
123
131
129
129
131
133
129
137
139
137
133
141
147
151
143
147
147
151
155
155
163
159
165
159
163
167
167
167
179
181
181
181
185
181
179
181
181
183
189
189
187
193
189
181
173
171
173
173
173
161
165
163
165
171
173
179
183
189
187
199
201
199
193
187
191
187
193
189
199
205
201
197
193
201
201
205
207
209
219
215
213
205
203
199
199
189
183
187
195
205
201
209
217
209
199
193
179
189
187
185
185
187
191
197
205
207
207
203
193
203
201
199
203
203
203
199
193
187
191
181
181
177
175
179
175
175
179
185
191
195
199
203
201
205
203
199
187
185
183
177
181
177
177
179
181
181
185
195
197
191
201
207
207
215
219
219
215
211
213
217
221
225
215
217
227
229
233
227
237
239
241
231
231
237
231
235
237
239
237
239
251
253
247
241
245
243
243
243
237
235
235
235
235
235
243
239
239
235
241
243
243
251
247
249
247
253
257
261
255
257
267
269
283
277
271
283
281
275
275
275
279
279
283
281
281
281
289
283
281
289
285
289
297
293
293
287
285
285
287
285
279
273
273
273
277
269
267
269
265
259
257
249
251
253
245
245
249
251
239
243
243
243
233
239
249
253
263
253
245
243
241
243
251
255
251
259
261
261
273
281
289
277
281
277
281
275
271
273
261
265
265
259
259
269
275
279
279
279
277
275
285
285
289
281
277
279
281
281
285
275
281
277
277
273
277
281
275
267
267
271
269
271
269
267
265
263
263
257
253
259
259
259
263
261
265
259
261
267
267
267
269
269
271
269
269
271
271
275
275
273
277
273
273
261
267
265
261
253
255
257
257
251
245
251
259
273
273
269
265
267
263
267
271
273
275
275
277
279
283
289
291
295
289
283
285
277
279
275
275
271
275
271
269
265
267
267
273
275
273
269
271
261
257
257
257
257
261
271
271
257
267
267
275
271
277
291
291
281
285
277
273
275
285
281
283
279
281
275
279
281
291
297
293
293
297
293
287
285
285
287
281
271
277
279
277
275
267
269
279
279
269
277
281
287
293
295
297
291
291
279
285
275
279
277
283
283
281
273
273
269
271
277
271
269
267
263
257
259
271
267
269
265
275
283
277
279
275
271
267
273
275
281
275
275
275
273
271
273
271
275
275
275
273
279
273
275
281
283
275
279
279
287
285
279
283
283
279
279
277
279
287
293
287
301
291
289
289
281
281
283
289
283
283
271
269
263
275
279
271
271
255
259
257
253
251
253
243
249
243
241
245
245
229
235
243
243
241
239
237
233
233
237
243
249
247
245
245
251
251
247
247
237
233
229
233
233
233
235
235
235
239
227
223
221
221
217
223
227
219
219
