-2623
-2613
-2601
-2601
-2595
-2587
-2581
-2579
-2575
-2565
-2553
-2545
-2541
-2533
-2523
-2513
-2507
-2497
-2491
-2479
-2471
-2459
-2451
-2449
-2459
-2449
-2445
-2441
-2429
-2419
-2423
-2415
-2409
-2409
-2397
-2385
-2381
-2373
-2359
-2359
-2355
-2345
-2337
-2325
-2309
-2301
-2293
-2279
-2273
-2265
-2263
-2257
-2255
-2255
-2251
-2249
-2249
-2245
-2235
-2223
-2219
-2211
-2201
-2197
-2185
-2173
-2175
-2171
-2163
-2159
-2153
-2151
-2143
-2135
-2127
-2119
-2113
-2109
-2105
-2101
-2095
-2081
-2079
-2079
-2075
-2069
-2067
-2063
-2059
-2053
-2045
-2043
-2031
-2025
-2015
-2015
-2019
-2011
-2005
-2011
-2007
-1993
-1991
-1985
-1979
-1967
-1957
-1953
-1945
-1939
-1947
-1939
-1929
-1929
-1921
-1919
-1919
-1907
-1901
-1895
-1891
-1887
-1887
-1887
-1883
-1883
-1881
-1879
-1885
-1877
-1877
-1871
-1867
-1867
-1863
-1855
-1847
-1839
-1835
-1827
-1821
-1825
-1821
-1819
-1817
-1807
-1809
-1809
-1805
-1807
-1801
-1793
-1787
-1783
-1777
-1773
-1763
-1757
-1755
-1741
-1735
-1727
-1719
-1721
-1713
-1719
-1707
-1705
-1703
-1695
-1689
-1681
-1677
-1673
-1667
-1665
-1663
-1655
-1651
-1649
-1651
-1639
-1637
-1631
-1623
-1609
-1599
-1595
-1589
-1589
-1585
-1583
-1575
-1577
-1587
-1597
-1597
-1589
-1583
-1575
-1567
-1559
-1563
-1561
-1569
-1563
-1559
-1559
-1551
-1551
-1545
-1537
-1537
-1527
-1521
-1525
-1523
-1523
-1525
-1527
-1531
-1533
-1533
-1535
-1529
-1523
-1523
-1517
-1517
-1509
-1503
-1495
-1491
-1479
-1477
-1475
-1467
-1463
-1463
-1453
-1445
-1445
-1441
-1435
-1435
-1435
-1427
-1433
-1431
-1427
-1433
-1423
-1421
-1413
-1409
-1405
-1399
-1391
-1391
-1375
-1371
-1369
-1365
-1365
-1357
-1351
-1347
-1347
-1335
-1323
-1321
-1319
-1315
-1315
-1313
-1309
-1297
-1289
-1287
-1287
-1293
-1285
-1279
-1277
-1277
-1261
-1257
-1249
-1257
-1267
-1265
-1261
-1265
-1259
-1265
-1261
-1263
-1261
-1251
-1249
-1245
-1243
-1235
-1231
-1225
-1233
-1229
-1229
-1233
-1231
-1231
-1229
-1229
-1225
-1223
-1219
-1215
-1215
-1211
-1203
-1191
-1193
-1189
-1185
-1183
-1183
-1177
-1177
-1175
-1165
-1161
-1157
-1161
-1157
-1155
-1151
-1151
-1151
-1151
-1147
-1145
-1145
-1145
-1149
-1151
-1141
-1141
-1137
-1131
-1125
-1127
-1115
-1115
-1111
-1105
-1103
-1103
-1099
-1091
-1081
-1081
-1091
-1103
-1099
-1099
-1093
-1087
-1081
-1077
-1083
-1075
-1073
-1069
-1069
-1065
-1067
-1061
-1059
-1055
-1055
-1053
-1051
-1051
-1045
-1045
-1045
-1045
-1045
-1035
-1039
-1047
-1055
-1057
-1057
-1049
-1043
-1039
-1025
-1025
-1019
-1023
-1015
-1015
-1007
-1003
-995
-993
-985
-975
-967
-955
-941
-937
-937
-933
-929
-911
-907
-905
-911
-909
-903
-905
-899
-891
-881
-881
-885
-885
-883
-875
-877
-873
-873
-875
-869
-871
-875
-871
-863
-863
-855
-859
-847
-847
-849
-853
-841
-831
-819
-827
-827
-821
-817
-813
-811
-803
-803
-801
-795
-785
-771
-777
-789
-789
-785
-785
-771
-769
-767
-767
-761
-757
-761
-761
-755
-743
-733
-733
-729
-729
-727
-735
-739
-733
-727
-729
-727
-721
-717
-711
-701
-701
-699
-695
-701
-701
-701
-699
-695
-689
-681
-675
-671
-671
-673
-673
-671
-671
-667
-671
-679
-677
-669
-665
-655
-655
-657
-665
-673
-663
-655
-659
-663
-659
-657
-669
-661
-661
-657
-657
-661
-661
-659
-665
-661
-651
-641
-629
-637
-635
-631
-633
-623
-617
-617
-605
-607
-611
-597
-597
-595
-595
-595
-595
-593
-591
-593
-601
-599
-603
-603
-611
-609
-605
-605
-599
-599
-605
-609
-603
-615
-613
-607
-609
-603
-603
-599
-591
-585
-581
-581
-585
-587
-591
-593
-595
-595
-603
-611
-601
-601
-603
-595
-587
-587
-593
-587
-589
-587
-589
-581
-567
-565
-571
-565
-559
-567
-561
-557
-547
-553
-543
-539
-527
-531
-519
-513
-513
-501
-499
-489
-487
-491
-491
-491
-487
-483
-477
-475
-475
-465
-461
-459
-461
-455
-449
-447
-447
-435
-433
-437
-435
-439
-439
-437
-435
-437
-433
-427
-429
-427
-429
-425
-423
-427
-423
-427
-415
-413
-419
-413
-417
-423
-423
-427
-421
-421
-417
-417
-407
-409
-405
-401
-403
-401
-399
-399
-399
-405
-403
-393
-391
-387
-383
-391
-391
-389
-387
-375
-387
-391
-395
-389
-393
-387
-395
-395
-397
-403
-399
-395
-407
-397
-391
-381
-379
-377
-373
-375
-375
-361
-355
-353
-347
-353
-355
-355
-367
-365
-361
-369
-371
-367
-365
-365
-361
-367
-363
-365
-363
-359
-361
-361
-369
-363
-363
-355
-355
-353
-353
-343
-337
-333
-329
-327
-327
-319
-309
-313
-305
-301
-293
-293
-289
-291
-287
-285
-293
-295
-295
-299
-291
-293
-281
-271
-275
-273
-273
-273
-277
-279
-273
-279
-293
-293
-287
-281
-277
-277
-275
-273
-271
-265
-261
-255
-253
-257
-263
-273
-271
-273
-279
-281
-281
-277
-271
-267
-271
-267
-257
-253
-253
-253
-253
-253
-251
-251
-263
-255
-249
-249
-245
-245
-245
-255
-257
-253
-255
-249
-247
-255
-259
-257
-249
-253
-263
-265
-265
-265
-263
-269
-269
-269
-259
-257
-257
-257
-255
-259
-259
-261
-257
-259
-267
-265
-265
-271
-267
-267
-267
-255
-255
-253
-243
-241
-241
-245
-245
-247
-249
-245
-245
-243
-243
-247
-253
-251
-251
-253
-251
-251
-241
-237
-239
-231
-233
-237
-241
-233
-229
-229
-239
-235
-239
-239
-237
-233
-235
-227
-233
-235
-233
-233
-225
-223
-229
-233
-233
-239
-247
-251
-249
-241
-243
-241
-241
-241
-233
-235
-241
-237
-229
-225
-221
-221
-213
-221
-215
-223
-215
-217
-211
-213
-203
-201
-205
-205
-209
-205
-203
-195
-189
-189
-181
-171
-175
-179
-177
-171
-167
-175
-169
-165
-165
-159
-153
-161
-157
-153
-151
-155
-157
-155
-167
-159
-153
-145
-143
-147
-153
-149
-143
-143
-139
-139
-141
-145
-137
-133
-141
-149
-153
-157
-151
-147
-153
-157
-157
-161
-159
-147
-149
-149
-149
-149
-145
-147
-139
-145
-151
-151
-151
-151
-149
-143
-139
-135
-135
-133
-127
-131
-133
-129
-129
-129
-125
-117
-125
-131
-131
-131
-131
-137
-137
-133
-127
-127
-133
-141
-137
-141
-143
-141
-141
-145
-137
-139
-141
-135
-137
-133
-145
-149
-147
-149
-143
-137
-131
-127
-133
-127
-133
-143
-139
-139
-127
-131
-125
-123
-123
-127
-129
-115
-123
-119
-119
-121
-121
-119
-119
-117
-119
-115
-119
-109
-115
-107
-109
-109
-113
-113
-103
-105
-97
-103
-103
-105
-107
-103
-103
-107
-105
-99
-101
-89
-87
-79
-83
-83
-77
-77
-73
-59
-59
-59
-65
-67
-67
-67
-67
-61
-67
-79
-87
-81
-81
-79
-73
-73
-71
-71
-67
-65
-71
-73
-81
-81
-71
-69
-73
-71
-77
-71
-71
-77
-69
-75
-71
-75
-73
-87
-93
-93
-95
-97
-99
-101
-101
-95
-101
-107
-99
-93
-99
-105
-105
-117
-113
-115
-115
-115
-109
-109
-107
-113
-105
-101
-91
-91
-91
-85
-83
-81
-81
-85
-91
-93
-89
-89
-89
-87
-101
-101
-103
-103
-101
-101
-95
-91
-89
-91
-87
-83
-75
-67
-63
-61
-65
-65
-61
-65
-61
-63
-75
-83
-83
-85
-87
-83
-81
-79
-83
-75
-67
-73
-73
-61
-59
-61
-53
-55
-57
-47
-47
-47
-49
-51
-51
-45
-41
-37
-39
-31
-29
-25
-21
-31
-39
-31
-31
-23
-27
-31
-29
-23
-19
-9
-7
-9
-7
-7
-7
-7
-3
-5
-9
-1
1
3
1
-3
-7
-11
-17
-5
-11
-13
-15
-13
-17
-17
-23
-23
-23
-29
-35
-27
-29
-23
-23
-23
-13
-13
-13
-13
-11
-17
-11
1
7
15
7
17
11
5
-1
9
9
11
9
9
5
1
5
9
15
19
25
29
29
35
35
33
41
37
37
35
33
37
39
47
51
49
45
49
47
43
57
67
67
77
79
85
95
97
105
107
105
117
123
117
109
93
89
77
77
73
69
65
61
57
51
57
59
59
63
59
59
57
55
49
55
55
49
49
53
53
53
45
43
43
45
43
49
45
45
43
53
45
45
51
55
59
55
61
63
63
61
63
65
67
73
69
73
71
67
71
71
71
69
59
55
47
51
55
63
67
63
63
63
53
47
47
43
37
37
39
43
43
39
39
35
33
31
23
25
29
33
33
31
35
37
35
35
43
33
41
43
55
49
49
39
45
47
47
45
41
35
43
47
47
47
51
51
57
57
55
49
45
43
45
43
41
45
51
55
59
67
63
77
87
89
81
89
91
91
97
109
109
119
131
133
127
117
117
119
125
125
121
115
119
123
129
137
133
141
137
143
141
143
139
137
133
133
127
137
137
137
127
119
117
115
119
125
131
137
139
133
139
143
153
155
159
165
167
169
175
167
165
167
167
177
187
173
177
185
191
195
191
193
191
191
185
185
183
181
183
187
185
185
185
175
175
181
181
185
183
183
187
195
199
207
205
201
191
191
197
203
199
207
197
197
201
197
195
187
191
175
169
169
169
171
177
181
185
185
195
195
197
197
193
197
195
203
205
205
205
209
203
195
203
197
193
195
203
213
219
217
227
227
223
231
241
233
229
237
233
225
227
231
233
231
231
229
231
235
225
237
245
239
237
239
241
237
239
245
247
249
253
253
247
243
229
233
233
229
233
235
225
225
213
205
207
205
213
217
207
205
195
193
193
193
203
203
197
201
199
195
195
189
189
189
189
195
185
181
177
169
169
173
181
183
185
183
177
171
167
171
173
177
177
177
181
181
173
167
165
165
171
175
173
175
171
169
177
179
179
175
169
179
181
191
189
193
197
197
191
193
201
199
195
199
193
195
195
203
203
203
211
211
209
213
207
207
205
203
219
213
213
213
211
209
215
211
211
211
209
213
209
201
207
213
221
211
219
217
209
209
209
213
213
217
205
209
203
207
213
213
207
205
209
205
207
209
213
213
219
221
209
205
207
199
193
189
177
165
171
173
175
169
169
175
171
173
167
173
177
185
183
183
183
181
173
177
179
181
185
179
183
185
187
187
185
185
187
185
191
187
191
191
191
187
183
189
187
189
189
201
201
199
195
195
187
191
195
187
179
171
171
171
169
163
167
167
173
169
167
171
171
179
177
175
179
179
179
177
179
177
175
175
175
173
177
181
183
183
183
193
185
185
183
187
183
179
185
191
187
189
187
183
199
201
201
197
191
191
191
189
179
187
191
191
183
177
179
187
187
189
177
179
185
185
185
185
189
195
193
187
191
187
193
195
197
199
191
191
181
185
185
183
181
185
187
181
183
175
183
181
173
161
159
157
159
153
157
169
173
173
171
167
173
173
173
181
177
181
185
179
177
181
183
175
175
169
179
175
169
177
167
171
173
169
161
161
149
153
155
157
151
157
153
153
155
155
157
151
153
147
145
147
155
163
163
163
159
159
155
153
151
151
149
147
145
143
135
139
139
139
135
137
131
129
123
119
125
129
141
139
137
137
139
145
139
141
145
149
145
145
137
143
143
143
139
147
151
141
145
139
133
131
121
121
109
113
119
121
127
129
127
131
135
137
143
143
141
143
139
135
139
135
139
135
135
131
129
131
125
123
125
125
131
125
123
125
113
121
117
117
105
97
95
93
85
81
75
71
73
71
67
67
69
61
61
61
59
69
69
73
73
79
83
77
77
71
71
77
81
83
87
85
79
77
71
71
77
69
71
75
79
81
79
77
73
73
73
71
73
73
77
85
93
101
99
93
91
89
97
101
97
103
109
117
119
117
123
117
117
125
121
119
115
119
123
125
133
147
143
141
137
145
145
149
149
149
149
147
147
147
147
151
145
143
139
141
149
149
147
151
149
151
151
147
153
155
163
159
167
175
181
185
189
181
169
179
173
169
171
163
163
167
165
161
169
175
177
173
173
169
173
167
159
161
159
165
163
167
169
167
173
173
175
173
179
177
177
163
167
163
165
155
153
155
151
151
149
145
137
141
141
137
145
145
153
151
149
147
155
153
153
157
153
155
149
147
143
155
165
161
161
157
155
147
147
153
151
157
153
161
151
153
149
153
165
165
169
167
169
167
159
157
159
163
171
175
169
165
167
165
171
165
161
159
155
155
157
157
153
151
155
153
155
157
157
151
151
143
151
151
155
161
167
165
173
173
171
179
179
179
179
183
187
187
187
189
193
195
193
189
191
199
199
197
189
187
189
189
189
195
187
187
185
185
193
191
185
189
189
193
189
187
187
183
185
175
175
173
165
161
153
157
157
157
153
147
145
147
139
139
123
133
129
127
111
107
113
121
129
123
115
125
125
125
127
127
133
141
145
155
149
149
145
145
153
147
153
151
151
155
149
155
153
155
147
141
147
149
149
153
141
143
149
149
151
147
151
155
147
143
143
143
153
155
151
143
145
151
155
163
157
151
151
155
153
155
147
145
143
137
147
145
147
155
151
143
137
147
153
157
151
155
155
155
157
157
163
175
183
185
177
173
171
177
171
169
173
169
163
157
161
169
173
171
179
175
187
195
199
201
195
201
195
185
185
193
197
199
199
197
197
193
195
193
205
205
209
209
215
215
215
227
227
235
237
237
233
233
229
231
237
231
223
229
227
229
237
247
243
243
249
247
245
247
247
249
259
257
265
271
271
281
281
271
269
275
275
275
281
285
281
279
275
275
275
283
285
287
287
293
287
301
299
293
295
297
297
301
285
275
273
267
257
259
261
267
269
277
263
261
255
257
251
243
247
243
239
233
227
227
229
229
233
235
237
231
237
231
241
241
243
249
247
255
263
263
269
285
281
279
279
279
277
283
281
281
279
279
271
267
273
273
269
273
269
267
265
271
267
267
267
257
249
257
253
243
249
241
241
241
235
241
241
247
255
251
253
253
255
251
255
257
253
249
247
247
247
259
255
257
257
253
261
249
253
253
251
247
247
255
253
249
249
253
257
247
247
241
237
243
233
237
249
249
239
241
247
249
247
249
257
261
267
263
259
259
267
277
279
273
269
279
277
277
277
277
275
269
269
265
265
261
269
255
251
253
249
243
243
241
249
247
239
237
241
243
241
229
227
225
229
237
243
241
233
229
219
215
223
221
223
223
223
221
225
221
227
225
231
231
227
225
217
211
211
213
217
223
223
223
213
219
225
223
215
219
225
227
225
225
229
239
253
259
265
265
265
275
277
275
275
275
271
267
255
261
261
261
269
265
261
255
251
251
255
257
259
249
255
259
253
253
253
253
265
271
271
267
273
271
263
263
265
261
259
259
259
257
253
249
253
257
251
247
251
249
243
237
237
237
235
237
243
243
235
225
227
231
233
239
241
243
243
237
235
233
229
229
223
229
231
235
227
223
227
231
243
243
247
245
249
251
243
241
237
227
223
223
219
213
203
209
209
205
205
207
217
213
203
201
195
195
195
201
209
205
199
201
199
205
205
193
201
201
193
195
193
189
183
181
187
193
201
197
203
203
201
199
201
201
205
207
201
197
199
205
197
195
193
201
203
199
213
215
215
215
221
211
211
219
219
219
219
221
225
223
227
221
219
215
215
211
207
201
209
207
213
205
201
205
205
193
191
191
199
201
203
209
213
213
213
215
215
217
219
217
213
215
221
215
221
231
225
227
227
229
231
231
233
229
229
227
237
235
235
235
233
237
249
255
259
259
261
255
257
261
259
261
261
269
261
255
249
247
251
257
263
271
261
267
261
261
255
259
263
263
261
261
261
259
257
251
249
253
253
241
237
233
241
245
239
239
243
249
253
249
253
251
251
251
251
245
249
251
251
255
249
249
249
249
243
241
237
239
233
231
231
245
239
245
249
249
247
241
245
245
251
241
241
243
247
255
259
259
255
263
249
253
251
261
267
267
263
257
255
245
237
249
251
251
253
241
245
235
239
243
235
231
233
237
249
263
263
257
245
243
241
237
237
227
221
229
233
237
235
235
243
243
243
235
231
233
239
235
233
233
239
243
245
251
257
253
251
251
249
255
261
257
253
241
237
235
221
221
213
213
203
201
207
203
205
195
199
197
201
201
205
211
219
215
217
217
211
211
209
205
191
199
197
191
199
199
197
189
191
191
189
189
189
179
179
179
179
177
175
169
173
173
167
165
169
167
169
167
165
159
165
161
163
165
163
159
157
167
175
177
187
189
189
189
189
191
199
191
191
189
187
197
195
201
201
197
191
193
195
195
195
199
197
187
187
193
189
189
191
185
187
187
199
213
213
213
213
215
219
219
219
223
225
223
209
211
209
209
209
201
197
191
189
191
191
193
197
193
201
209
199
197
199
193
193
187
185
187
197
191
201
191
191
191
197
203
205
207
207
207
205
209
219
217
225
211
215
229
227
229
231
241
241
237
239
237
237
249
245
247
241
233
229
225
223
225
219
219
219
221
225
217
223
227
227
239
237
239
247
253
267
269
271
271
277
279
279
279
281
287
285
289
283
285
279
277
277
273
273
273
273
267
269
259
255
257
257
257
259
261
253
249
253
253
251
251
243
243
235
231
217
225
225
229
225
239
235
235
229
233
237
237
237
231
231
221
231
223
215
209
207
211
213
215
215
211
213
213
207
207
207
199
201
195
197
199
201
205
201
203
209
211
219
217
217
215
215
217
219
221
221
223
213
203
209
207
207
207
213
211
207
197
203
201
199
209
211
205
199
203
201
199
201
195
199
195
191
191
195
197
203
207
195
197
193
183
179
171
167
171
173
165
169
165
169
167
167
173
179
177
189
197
203
193
193
197
195
195
203
209
207
207
213
217
219
219
217
221
219
225
217
219
227
225
219
205
195
199
195
203
203
205
207
207
217
215
213
207
219
229
225
223
223
225
229
219
223
221
221
225
219
217
219
219
225
227
229
225
217
211
205
209
211
211
211
211
207
207
201
199
191
183
189
193
197
195
197
205
201
201
207
207
207
205
199
199
207
205
211
211
217
217
233
247
243
243
235
233
241
241
245
249
243
249
249
247
237
237
243
239
239
241
241
241
239
245
247
241
247
243
253
257
257
261
261
263
267
267
267
267
273
275
281
279
279
283
279
279
277
277
269
269
267
261
253
251
251
247
245
247
247
257
257
249
249
239
237
237
241
241
245
251
255
247
243
247
245
239
241
237
241
245
239
231
235
231
235
243
249
245
239
235
231
243
247
245
245
243
251
249
253
263
263
263
259
261
257
255
269
273
273
271
273
273
275
279
273
275
269
273
265
261
247
247
243
235
235
227
229
225
219
213
209
209
215
221
221
227
237
239
239
231
231
237
239
231
231
221
225
235
239
241
249
253
257
259
257
257
253
259
249
249
243
247
247
243
243
241
243
245
243
243
241
247
243
247
251
261
261
259
259
269
257
257
257
255
239
239
235
237
227
227
227
227
223
223
221
219
223
223
223
225
225
219
227
229
223
215
217
217
217
223
223
231
239
233
235
243
245
255
247
243
235
229
223
215
213
207
205
213
215
223
237
237
237
243
243
245
237
233
237
237
237
235
243
239
239
231
233
233
245
245
241
241
247
245
239
233
229
217
219
221
221
221
225
229
227
227
223
219
223
221
221
219
227
227
225
225
219
219
229
231
227
233
237
239
257
257
247
239
241
233
231
231
235
235
233
237
231
233
233
237
241
241
241
241
247
247
243
239
239
235
237
239
231
235
235
239
239
235
241
247
249
249
257
253
257
253
253
251
253
247
251
249
253
247
249
243
235
235
223
227
231
233
243
243
241
239
233
235
239
251
251
255
261
259
263
259
257
257
253
261
255
255
261
263
259
253
253
253
247
257
273
267
265
257
259
255
261
261
263
269
269
269
265
267
261
263
267
275
269
283
271
277
281
275
283
293
295
301
303
307
307
297
293
303
297
297
299
303
295
291
287
283
283
279
287
295
293
301
305
309
309
313
307
313
315
315
319
315
317
307
315
321
313
303
305
307
313
309
319
317
327
319
315
313
315
315
327
321
323
325
335
331
331
317
315
317
313
309
315
315
315
315
315
307
301
311
311
315
313
313
313
309
317
317
313
319
325
317
319
323
321
321
323
329
327
335
327
329
329
329
329
329
327
327
321
317
321
323
319
319
311
311
311
309
303
299
297
299
299
299
299
303
303
301
299
297
287
279
275
275
269
269
265
275
273
269
269
273
265
265
261
267
267
263
269
267
273
275
269
269
263
269
269
273
275
275
271
275
275
273
275
277
279
279
271
267
269
261
261
259
265
269
275
279
281
283
285
287
285
285
291
297
301
303
307
307
301
299
299
285
289
291
291
295
297
299
299
301
293
293
289
289
281
285
287
289
293
295
303
307
307
307
305
301
301
293
293
285
287
285
289
291
295
307
307
309
299
303
307
307
315
315
319
321
327
327
327
317
309
313
319
321
323
323
333
335
329
331
331
327
321
321
323
323
323
321
321
315
319
319
315
319
323
335
341
341
341
341
341
341
345
339
337
335
339
337
331
329
317
319
317
319
319
319
319
319
315
313
309
311
319
319
317
317
307
315
313
315
311
311
313
313
313
309
307
307
305
305
305
303
303
309
309
309
313
307
303
307
301
301
303
313
317
321
321
313
313
319
323
323
325
331
333
325
327
331
333
339
339
339
327
327
333
341
345
345
347
341
343
341
341
339
339
339
339
347
351
353
347
341
337
339
337
335
341
347
349
341
337
339
343
343
345
341
341
341
339
345
337
329
329
329
325
331
337
341
343
343
353
353
351
353
353
351
349
343
335
335
333
329
333
329
333
337
335
329
329
327
327
343
343
343
339
335
341
343
339
339
347
339
343
331
331
331
335
327
325
327
323
323
327
327
315
315
311
317
317
317
313
305
305
299
295
297
295
291
291
301
289
299
299
287
293
293
293
299
293
299
299
295
295
303
307
309
297
289
285
291
295
289
293
297
291
293
285
287
277
277
279
281
283
281
289
289
287
293
291
295
297
295
283
289
293
293
293
293
297
295
295
301
301
301
301
303
303
299
297
299
295
301
303
301
301
301
303
301
301
301
301
307
311
315
311
309
321
319
313
315
311
309
307
303
305
305
303
303
299
301
303
299
291
287
283
275
275
275
279
271
269
261
261
267
267
267
263
263
267
265
271
271
263
265
269
265
257
247
253
253
245
247
239
237
235
239
241
241
243
253
249
259
265
257
255
257
255
249
245
245
245
245
243
235
233
235
239
231
239
239
239
235
245
249
249
245
247
239
235
243
237
223
221
209
213
215
219
215
211
215
217
221
215
215
217
211
223
219
217
211
209
217
219
219
219
217
221
221
229
233
235
235
231
229
223
225
239
243
235
233
233
233
237
229
235
235
235
231
231
233
231
231
231
227
229
229
239
233
231
237
241
249
245
253
257
261
253
255
249
249
241
239
241
245
239
243
255
257
255
251
247
239
235
239
241
241
237
239
243
243
243
243
245
253
251
241
239
237
241
241
241
237
237
227
239
253
249
249
249
247
243
243
241
233
235
241
231
231
235
243
243
243
243
243
243
247
249
251
245
245
249
257
257
265
263
263
271
269
275
283
285
285
289
277
273
277
275
277
275
275
267
277
283
285
293
293
291
291
293
293
295
299
299
297
297
305
293
295
293
293
293
295
295
295
291
279
281
285
291
285
293
295
301
301
297
295
295
287
281
279
285
289
287
295
301
303
307
315
321
325
325
325
319
309
313
307
299
299
295
293
293
295
297
287
283
281
285
275
269
269
269
269
275
277
277
281
289
295
293
291
291
291
293
305
305
309
309
309
305
301
301
293
293
291
285
281
277
279
287
293
293
295
293
291
289
283
281
273
279
283
277
279
277
279
279
279
279
281
285
281
289
285
285
275
273
273
273
277
277
279
263
267
265
265
259
269
265
255
251
245
239
237
227
231
229
231
231
239
243
249
241
233
223
227
227
231
229
231
223
215
215
221
219
225
221
215
211
211
203
205
211
203
195
191
189
191
183
187
183
183
185
195
191
191
195
199
195
193
193
203
207
207
209
215
219
221
221
229
223
221
233
237
245
235
235
235
233
235
241
241
237
243
239
237
243
245
245
241
253
249
253
241
247
237
237
233
239
239
245
247
249
253
243
239
237
233
231
233
237
229
227
225
223
227
227
219
217
217
219
225
231
229
227
223
219
213
211
211
211
205
203
207
197
197
197
191
179
175
175
175
175
181
175
171
171
165
159
155
157
157
161
161
157
157
145
149
149
153
149
155
157
153
155
159
171
181
189
201
203
211
211
203
203
201
209
217
227
229
227
227
231
229
227
233
233
233
233
233
231
233
235
233
235
227
227
223
223
221
233
225
225
229
233
231
237
237
239
235
239
239
245
235
239
245
255
255
259
253
247
247
251
243
241
249
247
247
243
247
245
245
245
255
249
243
249
255
255
247
245
247
247
245
239
235
237
231
231
235
235
235
239
241
247
257
257
247
239
237
231
237
231
221
215
215
213
207
205
203
205
205
207
207
209
213
225
225
229
223
215
213
221
221
227
227
231
233
235
231
225
231
239
245
247
255
255
253
249
241
245
245
245
237
243
239
243
243
243
239
233
227
227
227
219
209
207
203
195
201
191
191
181
177
175
183
181
187
183
189
191
191
191
191
191
185
189
187
187
189
197
191
197
189
189
195
177
179
173
173
177
187
189
187
189
185
187
183
185
183
199
195
195
195
197
205
213
203
201
201
199
197
199
195
197
201
203
197
197
201
191
191
189
195
195
191
183
179
173
173
177
171
167
163
163
163
165
177
177
175
167
163
163
167
167
161
155
153
153
165
171
171
165
169
167
165
167
165
173
173
177
177
177
175
173
177
189
189
191
191
187
183
183
179
179
181
177
175
181
181
175
167
167
171
167
155
159
153
149
153
159
161
155
157
155
163
153
147
147
151
161
169
163
165
169
169
173
167
167
159
159
159
167
167
159
171
165
159
147
151
151
149
137
133
137
145
143
137
137
137
139
141
143
153
161
159
155
151
151
151
159
155
155
153
161
161
163
159
159
161
157
155
161
163
163
161
163
159
159
157
157
153
157
159
153
149
147
141
133
127
129
129
131
121
131
135
139
137
141
133
141
141
143
143
143
151
151
155
147
147
143
149
153
145
143
145
145
145
145
151
157
163
165
163
167
157
157
157
157
157
153
151
155
157
151
153
161
165
165
165
165
161
159
171
171
171
171
171
171
181
181
189
193
193
185
183
193
195
193
189
193
189
181
171
173
177
183
181
173
173
165
165
157
161
157
149
153
157
159
159
171
171
165
157
159
159
157
155
153
147
155
161
157
157
157
147
147
151
153
151
149
143
147
149
153
153
157
155
161
163
151
151
147
149
141
139
149
151
153
141
145
155
165
167
165
167
167
161
157
155
157
153
157
161
161
167
167
165
157
155
155
145
145
145
147
145
139
139
145
153
157
147
153
147
147
151
151
153
157
159
153
149
135
139
137
137
141
139
139
139
137
135
137
127
125
131
141
143
149
155
153
155
163
159
161
157
147
147
149
153
153
157
151
151
161
165
157
163
163
169
163
153
151
153
159
153
161
159
157
159
155
153
145
149
149
149
151
151
151
153
149
151
155
159
159
151
149
143
149
155
157
161
167
167
161
159
155
139
147
147
147
151
161
157
157
169
163
167
169
169
161
155
149
149
143
147
147
149
149
149
151
153
153
155
151
155
153
157
159
159
159
153
159
161
159
161
169
169
171
175
177
179
179
175
173
181
185
185
185
183
181
175
173
177
177
181
179
175
169
177
175
175
173
177
175
175
177
173
167
171
167
163
157
161
159
163
165
173
173
173
175
169
169
173
173
169
167
159
165
165
163
163
171
173
169
163
157
157
151
151
143
139
141
149
147
139
145
147
143
135
127
127
127
129
131
127
115
121
131
125
133
141
147
139
139
139
133
137
147
141
143
151
135
127
119
115
121
121
113
109
109
113
117
113
119
115
109
101
97
95
93
87
81
75
71
75
81
79
79
75
77
77
75
75
71
79
81
81
77
81
79
83
81
81
77
67
55
51
51
67
71
77
75
73
77
61
61
67
63
67
67
67
75
75
75
73
67
63
63
63
65
63
67
67
59
63
61
61
57
59
57
53
43
45
37
41
43
39
37
41
37
35
33
25
21
15
15
15
17
15
21
21
11
17
21
23
25
25
9
11
15
11
21
21
19
23
27
25
25
29
25
23
25
25
21
21
19
19
23
31
29
31
35
33
45
49
55
67
59
59
61
67
67
65
73
67
67
61
57
49
39
41
39
37
39
35
43
45
43
45
49
41
43
49
49
49
55
55
43
45
49
41
27
33
33
33
27
25
27
25
27
33
41
41
43
41
43
33
31
31
37
49
61
63
51
41
45
51
57
61
61
59
49
45
47
43
41
37
39
43
41
31
27
23
11
7
5
7
15
17
21
17
15
11
11
11
7
9
7
19
25
25
27
27
31
43
43
43
47
45
45
47
43
39
49
53
49
53
47
49
55
55
57
63
63
57
51
47
49
47
55
59
59
61
63
63
67
63
61
59
65
75
83
71
75
81
91
91
91
95
95
93
89
83
83
81
77
79
89
97
93
97
93
93
93
95
97
101
95
89
85
91
91
91
89
101
109
109
109
109
103
101
97
103
99
99
99
99
105
105
107
115
121
119
133
141
137
141
139
135
135
129
137
139
139
147
163
155
161
161
159
155
153
153
155
145
143
141
143
147
155
143
145
149
149
153
155
153
161
163
159
161
161
161
165
173
171
161
157
157
155
163
167
167
173
173
165
169
161
155
157
161
161
163
157
149
145
137
135
133
133
129
129
133
137
131
141
155
157
149
147
151
147
143
141
127
123
127
131
129
133
137
133
135
139
145
149
151
157
155
157
157
159
163
165
167
161
161
157
169
163
165
161
163
163
165
161
155
155
149
149
153
149
155
153
157
157
163
161
171
179
179
175
175
171
171
163
163
173
173
171
173
173
169
177
177
173
173
175
181
179
177
173
169
179
181
195
195
197
199
205
209
219
221
215
221
227
229
231
231
235
229
227
225
225
219
219
219
223
225
225
233
231
235
237
241
243
245
237
247
253
255
257
247
249
247
243
243
243
245
249
243
243
251
251
251
251
257
255
255
257
265
261
259
255
255
249
249
251
249
245
245
239
231
227
227
225
219
215
215
205
193
193
189
191
187
195
201
199
205
197
199
201
193
195
199
209
203
203
187
191
187
185
187
177
177
171
173
177
175
175
171
157
163
171
171
171
165
163
169
167
167
175
177
181
177
181
181
189
189
189
193
197
191
191
189
193
193
197
207
211
207
203
195
201
197
197
203
203
209
217
217
207
209
203
203
203
199
199
203
205
205
207
211
215
213
209
209
207
209
215
209
207
205
207
207
207
205
209
213
211
211
215
211
215
215
217
217
227
235
235
233
233
229
233
233
233
233
223
223
233
241
241
243
235
221
211
211
209
209
209
209
205
211
207
197
199
209
207
209
205
211
217
217
213
209
215
225
213
213
213
217
217
211
213
211
209
209
217
223
221
229
235
239
245
243
251
255
257
257
261
263
269
269
273
271
259
265
261
257
261
257
259
257
259
259
267
263
267
263
271
261
257
265
265
273
273
271
271
271
261
255
255
243
239
239
229
235
231
231
237
227
229
221
225
223
207
211
211
207
195
191
197
205
201
191
191
193
195
193
193
195
207
207
201
201
197
201
199
199
193
191
179
177
191
185
185
177
171
173
185
189
189
189
189
187
185
185
181
185
189
185
189
185
181
181
185
195
201
203
203
195
193
189
195
183
185
185
185
183
175
171
175
179
173
169
169
165
169
167
169
165
173
167
157
155
157
165
161
161
165
165
169
177
183
177
181
177
175
177
183
183
185
185
185
177
179
189
191
189
195
193
191
191
185
189
189
187
189
185
191
189
191
195
193
195
187
189
193
191
195
201
199
195
197
189
193
195
195
205
205
201
197
193
191
195
201
195
183
183
181
169
173
171
173
179
177
175
175
175
173
171
179
169
175
175
171
173
173
173
169
171
173
177
179
179
187
181
181
183
185
185
191
205
205
199
193
197
207
207
207
207
205
199
193
201
199
199
197
199
189
185
189
187
197
197
201
203
199
199
199
199
197
205
209
213
213
201
197
191
183
175
179
173
181
179
185
191
187
187
187
185
189
189
191
191
193
191
183
181
173
177
183
177
169
159
157
161
161
161
165
163
163
169
165
169
175
175
163
153
155
159
161
165
161
161
159
157
151
155
157
153
153
157
157
147
139
147
147
145
143
137
135
137
131
129
131
131
131
127
127
133
135
137
139
135
135
127
123
125
125
125
123
119
119
121
119
123
125
119
117
117
125
125
127
127
127
129
119
117
115
109
111
111
107
101
101
101
97
103
93
91
81
77
79
71
77
71
71
67
55
57
55
51
51
51
51
55
55
55
57
57
63
63
59
57
61
59
65
63
59
57
55
61
61
65
65
61
55
61
61
59
55
55
57
57
65
57
57
59
57
49
49
51
59
53
51
49
51
57
61
65
65
57
59
61
61
61
65
57
63
65
63
57
73
79
89
83
93
85
83
77
81
81
83
89
97
85
89
91
91
85
85
73
75
69
73
79
79
89
87
85
77
75
75
75
77
77
77
75
83
75
69
69
75
79
73
79
79
85
85
91
93
89
91
89
89
89
85
89
89
85
85
77
79
73
73
69
75
77
63
53
51
49
37
41
43
45
49
51
49
47
41
45
49
45
49
51
43
41
55
47
51
49
53
53
43
43
49
49
57
59
59
59
55
65
67
73
81
81
79
79
81
89
99
97
93
93
83
81
81
73
73
71
83
87
91
97
103
111
111
111
115
109
111
117
123
121
133
131
133
133
135
141
149
143
151
159
161
155
167
159
161
163
169
177
181
181
191
189
189
185
195
191
193
189
193
197
201
205
209
211
203
205
217
221
219
211
215
219
221
227
221
225
217
213
213
207
209
203
201
201
201
205
211
203
201
203
203
211
219
215
209
203
203
207
207
203
203
203
207
211
211
215
217
221
211
211
209
213
219
219
213
219
221
223
219
217
217
215
205
211
213
213
221
217
213
219
227
227
227
231
231
235
235
227
227
225
221
213
213
215
215
225
229
229
239
237
241
245
251
249
249
245
249
237
243
249
241
241
241
241
241
231
233
233
227
225
223
227
231
231
233
235
239
247
239
235
247
249
251
245
245
241
247
241
233
239
257
251
253
247
249
247
249
255
261
263
265
265
257
253
249
255
255
259
263
267
265
259
259
253
249
253
239
241
239
231
233
225
215
215
217
213
213
209
219
219
211
211
211
203
209
207
209
201
193
197
191
195
191
191
193
195
193
189
197
189
189
195
199
199
203
207
213
219
213
209
209
195
205
211
219
215
215
219
217
213
217
221
221
227
233
221
225
231
235
239
239
247
247
241
245
253
257
257
255
263
263
275
273
273
269
273
273
273
265
269
261
269
277
275
273
265
267
259
263
263
271
269
265
271
269
265
267
261
255
249
255
253
245
253
251
251
247
243
251
255
271
273
271
271
275
283
287
287
283
283
289
285
281
281
269
275
259
257
257
257
257
255
243
245
243
245
241
245
247
247
241
233
227
223
219
221
223
221
215
219
227
231
231
221
221
215
215
211
211
217
215
211
213
213
213
207
205
193
195
189
189
193
197
197
197
197
197
199
199
191
193
201
197
205
201
207
217
223
219
219
227
225
227
227
225
233
239
247
247
251
253
255
257
261
267
271
269
269
263
261
261
259
259
259
269
265
259
255
261
261
259
259
257
253
253
255
255
259
261
261
257
257
247
251
247
241
241
239
241
243
243
247
251
253
247
247
251
243
245
241
247
245
245
249
253
259
259
257
263
259
261
261
265
261
257
257
253
243
249
245
241
241
237
231
237
231
225
223
221
221
221
225
225
229
229
231
223
225
223
219
221
221
207
205
207
207
201
193
189
187
181
181
181
175
173
179
175
175
175
163
163
165
167
169
165
159
155
155
149
157
159
149
149
135
127
137
139
145
151
159
159
159
149
147
147
147
147
149
145
149
145
149
149
149
153
149
141
139
137
141
139
143
147
147
149
147
145
149
149
149
151
143
141
145
147
137
137
137
137
137
137
129
135
143
141
145
145
151
151
155
153
159
163
163
159
167
169
161
157
165
163
165
163
161
161
167
167
163
163
163
169
175
163
161
171
167
173
173
167
173
167
167
163
163
167
159
157
153
157
157
157
163
173
171
173
173
173
175
177
183
185
185
185
179
191
189
195
199
195
205
205
197
203
209
199
195
187
187
191
193
193
189
189
197
193
201
195
201
201
203
203
207
205
209
215
225
233
241
245
253
253
261
265
271
269
271
265
257
259
259
263
265
267
261
255
253
257
249
253
263
265
265
265
267
261
261
257
263
263
263
259
259
255
251
253
249
243
243
249
251
251
241
247
247
241
239
243
245
243
243
249
253
261
255
263
259
257
249
245
239
241
243
249
249
259
259
253
251
251
251
261
257
255
253
255
249
245
251
249
247
245
233
233
227
225
225
231
237
237
235
233
225
213
221
223
223
221
227
217
221
217
211
209
207
205
201
195
191
191
195
203
207
203
199
203
203
203
207
205
211
211
213
215
217
209
201
199
191
197
201
205
197
197
197
197
195
195
193
189
189
185
191
187
185
185
189
189
197
189
187
181
183
185
181
179
165
167
171
173
173
173
171
167
169
175
175
171
175
177
175
175
175
171
165
157
149
147
149
155
151
149
151
147
143
141
141
141
145
141
139
139
135
125
125
123
127
135
135
139
151
145
151
151
159
155
161
161
163
169
165
165
159
165
159
165
159
155
155
159
159
161
161
159
151
147
155
153
153
157
155
161
165
167
173
169
167
163
165
175
175
171
165
169
169
167
179
181
181
185
181
175
169
173
167
161
159
169
169
175
173
179
179
179
185
185
189
197
199
201
203
199
203
195
187
185
183
185
187
177
173
171
173
175
175
173
173
179
177
183
183
179
177
175
177
183
181
185
171
167
175
179
171
173
169
159
151
147
157
147
157
163
151
149
147
147
145
149
149
145
151
153
153
161
161
153
155
165
167
169
