-10474
-10462
-10456
-10446
-10440
-10440
-10436
-10434
-10426
-10412
-10402
-10396
-10394
-10384
-10372
-10370
-10364
-10360
-10358
-10348
-10332
-10324
-10318
-10316
-10312
-10310
-10310
-10306
-10306
-10304
-10296
-10292
-10278
-10272
-10264
-10256
-10244
-10228
-10218
-10214
-10208
-10196
-10190
-10182
-10178
-10176
-10172
-10168
-10160
-10148
-10138
-10124
-10122
-10116
-10114
-10114
-10106
-10094
-10094
-10086
-10078
-10076
-10066
-10060
-10054
-10050
-10040
-10040
-10036
-10030
-10020
-10012
-10006
-10000
-9990
-9976
-9972
-9970
-9962
-9960
-9948
-9932
-9922
-9912
-9904
-9894
-9890
-9886
-9876
-9868
-9862
-9854
-9848
-9836
-9826
-9826
-9816
-9810
-9802
-9800
-9798
-9788
-9786
-9778
-9766
-9754
-9754
-9750
-9744
-9734
-9728
-9718
-9712
-9698
-9700
-9688
-9682
-9670
-9656
-9656
-9644
-9640
-9636
-9636
-9632
-9628
-9626
-9622
-9608
-9598
-9586
-9576
-9564
-9558
-9556
-9546
-9544
-9536
-9528
-9522
-9510
-9498
-9484
-9482
-9474
-9470
-9470
-9466
-9462
-9464
-9468
-9460
-9454
-9446
-9438
-9428
-9424
-9418
-9410
-9408
-9402
-9392
-9380
-9376
-9362
-9358
-9350
-9344
-9346
-9342
-9340
-9332
-9322
-9322
-9322
-9308
-9308
-9300
-9294
-9282
-9282
-9270
-9260
-9252
-9242
-9228
-9228
-9226
-9228
-9214
-9204
-9194
-9186
-9180
-9168
-9164
-9162
-9150
-9136
-9130
-9126
-9118
-9114
-9114
-9104
-9104
-9104
-9100
-9094
-9090
-9082
-9074
-9066
-9056
-9044
-9038
-9038
-9030
-9026
-9024
-9020
-9008
-8996
-8986
-8984
-8980
-8976
-8966
-8960
-8952
-8942
-8936
-8932
-8924
-8908
-8900
-8890
-8886
-8870
-8862
-8854
-8842
-8842
-8838
-8834
-8832
-8820
-8810
-8808
-8802
-8794
-8788
-8780
-8768
-8758
-8758
-8762
-8758
-8754
-8742
-8736
-8740
-8728
-8728
-8724
-8710
-8700
-8694
-8690
-8682
-8678
-8672
-8672
-8672
-8660
-8654
-8654
-8656
-8648
-8648
-8638
-8634
-8640
-8632
-8624
-8614
-8604
-8606
-8596
-8594
-8584
-8580
-8570
-8562
-8552
-8552
-8548
-8542
-8530
-8514
-8504
-8490
-8484
-8478
-8470
-8468
-8460
-8458
-8454
-8448
-8444
-8436
-8430
-8432
-8428
-8424
-8418
-8412
-8406
-8400
-8386
-8380
-8368
-8356
-8356
-8344
-8348
-8346
-8334
-8326
-8312
-8304
-8296
-8286
-8280
-8270
-8268
-8260
-8246
-8236
-8228
-8222
-8208
-8204
-8204
-8196
-8188
-8180
-8172
-8170
-8166
-8154
-8146
-8142
-8142
-8138
-8138
-8124
-8110
-8098
-8094
-8086
-8078
-8078
-8072
-8066
-8072
-8064
-8054
-8052
-8036
-8028
-8024
-8012
-8004
-7994
-7982
-7972
-7964
-7956
-7948
-7944
-7936
-7930
-7930
-7934
-7922
-7910
-7910
-7904
-7900
-7892
-7884
-7876
-7876
-7874
-7866
-7862
-7848
-7836
-7838
-7834
-7822
-7822
-7824
-7814
-7816
-7806
-7796
-7800
-7796
-7792
-7786
-7778
-7766
-7756
-7748
-7742
-7738
-7732
-7718
-7712
-7712
-7704
-7704
-7702
-7700
-7696
-7696
-7694
-7678
-7678
-7678
-7674
-7662
-7658
-7652
-7644
-7634
-7634
-7622
-7620
-7616
-7608
-7604
-7586
-7584
-7582
-7572
-7560
-7560
-7558
-7550
-7538
-7522
-7522
-7510
-7512
-7508
-7500
-7488
-7490
-7478
-7480
-7476
-7462
-7450
-7450
-7440
-7432
-7440
-7440
-7430
-7428
-7420
-7414
-7402
-7400
-7402
-7400
-7396
-7388
-7380
-7368
-7364
-7350
-7348
-7346
-7338
-7332
-7324
-7316
-7310
-7310
-7308
-7306
-7302
-7298
-7286
-7286
-7280
-7274
-7264
-7254
-7244
-7234
-7234
-7234
-7226
-7216
-7222
-7216
-7214
-7210
-7208
-7202
-7204
-7196
-7192
-7180
-7174
-7166
-7166
-7162
-7156
-7154
-7142
-7140
-7132
-7128
-7118
-7112
-7116
-7108
-7100
-7098
-7094
-7084
-7078
-7078
-7072
-7064
-7064
-7058
-7048
-7044
-7030
-7026
-7024
-7024
-7016
-7014
-7014
-7004
-7006
-7012
-7010
-7006
-7002
-6998
-6994
-6984
-6982
-6976
-6968
-6956
-6952
-6938
-6934
-6924
-6916
-6910
-6910
-6910
-6900
-6900
-6894
-6886
-6886
-6876
-6866
-6862
-6856
-6852
-6846
-6844
-6836
-6828
-6840
-6830
-6830
-6828
-6824
-6818
-6812
-6806
-6800
-6796
-6786
-6782
-6774
-6772
-6764
-6760
-6758
-6750
-6758
-6748
-6744
-6744
-6732
-6724
-6722
-6724
-6722
-6714
-6710
-6704
-6698
-6692
-6674
-6666
-6664
-6664
-6664
-6654
-6646
-6640
-6642
-6652
-6656
-6654
-6658
-6662
-6646
-6646
-6642
-6628
-6622
-6622
-6620
-6606
-6606
-6612
-6610
-6602
-6598
-6592
-6580
-6572
-6564
-6552
-6548
-6546
-6540
-6540
-6532
-6532
-6536
-6532
-6526
-6536
-6532
-6520
-6506
-6506
-6506
-6502
-6490
-6492
-6478
-6476
-6476
-6472
-6468
-6470
-6454
-6442
-6436
-6430
-6420
-6416
-6414
-6404
-6396
-6388
-6382
-6374
-6372
-6366
-6354
-6346
-6346
-6344
-6344
-6354
-6338
-6334
-6334
-6340
-6328
-6320
-6318
-6308
-6298
-6288
-6286
-6274
-6270
-6270
-6260
-6254
-6246
-6240
-6232
-6234
-6238
-6238
-6242
-6238
-6224
-6220
-6224
-6230
-6230
-6224
-6220
-6218
-6232
-6230
-6216
-6210
-6200
-6208
-6192
-6186
-6182
-6180
-6174
-6170
-6158
-6152
-6144
-6132
-6132
-6130
-6126
-6124
-6122
-6122
-6114
-6112
-6112
-6100
-6108
-6100
-6092
-6084
-6078
-6078
-6070
-6066
-6052
-6052
-6042
-6038
-6030
-6022
-6020
-6020
-6016
-6006
-6012
-6008
-6004
-6000
-5990
-5988
-5990
-5978
-5970
-5976
-5968
-5964
-5964
-5956
-5958
-5962
-5960
-5960
-5956
-5948
-5948
-5936
-5930
-5920
-5912
-5908
-5898
-5894
-5890
-5878
-5878
-5880
-5878
-5870
-5874
-5870
-5866
-5860
-5844
-5836
-5828
-5826
-5828
-5828
-5826
-5824
-5826
-5830
-5822
-5812
-5808
-5810
-5812
-5806
-5810
-5810
-5808
-5796
-5798
-5790
-5788
-5792
-5800
-5798
-5790
-5796
-5788
-5778
-5778
-5784
-5784
-5784
-5784
-5772
-5770
-5762
-5764
-5768
-5768
-5756
-5760
-5758
-5754
-5754
-5762
-5754
-5752
-5744
-5734
-5728
-5724
-5722
-5718
-5716
-5708
-5706
-5720
-5710
-5706
-5698
-5686
-5682
-5670
-5660
-5656
-5648
-5652
-5648
-5644
-5638
-5632
-5630
-5630
-5630
-5636
-5632
-5622
-5624
-5616
-5604
-5606
-5594
-5590
-5586
-5578
-5580
-5578
-5578
-5576
-5568
-5560
-5556
-5546
-5550
-5550
-5542
-5538
-5528
-5524
-5524
-5516
-5514
-5508
-5504
-5504
-5494
-5486
-5482
-5474
-5466
-5458
-5450
-5442
-5430
-5426
-5418
-5412
-5404
-5398
-5388
-5382
-5376
-5376
-5370
-5366
-5354
-5350
-5342
-5340
-5332
-5330
-5318
-5306
-5302
-5298
-5296
-5298
-5302
-5292
-5292
-5292
-5294
-5290
-5286
-5286
-5282
-5278
-5268
-5258
-5260
-5256
-5252
-5244
-5228
-5226
-5226
-5218
-5210
-5208
-5206
-5200
-5198
-5194
-5202
-5202
-5196
-5184
-5174
-5162
-5146
-5158
-5158
-5158
-5160
-5162
-5160
-5154
-5160
-5154
-5150
-5152
-5142
-5132
-5128
-5114
-5114
-5114
-5100
-5102
-5098
-5106
-5106
-5092
-5090
-5084
-5080
-5072
-5070
-5062
-5066
-5072
-5074
-5066
-5066
-5070
-5064
-5064
-5062
-5062
-5052
-5044
-5044
-5036
-5030
-5020
-5014
-5004
-5000
-4998
-4992
-4988
-4984
-4974
-4968
-4962
-4960
-4950
-4938
-4928
-4924
-4920
-4908
-4904
-4888
-4884
-4876
-4874
-4874
-4880
-4870
-4872
-4862
-4850
-4866
-4858
-4856
-4854
-4844
-4846
-4848
-4852
-4848
-4840
-4838
-4834
-4826
-4826
-4818
-4810
-4806
-4806
-4798
-4800
-4790
-4786
-4770
-4764
-4758
-4754
-4744
-4740
-4732
-4724
-4724
-4712
-4706
-4702
-4708
-4700
-4704
-4698
-4702
-4698
-4700
-4696
-4696
-4692
-4694
-4688
-4688
-4692
-4692
-4688
-4688
-4694
-4694
-4692
-4690
-4680
-4686
-4678
-4668
-4654
-4656
-4652
-4656
-4656
-4656
-4654
-4652
-4648
-4644
-4638
-4632
-4626
-4614
-4606
-4606
-4604
-4606
-4598
-4588
-4590
-4580
-4574
-4562
-4562
-4558
-4556
-4550
-4542
-4548
-4542
-4540
-4528
-4528
-4524
-4516
-4506
-4504
-4490
-4484
-4480
-4484
-4478
-4472
-4472
-4470
-4470
-4468
-4456
-4444
-4438
-4434
-4432
-4434
-4420
-4410
-4412
-4404
-4398
-4392
-4384
-4376
-4376
-4364
-4354
-4360
-4364
-4354
-4344
-4338
-4338
-4330
-4320
-4320
-4316
-4302
-4294
-4298
-4300
-4292
-4282
-4280
-4268
-4270
-4268
-4274
-4274
-4278
-4274
-4268
-4268
-4268
-4264
-4260
-4258
-4258
-4252
-4242
-4256
-4264
-4254
-4244
-4234
-4230
-4226
-4230
-4228
-4228
-4232
-4226
-4228
-4226
-4228
-4234
-4224
-4222
-4224
-4222
-4224
-4218
-4226
-4232
-4224
-4234
-4220
-4224
-4212
-4208
-4218
-4212
-4212
-4204
-4196
-4192
-4192
-4186
-4180
-4176
-4166
-4158
-4158
-4166
-4160
-4152
-4142
-4136
-4132
-4120
-4128
-4128
-4128
-4128
-4116
-4108
-4100
-4098
-4086
-4086
-4084
-4080
-4072
-4072
-4074
-4074
-4070
-4058
-4056
-4044
-4038
-4030
-4028
-4028
-4012
-4008
-4000
-4000
-3994
-3990
-3982
-3964
-3964
-3962
-3966
-3968
-3952
-3950
-3946
-3944
-3940
-3932
-3932
-3932
-3922
-3916
-3918
-3914
-3910
-3908
-3914
-3914
-3900
-3902
-3894
-3892
-3892
-3892
-3874
-3876
-3868
-3864
-3864
-3864
-3860
-3856
-3856
-3846
-3842
-3844
-3840
-3838
-3846
-3832
-3826
-3824
-3814
-3814
-3814
-3810
-3804
-3806
-3810
-3810
-3814
-3818
-3812
-3810
-3802
-3794
-3790
-3786
-3784
-3776
-3774
-3772
-3768
-3762
-3762
-3770
-3762
-3760
-3756
-3752
-3746
-3746
-3754
-3760
-3756
-3748
-3746
-3752
-3756
-3754
-3754
-3752
-3748
-3740
-3732
-3730
-3734
-3734
-3736
-3732
-3732
-3724
-3720
-3730
-3732
-3732
-3726
-3722
-3712
-3710
-3702
-3692
-3692
-3690
-3694
-3692
-3680
-3674
-3672
-3676
-3676
-3678
-3664
-3658
-3654
-3644
-3634
-3628
-3624
-3626
-3618
-3622
-3610
-3614
-3604
-3608
-3604
-3598
-3594
-3596
-3594
-3596
-3596
-3590
-3586
-3580
-3576
-3568
-3562
-3552
-3546
-3536
-3536
-3536
-3538
-3546
-3542
-3536
-3534
-3538
-3542
-3542
-3534
-3528
-3526
-3520
-3520
-3512
-3516
-3518
-3514
-3522
-3526
-3530
-3518
-3518
-3520
-3522
-3524
-3526
-3528
-3530
-3524
-3530
-3526
-3518
-3514
-3522
-3516
-3518
-3518
-3512
-3502
-3504
-3510
-3506
-3498
-3496
-3500
-3496
-3496
-3498
-3488
-3490
-3484
-3484
-3484
-3482
-3476
-3482
-3476
-3474
-3472
-3474
-3484
-3484
-3470
-3474
-3472
-3470
-3464
-3458
-3456
-3470
-3466
-3466
-3462
-3462
-3460
-3446
-3446
-3438
-3438
-3426
-3432
-3416
-3412
-3400
-3404
-3394
-3386
-3372
-3372
-3372
-3366
-3360
-3346
-3342
-3342
-3346
-3344
-3348
-3340
-3332
-3328
-3318
-3312
-3314
-3308
-3298
-3290
-3288
-3284
-3276
-3266
-3258
-3256
-3260
-3254
-3246
-3252
-3250
-3246
-3246
-3248
-3244
-3240
-3230
-3232
-3232
-3228
-3222
-3228
-3224
-3228
-3226
-3216
-3210
-3202
-3200
-3208
-3200
-3200
-3196
-3192
-3194
-3190
-3188
-3182
-3178
-3176
-3164
-3168
-3160
-3154
-3156
-3156
-3158
-3158
-3156
-3158
-3148
-3140
-3134
-3138
-3142
-3142
-3130
-3132
-3124
-3118
-3124
-3124
-3118
-3122
-3112
-3106
-3088
-3096
-3096
-3098
-3088
-3080
-3078
-3080
-3078
-3072
-3066
-3060
-3058
-3050
-3048
-3050
-3038
-3038
-3028
-3030
-3034
-3026
-3020
-3014
-3012
-3010
-2996
-2994
-2984
-2982
-2982
-2982
-2988
-2984
-2984
-2986
-2974
-2966
-2966
-2968
-2962
-2960
-2956
-2946
-2944
-2948
-2948
-2940
-2946
-2938
-2936
-2938
-2942
-2932
-2932
-2924
-2922
-2924
-2930
-2926
-2920
-2916
-2916
-2918
-2930
-2920
-2918
-2904
-2890
-2890
-2888
-2882
-2882
-2882
-2880
-2872
-2878
-2876
-2872
-2870
-2874
-2862
-2850
-2850
-2852
-2848
-2838
-2844
-2852
-2846
-2840
-2834
-2820
-2814
-2818
-2816
-2812
-2812
-2808
-2808
-2804
-2800
-2806
-2798
-2802
-2802
-2798
-2796
-2798
-2794
-2782
-2788
-2790
-2794
-2792
-2780
-2784
-2790
-2792
-2790
-2776
-2778
-2770
-2762
-2760
-2762
-2760
-2766
-2768
-2768
-2772
-2760
-2752
-2756
-2752
-2762
-2766
-2760
-2758
-2762
-2748
-2746
-2742
-2754
-2762
-2754
-2752
-2748
-2752
-2750
-2742
-2742
-2742
-2744
-2746
-2740
-2740
-2752
-2746
-2752
-2746
-2744
-2736
-2728
-2732
-2724
-2724
-2716
-2712
-2716
-2714
-2714
-2716
-2714
-2710
-2712
-2716
-2712
-2710
-2700
-2692
-2684
-2676
-2664
-2664
-2672
-2662
-2666
-2666
-2670
-2674
-2666
-2658
-2662
-2672
-2664
-2672
-2674
-2664
-2666
-2662
-2652
-2654
-2652
-2644
-2644
-2630
-2620
-2618
-2620
-2608
-2606
-2602
-2604
-2596
-2592
-2592
-2588
-2590
-2578
-2576
-2580
-2580
-2580
-2580
-2582
-2574
-2566
-2560
-2556
-2548
-2554
-2548
-2546
-2546
-2536
-2538
-2542
-2540
-2536
-2532
-2536
-2536
-2540
-2550
-2548
-2550
-2542
-2538
-2540
-2530
-2534
-2526
-2532
-2544
-2540
-2544
-2536
-2536
-2534
-2530
-2522
-2530
-2528
-2524
-2522
-2526
-2526
-2526
-2516
-2522
-2522
-2514
-2510
-2510
-2504
-2508
-2506
-2508
-2508
-2508
-2504
-2504
-2494
-2492
-2486
-2490
-2494
-2488
-2478
-2472
-2472
-2472
-2474
-2470
-2470
-2462
-2464
-2468
-2462
-2458
-2460
-2452
-2450
-2446
-2436
-2432
-2442
-2444
-2444
-2442
-2438
-2434
-2438
-2436
-2444
-2436
-2430
-2432
-2432
-2420
-2430
-2434
-2426
-2424
-2416
-2410
-2408
-2408
-2400
-2414
-2410
-2412
-2414
-2416
-2418
-2414
-2406
-2400
-2396
-2394
-2394
-2392
-2394
-2390
-2398
-2396
-2392
-2392
-2394
-2398
-2392
-2386
-2378
-2372
-2374
-2370
-2366
-2362
-2362
-2364
-2356
-2352
-2352
-2354
-2348
-2342
-2354
-2346
-2340
-2338
-2334
-2342
-2346
-2340
-2342
-2336
-2338
-2332
-2322
-2328
-2320
-2320
-2310
-2300
-2294
-2286
-2292
-2286
-2282
-2276
-2270
-2262
-2254
-2250
-2246
-2248
-2248
-2244
-2234
-2228
-2230
-2230
-2222
-2228
-2230
-2230
-2228
-2236
-2232
-2228
-2232
-2226
-2220
-2214
-2208
-2204
-2194
-2194
-2186
-2174
-2176
-2180
-2174
-2174
-2170
-2164
-2162
-2154
-2160
-2150
-2148
-2148
-2148
-2146
-2136
-2128
-2128
-2120
-2114
-2116
-2110
-2110
-2102
-2092
-2086
-2080
-2078
-2076
-2076
-2074
-2074
-2066
-2066
-2070
-2074
-2064
-2064
-2060
-2062
-2068
-2068
-2072
-2062
-2060
-2058
-2048
-2056
-2052
-2038
-2040
-2030
-2030
-2030
-2034
-2028
-2032
-2030
-2034
-2028
-2024
-2018
-2022
-2014
-2012
-2012
-2016
-2024
-2024
-2022
-2012
-2004
-1998
-1998
-1992
-2000
-1996
-1982
-1980
-1968
-1970
-1966
-1960
-1962
-1950
-1950
-1944
-1944
-1944
-1946
-1942
-1934
-1932
-1924
-1936
-1944
-1940
-1946
-1956
-1956
-1956
-1960
-1952
-1946
-1942
-1932
-1938
-1930
-1936
-1930
-1926
-1934
-1932
-1930
-1930
-1938
-1924
-1916
-1920
-1916
-1914
-1920
-1918
-1930
-1930
-1922
-1926
-1928
-1938
-1942
-1936
-1936
-1932
-1930
-1934
-1934
-1938
-1934
-1930
-1930
-1942
-1942
-1936
-1926
-1934
-1940
-1930
-1926
-1932
-1928
-1920
-1918
-1916
-1918
-1916
-1918
-1914
-1908
-1904
-1892
-1892
-1892
-1884
-1886
-1884
-1882
-1894
-1896
-1896
-1892
-1886
-1886
-1878
-1874
-1870
-1860
-1858
-1852
-1848
-1850
-1838
-1844
-1838
-1834
-1828
-1828
-1822
-1826
-1828
-1828
-1820
-1828
-1834
-1830
-1820
-1808
-1802
-1810
-1808
-1800
-1796
-1790
-1788
-1788
-1792
-1798
-1794
-1798
-1792
-1798
-1798
-1790
-1786
-1788
-1794
-1794
-1788
-1794
-1790
-1794
-1790
-1790
-1782
-1784
-1782
-1786
-1772
-1774
-1784
-1796
-1794
-1788
-1790
-1790
-1800
-1796
-1788
-1792
-1798
-1798
-1804
-1804
-1812
-1812
-1810
-1800
-1798
-1802
-1806
-1808
-1806
-1808
-1816
-1816
-1820
-1828
-1824
-1826
-1832
-1834
-1832
-1830
-1824
-1830
-1832
-1826
-1824
-1828
-1820
-1820
-1820
-1812
-1812
-1822
-1812
-1810
-1800
-1808
-1804
-1800
-1798
-1796
-1796
-1796
-1790
-1786
-1790
-1788
-1792
-1796
-1792
-1790
-1790
-1782
-1780
-1780
-1784
-1774
-1776
-1764
-1764
-1756
-1762
-1760
-1766
-1756
-1760
-1750
-1744
-1738
-1740
-1738
-1734
-1736
-1728
-1720
-1726
-1728
-1726
-1724
-1720
-1724
-1730
-1724
-1716
-1714
-1704
-1694
-1684
-1690
-1686
-1686
-1682
-1680
-1682
-1678
-1682
-1680
-1678
-1670
-1660
-1660
-1656
-1654
-1652
-1642
-1644
-1642
-1640
-1636
-1640
-1632
-1634
-1630
-1634
-1630
-1632
-1624
-1622
-1606
-1604
-1590
-1580
-1578
-1572
-1564
-1560
-1554
-1554
-1560
-1554
-1558
-1552
-1544
-1542
-1540
-1546
-1548
-1542
-1534
-1532
-1532
-1534
-1546
-1550
-1550
-1544
-1540
-1548
-1546
-1540
-1546
-1546
-1548
-1544
-1546
-1556
-1558
-1560
-1558
-1552
-1540
-1538
-1534
-1534
-1540
-1544
-1536
-1538
-1532
-1534
-1540
-1540
-1536
-1528
-1528
-1524
-1524
-1522
-1524
-1530
-1532
-1532
-1524
-1532
-1532
-1528
-1528
-1520
-1516
-1514
-1506
-1500
-1506
-1510
-1512
-1520
-1514
-1526
-1532
-1536
-1534
-1534
-1530
-1532
-1524
-1530
-1524
-1520
-1516
-1512
-1510
-1504
-1496
-1492
-1498
-1498
-1496
-1498
-1498
-1504
-1498
-1490
-1488
-1484
-1476
-1476
-1470
-1464
-1474
-1458
-1456
-1452
-1444
-1444
-1442
-1440
-1434
-1436
-1436
-1434
-1438
-1428
-1436
-1426
-1424
-1430
-1430
-1440
-1438
-1438
-1436
-1434
-1430
-1422
-1416
-1412
-1412
-1410
-1412
-1412
-1404
-1406
-1410
-1416
-1412
-1408
-1400
-1406
-1408
-1412
-1418
-1412
-1408
-1408
-1412
-1414
-1416
-1424
-1422
-1416
-1420
-1430
-1420
-1420
-1424
-1418
-1412
-1408
-1408
-1408
-1416
-1410
-1416
-1414
-1412
-1408
-1406
-1402
-1402
-1404
-1392
-1394
-1402
-1402
-1408
-1400
-1400
-1388
-1380
-1382
-1370
-1370
-1376
-1384
-1380
-1376
-1374
-1374
-1372
-1376
-1382
-1384
-1392
-1386
-1388
-1388
-1386
-1394
-1392
-1390
-1390
-1392
-1380
-1382
-1378
-1374
-1374
-1368
-1356
-1364
-1366
-1370
-1370
-1368
-1366
-1372
-1368
-1370
-1368
-1374
-1384
-1382
-1374
-1374
-1376
-1376
-1374
-1364
-1356
-1354
-1362
-1364
-1368
-1368
-1374
-1370
-1364
-1362
-1362
-1366
-1356
-1354
-1356
-1346
-1344
-1348
-1336
-1334
-1332
-1326
-1322
-1316
-1316
-1312
-1304
-1302
-1302
-1298
-1288
-1304
-1298
-1292
-1286
-1274
-1272
-1276
-1276
-1268
-1260
-1266
-1258
-1252
-1240
-1244
-1240
-1234
-1236
-1234
-1228
-1236
-1236
-1238
-1232
-1226
-1234
-1238
-1230
-1226
-1228
-1226
-1226
-1228
-1236
-1236
-1226
-1224
-1220
-1222
-1220
-1214
-1206
-1216
-1208
-1200
-1202
-1210
-1212
-1216
-1220
-1226
-1226
-1236
-1236
-1238
-1232
-1226
-1232
-1220
-1216
-1218
-1218
-1222
-1220
-1214
-1218
-1212
-1208
-1208
-1212
-1214
-1224
-1224
-1222
-1224
-1218
-1220
-1228
-1226
-1224
-1228
-1218
-1208
-1206
-1198
-1196
-1194
-1190
-1182
-1186
-1186
-1184
-1180
-1188
-1184
-1184
-1184
-1194
-1188
-1184
-1184
-1178
-1176
-1182
-1174
-1170
-1164
-1154
-1152
-1152
-1152
-1156
-1172
-1172
-1170
-1156
-1158
-1150
-1144
-1142
-1140
-1138
-1136
-1136
-1136
-1126
-1124
-1130
-1122
-1122
-1120
-1110
-1116
-1120
-1114
-1112
-1112
-1104
-1100
-1098
-1098
-1106
-1112
-1120
-1126
-1118
-1108
-1098
-1106
-1114
-1118
-1118
-1118
-1118
-1122
-1118
-1104
-1112
-1106
-1100
-1102
-1102
-1100
-1102
-1096
-1100
-1094
-1092
-1086
-1088
-1090
-1076
-1074
-1076
-1082
-1070
-1070
-1066
-1058
-1064
-1062
-1060
-1068
-1074
-1070
-1080
-1078
-1072
-1060
-1050
-1050
-1044
-1040
-1042
-1040
-1036
-1024
-1026
-1036
-1032
-1032
-1028
-1022
-1022
-1024
-1012
-1014
-1010
-1006
-1000
-1006
-996
-992
-996
-1004
-1010
-1016
-1004
-1000
-1002
-1008
-1008
-1010
-1014
-1010
-1000
-1002
-996
-992
-992
-1002
-994
-984
-988
-980
-986
-988
-990
-984
-982
-982
-974
-982
-978
-980
-974
-984
-986
-998
-996
-984
-992
-998
-1010
-1004
-1008
-1018
-1030
-1030
-1028
-1022
-1028
-1030
-1038
-1028
-1022
-1020
-1016
-1024
-1022
-1022
-1022
-1026
-1022
-1016
-1014
-1014
-1010
-1018
-1008
-1016
-1012
-1022
-1014
-1008
-1002
-1006
-1004
-1000
-988
-980
-980
-980
-980
-972
-976
-976
-976
-974
-976
-980
-978
-976
-976
-982
-988
-978
-972
-970
-962
-960
-958
-956
-964
-964
-966
-966
-968
-960
-956
-956
-962
-962
-950
-948
-952
-950
-954
-954
-954
-954
-954
-962
-966
-968
-964
-962
-956
-950
-948
-946
-936
-934
-930
-920
-918
-914
-912
-912
-912
-916
-916
-918
-910
-906
-904
-898
-898
-888
-884
-884
-888
-894
-894
-896
-890
-886
-892
-886
-882
-882
-884
-886
-902
-904
-904
-904
-906
-908
-904
-906
-908
-906
-914
-906
-910
-916
-910
-910
-896
-898
-894
-890
-896
-896
-890
-890
-890
-892
-880
-876
-876
-874
-870
-872
-868
-862
-858
-854
-862
-864
-864
-870
-878
-884
-872
-868
-868
-868
-872
-864
-866
-864
-858
-854
-846
-834
-822
-822
-820
-816
-816
-806
-800
-786
-782
-770
-760
-766
-766
-774
-766
-754
-756
-754
-756
-756
-762
-768
-770
-764
-760
-754
-748
-746
-748
-744
-756
-746
-744
-746
-748
-748
-748
-748
-744
-752
-754
-768
-776
-778
-782
-778
-772
-774
-768
-768
-774
-774
-770
-768
-768
-762
-762
-750
-758
-762
-762
-758
-754
-758
-758
-754
-758
-758
-764
-764
-760
-764
-758
-760
-756
-748
-740
-742
-738
-742
-732
-728
-736
-728
-722
-722
-722
-714
-708
-702
-698
-704
-708
-704
-712
-702
-702
-696
-694
-694
-690
-692
-692
-694
-702
-698
-700
-700
-694
-694
-692
-698
-692
-688
-696
-694
-686
-680
-680
-682
-676
-674
-680
-678
-674
-678
-672
-668
-666
-674
-660
-664
-652
-660
-662
-668
-670
-680
-682
-676
-684
-682
-682
-676
-670
-662
-664
-662
-652
-638
-632
-628
-624
-626
-614
-618
-618
-620
-612
-622
-616
-616
-612
-610
-606
-616
-610
-610
-612
-612
-616
-616
-618
-620
-616
-610
-610
-610
-604
-614
-624
-614
-612
-610
-616
-622
-618
-614
-610
-604
-612
-604
-604
-598
-588
-596
-596
-604
-598
-602
-586
-578
-570
-566
-554
-554
-560
-556
-546
-548
-536
-532
-528
-526
-516
-518
-522
-514
-514
-522
-520
-524
-528
-528
-522
-520
-514
-518
-510
-522
-526
-522
-530
-536
-532
-528
-526
-526
-530
-536
-536
-532
-528
-526
-534
-532
-528
-520
-522
-512
-506
-500
-500
-500
-506
-500
-494
-498
-498
-498
-494
-498
-498
-500
-504
-502
-498
-492
-488
-484
-484
-486
-490
-490
-494
-494
-494
-484
-488
-480
-470
-474
-480
-476
-476
-468
-478
-466
-464
-464
-462
-462
-462
-464
-478
-478
-482
-488
-494
-478
-476
-472
-472
-470
-462
-458
-448
-454
-462
-456
-452
-448
-446
-448
-448
-446
-438
-434
-434
-428
-428
-430
-432
-432
-420
-422
-420
-414
-416
-412
-416
-424
-426
-426
-432
-426
-432
-436
-436
-440
-440
-434
-432
-428
-426
-426
-412
-408
-408
-414
-420
-414
-420
-418
-410
-412
-408
-406
-406
-398
-396
-404
-402
-406
-408
-408
-410
-410
-408
-422
-424
-424
-428
-424
-422
-428
-414
-426
-430
-432
-436
-434
-434
-430
-420
-416
-416
-420
-420
-412
-410
-410
-408
-414
-414
-410
-406
-394
-392
-396
-386
-384
-374
-382
-388
-398
-400
-390
-384
-392
-382
-390
-402
-400
-400
-400
-400
-402
-402
-404
-406
-406
-412
-414
-408
-404
-404
-406
-404
-392
-382
-386
-380
-376
-374
-378
-374
-366
-358
-364
-354
-350
-356
-360
-362
-360
-356
-356
-362
-356
-346
-340
-352
-354
-352
-358
-360
-370
-360
-356
-348
-360
-364
-368
-358
-358
-358
-354
-350
-342
-334
-344
-344
-344
-352
-352
-350
-340
-340
-342
-346
-346
-346
-342
-344
-338
-336
-342
-344
-344
-346
-354
-352
-352
-354
-348
-336
-336
-340
-338
-338
-342
-348
-350
-354
-354
-354
-362
-370
-368
-354
-358
-358
-348
-340
-340
-348
-344
-338
-340
-344
-350
-344
-338
-340
-340
-342
-340
-340
-338
-330
-332
-326
-326
-328
-336
-334
-328
-330
-338
-338
-340
-340
-336
-340
-346
-346
-344
-344
-352
-360
-364
-362
-354
-348
-332
-322
-322
-322
-330
-320
-328
-326
-322
-330
-328
-334
-340
-332
-336
-330
-330
-330
-336
-338
-338
-324
-320
-324
-326
-324
-326
-322
-314
-312
-324
-324
-324
-318
-314
-314
-324
-324
-318
-314
-306
-312
-330
-336
-328
-328
-324
-312
-308
-308
-306
-312
-316
-314
-312
-316
-318
-330
-320
-328
-334
-334
-330
-334
-322
-326
-326
-320
-318
-310
-298
-288
-284
-278
-278
-280
-270
-264
-268
-276
-272
-284
-278
-278
-268
-268
-266
-262
-258
-260
-252
-264
-260
-262
-264
-264
-278
-282
-282
-280
-278
-282
-276
-284
-278
-276
-280
-276
-276
-268
-268
-266
-268
-266
-266
-268
-270
-266
-262
-262
-264
-266
-262
-254
-256
-252
-266
-262
-254
-268
-266
-270
-272
-270
-272
-276
-282
-282
-284
-278
-280
-284
-282
-286
-286
-282
-276
-270
-272
-266
-274
-268
-266
-264
-264
-260
-252
-258
-268
-270
-268
-266
-274
-276
-266
-260
-262
-254
-256
-256
-258
-252
-254
-258
-256
-260
-254
-258
-262
-250
-234
-228
-228
-228
-230
-236
-238
-232
-234
-232
-226
-226
-238
-242
-242
-244
-244
-246
-248
-244
-246
-252
-246
-240
-240
-228
-228
-226
-218
-216
-216
-208
-204
-202
-196
-200
-202
-206
-206
-202
-190
-192
-192
-186
-186
-178
-180
-182
-186
-172
-164
-166
-172
-172
-168
-152
-152
-148
-148
-162
-156
-152
-154
-154
-148
-144
-150
-152
-152
-152
-160
-164
-164
-156
-146
-158
-152
-152
-144
-138
-136
-134
-132
-128
-132
-140
-140
-140
-130
-122
-118
-112
-108
-114
-110
-102
-108
-100
-100
-104
-104
-108
-106
-98
-86
-88
-86
-72
-68
-74
-66
-60
-56
-56
-56
-52
-52
-48
-50
-42
-34
-38
-42
-44
-48
-44
-34
-34
-26
-36
-34
-34
-34
-34
-24
-22
-14
-6
-2
-8
-4
-8
-6
-10
-8
-10
-8
-14
-20
-28
-28
-28
-22
-22
-18
-18
-24
-26
-30
-26
-24
-20
-32
-42
-46
-42
-40
-34
-34
-28
-34
-22
-12
-20
-18
-12
-16
-14
-18
-6
-10
-16
-18
-22
-14
-10
-12
-10
0
-2
-8
2
-4
0
14
14
18
10
6
8
10
18
14
22
22
16
10
12
16
16
22
32
30
36
34
34
30
36
32
36
40
46
46
48
42
42
44
46
50
52
54
48
54
56
52
48
42
44
44
50
46
46
48
60
58
50
56
48
52
52
46
46
56
58
52
50
56
56
50
44
40
40
34
34
32
44
48
46
54
44
50
58
50
44
50
58
52
60
58
66
66
62
60
62
68
72
72
74
68
56
56
52
56
56
58
62
68
64
62
60
62
66
74
80
76
78
72
78
68
68
74
70
76
76
88
92
92
102
98
108
118
126
128
124
118
130
136
134
118
124
126
120
128
128
126
124
112
112
102
106
104
106
108
114
126
126
126
128
138
130
130
140
142
148
146
148
154
152
152
154
146
144
138
136
138
138
134
138
134
136
146
150
152
146
154
154
150
154
162
158
158
164
166
168
170
172
174
180
180
186
188
194
194
186
192
198
194
194
192
188
192
190
198
202
212
220
224
220
220
218
206
214
218
230
232
226
230
242
240
242
236
232
230
230
226
228
226
226
236
240
234
222
216
210
210
210
216
222
220
224
220
226
238
242
244
252
248
244
242
242
250
252
248
258
260
264
268
258
268
264
260
256
252
238
240
250
254
250
246
246
248
256
262
266
252
262
270
276
282
282
276
278
276
280
288
280
290
282
284
288
282
282
276
276
276
272
280
284
288
292
304
306
306
302
302
286
286
274
280
272
268
276
276
272
270
266
270
270
274
272
268
270
268
268
270
282
286
288
294
286
290
292
294
296
292
290
296
298
298
304
310
304
300
304
304
300
308
312
314
318
320
332
334
328
334
338
342
332
332
336
344
348
346
342
350
362
358
362
362
366
374
382
372
376
386
386
380
388
394
400
396
398
398
400
398
396
396
398
398
400
402
398
400
406
406
410
412
416
422
432
436
440
430
430
428
430
434
434
446
448
444
444
452
452
448
440
440
448
448
446
448
450
440
438
436
444
450
444
446
448
448
450
450
462
458
456
454
450
448
446
450
450
452
458
456
458
460
458
454
456
454
458
466
456
450
450
446
446
456
456
458
444
446
446
444
446
440
436
436
434
446
456
452
462
448
452
454
452
452
456
448
456
460
452
452
448
442
450
446
448
454
462
462
464
470
470
468
470
468
468
474
478
484
486
488
488
488
492
492
490
498
492
486
490
480
478
478
478
482
486
478
478
476
472
482
484
496
492
490
484
492
492
488
486
480
476
480
490
492
496
494
484
484
494
492
492
498
498
508
508
508
510
500
498
496
492
486
482
486
488
486
478
484
492
490
484
482
476
476
464
462
458
454
438
446
446
448
446
440
432
432
434
432
438
436
442
442
450
448
458
462
464
464
462
458
464
458
464
466
466
466
466
460
462
474
470
464
464
456
464
464
460
464
464
460
466
454
454
452
462
472
474
476
482
478
484
478
474
470
470
460
468
474
478
486
486
488
492
492
492
502
506
512
516
522
516
512
516
508
518
530
532
530
524
526
530
538
528
526
526
520
524
532
536
532
528
526
528
532
528
522
532
542
546
546
540
534
534
540
540
542
540
548
540
540
536
528
530
522
516
526
522
512
516
522
522
514
512
500
498
496
490
484
478
472
462
446
438
432
428
432
424
416
424
420
418
414
410
416
416
410
416
412
406
404
404
404
406
408
412
400
408
410
416
410
412
416
410
406
404
400
394
392
398
394
394
392
378
374
376
376
368
364
374
374
372
376
366
366
364
374
378
386
386
382
384
392
392
386
392
394
394
398
390
386
384
382
396
392
392
392
382
380
378
374
372
382
380
388
382
376
374
370
368
382
384
392
398
402
398
400
394
396
392
398
404
406
420
424
424
422
432
446
448
446
444
450
450
450
448
448
448
446
448
446
444
446
450
442
442
440
434
434
432
428
426
426
426
428
432
434
430
424
430
426
428
434
442
458
456
456
462
468
462
466
472
472
474
476
474
482
488
498
502
504
496
504
512
508
510
516
518
528
526
528
530
526
522
522
532
534
544
540
546
542
540
538
536
532
528
528
530
526
528
530
532
542
548
542
542
536
538
542
546
544
536
544
546
554
554
554
562
562
562
566
568
570
572
562
568
568
572
566
574
568
570
570
570
568
572
562
556
556
556
560
566
560
562
568
572
580
574
574
582
582
588
584
578
576
578
584
588
584
592
580
584
592
600
600
596
594
592
590
584
596
590
590
586
582
580
584
588
588
588
598
600
594
598
588
598
598
614
620
626
636
632
632
634
628
628
628
636
640
650
642
642
646
646
652
656
660
654
656
650
640
642
646
644
650
650
650
650
656
650
640
638
636
628
634
632
630
622
620
624
624
628
628
628
636
644
644
644
642
638
640
642
648
646
654
654
650
652
658
662
666
668
676
680
688
682
692
692
692
690
692
694
694
700
702
702
702
704
704
702
700
698
706
702
700
700
698
704
708
702
696
700
702
696
706
706
698
694
692
694
692
688
690
684
682
678
678
674
676
668
670
674
680
678
686
692
686
680
680
682
692
692
700
692
696
706
706
696
700
702
704
708
718
720
718
716
712
716
714
714
706
700
702
706
710
712
712
702
698
698
698
694
698
684
682
678
682
678
672
676
676
664
674
674
678
676
676
676
676
680
672
666
666
654
662
668
664
656
658
660
662
668
668
670
666
676
668
664
666
662
670
674
678
680
680
684
682
676
676
686
688
684
678
678
682
680
678
688
686
692
692
696
694
692
698
702
700
708
712
704
700
690
688
690
684
678
682
686
678
664
668
666
666
664
654
660
658
652
654
656
668
666
668
664
672
680
686
692
686
680
680
688
700
700
692
690
686
688
684
682
684
690
694
698
688
696
704
706
700
692
694
688
676
676
672
680
682
674
678
682
690
700
700
706
708
708
704
700
698
702
704
704
708
718
720
722
728
724
720
724
732
728
726
718
726
734
734
730
734
732
722
724
724
728
728
730
724
724
734
728
730
736
734
744
736
734
722
710
714
710
704
710
710
704
698
700
700
694
692
678
676
678
680
682
684
678
676
672
672
670
668
672
680
686
684
686
678
678
678
682
678
678
676
678
674
678
684
684
678
678
678
670
662
658
658
666
676
674
678
674
672
674
674
670
666
660
660
662
662
662
662
662
662
658
654
650
658
656
668
670
674
678
678
680
688
686
694
702
716
710
710
702
692
696
684
670
668
660
662
658
650
646
656
656
656
658
656
656
658
670
666
672
676
676
682
690
694
702
706
710
716
730
742
746
740
738
726
728
736
742
740
740
740
750
736
742
740
742
736
740
744
738
742
738
734
734
738
738
734
726
728
728
726
732
738
738
744
748
740
734
740
742
744
758
748
750
756
760
758
756
752
754
750
744
738
744
736
730
734
730
734
724
720
710
706
716
718
712
702
704
712
706
702
700
694
688
682
682
684
680
674
674
672
670
666
664
672
674
678
672
668
674
684
684
684
686
686
684
688
694
692
690
700
708
712
702
704
708
710
700
698
694
702
698
694
700
696
690
688
698
712
702
690
688
688
682
674
674
678
668
666
666
668
658
652
652
654
660
660
658
662
660
654
660
654
642
642
638
630
636
646
646
638
630
638
650
654
660
654
656
648
658
656
668
672
666
662
668
666
666
670
668
670
668
674
680
684
682
684
684
694
700
700
694
696
696
706
702
698
692
688
678
678
666
672
676
682
676
676
678
670
664
672
672
678
682
682
674
670
674
682
688
688
682
684
686
678
684
680
678
682
686
690
692
694
702
702
694
686
684
684
692
694
692
692
696
702
704
710
714
720
720
722
728
716
706
708
716
720
716
716
714
722
722
720
722
730
728
726
732
732
740
750
740
742
738
742
746
736
728
724
718
720
718
726
718
724
736
736
730
736
730
734
748
752
752
754
748
756
754
750
752
754
750
752
756
762
758
754
752
756
748
750
754
752
750
750
754
752
752
752
742
740
742
746
746
742
740
730
734
732
730
740
738
742
740
744
740
736
728
738
732
730
734
742
748
754
756
750
750
754
750
754
758
750
756
766
770
764
758
754
754
748
744
738
730
730
728
728
724
728
720
716
724
722
716
714
712
710
712
702
698
692
686
686
686
688
684
682
676
676
672
668
664
658
652
654
648
648
652
650
654
654
656
664
668
670
676
686
692
696
702
700
696
698
694
692
688
684
690
690
696
698
694
694
692
690
692
696
704
708
702
698
700
692
690
688
696
698
688
686
686
680
674
674
668
658
666
656
648
644
640
648
642
644
634
632
632
628
632
624
630
626
624
632
634
640
638
642
642
634
634
642
636
640
636
640
642
646
656
660
662
662
662
660
666
672
680
680
678
678
680
684
682
682
690
686
680
682
682
692
692
696
692
696
696
686
684
680
676
676
676
674
672
668
666
670
672
676
686
688
684
680
682
676
676
684
680
676
676
674
668
660
644
660
652
648
644
648
640
634
632
632
624
620
624
622
624
634
632
630
630
620
610
606
604
594
588
596
588
590
598
606
600
592
592
590
592
588
580
586
586
586
592
600
588
582
584
590
580
584
584
582
592
596
594
592
598
596
588
588
592
586
594
590
592
592
588
596
590
586
584
582
580
580
580
576
576
576
578
572
572
572
586
588
584
578
584
576
566
576
582
588
586
590
594
594
588
594
594
586
584
584
586
586
578
580
592
594
594
602
600
594
596
602
616
610
606
604
606
606
610
612
620
634
644
638
636
644
646
652
648
644
640
638
630
632
624
614
616
616
612
608
612
612
614
614
614
616
614
612
604
604
604
602
600
600
594
594
594
592
596
598
612
616
620
628
630
630
634
634
628
634
630
638
640
636
642
646
652
646
654
648
648
648
652
652
652
648
646
652
656
656
658
654
650
648
648
648
644
640
646
642
654
664
666
658
652
654
658
658
662
670
672
672
662
660
660
660
652
662
658
668
674
674
674
670
666
666
668
666
672
676
676
678
672
678
678
678
684
680
684
688
688
690
694
704
700
698
698
688
692
692
698
690
692
698
700
694
694
696
702
706
710
714
718
730
732
732
730
720
724
724
722
728
720
718
718
724
726
732
722
724
716
716
716
718
718
722
720
716
708
708
698
684
690
686
686
694
694
694
696
694
698
698
704
706
698
708
712
722
734
730
724
726
728
730
730
728
728
724
716
718
726
726
730
726
718
714
720
720
718
728
728
732
734
738
734
736
730
726
720
718
716
712
712
710
700
700
694
694
688
694
704
698
706
708
718
722
724
724
720
720
726
726
722
730
730
730
742
744
740
738
734
740
740
742
748
750
740
744
750
746
746
762
764
768
768
776
772
780
786
780
784
784
786
786
788
790
790
790
792
792
790
788
784
776
782
784
784
776
774
782
776
772
770
778
774
774
768
764
770
772
778
786
792
796
798
790
786
786
786
788
788
802
810
810
812
812
812
808
810
808
806
810
808
806
802
800
788
782
780
788
786
780
782
782
790
788
790
784
782
784
782
778
782
782
782
784
790
796
804
800
800
800
796
802
796
794
798
794
790
792
794
796
798
800
796
798
802
802
794
794
800
794
798
796
798
800
806
804
796
798
800
810
814
818
820
826
828
820
822
818
820
818
812
820
812
808
806
810
818
818
822
830
840
832
836
838
838
846
854
858
854
862
860
866
864
868
874
884
892
880
868
864
864
866
866
860
848
844
854
848
856
862
858
862
858
858
858
858
850
844
848
842
836
836
836
836
838
830
834
826
826
828
826
830
834
840
834
840
834
828
826
822
832
822
820
822
830
832
820
814
822
822
822
816
816
824
828
832
828
828
828
834
828
834
832
824
830
820
830
828
840
844
852
852
848
840
838
836
846
838
832
832
832
836
836
830
828
826
828
826
826
816
820
818
816
814
806
810
812
818
812
814
814
812
810
816
816
820
820
820
820
808
806
804
808
816
816
814
814
814
818
818
820
814
808
814
812
810
818
820
824
826
826
822
822
816
816
820
820
810
814
814
810
804
798
794
784
784
788
780
790
786
790
778
782
784
776
770
762
766
762
764
756
756
746
750
752
750
748
750
750
744
748
754
756
756
766
762
758
754
760
750
742
746
744
746
742
744
744
746
750
746
742
744
740
728
724
724
724
726
732
736
736
738
738
726
734
740
744
746
746
740
744
746
754
738
744
742
726
728
728
716
726
718
714
718
724
724
722
730
736
724
720
722
720
722
718
716
708
702
708
704
702
694
688
692
704
710
710
706
716
718
714
716
716
718
720
712
708
702
702
698
702
700
692
688
684
688
684
684
688
686
670
672
674
670
676
670
660
654
654
660
658
656
662
660
664
656
658
658
670
670
668
674
670
666
668
666
662
654
650
650
656
664
664
674
668
666
666
664
658
660
656
664
662
662
664
662
678
680
680
678
674
674
672
674
672
678
680
688
692
700
700
694
694
702
710
714
714
712
720
720
718
712
720
720
720
714
706
708
710
706
706
708
706
696
684
690
688
686
688
684
684
684
676
666
668
670
680
686
682
688
688
700
698
694
692
678
676
670
666
664
678
674
684
688
696
702
708
702
698
692
700
704
708
714
712
718
716
710
706
706
702
708
708
708
716
716
706
718
730
734
738
748
748
754
756
752
752
756
754
756
754
754
750
758
770
764
772
770
772
774
776
786
786
790
798
800
802
802
800
802
800
802
810
814
820
816
816
822
830
826
830
834
824
818
818
820
818
820
822
812
818
820
824
824
824
826
824
828
832
830
836
834
836
840
838
838
842
848
848
842
846
848
842
846
840
838
830
824
822
820
812
810
816
820
812
808
822
820
822
822
816
820
820
826
822
820
828
826
820
814
806
808
810
808
814
810
814
810
814
812
818
820
820
830
834
832
840
848
848
856
852
850
850
844
846
846
834
834
824
826
814
814
816
820
820
824
812
814
826
828
826
826
826
824
824
814
814
816
822
828
826
826
826
824
826
830
824
822
822
818
826
830
830
826
828
828
828
828
828
832
830
830
830
838
844
846
846
846
844
844
846
838
844
842
846
844
852
860
848
854
854
854
852
848
856
856
858
862
870
872
872
880
876
874
870
874
874
880
880
880
880
884
878
868
874
876
878
888
884
886
898
894
908
908
914
916
910
898
900
912
912
910
910
910
912
912
912
906
904
906
902
904
904
906
912
918
910
896
904
908
908
906
912
918
914
916
914
914
922
930
926
922
926
926
928
922
914
910
908
908
908
912
910
912
918
920
918
926
924
912
920
922
922
922
930
930
930
928
928
928
928
930
926
934
934
930
936
932
938
942
942
948
948
950
940
944
938
938
928
922
928
922
924
924
916
912
904
904
902
898
906
900
902
898
888
890
896
896
904
892
896
908
896
898
882
884
890
892
890
888
888
888
884
880
878
880
888
874
872
876
876
866
870
864
860
860
844
842
848
852
854
854
844
852
856
850
854
856
856
854
848
852
848
846
858
864
854
850
842
842
842
848
854
858
856
852
856
848
846
838
838
842
840
850
848
842
842
832
840
834
840
832
822
818
812
806
798
800
800
792
788
774
770
772
772
788
790
782
782
774
778
764
760
772
766
758
754
758
754
750
752
748
748
758
768
772
778
774
774
766
772
774
788
786
794
798
798
796
796
800
806
812
814
814
808
804
810
814
822
820
812
810
814
816
822
820
820
806
804
800
804
806
806
804
808
822
812
798
790
792
788
784
780
780
766
764
768
766
760
752
754
762
762
766
764
768
764
756
762
752
756
756
754
754
756
754
756
756
756
756
752
748
738
746
748
742
730
726
728
724
724
724
718
718
714
714
712
716
706
708
712
714
714
706
708
706
706
706
698
704
700
696
698
696
698
702
700
700
698
696
702
704
704
710
714
722
730
738
740
754
760
762
764
772
768
766
760
760
768
776
782
782
784
784
786
780
772
778
782
774
774
774
770
778
776
774
774
768
774
778
778
780
782
782
778
772
772
772
780
784
778
778
782
776
782
782
784
782
788
776
784
778
780
784
786
782
782
782
772
768
758
758
752
746
750
752
752
762
762
756
756
752
756
756
762
768
766
762
766
756
750
748
756
762
774
774
774
774
774
772
772
764
764
764
756
768
762
762
762
760
764
756
760
766
760
760
756
758
756
762
760
760
760
760
752
746
746
738
740
738
736
740
740
736
738
738
740
734
744
748
758
760
766
766
768
772
770
776
768
772
772
766
760
754
758
758
758
752
744
736
730
728
728
720
722
724
716
718
722
716
710
708
706
702
694
688
688
688
694
690
688
692
692
702
702
704
698
694
694
688
682
686
690
684
682
692
696
698
702
702
712
708
710
708
714
720
708
704
706
700
714
720
720
728
724
724
732
738
728
728
730
732
728
720
726
726
724
718
732
734
744
738
734
740
732
732
734
736
744
746
748
748
750
754
760
760
752
748
748
750
746
752
754
758
764
772
774
780
780
784
790
790
792
790
786
794
802
800
798
800
796
796
796
796
790
790
790
792
786
788
790
790
788
790
788
782
780
780
774
780
790
792
790
796
792
794
790
788
790
788
788
776
766
766
770
776
774
768
770
766
772
772
772
776
782
780
764
766
764
760
754
760
758
756
756
758
760
758
748
748
746
758
756
760
762
772
780
786
792
798
798
792
784
780
780
784
778
778
782
776
772
770
778
768
772
780
786
786
788
794
798
794
796
808
804
800
802
798
802
810
812
816
816
816
816
816
816
812
808
798
804
796
796
804
804
800
800
794
788
784
784
788
788
800
800
800
796
808
808
816
826
822
818
808
808
806
812
814
804
812
816
814
816
810
808
802
802
802
804
796
796
790
792
796
794
790
786
796
794
790
798
798
794
794
794
792
792
784
792
798
794
792
788
786
782
776
766
756
748
740
752
748
746
746
738
740
740
742
746
758
764
772
762
754
758
750
750
752
750
750
752
760
764
762
764
766
762
762
762
768
760
772
778
780
784
788
790
792
794
798
802
814
814
808
804
806
804
802
804
796
798
796
800
804
806
804
808
808
812
810
818
818
812
806
798
792
802
798
798
796
796
800
796
800
788
796
