-2621
-2615
-2603
-2591
-2587
-2579
-2567
-2555
-2547
-2541
-2533
-2533
-2527
-2519
-2515
-2507
-2497
-2487
-2475
-2473
-2463
-2453
-2453
-2449
-2443
-2443
-2441
-2431
-2423
-2419
-2425
-2425
-2417
-2407
-2399
-2385
-2385
-2377
-2367
-2361
-2359
-2347
-2341
-2341
-2329
-2325
-2321
-2309
-2303
-2301
-2293
-2293
-2289
-2293
-2291
-2291
-2279
-2269
-2269
-2269
-2263
-2247
-2249
-2239
-2229
-2213
-2207
-2201
-2193
-2191
-2183
-2177
-2165
-2163
-2167
-2165
-2157
-2159
-2163
-2165
-2167
-2151
-2143
-2133
-2129
-2121
-2115
-2105
-2107
-2097
-2089
-2093
-2083
-2079
-2077
-2071
-2067
-2069
-2061
-2051
-2047
-2043
-2039
-2031
-2023
-2023
-2007
-2005
-2007
-1999
-1993
-1991
-1985
-1983
-1981
-1975
-1967
-1973
-1969
-1967
-1963
-1957
-1949
-1945
-1941
-1939
-1929
-1923
-1907
-1909
-1903
-1901
-1897
-1901
-1897
-1889
-1877
-1877
-1871
-1875
-1871
-1861
-1863
-1857
-1853
-1853
-1843
-1835
-1833
-1835
-1827
-1821
-1813
-1813
-1809
-1809
-1807
-1803
-1797
-1791
-1791
-1785
-1777
-1783
-1777
-1779
-1771
-1763
-1755
-1753
-1741
-1745
-1733
-1739
-1733
-1733
-1727
-1721
-1715
-1715
-1723
-1715
-1713
-1713
-1709
-1697
-1689
-1685
-1679
-1667
-1653
-1647
-1641
-1637
-1637
-1639
-1637
-1633
-1639
-1637
-1627
-1611
-1609
-1603
-1599
-1591
-1589
-1593
-1583
-1575
-1563
-1563
-1557
-1551
-1547
-1545
-1537
-1527
-1525
-1523
-1517
-1511
-1507
-1505
-1499
-1485
-1487
-1489
-1479
-1463
-1453
-1443
-1443
-1429
-1421
-1415
-1413
-1415
-1411
-1417
-1423
-1423
-1421
-1411
-1411
-1409
-1401
-1401
-1389
-1385
-1385
-1379
-1373
-1373
-1373
-1375
-1371
-1365
-1367
-1367
-1359
-1357
-1345
-1333
-1329
-1327
-1315
-1305
-1313
-1309
-1309
-1303
-1301
-1303
-1305
-1307
-1303
-1291
-1285
-1285
-1279
-1285
-1277
-1277
-1269
-1269
-1263
-1257
-1247
-1237
-1233
-1231
-1243
-1231
-1233
-1231
-1219
-1203
-1203
-1201
-1199
-1191
-1193
-1179
-1171
-1179
-1185
-1177
-1187
-1177
-1173
-1175
-1181
-1185
-1177
-1169
-1167
-1157
-1153
-1143
-1149
-1143
-1139
-1133
-1127
-1119
-1113
-1113
-1107
-1105
-1093
-1083
-1079
-1087
-1093
-1089
-1083
-1083
-1079
-1075
-1063
-1053
-1053
-1049
-1039
-1039
-1037
-1037
-1033
-1033
-1021
-1019
-1011
-1009
-1009
-997
-989
-987
-981
-977
-985
-973
-971
-963
-957
-943
-939
-939
-939
-935
-935
-939
-931
-937
-927
-935
-921
-915
-913
-911
-907
-903
-901
-903
-903
-915
-919
-917
-919
-927
-921
-917
-909
-909
-913
-909
-901
-901
-899
-905
-891
-881
-877
-879
-873
-863
-859
-863
-863
-875
-867
-873
-863
-857
-857
-861
-855
-849
-841
-845
-847
-843
-849
-851
-849
-853
-859
-855
-863
-859
-857
-855
-853
-845
-831
-835
-829
-835
-835
-837
-833
-825
-823
-823
-827
-817
-809
-807
-803
-805
-809
-799
-799
-793
-793
-789
-785
-781
-781
-775
-771
-773
-777
-773
-771
-763
-763
-757
-749
-749
-739
-733
-735
-735
-721
-727
-731
-723
-715
-717
-707
-709
-705
-707
-697
-687
-683
-677
-675
-677
-683
-675
-671
-671
-665
-661
-665
-669
-679
-675
-679
-671
-677
-675
-661
-659
-647
-653
-637
-635
-629
-623
-613
-615
-611
-609
-617
-615
-605
-603
-597
-583
-587
-589
-595
-599
-599
-597
-593
-585
-589
-585
-581
-587
-581
-589
-583
-575
-577
-585
-585
-589
-589
-581
-581
-579
-567
-561
-559
-557
-561
-555
-545
-549
-551
-553
-551
-547
-541
-539
-543
-537
-541
-543
-549
-545
-549
-553
-547
-549
-547
-543
-537
-537
-533
-535
-529
-529
-531
-539
-531
-533
-535
-529
-515
-509
-503
-505
-501
-499
-501
-499
-507
-507
-503
-503
-503
-495
-501
-503
-499
-497
-489
-491
-495
-495
-491
-499
-495
-489
-473
-465
-465
-463
-469
-475
-475
-475
-485
-479
-475
-465
-467
-467
-467
-471
-463
-461
-453
-453
-453
-455
-459
-451
-449
-447
-445
-443
-441
-439
-437
-435
-425
-421
-427
-421
-421
-423
-423
-417
-417
-415
-407
-405
-405
-401
-395
-391
-379
-375
-371
-369
-369
-379
-377
-383
-385
-387
-385
-387
-395
-391
-397
-381
-373
-369
-359
-361
-359
-361
-359
-359
-359
-359
-355
-353
-367
-363
-365
-363
-357
-357
-347
-349
-347
-341
-341
-339
-345
-341
-345
-353
-353
-357
-361
-367
-359
-347
-347
-351
-353
-355
-357
-353
-347
-351
-353
-353
-357
-351
-343
-343
-347
-351
-349
-345
-341
-341
-349
-339
-337
-337
-323
-325
-331
-327
-331
-325
-315
-321
-321
-313
-317
-325
-325
-321
-319
-315
-315
-311
-309
-315
-315
-319
-323
-331
-333
-335
-325
-335
-329
-331
-327
-329
-323
-327
-329
-333
-331
-327
-321
-313
-313
-305
-291
-287
-285
-289
-291
-283
-279
-283
-287
-285
-283
-289
-279
-277
-271
-269
-283
-283
-289
-295
-297
-287
-293
-299
-301
-309
-307
-303
-303
-305
-309
-305
-299
-299
-297
-291
-289
-281
-289
-277
-273
-277
-285
-295
-291
-293
-295
-297
-295
-291
-293
-301
-295
-301
-303
-307
-311
-311
-305
-307
-303
-297
-301
-293
-287
-277
-283
-271
-271
-283
-289
-281
-271
-265
-267
-271
-265
-253
-249
-239
-243
-241
-233
-231
-231
-239
-245
-249
-247
-239
-241
-241
-235
-237
-237
-235
-233
-245
-251
-253
-249
-253
-251
-249
-241
-243
-243
-245
-247
-241
-239
-243
-241
-245
-241
-247
-247
-241
-235
-229
-233
-233
-221
-217
-215
-207
-209
-211
-209
-203
-199
-195
-187
-185
-183
-177
-181
-185
-189
-185
-187
-193
-183
-177
-181
-175
-171
-159
-163
-167
-171
-175
-167
-163
-163
-155
-151
-145
-147
-145
-137
-131
-129
-125
-123
-127
-121
-127
-129
-131
-127
-127
-133
-133
-131
-127
-125
-117
-121
-121
-121
-123
-117
-119
-113
-117
-117
-115
-105
-101
-107
-95
-93
-85
-97
-93
-89
-95
-99
-97
-99
-99
-93
-99
-99
-91
-93
-95
-95
-105
-99
-105
-109
-105
-95
-99
-101
-103
-107
-101
-99
-93
-83
-75
-77
-79
-85
-87
-83
-69
-67
-65
-63
-51
-53
-49
-47
-43
-47
-55
-59
-61
-59
-51
-49
-49
-47
-43
-43
-45
-45
-39
-35
-35
-29
-13
-3
-3
3
-3
-7
-1
3
-5
-5
-9
-5
-13
-9
-7
1
-5
5
19
21
13
11
15
13
25
25
27
23
19
21
23
21
11
5
11
9
13
13
11
15
13
1
-5
1
9
17
23
19
21
17
9
11
17
15
7
17
11
3
-13
-17
-17
-11
-19
-19
-25
-25
-31
-31
-29
-31
-29
-29
-21
-23
-25
-25
-23
-21
-27
-23
-25
-21
-15
-9
-1
1
1
5
9
9
9
7
5
9
11
15
19
23
29
33
31
29
23
19
19
11
-1
-7
-7
-3
-5
-9
-5
5
7
1
-7
-13
-15
-15
-3
3
-1
1
1
-7
-11
-13
-17
-15
-17
-17
-23
-27
-33
-25
-23
-23
-27
-25
-25
-19
-21
-19
-17
-15
-7
-7
-9
-13
-13
-9
-9
-19
-23
-23
-23
-25
-17
-17
-5
-17
-17
-19
-3
-9
-17
-17
-21
-19
-25
-29
-37
-47
-39
-45
-45
-43
-37
-33
-35
-37
-35
-27
-21
-17
-13
-21
-9
-11
-3
-11
-21
-9
-15
-23
-23
-23
-19
-25
-21
-13
-11
-7
-7
-3
5
3
9
13
17
23
13
9
1
5
3
-7
-3
-5
-13
-11
-1
9
9
11
1
-3
-3
-1
7
7
1
-1
-9
-9
1
3
3
3
1
1
7
17
15
15
11
13
13
3
9
9
15
19
19
13
13
19
19
17
7
3
5
-5
-5
-7
1
11
7
11
5
-5
-9
-3
-5
-7
3
15
25
29
35
33
31
31
25
23
17
25
27
23
19
13
11
5
7
7
13
15
21
13
13
13
11
7
3
3
3
-1
1
11
9
5
3
1
1
7
-1
1
-9
-9
-7
-5
-1
-1
-3
3
7
19
17
11
9
11
17
9
13
13
15
13
19
19
11
13
9
-1
3
11
13
7
5
9
7
15
11
-1
1
5
7
7
7
5
3
11
19
29
29
31
31
31
19
27
25
29
25
15
17
17
19
9
13
7
-5
-7
-9
-17
-23
-35
-17
-17
-23
-23
-19
-25
-27
-27
-23
-11
-15
-1
5
1
7
7
7
7
7
9
11
5
5
1
5
7
7
11
19
11
5
5
5
7
1
13
21
17
9
13
15
25
25
35
35
39
37
37
35
37
21
29
33
33
41
47
51
55
67
75
81
79
73
73
67
57
59
53
61
67
77
75
69
79
81
87
85
71
73
69
75
77
87
89
97
97
103
101
101
95
93
101
107
105
109
115
105
115
125
131
131
129
129
131
135
139
133
131
133
141
135
135
127
135
145
137
137
147
149
145
145
141
145
145
143
143
149
141
137
129
135
129
125
121
127
127
125
133
143
139
137
137
129
129
131
127
129
127
121
117
125
123
115
119
115
107
99
105
111
115
115
117
115
119
119
131
123
121
123
123
131
129
135
135
125
125
123
131
131
137
139
145
149
153
143
147
143
149
141
149
157
157
161
159
159
173
171
161
161
157
153
151
139
143
139
143
141
139
131
137
141
149
145
141
149
149
149
157
157
145
149
155
161
171
171
175
181
185
185
193
193
195
195
199
195
189
195
187
191
197
199
197
199
193
193
197
197
199
203
199
183
177
185
185
181
173
177
183
183
181
177
179
179
173
179
177
171
167
173
171
173
171
175
167
173
177
171
165
155
147
145
141
137
133
131
131
137
141
147
141
139
145
147
143
145
153
153
145
143
145
147
145
145
147
145
139
141
141
139
135
137
135
141
129
131
121
113
105
101
105
93
89
89
99
99
105
113
125
113
109
109
117
129
131
129
127
121
127
123
125
125
133
121
127
123
121
125
121
123
119
107
111
111
111
103
111
107
97
91
97
95
105
101
103
107
107
111
105
93
105
103
97
93
99
91
91
97
103
99
91
103
101
93
97
101
107
105
111
101
89
89
91
101
99
101
103
101
103
109
119
123
127
121
113
111
107
103
111
107
111
107
109
97
99
109
103
103
109
119
117
119
119
109
111
109
101
103
107
109
103
99
99
101
103
95
111
121
123
107
105
105
111
103
99
91
99
97
97
97
93
101
115
111
113
113
119
123
129
143
143
141
141
141
137
143
143
141
141
137
149
147
153
157
163
153
159
157
153
147
135
141
145
139
139
141
135
133
135
151
147
153
153
141
129
137
141
139
141
145
141
143
135
139
147
153
143
139
139
133
125
121
119
127
123
121
121
117
113
109
109
117
111
111
111
103
109
107
109
109
117
117
121
125
117
125
121
127
129
131
131
141
149
149
153
149
155
155
161
159
161
155
143
143
147
149
155
161
165
169
177
173
169
161
157
159
163
165
169
163
171
179
167
177
171
173
177
169
165
169
173
179
187
191
191
181
187
191
193
185
183
179
179
181
187
189
187
191
187
195
201
197
193
201
203
203
201
195
191
185
185
195
193
193
191
191
193
197
193
197
197
193
193
189
191
199
203
209
219
213
215
209
209
211
199
193
193
183
183
181
185
185
193
199
203
207
203
201
205
205
207
207
205
211
217
209
203
203
209
217
213
213
221
229
233
237
243
243
235
241
237
247
251
253
251
263
263
267
273
277
273
273
265
265
259
263
261
267
269
275
275
279
287
281
283
275
273
279
281
283
285
289
285
281
283
279
279
269
273
271
271
283
291
297
301
309
305
293
291
281
289
289
275
277
267
257
253
259
255
265
265
269
269
265
265
265
263
265
269
271
269
267
269
271
271
273
269
271
273
277
273
275
271
271
275
271
271
265
269
265
265
261
267
265
265
265
261
263
259
263
269
279
281
289
289
291
283
277
281
277
285
279
273
273
273
275
263
275
279
279
291
295
289
295
297
297
303
303
295
291
287
291
287
287
291
289
283
283
289
293
293
291
277
279
283
283
281
285
281
291
289
277
279
279
283
277
279
275
279
275
275
279
279
285
285
285
285
293
293
299
301
295
291
283
293
297
295
289
289
281
273
273
267
271
279
277
281
285
289
291
285
279
285
277
277
277
277
273
265
263
267
259
263
259
253
249
253
259
261
263
263
261
263
275
275
281
291
295
301
299
299
295
303
303
301
299
295
305
303
301
297
303
297
293
285
285
275
277
277
267
273
277
283
283
275
267
271
269
269
277
281
281
283
281
281
273
275
277
275
267
265
267
271
265
269
265
265
261
255
247
249
265
273
269
275
287
291
285
291
301
305
307
307
303
305
299
305
305
307
309
307
313
303
309
313
315
319
315
321
319
321
311
311
309
299
291
283
273
273
265
273
259
255
243
251
249
251
249
247
249
245
247
247
255
259
249
249
253
241
233
223
227
235
227
231
235
227
221
209
209
207
209
207
217
219
223
227
221
225
225
231
243
237
237
239
245
253
247
241
231
225
219
217
215
225
215
211
207
209
211
219
215
219
211
217
211
211
219
225
235
239
239
237
243
243
241
231
237
241
235
241
249
251
247
241
247
243
247
245
251
259
257
251
257
257
265
269
265
265
255
263
259
255
257
257
255
263
259
267
265
259
265
259
255
255
257
259
251
249
245
237
237
239
241
249
247
253
261
261
259
253
261
259
257
257
251
251
253
259
259
263
271
277
279
283
285
287
283
277
279
279
273
273
275
277
283
287
293
289
285
277
271
265
267
271
275
275
281
281
285
283
281
281
279
283
285
285
285
283
275
277
271
279
267
271
267
277
275
279
283
285
277
281
289
287
281
279
283
275
267
271
265
259
257
257
253
249
257
257
255
259
253
251
243
237
235
237
245
237
241
233
225
215
215
229
243
249
241
237
227
225
217
219
211
213
217
221
221
221
221
219
217
223
227
235
239
237
227
225
219
217
211
219
219
217
223
223
227
229
215
217
223
227
229
229
229
229
233
237
237
239
235
239
241
233
231
237
233
231
233
227
225
233
227
225
225
229
227
229
223
219
219
223
219
213
219
217
223
221
221
215
223
223
207
199
211
215
215
211
219
223
217
217
221
221
221
217
217
223
227
237
233
231
233
229
225
229
231
233
233
223
223
221
219
223
225
221
211
215
203
205
207
209
225
219
217
209
203
207
201
191
177
165
169
165
165
163
161
171
167
171
167
171
177
171
169
171
175
177
177
173
183
183
179
179
173
181
179
179
175
177
165
173
177
179
169
171
169
171
183
183
185
177
173
181
183
181
169
165
163
169
161
167
179
189
183
185
187
187
177
183
177
187
177
189
185
191
197
209
213
211
203
199
203
199
201
201
197
195
205
209
211
217
215
221
227
237
233
229
223
219
221
215
211
209
211
211
213
213
221
211
205
199
189
179
179
175
179
179
177
181
185
191
189
201
203
211
207
209
207
209
205
205
207
195
189
199
201
197
193
191
191
199
199
197
201
201
203
201
193
191
189
183
175
171
169
171
171
169
173
175
177
175
173
163
169
171
167
173
173
183
191
193
183
183
177
173
171
173
175
173
183
191
187
189
191
191
191
193
191
193
191
189
193
203
203
199
191
187
177
177
173
175
183
197
191
189
201
185
185
191
179
179
183
179
185
193
197
195
201
195
207
209
217
217
217
219
227
227
233
233
235
223
221
223
215
219
217
207
207
203
205
197
193
199
191
193
185
177
177
167
167
165
157
151
155
159
155
149
153
157
149
149
151
147
149
159
161
159
169
165
167
173
157
153
157
163
157
155
149
143
149
155
155
151
159
157
149
155
161
163
157
151
143
147
147
151
155
159
155
159
151
153
161
169
167
165
161
167
171
163
159
163
163
153
169
173
171
171
173
183
177
187
189
193
187
187
191
191
193
193
199
197
199
197
197
197
197
199
201
203
199
199
197
197
193
183
175
167
167
171
167
169
175
173
177
171
161
153
151
151
149
147
147
147
145
135
139
143
139
145
147
149
157
147
149
153
153
149
157
155
153
151
147
149
145
141
143
155
159
149
155
159
149
153
149
155
155
163
161
157
157
157
155
155
163
161
155
149
147
151
155
153
157
153
153
157
153
147
143
143
147
145
145
149
157
157
155
155
161
163
161
165
175
165
165
165
161
167
171
171
175
181
193
195
195
201
205
197
195
191
197
199
187
191
189
201
193
185
183
177
173
165
171
175
169
171
177
177
173
169
171
173
175
167
163
165
163
173
179
173
181
179
187
189
187
175
169
169
165
161
165
167
169
169
167
167
159
143
139
147
159
167
155
153
147
141
141
135
137
135
141
139
133
141
137
139
135
129
129
135
133
119
125
135
127
125
119
123
123
125
127
131
125
123
121
123
109
119
117
117
111
115
111
111
121
123
127
127
119
117
113
107
113
115
113
113
105
95
103
97
89
81
89
81
93
97
93
91
93
105
109
109
113
117
125
121
123
113
107
115
109
111
107
105
95
101
97
99
91
87
87
79
71
69
73
81
81
79
77
73
73
73
71
71
73
67
67
65
67
65
65
67
61
55
55
53
41
33
37
39
43
51
55
53
55
63
57
57
55
49
47
55
47
55
59
73
71
73
79
81
79
83
89
91
85
81
75
79
79
83
87
95
93
101
105
97
97
93
83
81
79
81
75
79
81
85
89
87
85
93
95
93
97
101
93
99
107
103
107
115
111
111
121
131
123
121
117
123
121
107
105
107
109
111
127
125
119
115
111
117
121
109
109
115
117
125
119
127
123
133
129
131
141
145
145
147
151
159
157
151
143
145
147
143
143
143
141
141
131
123
117
115
113
111
109
117
109
109
115
111
103
113
113
109
107
103
105
97
97
95
97
101
103
105
95
97
101
105
111
105
105
101
109
111
113
115
113
105
101
95
105
105
97
111
117
117
117
115
113
111
111
111
109
111
111
111
115
119
119
119
127
121
117
109
103
107
101
95
95
99
99
99
101
99
99
99
103
103
109
103
95
89
87
93
93
87
81
93
93
103
101
101
97
93
93
95
95
99
107
107
103
103
93
87
97
113
107
119
121
123
131
135
137
135
143
151
155
147
149
147
147
147
145
151
161
165
155
151
139
143
145
143
145
145
145
151
149
157
163
155
153
163
167
169
165
155
161
161
161
157
155
157
151
143
153
159
153
157
159
155
153
153
149
151
139
139
133
147
141
135
141
129
119
119
111
119
119
121
115
113
123
125
129
131
141
137
133
133
127
123
117
115
119
123
129
125
123
129
135
131
139
131
131
133
135
129
131
129
123
123
121
121
123
123
131
131
121
123
115
113
113
101
109
115
121
119
119
117
115
125
127
131
131
127
123
131
137
129
125
117
111
111
111
103
99
99
103
101
97
95
99
97
105
109
101
105
109
119
127
133
129
129
129
125
137
133
125
127
135
133
133
135
137
133
131
127
125
121
119
125
121
121
109
111
111
111
111
111
111
99
99
105
107
107
105
105
109
103
117
117
129
127
129
131
127
135
131
133
129
125
129
125
127
125
131
125
129
127
139
143
141
133
131
133
135
133
131
135
137
131
133
129
135
133
139
147
147
151
159
161
161
159
159
157
157
161
155
155
159
153
147
143
143
133
129
135
137
137
145
151
145
149
145
149
159
161
169
169
159
157
161
169
165
165
167
177
179
179
173
179
177
177
183
187
185
191
181
179
179
177
179
173
183
187
195
205
195
189
191
199
205
209
211
207
201
201
199
201
203
201
201
211
205
215
219
213
207
203
207
197
185
199
205
211
219
229
227
221
219
227
221
215
207
211
213
215
217
219
221
225
223
225
231
231
231
233
233
235
229
233
241
249
243
243
251
253
249
243
237
233
233
233
223
225
215
223
225
235
235
239
237
237
231
223
221
219
219
215
203
195
199
197
185
179
179
171
167
161
161
165
161
157
143
145
141
135
135
129
135
139
135
133
135
139
141
143
151
147
151
159
153
155
155
155
151
147
145
151
157
151
151
157
165
167
165
169
159
161
169
171
161
165
159
157
165
169
169
171
179
179
179
173
177
179
187
187
187
193
191
193
195
199
199
191
189
195
191
191
181
173
163
169
175
177
173
169
163
161
169
179
175
175
171
173
179
173
171
165
167
167
165
159
157
157
161
155
161
177
169
153
147
149
141
141
143
137
135
145
151
151
143
145
141
133
129
131
129
125
125
119
107
99
97
97
95
91
85
87
81
79
77
81
85
77
75
75
77
61
65
61
65
61
51
57
59
65
67
67
65
65
61
61
51
45
47
45
51
57
61
71
67
69
81
79
85
85
81
83
87
91
85
79
77
77
71
67
65
65
73
71
77
75
73
71
81
81
71
65
69
71
71
77
83
81
81
87
95
99
101
103
89
85
79
77
77
71
69
75
79
81
75
71
71
65
59
61
71
77
69
71
65
75
81
81
81
81
81
77
71
75
75
77
73
73
75
73
77
75
67
69
69
77
85
83
87
91
83
85
91
97
95
87
83
87
81
83
91
93
87
75
71
69
65
63
55
53
55
61
63
67
55
57
61
65
73
79
87
79
75
69
67
73
73
75
71
77
85
79
89
89
93
101
99
93
91
89
89
87
95
89
91
93
103
93
97
101
93
81
81
89
87
97
105
111
107
115
111
115
111
111
111
115
119
117
105
111
113
113
113
125
123
113
117
113
109
109
105
101
99
105
95
103
101
99
99
101
109
103
105
99
97
95
85
87
79
77
67
77
79
83
81
83
83
79
75
79
81
87
97
101
101
99
101
101
91
93
93
89
87
87
93
93
95
95
95
105
107
109
113
113
119
125
129
133
129
127
125
129
119
117
117
117
111
111
105
99
93
97
97
101
97
89
93
81
89
97
101
101
99
97
91
93
89
85
89
83
85
79
77
67
63
67
73
61
57
59
61
67
67
73
77
77
85
85
89
81
79
81
87
83
91
91
101
109
101
95
101
99
103
95
89
89
91
95
85
83
83
83
85
87
85
81
75
75
79
77
73
65
63
63
61
59
57
59
67
69
71
67
75
73
65
73
67
77
69
73
73
81
87
93
99
95
89
81
87
91
89
91
91
95
93
95
97
93
85
73
81
77
75
73
71
69
67
63
69
67
71
81
85
85
85
87
91
83
79
79
79
87
85
87
91
91
95
93
87
95
87
87
101
95
101
95
99
97
97
91
95
95
103
97
101
105
103
95
91
91
97
101
95
105
103
99
87
81
81
81
75
79
79
73
61
61
59
59
53
59
55
59
57
59
63
57
55
51
47
51
59
61
61
65
71
73
73
77
81
77
75
79
85
83
77
73
69
75
73
71
67
67
67
67
79
83
87
87
89
87
77
87
77
79
83
87
93
95
97
101
103
109
117
127
135
145
137
133
147
141
141
145
139
139
143
147
149
149
153
141
149
157
163
163
163
151
155
169
161
153
153
161
161
159
167
167
165
167
169
169
169
173
175
181
191
185
189
195
203
201
199
207
211
217
217
215
225
221
227
235
239
241
251
255
251
241
233
229
231
239
239
235
233
229
225
219
225
223
209
213
223
231
217
221
221
209
211
217
215
205
209
207
211
215
213
217
215
219
215
215
225
223
223
215
209
211
215
213
221
223
221
223
225
225
229
237
247
249
251
255
261
275
269
269
269
269
263
261
263
255
247
251
249
245
249
235
239
235
233
233
239
231
233
241
247
245
237
239
235
229
233
235
233
225
235
227
231
239
241
235
223
235
231
237
239
231
227
225
223
229
239
225
221
225
231
241
251
251
241
247
239
235
231
223
231
237
241
243
253
257
267
257
257
259
255
259
261
269
269
267
271
277
283
283
277
277
267
263
263
257
259
261
263
265
261
259
269
263
261
249
251
245
247
251
241
249
253
253
265
265
263
267
269
267
265
257
267
271
265
269
271
273
281
283
285
299
305
303
305
299
305
301
295
287
291
289
289
283
281
289
297
291
291
281
279
277
271
265
271
273
273
273
261
263
261
269
279
275
279
281
285
281
279
287
285
291
285
285
285
281
281
287
287
281
289
281
285
287
283
277
277
267
275
279
277
283
277
279
277
275
277
269
267
271
265
267
263
247
245
237
239
239
231
233
235
233
227
233
233
231
237
233
233
233
237
237
235
237
237
231
233
225
225
215
217
221
215
209
211
213
211
215
217
207
215
213
213
211
209
209
197
189
187
181
189
183
179
177
187
195
205
205
201
207
209
213
217
221
221
221
215
215
215
223
231
231
229
227
227
237
227
233
235
231
233
241
245
245
253
251
255
263
257
251
249
257
253
259
261
249
243
247
251
245
235
241
245
241
237
233
223
233
237
235
233
237
235
235
237
245
245
233
243
247
249
251
247
243
239
229
227
225
229
233
233
231
237
235
225
227
219
219
225
213
217
219
223
225
225
227
227
223
221
215
211
205
201
199
211
215
211
209
203
209
209
213
209
207
209
217
227
231
239
235
237
239
241
247
249
261
251
255
257
255
263
261
265
265
273
273
289
283
281
273
279
275
265
261
269
279
271
275
269
273
281
277
271
273
277
277
279
271
267
263
269
279
275
283
275
283
285
295
295
285
287
289
289
281
277
265
273
269
265
261
257
255
257
249
247
245
251
257
259
255
267
269
273
277
283
287
283
281
289
293
291
295
301
303
295
295
297
297
289
289
295
289
289
291
285
285
283
287
289
275
279
277
283
275
267
269
265
277
273
271
267
265
255
251
255
261
257
271
269
275
269
267
267
271
271
269
257
267
263
265
265
269
263
259
257
263
263
261
267
265
265
263
259
267
269
277
283
287
287
275
277
277
271
265
267
271
277
277
277
273
277
281
283
283
287
287
295
295
299
293
287
289
291
281
279
269
271
271
279
275
275
273
265
255
253
253
243
253
261
269
273
269
271
275
275
281
273
279
287
285
285
281
279
281
277
279
273
273
275
277
277
283
283
285
289
279
283
295
293
301
295
307
307
309
305
291
299
299
297
293
303
309
313
315
315
303
307
299
299
299
305
313
311
313
305
311
311
301
303
297
301
303
291
287
275
285
285
273
277
267
259
269
271
265
267
265
271
277
275
279
279
285
281
279
271
265
261
257
261
271
275
277
273
269
269
269
271
267
273
281
275
277
289
289
297
297
303
297
303
311
321
323
331
325
329
331
333
345
345
347
345
349
351
351
355
359
353
355
357
359
349
343
343
343
339
335
333
333
327
339
337
333
339
341
343
347
349
355
347
337
329
333
323
315
305
297
299
297
291
291
295
301
303
311
303
303
297
299
299
299
295
299
301
309
323
323
317
317
319
319
319
313
325
325
333
335
339
339
335
339
333
327
335
327
323
325
327
331
329
327
321
323
333
331
333
343
347
341
357
359
357
357
357
355
355
341
341
345
345
351
363
371
373
379
373
373
367
359
355
357
355
351
355
353
353
351
357
363
367
365
363
363
371
369
371
379
371
365
373
371
373
379
377
371
373
379
375
379
393
391
393
397
397
391
395
387
391
387
385
383
383
383
381
381
377
383
383
375
375
381
383
377
377
377
377
381
385
381
385
383
385
377
377
383
373
363
357
353
355
349
359
347
353
355
355
353
351
359
347
343
345
349
347
343
347
349
347
351
353
343
343
349
345
343
349
349
349
347
347
355
359
353
347
335
327
321
333
321
317
317
315
311
319
325
321
331
325
317
319
313
315
307
307
305
301
307
305
301
297
293
299
295
309
309
309
307
305
303
297
291
291
293
299
295
297
293
289
297
297
289
287
277
291
297
289
283
289
295
295
301
293
295
295
285
277
281
275
275
273
269
273
279
287
281
287
295
299
293
295
293
295
287
295
297
293
291
289
283
283
291
289
299
297
303
303
299
291
289
293
291
295
293
301
297
295
299
293
303
305
305
311
311
313
311
311
309
309
311
311
303
301
301
301
299
309
315
317
315
311
309
311
307
303
303
305
297
303
297
307
305
299
297
291
293
293
293
279
271
269
279
273
273
267
271
271
273
267
261
267
263
263
271
267
271
273
273
269
267
265
263
261
265
281
281
279
269
269
269
263
263
263
259
259
257
247
241
243
245
247
243
247
245
239
229
225
217
217
219
219
215
211
223
215
227
225
227
227
221
221
221
223
213
211
205
203
201
197
199
203
209
203
207
209
201
199
195
189
187
193
185
185
187
183
187
191
183
183
181
189
191
197
191
187
187
185
181
187
189
199
211
223
231
239
237
231
239
247
253
257
257
263
269
267
269
269
267
265
261
267
267
267
273
281
281
287
287
283
287
279
273
273
281
281
279
277
281
271
265
265
253
249
257
255
249
253
251
259
253
251
249
251
251
259
257
263
271
273
277
279
281
283
293
293
305
309
307
309
303
291
295
291
279
273
277
277
273
275
275
285
295
297
305
315
317
327
323
323
315
313
311
315
307
307
305
297
297
295
289
287
285
283
289
287
291
293
293
291
295
293
289
297
291
293
289
299
307
309
305
303
301
297
303
303
305
307
303
309
311
319
317
315
305
303
301
295
295
297
297
295
289
285
273
265
267
265
273
289
295
289
289
291
297
295
289
285
285
281
267
261
261
265
255
255
255
259
255
249
245
253
255
263
255
257
263
249
253
261
263
265
263
275
283
281
279
283
287
285
287
283
281
279
279
279
277
285
287
289
277
283
287
291
295
299
303
301
301
301
305
299
305
301
299
297
309
303
303
301
301
293
299
305
313
307
307
311
309
309
317
311
315
321
319
317
317
311
303
303
307
303
307
305
307
311
309
309
309
313
317
315
313
309
305
313
313
315
315
307
297
301
305
301
297
293
297
291
293
289
291
289
285
287
291
283
277
281
279
281
281
273
269
271
265
271
265
267
271
275
265
263
251
257
261
265
275
261
265
269
267
265
265
271
269
263
263
259
257
263
253
249
249
239
233
219
221
223
231
227
229
229
233
235
235
233
233
237
237
239
241
235
237
247
241
235
227
225
221
215
209
213
209
211
201
205
213
215
213
213
211
213
213
209
199
199
191
189
185
183
183
183
169
171
179
175
187
185
187
189
185
179
183
183
181
181
177
179
171
161
157
157
159
151
155
161
153
153
155
161
159
157
157
157
155
145
143
139
145
143
157
157
159
163
165
161
161
165
159
157
161
155
151
149
141
135
139
129
129
129
123
131
123
125
117
119
125
127
131
123
123
123
131
129
133
141
137
135
135
127
125
129
125
131
137
141
139
135
129
127
119
119
123
131
131
133
133
129
129
125
117
121
117
117
121
129
125
131
129
119
117
115
111
107
109
103
95
93
85
81
85
83
89
85
89
83
87
91
89
85
89
87
77
73
79
79
87
93
79
83
81
87
91
87
79
73
85
89
95
93
93
83
85
81
81
79
81
81
85
89
85
91
91
89
85
79
81
87
89
97
111
109
113
111
109
111
113
113
111
119
123
121
121
117
113
115
115
113
111
107
105
103
111
119
117
107
109
107
101
107
97
97
99
99
97
97
109
107
103
99
103
101
105
109
101
91
95
93
89
83
85
77
79
79
81
83
89
95
101
107
113
117
121
121
121
121
127
121
123
121
125
127
131
129
129
125
127
129
129
131
131
129
115
123
129
133
133
137
137
135
129
129
117
111
113
107
119
123
121
113
107
115
119
129
135
139
139
137
139
135
141
143
151
161
165
169
171
163
163
161
167
163
163
161
157
165
167
163
159
155
161
157
157
155
151
157
157
167
165
167
167
169
171
177
171
179
191
189
187
189
193
187
187
189
199
191
181
181
179
183
167
167
163
159
163
169
163
153
155
167
173
179
177
181
187
185
183
191
199
199
203
203
207
203
215
217
223
209
215
215
221
221
219
215
215
217
207
219
225
231
223
223
223
223
227
227
231
235
247
243
243
243
243
229
215
211
215
217
217
213
211
209
201
201
201
201
189
193
189
187
185
187
185
187
189
187
191
187
189
189
181
177
181
177
177
177
179
181
179
171
187
187
183
171
185
175
175
175
175
169
173
165
171
169
165
169
175
167
157
151
149
143
147
157
155
157
159
161
167
171
169
169
169
167
157
161
153
147
157
153
147
149
151
147
143
151
155
151
153
155
145
145
141
139
135
141
137
145
139
131
131
139
135
137
129
129
121
125
125
119
123
123
125
131
121
111
115
115
115
115
111
115
111
107
107
115
119
115
121
117
111
109
113
119
113
109
109
105
105
105
105
97
103
113
119
123
127
131
131
135
135
135
139
145
139
145
149
143
147
147
145
151
161
155
163
169
165
157
163
159
161
159
161
161
163
163
167
167
153
163
163
161
157
161
155
155
153
153
153
155
157
163
163
161
165
163
169
165
165
175
165
159
157
153
151
153
147
141
133
131
121
121
119
123
123
119
115
117
119
115
113
119
117
117
125
127
127
119
123
129
127
123
123
125
131
129
137
153
147
149
145
149
145
135
133
135
137
137
141
141
145
147
145
143
153
151
163
163
161
169
175
177
179
181
183
177
177
175
169
159
163
163
163
165
159
149
151
145
151
145
141
135
133
141
147
157
169
169
163
161
157
163
161
155
151
145
153
149
161
169
163
163
169
163
153
157
157
161
171
171
179
187
189
185
191
189
193
199
207
217
229
225
225
221
229
225
227
221
221
215
211
221
229
227
235
227
227
231
239
239
243
229
237
237
237
239
239
239
231
233
233
241
241
237
231
227
227
229
225
213
205
201
191
191
203
199
201
211
211
213
217
211
209
209
215
215
217
213
209
203
203
203
209
197
203
203
199
197
201
195
199
191
187
191
181
167
173
169
169
161
169
161
165
161
153
143
153
157
157
157
153
155
161
161
171
171
165
165
171
169
175
169
173
175
177
181
183
195
195
203
207
215
221
219
219
209
207
201
201
199
203
203
203
205
199
205
211
209
213
209
213
205
199
201
197
199
193
195
195
193
199
199
203
203
203
191
195
201
213
213
217
211
209
209
215
201
197
195
187
185
181
179
179
177
171
177
173
171
171
167
157
153
155
159
159
161
155
161
175
177
175
175
173
179
181
185
189
195
195
195
193
191
189
193
201
207
209
215
217
211
221
223
215
211
213
215
215
215
223
223
225
225
223
221
221
223
221
213
209
211
209
209
209
213
213
209
207
205
199
215
209
209
207
213
211
209
201
201
193
189
193
197
197
197
207
217
201
197
201
211
199
203
197
201
211
211
203
213
203
207
215
213
205
211
213
221
227
225
219
217
223
221
221
223
237
243
237
229
219
219
219
217
217
213
213
199
197
199
201
193
193
197
201
199
197
195
199
203
207
207
211
207
201
205
205
203
203
197
199
209
209
213
215
211
209
205
201
197
199
191
199
197
195
205
203
199
197
197
195
189
193
177
177
169
173
173
179
169
171
169
165
155
147
147
145
155
147
157
157
161
155
149
151
143
143
141
129
129
141
151
159
157
157
163
169
163
159
159
163
159
159
157
159
159
157
151
157
159
157
159
163
175
187
189
185
189
187
191
193
201
201
199
205
199
197
193
197
197
197
193
195
201
197
197
197
193
181
189
193
209
205
203
205
205
211
201
201
199
195
187
175
183
185
185
187
181
175
169
171
167
159
159
157
159
153
159
159
159
149
137
139
139
131
117
117
131
129
129
135
133
139
135
137
133
139
125
125
127
127
133
131
139
127
129
131
127
125
121
125
119
115
109
107
107
103
105
109
115
115
119
125
135
139
131
129
129
135
143
147
143
137
137
129
131
131
125
129
121
123
125
127
125
117
119
113
111
117
117
113
111
111
109
115
103
105
107
107
115
113
117
113
113
97
103
103
101
99
95
91
95
97
91
101
107
111
101
95
91
91
93
97
97
101
107
113
101
107
97
95
93
101
105
115
111
117
119
117
115
117
113
107
109
117
119
121
127
123
129
133
127
123
117
121
123
115
119
113
113
113
97
101
95
95
99
109
107
109
115
117
121
123
133
129
129
127
127
133
141
141
135
137
137
129
135
145
141
141
143
143
145
145
147
151
147
145
149
155
151
151
155
149
151
147
159
167
167
165
163
165
167
163
167
173
169
161
155
147
153
147
149
145
153
149
143
149
147
151
157
157
147
155
161
161
151
147
147
147
147
147
147
151
143
145
139
137
137
145
141
135
143
143
145
145
153
157
159
159
153
159
157
153
149
143
135
125
129
123
131
131
129
123
127
129
139
151
151
157
157
157
161
161
159
171
175
177
185
191
175
175
187
203
205
211
205
205
213
215
215
213
213
215
219
231
237
231
227
239
241
241
249
259
259
261
265
259
259
261
255
263
255
257
265
265
267
267
265
269
261
265
265
273
283
281
275
269
271
277
291
293
299
303
305
313
311
311
309
307
309
313
317
319
313
321
319
319
319
321
327
329
323
325
327
331
331
337
337
345
343
339
337
337
329
323
327
329
331
341
333
327
317
319
317
323
329
327
333
323
323
325
317
319
309
303
303
305
291
289
287
287
281
281
277
283
287
279
279
281
281
275
281
283
279
271
271
267
271
271
271
279
289
283
281
287
293
295
295
291
293
287
281
285
285
279
275
275
275
275
273
271
271
273
283
277
291
291
285
283
285
301
315
317
319
313
311
307
303
309
307
307
301
295
295
293
287
271
275
273
273
267
275
277
275
281
287
287
281
277
279
273
277
285
283
283
281
283
281
283
277
275
277
275
285
287
285
283
285
283
281
281
277
273
271
265
269
271
277
275
273
269
271
275
271
271
273
269
269
263
261
261
265
265
269
273
269
273
273
273
269
271
273
265
271
267
267
259
275
273
275
279
279
277
289
285
285
285
287
293
291
301
295
299
291
285
295
291
295
299
305
303
301
311
305
299
297
297
299
301
305
305
307
299
287
295
293
289
289
293
283
295
301
297
295
309
309
319
317
303
293
291
291
295
305
315
305
301
293
293
295
293
309
311
315
325
327
325
321
327
331
333
333
333
339
345
343
343
349
349
353
339
335
329
327
325
333
337
335
341
343
337
341
345
351
351
359
357
353
357
353
351
357
365
367
369
375
373
383
383
379
377
375
377
383
383
383
387
389
383
385
383
379
375
379
383
387
381
385
385
389
385
385
381
377
379
379
379
383
381
377
