-2627
-2617
-2603
-2599
-2593
-2591
-2589
-2581
-2571
-2559
-2545
-2537
-2525
-2517
-2513
-2501
-2495
-2495
-2495
-2487
-2475
-2471
-2463
-2449
-2441
-2441
-2431
-2421
-2409
-2403
-2401
-2395
-2383
-2367
-2363
-2353
-2341
-2337
-2341
-2335
-2331
-2325
-2315
-2313
-2315
-2309
-2309
-2299
-2291
-2295
-2289
-2283
-2281
-2277
-2273
-2273
-2259
-2251
-2245
-2235
-2233
-2223
-2219
-2215
-2203
-2199
-2193
-2189
-2193
-2183
-2177
-2177
-2173
-2167
-2159
-2149
-2143
-2145
-2137
-2121
-2117
-2115
-2111
-2095
-2091
-2085
-2079
-2075
-2065
-2057
-2057
-2049
-2043
-2035
-2029
-2027
-2031
-2019
-2011
-2003
-1995
-1995
-1987
-1979
-1975
-1967
-1961
-1957
-1949
-1949
-1941
-1947
-1947
-1943
-1931
-1931
-1927
-1917
-1919
-1907
-1903
-1895
-1893
-1887
-1887
-1881
-1873
-1865
-1857
-1847
-1839
-1829
-1825
-1825
-1821
-1815
-1805
-1797
-1795
-1789
-1781
-1775
-1771
-1783
-1771
-1767
-1761
-1771
-1773
-1779
-1773
-1779
-1769
-1767
-1773
-1761
-1755
-1755
-1755
-1755
-1755
-1743
-1743
-1741
-1739
-1731
-1725
-1715
-1711
-1705
-1695
-1685
-1685
-1689
-1687
-1679
-1681
-1677
-1665
-1653
-1653
-1647
-1649
-1653
-1647
-1637
-1627
-1629
-1625
-1617
-1609
-1603
-1597
-1597
-1591
-1593
-1589
-1585
-1583
-1597
-1603
-1591
-1585
-1587
-1587
-1575
-1573
-1569
-1561
-1553
-1543
-1535
-1529
-1523
-1513
-1499
-1497
-1501
-1501
-1493
-1481
-1481
-1473
-1471
-1467
-1463
-1465
-1467
-1463
-1455
-1449
-1449
-1443
-1435
-1417
-1405
-1409
-1411
-1417
-1415
-1405
-1391
-1387
-1375
-1377
-1373
-1369
-1369
-1369
-1357
-1341
-1335
-1327
-1317
-1315
-1307
-1305
-1297
-1293
-1287
-1289
-1279
-1273
-1269
-1265
-1263
-1253
-1245
-1241
-1235
-1229
-1229
-1237
-1235
-1225
-1215
-1207
-1207
-1207
-1201
-1197
-1189
-1185
-1187
-1177
-1171
-1159
-1171
-1179
-1181
-1171
-1169
-1175
-1179
-1169
-1163
-1161
-1151
-1151
-1149
-1139
-1133
-1127
-1131
-1125
-1121
-1117
-1103
-1109
-1101
-1103
-1099
-1099
-1099
-1089
-1085
-1083
-1083
-1087
-1097
-1101
-1109
-1103
-1099
-1091
-1089
-1083
-1077
-1071
-1065
-1061
-1057
-1055
-1053
-1055
-1049
-1059
-1051
-1039
-1027
-1037
-1037
-1027
-1039
-1039
-1037
-1033
-1025
-1021
-1013
-1009
-1017
-1009
-1005
-997
-995
-993
-995
-985
-985
-979
-973
-967
-965
-967
-965
-959
-957
-965
-961
-959
-961
-961
-965
-957
-943
-935
-933
-933
-939
-939
-939
-931
-923
-917
-913
-907
-901
-895
-885
-885
-881
-891
-893
-893
-887
-889
-889
-889
-891
-887
-883
-877
-883
-883
-881
-885
-887
-881
-881
-869
-865
-857
-859
-859
-859
-857
-847
-851
-843
-831
-829
-825
-825
-819
-815
-815
-821
-811
-799
-803
-807
-809
-803
-809
-803
-803
-807
-809
-809
-805
-799
-789
-781
-777
-773
-769
-773
-771
-761
-761
-763
-751
-755
-749
-749
-749
-749
-747
-737
-733
-735
-723
-723
-723
-723
-721
-721
-715
-705
-693
-697
-699
-697
-697
-695
-699
-707
-701
-699
-687
-685
-693
-693
-687
-683
-671
-673
-667
-665
-669
-677
-673
-667
-663
-661
-655
-647
-645
-641
-641
-637
-631
-631
-635
-637
-639
-641
-641
-631
-633
-637
-627
-625
-633
-641
-641
-641
-641
-649
-653
-661
-665
-659
-665
-667
-659
-659
-655
-651
-655
-649
-655
-657
-655
-651
-653
-653
-647
-651
-647
-641
-637
-637
-631
-625
-617
-607
-607
-607
-603
-605
-597
-595
-591
-585
-585
-585
-585
-581
-575
-571
-571
-581
-573
-561
-553
-547
-547
-537
-535
-535
-529
-537
-537
-543
-545
-543
-551
-551
-549
-549
-543
-537
-545
-541
-531
-539
-539
-537
-533
-525
-515
-509
-503
-503
-499
-491
-491
-483
-481
-481
-473
-459
-461
-453
-443
-441
-437
-449
-465
-467
-471
-471
-471
-461
-459
-457
-455
-445
-443
-441
-433
-429
-427
-437
-441
-433
-425
-427
-423
-421
-423
-427
-425
-423
-421
-415
-409
-399
-401
-393
-387
-393
-397
-399
-395
-393
-393
-385
-401
-405
-403
-397
-401
-399
-399
-403
-397
-387
-383
-379
-375
-375
-381
-385
-385
-377
-365
-365
-371
-375
-383
-381
-381
-377
-369
-371
-371
-371
-381
-381
-389
-381
-377
-373
-365
-365
-367
-373
-379
-383
-381
-375
-373
-367
-371
-363
-355
-347
-341
-335
-329
-325
-315
-311
-305
-299
-305
-303
-307
-307
-295
-291
-287
-289
-281
-273
-265
-261
-265
-261
-259
-259
-263
-263
-259
-251
-247
-249
-243
-241
-237
-233
-229
-223
-213
-215
-219
-219
-219
-219
-223
-221
-215
-213
-209
-213
-211
-211
-199
-201
-195
-193
-193
-195
-191
-191
-181
-183
-185
-177
-181
-183
-179
-181
-179
-183
-183
-179
-183
-189
-191
-185
-183
-191
-189
-201
-195
-191
-183
-189
-179
-173
-173
-189
-195
-189
-197
-203
-205
-205
-213
-217
-215
-217
-209
-213
-209
-207
-213
-211
-221
-217
-209
-209
-203
-189
-181
-181
-189
-179
-171
-175
-183
-185
-183
-183
-179
-179
-175
-167
-173
-173
-163
-165
-165
-169
-169
-169
-175
-183
-177
-183
-187
-187
-183
-181
-179
-179
-187
-187
-183
-187
-181
-181
-185
-185
-175
-181
-185
-179
-179
-183
-181
-183
-187
-179
-167
-159
-161
-161
-169
-163
-159
-147
-143
-139
-141
-147
-143
-145
-145
-155
-151
-151
-153
-153
-147
-149
-151
-163
-157
-159
-157
-167
-167
-163
-167
-167
-167
-161
-171
-177
-185
-187
-187
-197
-193
-191
-191
-189
-181
-175
-173
-173
-173
-187
-189
-181
-185
-177
-183
-189
-181
-177
-185
-177
-179
-179
-177
-177
-179
-187
-189
-187
-183
-175
-169
-159
-169
-173
-167
-167
-177
-179
-173
-169
-163
-165
-161
-151
-147
-139
-131
-123
-123
-129
-125
-123
-131
-121
-107
-115
-109
-101
-91
-85
-81
-73
-79
-87
-87
-95
-93
-93
-97
-99
-89
-81
-81
-81
-81
-87
-87
-95
-95
-97
-91
-93
-105
-101
-105
-105
-109
-97
-93
-101
-95
-97
-97
-97
-91
-95
-81
-81
-73
-73
-67
-65
-59
-61
-71
-75
-79
-85
-81
-81
-83
-89
-79
-79
-67
-63
-65
-69
-67
-69
-55
-47
-43
-49
-49
-51
-53
-65
-65
-67
-69
-63
-61
-51
-53
-53
-51
-49
-47
-45
-49
-41
-41
-37
-47
-53
-53
-63
-63
-69
-65
-71
-71
-63
-61
-55
-55
-57
-51
-55
-53
-41
-49
-55
-63
-57
-63
-59
-57
-67
-69
-73
-65
-57
-57
-69
-73
-65
-67
-55
-53
-51
-51
-53
-55
-49
-55
-55
-53
-57
-63
-57
-61
-73
-73
-77
-71
-67
-69
-71
-71
-69
-69
-71
-59
-59
-61
-49
-43
-51
-39
-43
-43
-49
-37
-39
-41
-45
-49
-35
-35
-41
-45
-45
-39
-51
-43
-53
-45
-43
-41
-49
-51
-57
-53
-57
-57
-63
-63
-67
-57
-61
-59
-59
-53
-53
-57
-59
-59
-61
-67
-71
-71
-73
-71
-63
-63
-55
-61
-65
-57
-53
-49
-39
-27
-27
-23
-23
-23
-21
-17
-27
-29
-39
-37
-35
-43
-35
-29
-27
-33
-33
-27
-27
-31
-29
-21
-25
-33
-31
-37
-47
-41
-37
-29
-29
-31
-17
-13
-9
-17
-15
-11
-15
-17
-15
-25
-21
-19
-15
-21
-19
-25
-25
-21
-7
-5
-5
-3
-1
-7
-7
-7
-11
-19
-21
-25
-21
-23
-21
-19
-15
-19
-25
-29
-31
-27
-15
-15
-19
-11
-7
-11
-7
-1
-1
-5
-1
-1
5
5
7
19
27
27
35
35
35
35
45
47
41
47
57
59
59
59
57
59
55
59
67
69
69
67
71
79
77
81
83
79
85
81
71
71
67
69
71
69
79
77
75
75
81
81
87
97
101
99
99
105
107
103
109
101
105
107
109
109
109
103
103
105
105
107
109
109
107
103
103
101
101
103
105
99
97
91
87
77
79
81
83
87
95
95
93
93
93
95
97
89
79
81
83
89
89
89
85
73
71
67
67
61
51
55
57
63
57
49
47
43
49
47
45
49
41
47
49
43
47
47
41
45
43
37
29
21
21
23
21
17
23
19
27
27
23
21
17
21
27
25
31
29
27
31
27
29
27
25
21
13
17
9
1
3
-3
1
5
1
7
11
1
7
9
11
7
7
7
13
19
19
21
15
5
5
9
7
7
5
1
1
-1
7
9
5
7
15
15
13
15
3
1
-1
-1
5
17
9
5
3
1
5
9
9
9
15
17
7
15
13
7
5
11
5
11
11
9
17
7
1
-1
3
1
1
-11
-3
3
3
15
23
23
31
33
43
41
41
37
35
35
33
29
27
29
31
29
29
33
43
41
45
43
41
47
43
49
43
53
53
47
47
45
45
43
37
29
27
25
33
33
35
49
51
51
49
53
55
57
67
61
63
55
49
49
57
55
51
59
69
65
57
59
57
57
71
77
81
79
85
83
85
75
67
69
63
59
61
61
63
55
55
57
55
61
69
73
65
69
69
61
63
63
71
67
63
55
61
67
69
65
67
67
73
69
79
81
73
65
65
67
75
83
83
87
81
93
91
81
83
77
73
75
79
77
77
81
81
75
81
95
93
91
99
99
99
107
99
99
99
91
87
87
89
99
99
95
89
93
85
83
79
73
69
69
73
77
69
63
63
55
41
49
47
45
47
51
49
45
45
49
55
51
55
51
55
55
57
43
33
29
33
41
41
35
41
41
41
43
39
39
39
41
45
45
43
33
37
39
45
45
47
49
51
55
53
49
45
37
27
35
45
43
41
37
29
39
45
51
43
43
45
41
45
37
37
47
47
43
47
49
45
47
41
47
57
55
55
51
59
55
59
61
61
67
63
63
65
69
79
79
79
79
91
85
83
91
87
95
93
99
105
107
111
115
117
113
121
115
119
121
121
119
117
129
131
131
129
137
137
135
139
145
135
131
133
127
121
125
131
131
143
141
145
143
147
135
143
133
141
149
149
155
163
171
173
163
155
151
147
145
143
153
147
139
135
133
119
125
127
115
111
109
109
113
117
119
115
107
103
103
97
95
97
97
97
97
89
95
95
101
91
95
103
109
109
111
117
113
107
115
113
105
103
103
103
101
97
97
97
89
81
83
93
103
103
101
109
111
113
113
115
115
121
121
117
117
121
125
121
125
119
113
115
117
123
121
123
111
105
107
103
101
109
109
111
107
105
113
111
121
111
111
111
113
125
109
109
107
105
105
101
111
123
125
131
139
139
145
139
141
149
137
141
129
141
135
137
141
139
135
147
147
153
155
159
155
153
147
151
157
159
167
157
167
165
157
153
161
155
153
153
153
145
137
131
131
125
133
129
135
125
119
129
135
139
139
147
143
141
135
135
133
127
131
137
131
133
127
123
127
121
125
133
127
125
125
121
123
123
117
103
97
99
103
113
115
117
109
101
101
97
89
87
99
101
95
103
93
85
71
77
67
67
67
71
75
69
69
67
69
71
71
67
75
75
63
59
55
53
59
57
55
57
61
65
67
63
59
65
73
69
69
65
63
63
63
55
59
63
65
79
81
91
93
91
101
99
103
111
115
121
119
117
117
121
119
121
113
113
111
109
113
115
113
119
121
129
129
137
133
135
129
123
127
131
127
123
119
121
119
109
111
107
105
99
99
99
95
99
91
89
83
89
91
91
91
85
91
93
99
103
107
101
97
105
107
105
97
97
95
95
105
101
111
111
115
105
105
97
103
107
109
105
101
101
103
97
101
99
85
83
79
81
83
83
83
79
81
75
71
85
83
77
79
79
81
85
89
97
101
99
99
103
89
83
79
85
89
79
79
81
73
69
69
67
65
69
77
71
77
71
75
75
81
71
67
67
73
79
85
99
91
89
93
105
103
113
117
111
117
117
123
115
117
125
127
121
121
133
135
133
133
131
127
125
111
111
121
119
117
111
113
109
107
117
125
131
133
135
139
143
149
161
157
161
157
163
161
153
159
171
173
175
177
183
183
177
169
185
189
193
203
207
207
209
201
211
211
207
213
209
205
197
187
181
181
177
179
179
177
177
177
177
173
169
165
167
169
173
167
171
167
167
163
151
151
147
157
153
151
149
149
139
129
137
131
127
129
129
121
111
115
119
115
111
115
111
115
111
109
111
111
109
113
111
105
103
103
101
93
89
87
87
83
79
75
83
85
81
81
81
79
77
91
91
91
103
113
115
119
119
111
111
107
103
107
107
111
123
119
121
123
123
131
131
131
135
133
137
149
161
165
163
161
155
159
151
147
157
161
161
151
155
151
149
149
151
149
149
137
143
137
135
133
137
139
141
145
147
137
137
149
145
153
149
141
141
137
133
121
121
117
111
103
103
91
95
105
105
109
107
107
107
109
111
105
97
97
97
99
99
99
105
107
105
111
107
101
101
91
91
87
87
87
85
85
87
97
97
99
99
109
109
109
117
111
119
127
129
129
133
133
137
131
123
125
123
127
129
125
117
117
119
123
127
129
127
129
125
131
129
135
133
133
135
131
125
117
121
129
143
133
143
139
139
137
135
139
135
133
133
131
137
145
143
141
133
133
137
137
135
141
141
143
147
135
139
139
137
141
145
147
145
139
139
145
149
149
153
143
151
157
157
157
161
163
155
159
155
161
165
165
179
175
185
181
181
181
181
179
187
181
171
183
171
173
173
165
163
163
167
165
169
175
185
181
173
179
175
169
173
185
179
191
189
185
177
189
191
195
191
189
183
183
187
195
191
197
197
195
193
187
183
177
169
165
161
155
149
159
161
155
157
157
147
151
155
161
167
167
175
181
181
183
179
177
175
171
173
171
169
175
175
169
163
159
153
147
159
163
175
173
175
177
175
177
179
175
173
161
151
151
153
147
161
163
159
163
151
151
153
153
149
149
147
153
151
151
151
147
147
143
151
155
159
167
165
161
151
141
139
135
133
127
123
123
125
127
125
125
123
117
123
121
117
117
113
109
105
105
101
109
97
101
97
99
97
99
99
103
103
97
103
105
109
101
101
105
107
107
107
103
103
101
95
93
95
83
89
89
99
99
93
99
93
101
105
111
101
105
109
113
105
111
105
111
109
107
99
99
99
93
95
101
107
103
105
109
113
121
127
129
125
123
127
127
127
133
125
125
115
121
125
125
123
123
117
123
121
115
107
105
105
109
103
101
105
103
105
97
95
103
113
125
127
125
119
125
121
123
115
117
115
115
103
95
95
95
97
89
91
93
91
95
101
107
107
117
117
121
117
113
117
109
111
109
119
115
103
99
105
101
89
95
87
85
93
89
91
91
91
93
93
97
97
101
107
99
95
83
83
83
83
89
85
85
77
81
73
73
75
73
79
75
81
77
73
75
83
77
75
83
79
83
79
81
85
85
81
85
89
83
85
91
91
89
81
83
79
85
83
79
87
93
91
89
95
97
97
105
111
111
113
103
109
109
109
107
99
103
109
111
107
117
109
101
99
99
103
99
111
113
113
113
113
119
123
125
137
141
145
133
131
135
133
133
123
127
121
123
129
127
133
135
139
137
147
147
155
159
163
163
165
155
151
153
143
143
149
151
145
149
155
163
161
159
163
159
155
157
151
149
157
159
159
163
169
163
171
179
177
183
191
185
179
187
185
183
175
173
171
171
179
179
179
179
171
175
185
183
189
193
193
195
191
197
195
189
199
197
193
191
189
193
189
191
187
187
191
195
191
189
195
201
197
199
199
201
199
201
195
197
207
207
207
201
197
203
191
183
181
177
171
157
151
159
163
161
153
159
159
161
161
161
157
147
149
157
155
155
151
155
153
149
151
149
141
133
129
129
129
119
121
115
123
127
123
123
119
133
129
139
139
147
145
151
155
147
145
137
141
139
143
143
149
159
165
169
169
171
175
171
175
183
181
181
189
185
193
195
193
187
187
189
183
177
179
175
179
189
185
183
183
181
167
177
175
173
181
181
183
189
191
191
189
183
187
189
189
189
181
189
179
175
173
173
171
175
177
177
179
183
177
185
185
173
183
181
169
163
167
167
171
179
177
181
183
181
181
181
181
181
181
185
181
185
177
161
161
163
165
167
169
159
151
147
145
153
159
159
161
161
157
165
165
159
159
155
155
151
145
153
147
147
147
151
147
153
151
149
149
149
155
149
147
141
155
155
161
161
161
165
157
167
175
183
191
195
185
187
185
183
191
191
189
189
187
189
193
195
181
181
185
179
183
183
187
183
189
185
185
189
193
189
189
187
201
197
191
183
173
175
169
169
177
173
175
181
177
181
197
195
199
197
187
187
187
191
195
199
185
187
191
197
203
213
199
207
199
199
209
215
207
203
205
197
187
187
189
189
195
185
187
185
189
195
187
183
191
189
185
193
203
209
209
201
203
205
203
201
197
205
203
209
217
219
209
215
213
213
213
219
217
221
221
229
223
221
223
221
217
215
223
219
223
219
217
209
217
221
217
213
219
213
205
205
197
197
201
201
201
201
209
215
203
205
199
197
197
203
209
207
205
203
205
199
191
193
197
197
199
195
193
191
191
195
195
197
189
187
187
179
169
169
169
175
171
179
179
171
175
183
177
181
183
187
193
187
185
175
177
181
177
177
173
169
163
157
151
155
145
143
147
145
147
149
151
149
147
149
147
153
155
147
147
149
153
157
161
159
159
159
159
149
153
157
159
157
169
167
171
173
163
159
163
155
155
157
151
145
149
149
151
153
149
149
155
159
159
161
171
171
177
175
177
177
173
177
169
179
175
177
183
187
189
189
179
175
173
177
175
179
191
193
199
197
195
201
191
191
189
195
189
181
171
171
175
183
177
177
175
171
171
167
169
175
167
161
153
159
151
153
149
149
155
155
151
145
143
147
149
145
139
141
139
143
141
145
145
155
153
147
159
165
171
171
163
165
151
151
149
151
159
161
161
153
157
149
153
159
157
163
155
155
161
159
157
153
149
155
161
153
157
153
153
155
155
147
149
153
157
159
153
153
151
151
147
141
145
133
141
151
147
135
135
133
131
139
143
135
137
137
139
131
129
127
123
119
119
115
121
115
111
119
115
113
109
117
113
113
115
105
103
105
107
105
105
101
101
103
107
115
113
115
119
119
113
121
119
123
129
125
123
131
131
125
129
123
121
123
123
121
119
113
99
99
105
113
109
107
107
103
105
107
109
107
103
103
113
117
117
123
127
127
127
135
131
131
145
149
159
149
151
149
149
149
141
133
129
131
131
145
145
143
149
149
143
139
139
129
127
141
149
141
139
145
155
163
171
181
189
185
187
191
195
187
185
181
183
179
181
173
171
171
173
169
177
169
167
177
175
189
189
201
199
199
205
209
207
201
197
193
191
195
189
185
181
185
175
181
187
195
199
199
201
201
203
207
209
211
219
219
213
203
195
195
191
193
181
181
177
171
173
175
183
189
189
195
199
199
201
197
203
203
197
191
193
193
197
195
197
195
205
209
207
211
213
217
211
209
213
209
197
197
195
197
191
197
193
201
205
197
187
193
187
195
195
193
199
201
207
211
209
215
215
221
221
219
221
237
241
249
239
243
239
233
223
221
217
227
235
225
221
215
223
219
223
223
217
209
205
207
199
199
193
187
179
181
185
183
185
193
193
193
195
193
197
191
191
193
197
197
195
193
193
185
181
179
165
157
159
161
161
161
161
155
151
151
149
149
145
147
147
141
143
151
153
153
155
151
147
151
153
147
151
149
151
141
137
133
135
127
119
117
109
115
119
115
121
129
127
133
135
137
135
133
133
131
123
127
127
129
127
119
119
119
127
127
139
141
145
143
153
151
155
153
149
147
139
137
133
133
133
127
131
127
127
121
125
119
123
115
113
111
115
115
115
107
103
101
97
97
87
93
99
103
109
115
111
109
111
103
103
107
105
105
107
109
111
111
109
105
107
113
107
103
95
97
93
93
93
95
97
105
101
101
103
105
99
101
109
101
97
99
93
81
73
75
75
75
71
67
57
55
61
59
59
57
57
61
69
83
81
85
91
89
89
89
91
91
83
81
81
87
87
85
85
77
87
77
75
73
65
69
65
61
73
73
65
59
61
59
59
57
65
63
65
61
63
53
53
49
49
49
53
47
41
47
47
49
41
41
35
41
55
61
51
41
51
45
53
53
49
43
45
47
47
43
41
43
33
29
31
35
33
33
23
23
19
31
29
31
25
25
33
33
45
45
41
45
45
35
33
33
39
45
41
47
45
43
41
37
31
37
41
39
35
33
39
39
37
39
31
29
29
25
25
27
25
29
31
33
29
19
35
29
41
47
47
51
47
47
41
35
29
31
35
33
27
25
31
35
33
39
33
33
41
45
49
49
53
49
43
53
55
53
47
55
55
53
45
51
55
55
57
59
53
45
41
51
59
59
53
61
49
45
31
19
17
21
17
21
29
23
15
7
3
1
5
9
15
17
25
25
29
41
47
49
45
55
51
51
55
61
71
79
91
93
79
83
87
99
107
105
107
107
107
99
101
87
79
79
83
85
85
81
79
85
95
95
97
87
81
69
71
75
79
89
93
87
85
93
87
87
85
79
83
83
93
107
105
95
95
97
91
97
103
99
99
97
101
99
97
95
93
93
91
89
91
89
89
93
95
103
99
103
101
107
101
95
95
89
89
89
93
103
109
109
109
113
105
105
105
103
103
97
105
101
101
105
107
113
119
125
123
119
123
129
131
125
125
129
129
131
117
121
127
123
125
125
123
121
117
121
111
109
93
93
87
83
83
77
79
75
73
69
61
63
69
83
81
79
85
81
79
79
81
81
77
75
69
63
59
71
69
77
69
59
61
59
63
65
69
67
67
69
75
75
79
75
79
81
73
83
91
95
89
81
73
77
83
93
85
83
81
73
69
67
61
69
75
67
67
63
67
65
59
67
67
73
75
85
85
83
85
93
97
99
103
101
97
105
103
103
105
105
105
101
97
101
99
109
115
113
113
111
119
113
113
101
99
97
97
101
101
101
93
95
99
105
105
99
89
85
85
91
91
95
91
81
87
83
89
87
87
83
87
77
69
73
71
73
73
69
69
73
69
65
63
53
53
49
61
59
61
61
61
63
75
75
75
73
69
63
61
57
53
49
45
49
55
61
69
71
75
77
73
85
81
81
83
85
77
73
77
83
87
85
85
89
81
73
71
73
75
73
73
75
89
91
99
95
103
99
95
99
101
97
99
105
99
99
109
103
99
99
105
107
113
127
127
123
115
109
109
109
109
103
111
105
113
115
115
123
123
125
121
121
125
121
119
121
127
131
131
137
147
137
139
143
137
133
135
137
145
143
143
147
149
145
155
155
159
157
159
161
165
163
165
169
165
159
161
159
163
165
165
169
181
183
183
189
191
193
203
213
213
217
221
215
209
209
209
203
209
215
207
213
217
223
219
223
221
229
223
219
211
211
213
217
203
215
221
221
217
211
211
221
217
217
215
227
223
225
225
219
211
215
213
217
223
219
209
213
213
213
213
221
223
227
227
221
215
215
217
217
217
211
217
221
223
219
221
209
215
207
207
201
195
191
191
185
191
191
191
193
203
197
193
189
185
181
173
175
179
183
183
175
185
185
181
185
179
175
181
169
169
163
167
171
167
171
185
189
189
189
193
189
189
193
187
197
193
189
183
185
183
185
183
181
167
159
153
145
149
139
145
143
133
127
135
139
135
139
141
153
151
145
145
159
173
175
173
167
163
165
169
161
157
151
151
147
143
143
151
151
151
145
145
147
153
137
135
131
127
115
119
125
121
117
107
119
123
123
123
133
123
133
143
145
141
135
135
143
143
151
149
151
155
149
147
151
157
159
159
167
165
155
161
159
161
155
155
159
167
173
171
175
171
169
179
173
175
167
171
171
175
169
171
173
165
157
157
155
163
163
161
159
157
155
143
141
147
145
143
143
143
145
149
149
147
147
151
153
159
163
155
151
161
153
145
151
151
153
169
163
165
173
173
171
165
175
165
173
179
177
169
183
185
197
203
203
203
205
209
213
209
211
209
213
205
205
203
199
201
189
189
193
195
193
193
193
193
197
205
203
195
193
191
191
183
183
187
193
195
191
191
185
187
189
193
189
201
199
195
193
203
191
199
201
199
195
201
203
203
195
197
199
203
203
205
213
213
217
219
215
211
205
215
217
223
225
237
245
243
243
255
245
249
253
255
247
245
241
243
253
259
257
253
257
261
267
271
271
271
273
273
271
275
283
281
269
269
271
277
279
279
281
281
283
277
289
295
303
305
301
299
297
297
303
301
305
305
303
307
319
327
319
309
309
305
301
311
313
309
311
319
311
309
311
313
317
313
313
319
321
319
319
323
323
313
311
305
305
311
311
317
313
313
313
315
317
313
315
313
313
319
323
325
327
333
333
329
321
325
329
333
331
333
331
335
329
329
329
323
321
325
341
327
329
327
331
327
321
321
325
331
331
333
333
335
335
343
351
349
351
351
347
343
339
341
347
349
351
347
339
337
331
327
333
339
343
337
331
331
337
343
347
351
357
357
353
355
361
357
353
351
349
341
349
349
347
351
339
331
327
329
323
323
319
323
329
327
317
319
319
323
329
329
329
325
329
329
321
325
323
325
333
327
327
321
321
315
325
327
325
333
335
327
331
337
343
343
347
353
353
359
367
365
373
383
387
387
391
389
389
385
381
383
381
387
387
387
387
393
395
393
385
391
393
393
393
391
389
383
385
393
389
385
389
399
399
405
405
399
401
399
401
403
407
407
403
401
405
397
385
379
379
379
371
371
369
365
363
365
371
373
375
371
369
363
367
363
359
361
361
367
365
363
361
359
355
349
345
343
337
341
343
335
331
331
327
327
329
325
321
319
311
305
301
297
293
287
289
277
285
275
273
263
267
269
275
275
271
269
263
263
269
269
257
263
269
267
269
271
257
257
255
255
253
253
249
255
253
251
247
251
243
251
247
249
243
239
233
235
235
219
215
213
219
221
219
223
223
215
209
215
219
223
227
221
217
221
223
223
217
219
219
223
217
209
215
215
219
217
221
221
219
219
217
233
231
227
227
223
227
227
223
219
217
217
211
201
201
207
209
203
199
197
203
195
197
201
209
209
201
199
197
193
189
189
185
185
185
185
175
163
159
149
155
147
149
155
163
173
171
175
167
169
171
159
157
169
163
161
165
167
167
163
159
157
153
153
147
135
129
125
131
129
133
135
131
129
133
129
141
137
127
123
117
111
111
105
103
101
101
97
105
97
95
95
99
99
95
95
93
97
91
95
95
93
97
103
101
107
109
109
115
121
107
111
101
95
95
89
99
99
93
89
81
79
83
87
89
95
83
67
71
69
73
69
67
69
71
67
73
69
73
77
79
75
75
73
81
99
105
89
91
95
97
91
85
99
89
83
81
69
65
65
61
65
65
71
81
79
81
83
87
97
97
105
109
107
103
107
109
109
117
125
131
127
121
133
133
125
121
119
133
131
123
127
131
133
147
151
149
145
141
147
159
163
163
173
179
173
165
153
147
141
137
135
135
135
131
127
119
119
119
115
121
127
141
139
137
147
135
129
131
125
119
123
127
125
129
119
121
121
123
113
113
127
125
125
129
121
117
123
127
127
141
147
145
147
151
151
157
147
147
141
147
147
143
135
139
137
133
141
147
153
155
163
163
155
155
161
161
165
161
171
165
165
165
171
171
169
173
163
163
165
173
165
161
167
163
159
153
165
165
167
171
167
177
175
169
169
163
161
159
153
149
145
145
157
145
141
129
133
131
137
137
141
143
147
137
129
115
115
119
117
115
117
113
111
109
99
93
89
89
79
85
83
83
75
73
79
77
75
79
91
87
83
79
69
71
65
67
65
65
73
65
77
71
65
71
77
87
85
85
93
93
101
101
103
107
109
105
97
99
99
99
95
105
115
117
119
129
125
131
131
135
135
133
131
129
129
129
131
137
145
145
139
143
147
147
151
159
159
167
169
161
161
165
163
161
161
167
165
171
167
173
167
161
167
171
179
185
175
171
173
181
183
189
193
185
191
181
181
175
175
183
173
167
167
167
163
167
165
173
181
175
175
191
197
197
201
199
199
201
203
207
207
205
217
213
225
221
217
217
225
215
219
215
209
205
207
209
205
193
197
189
191
193
193
189
191
199
201
195
189
189
179
175
167
153
157
159
155
167
169
153
143
147
143
141
133
139
141
141
135
143
149
151
151
145
149
157
165
181
177
167
165
159
159
149
147
151
155
155
145
153
143
147
147
153
149
151
159
163
165
169
169
175
171
173
171
173
173
175
171
167
159
159
157
165
169
169
173
173
167
169
171
169
163
165
155
155
159
159
163
161
157
161
157
157
167
161
153
149
149
151
149
145
147
149
141
139
135
131
131
133
135
131
123
117
129
133
131
139
145
143
153
151
151
157
153
147
157
153
159
155
151
149
157
153
155
165
167
167
177
171
171
163
163
157
151
153
165
151
149
143
137
131
125
133
141
145
145
141
135
141
127
123
121
121
119
117
111
121
127
127
121
123
123
117
131
133
133
129
121
121
113
107
105
97
87
87
85
87
91
91
91
95
91
91
101
109
113
115
115
109
113
117
113
125
127
125
125
125
123
127
131
131
131
133
129
129
131
139
143
131
123
125
131
135
131
127
125
125
129
121
121
119
123
119
115
109
115
117
117
113
117
117
111
109
107
115
119
115
109
105
111
111
105
107
105
99
103
99
99
101
99
97
99
105
111
115
109
113
109
113
109
111
119
111
113
113
117
117
121
123
131
139
137
133
129
143
143
151
151
147
147
147
143
147
153
157
149
147
143
143
143
135
129
125
131
143
143
143
153
149
159
163
157
155
147
145
149
155
149
155
151
149
149
143
145
149
151
157
157
157
159
151
155
149
145
149
155
147
145
151
151
157
157
163
173
175
181
173
167
169
165
153
149
157
157
149
153
145
141
149
157
159
157
151
153
147
147
147
151
155
155
155
155
157
163
163
155
159
159
167
163
173
181
177
175
171
173
169
167
163
173
173
169
165
159
157
153
153
149
153
165
177
177
183
183
179
173
169
179
185
189
187
189
189
187
187
189
191
195
187
189
189
193
189
189
189
191
181
181
179
179
181
181
183
181
171
181
173
171
177
183
189
187
189
179
177
181
189
185
181
177
167
163
163
159
159
167
167
173
169
161
159
155
153
157
151
149
157
157
159
147
147
137
137
133
133
133
139
145
149
153
147
147
143
141
143
141
147
149
145
145
151
155
157
143
151
157
153
151
145
137
139
141
139
135
129
127
125
125
127
119
123
125
123
117
117
121
123
121
115
119
127
125
127
125
131
129
127
119
117
113
109
105
111
119
123
119
125
117
119
113
111
111
109
115
121
123
125
123
127
125
113
125
129
137
139
129
133
127
133
125
123
125
125
135
127
137
133
131
131
123
125
127
135
133
131
125
129
125
119
121
117
115
119
125
129
123
121
115
119
121
127
129
137
137
139
141
145
145
141
137
139
137
139
133
133
139
135
139
143
141
145
145
145
145
137
133
133
139
131
131
129
135
137
133
129
127
131
125
127
123
123
111
105
99
111
121
123
115
113
117
119
109
111
117
119
117
119
117
121
119
127
123
129
129
129
133
135
141
135
145
141
151
147
141
135
131
131
133
133
135
135
131
125
119
113
125
125
127
125
131
131
127
139
145
147
151
145
143
145
145
147
155
149
151
149
149
137
137
137
131
137
137
137
135
143
153
145
147
147
145
149
153
145
145
145
145
149
157
157
151
145
149
159
157
161
163
175
169
165
163
161
161
163
167
173
177
173
163
163
167
167
183
181
177
179
179
171
167
177
179
187
183
183
179
179
179
185
195
203
203
213
217
223
229
229
221
217
211
219
219
221
223
217
215
227
229
239
239
235
237
241
247
247
253
253
257
253
253
249
249
255
255
261
257
253
261
265
265
257
249
253
255
259
259
267
281
283
283
283
285
283
283
287
291
293
303
307
311
313
325
325
325
321
321
329
331
341
339
341
341
331
333
333
335
337
333
327
327
331
329
319
329
339
335
325
317
323
317
311
317
317
313
313
311
315
323
331
339
345
343
343
337
339
341
333
335
327
335
333
335
337
331
333
333
329
331
339
337
341
347
357
357
361
363
355
359
359
355
357
353
351
357
355
359
353
347
347
353
357
361
361
365
363
357
353
351
355
363
373
379
373
381
391
383
383
383
383
375
369
367
359
361
361
367
367
365
371
369
379
375
379
369
359
349
349
353
357
359
361
365
367
367
381
383
387
389
381
381
377
377
379
377
379
377
373
375
375
375
367
363
363
363
363
365
365
373
371
363
367
367
367
365
359
365
365
357
355
351
349
351
347
339
341
345
345
341
349
349
341
351
353
353
357
357
353
361
355
355
351
335
333
339
343
335
327
329
333
341
351
351
349
343
335
335
341
341
337
333
335
335
333
331
333
337
327
323
327
335
335
333
331
323
317
315
311
315
317
307
315
307
301
303
305
307
301
299
299
295
299
297
303
303
297
285
283
271
277
283
277
283
281
273
269
261
265
259
253
253
249
255
247
243
251
263
269
265
263
271
257
255
259
257
243
255
253
245
247
241
233
233
229
235
237
237
231
229
227
227
225
219
225
225
231
229
229
235
243
231
227
225
227
227
227
233
239
241
237
241
235
223
237
237
241
239
231
223
227
229
215
223
217
211
213
203
201
195
201
199
195
183
183
183
177
181
181
183
191
189
191
187
193
199
201
193
195
185
181
191
189
193
189
189
185
193
201
209
213
221
221
221
227
227
229
231
231
237
233
241
241
245
243
249
243
241
241
239
235
233
231
237
239
235
247
255
245
243
241
241
249
245
243
247
247
245
249
245
247
235
227
233
225
221
217
217
221
211
211
209
205
209
197
199
201
201
203
205
205
207
213
219
215
215
221
217
225
217
221
229
229
231
227
229
227
221
235
237
233
229
225
213
215
213
217
217
221
217
219
223
219
209
207
209
203
215
205
209
219
217
221
221
211
211
215
215
217
209
215
213
215
211
211
209
209
217
215
219
217
219
219
207
205
211
217
209
205
205
205
201
205
197
185
181
177
175
173
167
167
165
167
163
157
149
145
147
143
145
143
139
133
145
149
155
159
169
165
177
171
175
175
171
181
187
191
193
203
203
203
199
203
211
217
215
219
219
215
215
211
219
219
215
217
213
213
211
211
213
213
207
207
213
223
233
233
235
239
247
245
235
233
231
235
235
229
231
237
237
239
233
237
235
243
243
243
247
247
239
233
221
229
237
241
231
233
243
245
249
239
247
241
233
229
223
229
225
231
233
229
229
239
243
249
247
257
257
243
249
239
235
239
237
237
231
229
227
227
229
233
241
241
247
249
253
247
257
253
259
263
265
271
273
273
271
263
275
277
285
285
289
287
289
295
297
295
293
297
299
299
299
303
303
299
305
309
315
319
317
313
311
311
311
311
315
309
317
317
317
307
311
311
311
315
315
315
319
309
307
301
307
311
315
303
305
309
305
305
303
305
301
299
303
305
301
311
311
315
317
319
313
321
315
317
325
327
317
313
315
315
315
307
315
307
313
321
317
313
297
305
307
297
293
287
293
289
281
269
271
277
285
287
277
273
267
269
273
277
275
281
269
277
281
279
273
279
263
265
261
253
259
259
261
255
263
261
255
257
257
249
251
249
243
239
237
237
247
253
253
259
257
255
259
253
247
249
255
247
253
257
253
251
239
245
255
265
263
257
267
263
265
273
269
269
259
257
265
271
267
267
267
267
271
269
277
271
263
259
259
273
271
279
279
269
281
273
271
263
259
259
255
249
253
245
247
243
247
247
251
241
237
239
233
233
225
221
219
213
225
219
213
209
211
215
213
207
205
205
203
201
205
205
199
201
207
205
203
205
205
205
207
207
205
197
195
209
213
207
189
183
185
191
195
193
193
197
203
211
211
215
207
199
195
195
187
187
193
191
193
193
193
195
189
195
195
191
187
181
181
183
185
185
185
187
195
193
201
201
207
199
205
201
205
203
201
193
195
191
193
195
195
199
201
197
195
199
201
207
207
205
199
201
197
195
199
203
203
201
201
207
211
211
211
211
209
209
207
211
211
211
197
195
193
195
197
201
201
197
197
191
189
185
185
199
207
207
207
205
209
209
211
201
205
211
213
221
219
215
219
215
219
219
219
217
221
221
219
223
211
211
207
207
209
209
215
217
215
219
219
217
217
213
221
221
221
221
221
225
223
223
229
223
225
235
231
225
225
217
213
219
223
225
221
217
217
219
221
219
221
215
215
205
213
211
227
227
227
227
223
215
219
215
215
215
215
219
221
229
227
223
227
219
213
209
203
205
203
203
203
203
207
205
205
205
199
197
197
191
193
193
197
195
197
197
195
197
195
201
201
205
197
189
197
195
195
199
197
193
197
191
183
179
177
177
185
195
197
205
217
219
219
219
217
211
215
213
211
217
219
211
213
201
199
205
203
201
203
207
201
211
221
227
221
225
229
231
231
237
235
239
241
239
241
237
231
235
243
245
243
247
249
241
245
241
247
257
257
247
239
241
237
227
229
227
231
225
233
235
235
237
231
221
227
223
227
219
221
225
223
223
223
231
233
229
221
217
215
213
205
209
217
211
207
211
217
213
213
217
209
209
213
205
205
213
215
209
221
219
213
223
221
217
223
213
205
209
211
203
207
213
211
217
229
237
237
243
241
239
239
237
235
235
241
251
245
243
247
249
251
247
247
247
245
247
247
251
247
245
251
255
255
249
261
259
265
261
269
281
287
287
283
275
269
275
271
275
273
285
291
291
293
283
277
283
291
295
287
287
283
279
279
273
273
273
267
269
263
261
255
259
269
267
273
275
275
275
279
277
271
263
261
257
261
259
259
259
253
253
259
265
263
263
269
267
265
257
255
245
235
233
237
237
227
221
221
217
229
225
231
227
239
235
241
241
235
229
229
221
223
229
227
227
237
237
235
239
245
237
233
231
225
227
237
241
247
245
255
261
255
253
251
261
255
265
261
257
257
257
261
261
253
245
247
257
255
255
249
251
257
261
247
239
237
247
259
259
251
247
243
253
251
247
245
237
235
237
