-2615
-2609
-2601
-2603
-2587
-2585
-2577
-2571
-2567
-2571
-2571
-2567
-2555
-2555
-2543
-2535
-2533
-2523
-2513
-2505
-2493
-2483
-2473
-2463
-2459
-2455
-2445
-2437
-2429
-2427
-2433
-2419
-2411
-2407
-2399
-2393
-2389
-2389
-2379
-2375
-2365
-2359
-2357
-2347
-2341
-2337
-2329
-2321
-2313
-2297
-2291
-2285
-2285
-2283
-2269
-2263
-2271
-2265
-2259
-2257
-2251
-2245
-2231
-2229
-2229
-2215
-2213
-2203
-2191
-2191
-2181
-2175
-2175
-2169
-2163
-2151
-2145
-2139
-2133
-2129
-2117
-2107
-2107
-2103
-2101
-2091
-2079
-2073
-2069
-2065
-2065
-2065
-2069
-2067
-2065
-2053
-2051
-2049
-2041
-2037
-2037
-2025
-2023
-2017
-2009
-2001
-1997
-1997
-1993
-1983
-1983
-1983
-1981
-1981
-1971
-1959
-1941
-1931
-1937
-1933
-1925
-1917
-1907
-1895
-1885
-1873
-1863
-1859
-1855
-1841
-1841
-1831
-1823
-1821
-1815
-1817
-1817
-1827
-1817
-1807
-1805
-1805
-1805
-1799
-1797
-1787
-1777
-1779
-1779
-1771
-1767
-1755
-1751
-1741
-1741
-1741
-1741
-1735
-1733
-1733
-1733
-1733
-1729
-1729
-1725
-1717
-1709
-1709
-1707
-1703
-1693
-1691
-1691
-1681
-1681
-1681
-1673
-1673
-1679
-1681
-1677
-1679
-1671
-1665
-1651
-1651
-1637
-1637
-1631
-1631
-1627
-1619
-1623
-1625
-1613
-1605
-1605
-1591
-1599
-1599
-1601
-1591
-1591
-1585
-1579
-1573
-1563
-1563
-1557
-1549
-1537
-1535
-1535
-1535
-1521
-1517
-1511
-1511
-1509
-1499
-1493
-1495
-1495
-1493
-1481
-1473
-1473
-1473
-1469
-1467
-1467
-1473
-1469
-1457
-1457
-1451
-1449
-1445
-1431
-1417
-1415
-1411
-1405
-1403
-1397
-1391
-1391
-1381
-1381
-1385
-1387
-1379
-1371
-1367
-1365
-1363
-1357
-1351
-1343
-1347
-1341
-1339
-1343
-1331
-1327
-1327
-1333
-1331
-1321
-1313
-1307
-1301
-1307
-1301
-1297
-1299
-1299
-1293
-1289
-1275
-1269
-1257
-1257
-1255
-1247
-1237
-1237
-1237
-1233
-1223
-1223
-1223
-1215
-1219
-1221
-1211
-1211
-1207
-1215
-1201
-1199
-1193
-1197
-1205
-1211
-1201
-1207
-1195
-1199
-1195
-1183
-1179
-1171
-1175
-1177
-1171
-1155
-1155
-1155
-1149
-1149
-1147
-1141
-1133
-1143
-1137
-1135
-1145
-1145
-1141
-1135
-1133
-1125
-1127
-1123
-1117
-1117
-1105
-1101
-1093
-1089
-1089
-1085
-1079
-1081
-1077
-1067
-1073
-1077
-1077
-1077
-1067
-1067
-1067
-1067
-1069
-1063
-1063
-1053
-1061
-1065
-1065
-1069
-1071
-1067
-1075
-1077
-1077
-1067
-1059
-1055
-1047
-1043
-1043
-1041
-1031
-1023
-1017
-1003
-999
-999
-999
-999
-993
-985
-971
-973
-967
-961
-963
-955
-957
-947
-941
-941
-949
-955
-949
-951
-951
-945
-939
-937
-935
-927
-927
-915
-911
-913
-911
-911
-905
-903
-891
-883
-883
-877
-881
-883
-879
-879
-869
-869
-861
-861
-855
-857
-855
-857
-855
-855
-859
-857
-851
-851
-845
-841
-851
-851
-845
-847
-845
-841
-847
-851
-855
-847
-847
-841
-835
-833
-829
-817
-803
-801
-799
-791
-791
-791
-789
-799
-803
-789
-787
-785
-785
-791
-793
-789
-785
-781
-773
-767
-763
-759
-755
-749
-741
-741
-737
-729
-723
-721
-703
-703
-699
-699
-689
-687
-691
-689
-695
-683
-685
-681
-673
-681
-673
-675
-667
-669
-667
-671
-669
-667
-665
-675
-679
-679
-683
-683
-683
-683
-681
-683
-685
-685
-677
-681
-679
-679
-671
-669
-673
-667
-667
-663
-661
-655
-649
-645
-645
-639
-633
-637
-629
-627
-631
-631
-629
-629
-629
-625
-623
-619
-621
-621
-621
-611
-603
-597
-595
-591
-583
-581
-575
-575
-563
-557
-547
-547
-551
-551
-561
-551
-551
-549
-543
-545
-547
-539
-539
-545
-541
-541
-545
-535
-535
-531
-535
-531
-531
-523
-523
-519
-525
-517
-509
-505
-509
-513
-513
-505
-499
-499
-499
-505
-507
-501
-501
-491
-489
-483
-479
-485
-493
-487
-481
-477
-477
-479
-479
-475
-475
-475
-475
-475
-475
-479
-477
-477
-473
-467
-461
-457
-455
-453
-445
-447
-445
-445
-443
-439
-433
-431
-429
-433
-427
-439
-441
-439
-429
-443
-439
-433
-431
-431
-423
-427
-421
-423
-431
-431
-423
-415
-415
-415
-411
-411
-411
-411
-405
-401
-409
-407
-415
-415
-415
-409
-409
-409
-413
-403
-409
-417
-411
-407
-407
-403
-401
-395
-393
-393
-383
-379
-379
-369
-363
-377
-373
-385
-371
-373
-363
-365
-359
-357
-353
-343
-343
-343
-335
-335
-341
-337
-337
-335
-335
-335
-337
-333
-331
-325
-315
-321
-321
-325
-311
-307
-297
-303
-299
-293
-289
-285
-285
-277
-275
-269
-275
-271
-265
-265
-273
-281
-293
-293
-297
-301
-307
-299
-289
-287
-277
-267
-271
-275
-271
-265
-259
-259
-257
-263
-265
-265
-265
-263
-259
-263
-263
-265
-267
-263
-263
-255
-247
-247
-247
-245
-245
-251
-255
-249
-249
-241
-241
-239
-241
-235
-229
-223
-215
-219
-231
-221
-219
-221
-221
-213
-225
-229
-225
-231
-227
-235
-235
-235
-235
-235
-239
-239
-235
-233
-225
-227
-227
-233
-235
-241
-233
-235
-227
-221
-221
-219
-211
-217
-217
-215
-213
-213
-221
-217
-215
-217
-213
-211
-219
-223
-219
-221
-221
-221
-221
-221
-219
-217
-219
-213
-213
-215
-211
-213
-219
-221
-219
-219
-219
-213
-215
-217
-215
-211
-201
-201
-201
-203
-195
-187
-189
-185
-185
-185
-177
-185
-173
-173
-169
-177
-179
-169
-163
-163
-167
-173
-175
-177
-173
-181
-179
-187
-187
-183
-179
-179
-179
-177
-177
-177
-177
-165
-155
-147
-149
-155
-159
-171
-163
-159
-165
-165
-163
-157
-151
-153
-153
-147
-147
-137
-137
-133
-133
-133
-135
-139
-141
-137
-135
-133
-133
-129
-129
-125
-113
-115
-113
-117
-121
-131
-135
-123
-125
-127
-129
-123
-115
-113
-101
-107
-109
-109
-115
-111
-115
-115
-115
-125
-125
-123
-123
-131
-137
-141
-137
-137
-137
-125
-129
-131
-131
-129
-137
-135
-133
-133
-135
-133
-133
-125
-125
-121
-121
-119
-115
-117
-121
-131
-141
-139
-131
-131
-131
-139
-129
-129
-125
-131
-145
-143
-147
-151
-155
-167
-157
-159
-161
-165
-163
-161
-155
-155
-153
-159
-163
-151
-151
-149
-151
-153
-153
-151
-161
-157
-161
-169
-165
-165
-167
-169
-171
-165
-163
-159
-145
-133
-145
-143
-135
-129
-129
-127
-121
-127
-125
-119
-117
-117
-117
-113
-123
-121
-113
-113
-115
-105
-117
-119
-117
-113
-115
-115
-107
-109
-115
-103
-115
-115
-127
-121
-121
-127
-129
-123
-119
-119
-119
-119
-121
-117
-111
-109
-115
-113
-113
-121
-129
-133
-135
-125
-117
-119
-117
-113
-107
-117
-113
-97
-99
-103
-103
-105
-105
-99
-95
-99
-101
-105
-105
-105
-105
-103
-105
-113
-113
-97
-97
-99
-105
-105
-99
-99
-101
-93
-91
-85
-81
-81
-87
-85
-77
-67
-67
-67
-71
-77
-75
-73
-59
-61
-63
-63
-57
-49
-55
-51
-59
-53
-53
-59
-63
-63
-61
-67
-63
-59
-53
-47
-39
-39
-35
-31
-33
-33
-29
-29
-39
-41
-47
-43
-45
-53
-47
-47
-45
-35
-35
-41
-39
-43
-35
-35
-47
-51
-49
-53
-55
-47
-45
-43
-33
-35
-37
-37
-29
-31
-31
-23
-23
-15
-19
-11
-11
-15
-15
-15
-9
-9
-9
-15
-9
-11
-11
-11
-11
-5
-3
-13
-11
-15
-15
-27
-27
-17
-7
-11
-11
-3
-3
-7
-3
5
11
11
15
17
19
25
25
23
31
37
39
37
37
37
39
35
29
25
27
19
21
17
21
15
19
27
29
29
21
25
31
31
33
27
25
25
27
29
25
29
31
23
31
25
21
23
15
13
13
3
3
7
1
-3
-1
-3
-3
-5
-5
1
13
13
13
19
15
19
27
21
17
23
35
35
41
41
45
41
41
35
25
25
25
29
27
23
33
21
19
17
19
15
21
25
31
35
35
39
39
33
37
31
35
35
35
35
37
41
53
59
61
63
73
67
67
79
81
83
83
81
75
77
73
71
61
67
67
67
73
73
75
87
81
91
91
81
79
87
91
81
81
85
77
81
87
87
87
83
85
85
89
91
87
89
85
89
89
89
89
79
79
79
77
81
81
85
85
83
87
87
87
87
91
83
87
95
83
93
93
89
75
75
81
77
73
81
79
77
73
73
73
67
63
69
67
61
55
55
55
63
63
55
51
51
51
51
57
57
55
57
51
67
69
63
59
59
59
69
77
79
87
85
99
91
91
83
85
93
91
91
85
85
89
83
83
87
77
77
77
75
71
65
65
65
75
83
85
93
87
87
87
83
83
83
79
81
83
83
85
81
79
83
87
89
85
97
97
103
105
111
115
115
109
101
93
99
97
97
93
87
95
97
105
115
121
117
117
113
107
93
99
95
89
89
81
89
89
93
81
83
79
75
71
79
75
65
77
75
69
63
61
57
51
51
57
55
51
55
55
57
61
65
71
69
71
75
89
95
95
91
87
87
85
85
85
81
87
83
83
89
89
89
101
109
105
105
103
93
99
97
97
97
91
97
93
91
89
85
83
85
85
89
89
89
91
95
99
103
107
107
107
105
105
107
107
109
105
101
101
105
97
99
99
91
91
91
95
105
101
95
95
85
85
87
81
79
83
75
77
83
79
83
85
85
85
75
77
85
79
77
73
83
81
67
67
67
67
59
69
67
73
73
79
79
75
69
69
63
67
55
55
55
59
53
57
57
67
73
73
77
79
79
77
75
65
57
45
43
43
39
43
35
35
39
33
27
31
19
17
17
19
15
17
15
19
23
29
13
23
31
37
33
37
31
31
29
37
33
39
43
41
41
47
41
39
37
31
39
47
47
43
39
43
37
39
39
31
29
31
29
23
23
11
11
13
7
9
13
7
7
15
17
21
27
31
31
35
41
41
41
47
47
45
51
59
63
61
61
55
63
61
61
61
65
73
73
77
73
81
79
87
81
87
81
81
83
77
83
89
89
87
87
87
91
91
91
97
91
95
83
73
75
79
75
65
53
45
43
45
43
35
33
35
37
41
45
49
47
47
51
51
49
51
53
57
55
67
71
67
67
69
71
85
93
85
93
101
103
91
79
79
75
89
79
73
69
73
65
73
73
79
79
87
75
71
73
67
67
63
65
67
71
69
67
65
69
69
65
65
67
69
69
75
77
81
79
77
75
71
69
55
49
49
49
43
45
51
55
49
43
55
57
51
53
57
69
77
77
73
69
63
61
61
57
63
59
49
53
51
51
61
67
67
67
67
67
57
57
53
53
53
57
69
81
87
85
79
79
81
79
79
91
95
89
85
79
83
77
73
71
71
85
91
89
91
99
101
109
123
123
129
117
113
113
113
115
111
105
113
109
111
115
123
125
127
115
115
125
121
111
117
121
111
111
111
117
129
131
117
119
113
109
103
115
115
119
121
115
113
113
109
115
117
117
125
125
131
127
119
113
113
111
113
111
109
117
117
125
127
129
133
127
127
127
131
135
125
115
103
103
105
95
91
89
83
81
85
81
77
75
83
83
85
83
85
89
85
85
81
71
75
73
73
59
63
65
71
69
57
57
53
43
45
45
43
35
39
43
47
59
49
49
49
49
53
57
59
65
73
73
69
67
73
73
73
81
79
77
77
79
81
79
81
89
89
89
89
91
99
99
101
99
111
115
123
131
131
125
117
121
123
127
127
129
139
139
145
149
145
143
141
141
141
135
143
143
145
149
157
157
157
155
163
165
161
163
157
159
159
161
155
149
147
153
151
155
155
163
163
161
175
175
179
177
181
179
181
181
175
183
187
187
185
191
193
193
199
201
187
195
193
189
189
185
189
189
189
193
187
189
193
193
197
207
207
215
227
215
215
215
205
213
205
203
205
205
207
207
213
213
213
207
207
211
211
211
213
205
207
203
203
191
187
187
183
179
175
179
185
185
185
185
187
193
193
193
199
201
197
197
191
187
187
181
179
185
189
187
191
187
177
171
171
173
169
169
175
183
181
181
183
183
187
187
185
185
189
187
187
197
195
195
189
189
189
189
193
189
189
191
191
191
191
191
195
189
189
189
181
181
175
169
171
179
175
167
167
173
161
161
157
155
151
145
145
145
149
153
147
149
149
155
149
145
145
145
149
149
149
147
147
135
135
127
133
135
133
133
139
137
141
143
141
141
141
147
141
143
143
147
157
147
147
147
155
151
147
153
155
151
157
161
157
157
157
161
167
167
171
169
159
155
161
165
161
171
177
179
179
179
189
183
175
171
179
177
169
173
173
171
161
171
165
161
161
155
155
145
137
139
129
135
135
127
127
123
123
133
133
135
131
131
117
113
121
119
107
101
99
99
99
101
109
109
109
105
103
91
89
91
99
101
97
101
105
109
107
109
109
117
117
109
105
105
103
97
89
97
97
91
89
79
69
61
67
61
69
69
75
81
81
87
91
95
95
101
101
97
105
107
107
109
99
91
87
87
79
83
95
97
97
85
83
91
91
95
99
99
99
109
109
109
109
117
119
109
109
111
113
111
111
107
99
91
91
101
101
103
101
105
103
95
95
95
93
91
89
95
97
89
87
85
83
83
79
83
87
93
95
95
91
87
83
85
79
79
71
65
61
57
61
65
69
67
71
69
65
63
63
59
61
61
57
63
67
67
67
71
71
67
63
57
51
51
51
47
43
43
41
41
37
37
37
47
47
49
43
43
47
47
53
59
53
47
57
61
47
43
45
41
45
39
41
39
33
29
37
29
29
33
31
37
35
27
27
27
21
11
19
15
11
19
19
19
21
15
15
21
21
19
11
15
9
7
5
-1
-3
-1
-11
-17
-21
-23
-23
-21
-21
-21
-15
-15
-17
-11
-11
-11
-13
-13
-11
-17
-19
-11
-11
-11
-11
-7
-11
-7
-3
-5
-5
-5
-5
-1
-1
-7
-1
-1
1
1
11
11
3
-1
-1
5
13
19
17
15
15
11
15
13
17
21
13
13
5
9
5
-1
-3
-1
1
3
-9
-5
-1
3
3
3
7
5
5
3
3
3
5
1
5
1
-1
7
15
15
23
31
33
31
31
33
31
31
33
39
31
31
31
29
33
27
19
13
19
25
31
21
25
25
25
21
21
13
15
13
13
7
11
9
13
15
19
19
15
11
7
9
-3
3
-1
-3
-1
5
-1
-1
-5
-7
-7
-11
-11
-11
3
3
3
3
-3
-3
-3
-7
-7
-13
-9
-9
-9
-3
-3
-1
3
1
-3
-9
-9
-9
-1
-3
-7
-5
-7
-5
-1
3
3
7
15
19
23
31
35
47
51
55
53
51
55
61
63
63
67
69
67
69
71
71
73
75
75
77
81
79
69
75
63
63
59
69
67
75
63
59
51
55
63
67
69
69
81
81
91
91
89
91
91
91
95
89
85
85
81
75
85
85
87
81
79
79
79
83
83
77
75
75
75
77
69
69
69
71
71
65
69
65
77
71
79
81
89
93
93
91
83
91
91
91
91
97
93
95
95
103
97
93
83
75
79
79
79
71
65
63
55
53
61
61
67
69
63
57
53
57
57
59
59
51
51
55
55
47
45
49
49
55
55
53
51
49
51
55
49
49
49
47
47
53
45
49
53
49
45
45
35
35
35
41
43
37
43
49
47
49
45
51
45
51
55
55
55
57
69
73
73
79
79
71
63
65
67
55
65
65
69
69
69
71
65
73
73
73
81
85
89
87
85
85
83
87
85
85
77
79
75
85
79
91
85
85
83
93
93
93
91
93
101
101
93
99
99
99
107
109
105
117
115
123
123
123
125
127
131
133
135
129
129
121
131
133
131
123
121
121
119
121
123
121
119
127
135
133
127
127
127
133
133
127
123
123
123
119
123
125
131
121
127
133
139
139
137
143
145
143
147
151
149
155
153
157
157
161
167
171
171
175
175
179
173
177
175
179
169
177
183
187
191
201
193
193
187
187
187
187
179
185
181
183
179
167
169
181
177
173
173
173
183
175
183
185
185
197
205
197
199
201
201
199
209
211
209
209
207
211
217
217
207
211
211
213
205
203
201
201
197
183
173
169
169
169
173
171
179
179
173
173
173
173
183
183
185
183
185
187
181
177
167
169
159
159
155
151
151
155
153
147
145
153
153
145
145
139
137
131
135
129
127
125
127
127
127
117
113
113
113
109
113
125
125
125
125
121
121
123
123
123
119
121
121
119
125
127
129
129
133
139
139
135
129
133
133
123
123
131
131
131
131
129
135
143
149
141
135
137
135
137
137
137
135
137
147
151
151
157
151
153
153
155
149
147
151
153
153
147
147
143
145
145
157
157
155
151
147
157
153
153
149
149
151
151
155
163
157
155
163
155
153
153
149
153
163
161
163
159
155
159
159
163
167
175
177
187
181
183
183
185
181
177
181
181
173
173
171
165
155
159
159
161
167
161
163
157
153
153
153
157
153
153
153
157
157
153
139
149
157
163
163
171
171
169
167
167
163
165
161
163
167
171
171
163
161
163
167
169
169
161
161
161
173
173
173
163
167
161
157
159
155
151
149
143
149
147
149
149
143
143
141
139
145
149
153
155
163
165
171
171
173
165
169
167
163
165
165
165
173
179
183
183
181
183
183
183
179
183
183
187
185
179
185
181
177
169
163
163
173
163
165
157
159
161
173
169
167
167
165
161
161
151
161
167
167
173
177
175
177
177
171
171
179
171
161
161
157
157
157
163
167
169
163
161
163
155
155
151
151
143
149
151
149
147
145
145
151
149
157
153
153
147
143
143
143
153
153
145
145
145
145
145
145
145
153
147
143
135
133
133
133
135
137
143
143
137
141
141
145
137
137
145
151
153
151
153
153
155
165
165
165
163
161
167
173
173
173
167
167
159
159
159
159
163
161
161
163
167
167
175
177
175
175
171
171
171
171
171
175
173
177
173
175
177
179
187
183
179
183
187
187
187
195
193
193
199
205
205
203
199
203
205
203
203
207
207
211
209
203
203
197
201
199
199
205
195
199
201
201
193
193
197
191
193
187
187
191
195
201
203
203
199
205
215
223
229
225
223
219
229
233
239
243
249
247
251
243
241
233
233
229
227
223
219
221
215
215
225
239
239
241
233
233
237
225
225
227
231
225
231
233
223
211
209
213
209
209
203
203
205
203
207
209
215
221
231
231
235
237
245
249
261
261
261
257
265
271
267
269
269
267
267
267
259
257
273
277
267
273
273
269
273
275
277
283
283
273
277
275
275
265
267
273
273
273
271
269
267
261
265
255
257
259
271
275
283
283
277
277
269
271
271
269
269
273
261
265
267
267
273
273
273
283
275
263
267
269
265
259
259
259
253
241
243
241
249
253
249
239
231
235
235
235
235
231
223
229
229
233
235
239
245
249
245
243
243
243
245
235
231
225
219
215
211
211
207
203
203
205
209
221
235
229
233
229
227
223
229
231
241
251
253
255
263
271
269
269
269
267
265
263
261
263
263
271
269
279
279
279
281
273
265
261
257
255
255
263
263
267
273
279
281
287
293
293
293
287
287
287
289
287
289
287
283
285
281
281
275
271
277
283
281
277
277
279
283
277
277
277
277
277
279
279
283
283
283
283
287
281
283
289
283
287
287
287
293
295
293
283
275
263
263
261
257
251
251
247
251
257
265
261
259
265
261
265
265
271
279
279
279
279
279
283
279
285
285
287
281
283
271
269
269
269
279
275
275
271
269
261
259
261
265
259
251
255
255
251
259
259
263
259
261
257
253
255
255
255
259
265
261
259
259
257
257
271
269
271
271
273
285
279
279
273
273
275
273
275
275
275
275
267
271
271
267
267
267
271
271
277
277
283
287
293
287
295
287
287
291
293
285
289
297
297
295
295
301
297
297
297
303
299
297
297
295
295
297
299
305
305
303
297
297
295
293
299
299
299
297
291
291
281
285
285
291
281
295
295
287
291
293
299
289
289
297
301
313
317
309
319
321
317
311
313
313
313
309
305
299
299
291
291
293
293
289
289
299
295
287
279
281
283
281
287
289
285
281
285
295
295
297
301
303
305
315
309
309
309
301
301
303
303
297
293
289
289
287
283
287
275
269
267
263
265
257
251
243
255
261
259
269
267
267
261
269
267
271
265
261
269
259
259
261
251
249
247
241
247
249
259
261
259
259
259
263
257
253
257
257
255
255
255
257
255
247
239
239
251
249
251
247
247
247
251
261
261
255
253
247
251
249
245
251
253
255
255
249
247
257
251
247
241
239
233
231
223
217
219
219
221
225
229
229
233
239
239
237
241
237
231
227
223
227
231
237
229
217
215
213
211
209
221
221
227
215
215
215
217
209
209
215
211
211
207
203
203
203
205
211
211
211
197
193
187
181
185
187
187
183
181
175
167
161
165
163
167
161
163
157
157
157
155
153
159
163
157
157
161
165
165
161
161
159
163
163
165
171
171
171
171
167
165
163
161
171
171
175
175
175
175
169
171
177
177
181
181
179
187
199
203
199
195
195
191
181
191
183
183
183
181
171
175
175
167
169
173
171
173
171
171
181
187
193
189
191
191
195
197
201
201
205
205
217
217
207
207
199
199
213
209
209
203
205
205
215
217
217
219
223
229
225
225
229
229
233
239
237
235
235
229
225
235
227
229
235
231
229
221
215
211
205
203
213
221
221
223
231
241
251
255
251
243
247
251
257
257
263
269
269
263
259
269
279
279
279
277
291
285
289
295
291
297
297
297
293
293
289
289
287
291
293
297
295
303
305
307
307
301
301
305
303
299
301
303
307
311
309
303
305
303
301
299
293
293
285
283
285
275
271
267
263
257
257
251
235
239
233
239
239
237
235
233
233
237
233
225
223
227
219
205
201
201
205
215
217
219
213
213
221
219
223
223
227
229
233
235
227
219
221
225
221
219
225
229
229
227
225
231
227
225
223
229
235
237
239
237
241
241
251
249
257
257
251
251
245
237
229
227
227
227
227
229
225
227
229
243
237
241
241
247
239
243
239
239
231
233
235
237
225
229
231
223
225
227
229
229
233
231
233
237
239
239
245
249
249
249
255
245
247
243
245
255
263
263
259
267
267
265
261
253
253
245
251
251
255
249
253
259
259
259
263
255
251
241
239
239
231
243
243
243
251
255
257
247
243
243
247
247
253
255
255
251
251
239
243
237
241
249
249
249
247
253
263
269
269
277
277
279
285
289
291
291
293
287
283
283
275
271
275
277
271
269
267
253
255
255
261
259
259
259
265
263
267
267
263
263
257
265
265
277
281
279
279
289
279
275
269
261
263
267
271
273
261
267
273
279
279
277
277
277
283
289
281
285
285
293
291
277
279
273
277
271
275
275
275
277
273
269
263
263
259
261
259
255
255
253
255
257
251
251
249
251
255
263
259
257
253
243
237
237
237
237
239
241
241
237
239
239
241
245
243
237
241
241
251
249
251
251
251
255
259
273
277
277
277
277
271
275
259
267
267
265
267
269
275
275
277
275
277
269
265
261
269
273
273
271
269
259
261
257
249
249
255
255
243
249
233
229
217
215
209
209
205
209
207
207
197
193
197
197
193
203
203
199
199
199
199
195
197
199
203
203
199
201
201
193
193
191
187
185
179
177
185
179
179
179
181
167
167
171
175
177
185
183
183
181
183
183
185
191
197
193
197
197
197
197
199
197
203
203
195
197
195
187
191
195
191
191
179
179
173
167
167
163
161
165
175
179
179
173
173
169
171
163
167
163
163
159
157
151
151
153
149
147
147
135
137
145
145
143
141
141
141
153
153
151
157
153
157
151
151
161
163
163
161
163
159
163
159
151
151
159
157
151
149
147
145
143
143
145
153
151
145
149
147
157
165
165
169
169
171
167
167
167
171
165
153
153
157
165
167
167
177
165
165
165
167
163
167
159
167
175
175
181
187
179
181
183
181
183
185
175
163
165
165
165
169
157
161
163
163
167
177
177
173
173
159
167
167
167
169
161
157
157
157
165
167
171
171
179
183
189
187
197
197
197
187
191
187
183
183
179
189
193
191
189
193
193
199
205
209
211
203
205
205
201
201
203
195
195
199
191
191
193
191
193
187
187
187
181
181
177
177
177
175
175
173
183
187
179
179
177
175
177
173
177
181
169
165
159
161
155
143
147
155
155
147
141
137
135
139
145
131
121
121
123
121
119
119
113
113
115
113
111
115
111
107
101
101
101
101
109
109
107
111
111
111
119
119
109
109
113
105
115
119
125
127
131
135
137
137
139
139
153
149
155
159
155
151
151
145
139
139
139
131
131
127
127
137
139
133
123
117
117
119
125
123
123
123
125
117
121
129
127
127
125
121
113
115
113
111
113
115
115
115
113
121
123
117
117
123
127
127
131
141
143
137
137
137
125
125
125
133
133
141
141
147
139
139
139
133
135
127
125
131
135
133
129
127
125
117
111
119
121
131
121
127
125
121
121
115
119
117
117
117
115
117
119
111
111
105
105
105
105
111
115
117
117
115
117
117
121
127
127
129
121
117
121
121
125
121
119
123
123
123
129
119
121
121
123
123
117
115
117
119
131
131
135
133
133
127
127
133
121
121
131
133
125
131
129
129
127
131
121
123
125
129
129
129
129
131
137
139
131
127
115
117
115
117
119
115
119
109
111
115
115
127
127
127
135
143
143
143
147
143
147
147
147
143
143
149
149
149
145
137
145
143
141
141
139
135
143
143
133
135
133
131
129
129
131
133
133
141
141
145
159
155
153
151
153
153
165
171
171
171
171
161
157
167
169
161
155
153
153
155
155
155
155
149
141
147
151
151
153
151
147
143
145
143
151
149
157
153
159
171
169
169
169
163
169
177
177
181
177
187
189
195
197
199
199
191
195
203
207
213
217
209
213
217
213
213
213
207
199
187
191
189
181
173
175
175
167
169
177
177
173
175
173
179
177
179
171
183
185
175
167
167
167
169
177
181
175
173
173
173
167
163
157
159
155
147
145
153
153
151
149
149
139
139
147
149
157
153
159
159
157
169
169
169
169
169
167
173
173
171
163
163
157
157
161
161
163
167
159
163
165
165
173
175
183
183
183
183
179
187
187
177
177
167
165
157
161
165
173
175
181
189
189
189
187
193
193
195
195
201
201
189
175
179
177
175
163
163
167
167
161
165
159
155
153
155
159
159
155
157
153
155
141
145
151
151
157
161
149
153
155
167
169
179
175
177
187
179
179
179
181
175
169
163
157
155
149
145
143
143
137
137
137
125
123
121
119
111
111
105
107
107
115
111
107
99
95
97
97
95
93
95
95
95
93
101
101
103
101
103
101
95
99
101
109
109
109
105
109
109
109
111
109
105
103
101
103
97
95
95
93
93
97
99
107
105
101
103
107
113
109
103
101
109
109
109
109
115
115
121
119
117
109
113
113
113
119
121
117
117
115
115
109
115
113
109
103
109
113
119
119
127
129
129
123
113
107
111
115
101
91
91
85
83
83
89
89
83
85
89
99
97
99
97
95
91
93
101
105
101
101
101
105
105
105
97
85
87
81
87
85
85
77
69
67
65
65
69
59
61
59
67
67
71
65
65
65
69
63
69
69
65
65
65
67
71
75
81
89
89
93
99
99
83
79
75
79
75
79
75
75
81
77
85
79
75
79
81
81
91
95
83
75
75
75
77
65
55
47
47
53
53
45
37
43
59
59
65
69
69
73
71
63
69
69
65
65
63
63
57
57
63
71
71
71
71
71
73
69
69
79
81
85
83
83
83
77
79
79
81
81
73
67
75
77
79
79
81
75
69
69
69
69
59
63
63
67
59
55
51
45
53
53
53
55
57
55
61
67
67
67
75
71
75
75
79
69
63
67
73
79
95
99
91
91
95
101
109
103
103
103
107
103
105
107
107
115
123
123
133
131
125
135
135
135
135
135
137
139
139
139
141
147
153
149
149
149
155
159
167
173
181
175
175
177
181
181
181
173
175
187
195
197
199
195
201
203
213
217
219
217
217
223
213
213
207
197
189
191
191
195
205
203
199
199
199
191
191
183
177
177
175
175
179
169
173
165
165
159
159
165
169
171
161
171
165
173
177
173
169
165
167
157
161
163
157
157
149
145
153
151
153
155
157
167
169
169
167
167
173
175
169
163
163
163
161
161
167
165
159
161
163
155
155
153
147
141
135
137
139
139
131
123
133
135
141
147
139
139
145
143
151
155
157
155
163
163
163
159
167
179
181
179
173
175
177
181
181
175
191
187
187
189
191
187
187
185
185
187
191
201
201
207
201
193
193
197
195
191
187
185
189
193
199
199
205
203
203
203
205
203
209
209
207
203
205
213
221
221
217
211
203
203
201
199
213
215
215
223
219
225
227
221
225
225
225
225
223
233
235
239
239
241
239
239
235
233
233
233
233
229
225
221
221
221
215
217
221
221
221
229
231
223
217
215
215
219
221
211
211
207
207
207
197
201
201
205
203
201
199
199
203
203
213
213
217
215
215
219
223
215
215
223
225
223
217
219
215
213
221
221
219
217
221
221
221
221
225
227
233
241
231
231
221
225
237
235
233
233
237
237
233
227
219
215
219
219
221
217
223
231
235
235
241
241
243
249
249
259
259
251
249
243
245
237
245
243
237
235
235
239
239
235
237
235
229
227
237
231
231
231
235
239
233
233
235
235
245
245
245
237
231
227
227
233
231
235
235
245
239
239
233
241
241
235
239
239
237
241
241
229
225
225
225
229
229
229
229
237
235
239
235
225
217
213
219
219
217
219
217
221
215
209
209
221
225
227
219
219
219
223
229
229
229
223
223
229
229
225
227
229
231
225
225
235
235
223
227
221
221
219
219
207
199
199
205
199
213
219
215
217
221
225
221
223
219
217
209
217
219
217
217
213
203
201
201
199
203
203
193
183
179
175
175
171
171
167
165
173
181
169
161
161
163
167
169
163
161
163
163
163
159
161
153
143
139
137
133
133
125
121
121
121
121
117
117
113
111
109
109
107
107
109
117
115
119
121
129
131
135
137
133
137
141
135
137
129
129
123
115
119
115
119
121
127
131
129
135
137
139
133
131
141
143
139
139
149
151
151
155
155
147
151
151
155
151
151
149
143
143
145
145
139
143
147
149
153
151
151
153
153
161
167
167
169
165
171
175
173
171
169
173
159
167
163
163
163
161
161
159
159
169
181
185
185
187
187
189
193
197
197
205
205
209
217
219
233
233
227
227
227
225
221
209
215
217
221
209
209
213
217
211
213
219
219
217
223
215
213
213
211
211
213
213
217
223
217
217
217
217
219
227
227
237
237
239
243
247
247
247
253
251
251
245
249
253
257
249
247
239
241
241
237
233
233
239
247
243
241
241
239
251
259
257
261
263
267
261
261
267
259
263
259
261
255
255
253
255
249
247
253
255
251
249
243
233
229
227
221
221
227
219
219
215
219
215
223
223
223
225
225
221
221
225
231
231
231
231
233
235
237
233
241
239
241
237
237
239
241
247
251
249
251
263
263
265
265
261
265
269
269
263
255
257
257
257
245
249
249
249
257
259
259
259
257
253
249
249
249
253
245
247
247
255
261
263
261
261
273
279
281
281
279
277
277
275
275
283
287
287
289
295
301
299
297
303
303
305
297
299
301
303
301
307
307
311
323
329
317
311
311
311
305
303
303
297
297
291
297
301
295
291
285
285
283
283
291
295
295
291
297
297
297
297
299
305
299
305
295
297
301
293
289
295
301
303
309
307
307
305
305
311
311
311
315
311
307
321
315
311
315
301
303
301
301
299
289
289
297
309
311
315
315
315
315
307
307
307
307
303
299
289
285
285
285
283
277
277
273
269
275
275
265
273
275
283
283
283
277
277
271
271
271
271
261
271
269
269
261
269
269
269
267
267
277
265
261
255
253
253
251
255
253
255
261
255
251
251
249
243
237
229
233
233
225
221
221
221
221
225
219
221
223
225
231
233
239
241
243
243
243
247
251
253
259
261
261
261
263
259
253
253
251
243
241
241
243
233
237
237
233
231
231
227
227
219
219
219
215
215
217
219
225
225
217
219
209
211
217
215
209
207
201
201
203
203
203
199
189
189
187
197
199
199
193
193
189
187
199
209
209
207
207
205
205
209
215
213
213
221
229
237
245
245
257
259
263
265
271
259
261
255
255
265
259
259
249
249
249
247
251
251
247
259
259
259
253
249
249
249
237
243
241
247
247
251
249
249
249
249
247
247
249
247
247
241
239
247
247
239
231
227
223
213
215
219
219
219
219
221
213
209
209
209
213
217
217
217
217
213
205
209
209
211
211
207
203
203
201
201
199
187
187
181
177
177
163
161
161
161
165
161
161
161
165
175
171
163
165
173
167
175
175
187
191
185
179
177
171
171
165
165
163
163
159
157
159
161
159
165
171
171
169
167
167
153
145
149
149
149
145
153
153
155
159
159
159
151
157
163
163
171
181
185
191
191
189
195
195
195
199
201
201
205
201
199
203
203
201
201
193
193
193
199
193
189
183
183
181
185
185
185
177
169
167
169
171
171
167
167
163
163
163
165
167
163
173
185
185
185
189
189
187
193
187
187
181
181
189
185
193
195
197
201
197
193
189
181
175
179
179
179
169
173
177
177
177
177
187
185
183
175
171
163
163
159
159
159
159
147
149
149
143
149
145
145
147
151
149
149
145
145
147
141
141
141
135
131
131
129
129
129
129
129
139
143
143
147
143
145
139
141
141
145
139
139
141
141
143
149
151
149
147
131
121
113
101
105
105
117
117
123
113
115
127
133
133
145
153
155
155
151
147
147
147
147
153
151
151
149
141
151
155
155
159
151
155
153
155
167
169
169
161
147
139
137
139
141
135
135
133
133
127
133
131
133
133
145
155
153
161
151
143
141
147
145
151
139
139
139
135
135
131
137
147
147
145
159
157
149
149
149
159
155
155
155
163
159
153
143
145
145
145
151
145
145
149
155
153
153
153
155
153
143
151
151
151
151
147
149
147
155
161
161
161
155
163
161
155
153
165
165
173
171
167
169
191
185
177
169
173
165
173
171
175
173
173
171
167
167
167
159
159
167
179
175
169
169
169
173
181
181
187
191
183
183
185
189
189
191
191
203
203
201
201
201
201
193
191
201
197
197
195
193
199
201
203
193
185
183
183
189
193
195
191
189
185
179
179
177
177
171
175
179
177
191
187
199
193
185
193
193
199
193
191
195
197
191
191
197
191
185
183
187
177
173
169
175
179
185
185
187
185
183
183
179
173
175
169
169
173
181
171
159
159
151
159
155
163
169
169
177
173
169
167
167
167
169
173
173
175
173
179
189
189
177
171
179
181
185
191
199
199
199
197
187
189
187
189
193
185
189
187
189
185
177
183
183
185
187
173
175
181
183
181
189
191
189
189
187
189
181
177
177
181
183
181
171
175
185
181
175
169
177
173
171
175
171
169
163
159
159
157
157
159
151
163
163
169
175
167
159
159
161
153
153
149
153
153
153
147
143
143
141
145
151
155
155
155
147
147
141
143
137
141
137
147
149
147
155
165
165
165
165
173
177
175
175
175
175
169
177
187
187
185
195
193
193
195
197
205
209
209
209
203
203
199
195
195
195
193
193
193
181
179
179
177
177
179
177
171
171
171
169
177
177
179
181
177
185
183
185
189
189
189
177
183
185
187
189
193
193
189
189
181
181
183
183
181
177
167
163
159
163
161
157
165
165
161
165
157
161
157
147
151
159
161
157
147
155
151
153
155
161
159
167
167
163
171
179
181
179
179
175
173
173
175
173
169
171
169
169
165
165
165
175
177
177
175
181
181
189
191
199
199
189
185
181
181
187
183
185
191
193
187
187
187
185
187
195
189
195
201
199
199
197
195
197
191
191
195
193
189
189
187
193
193
181
173
173
177
175
177
177
177
173
173
179
187
193
185
173
175
185
183
179
179
179
179
169
175
181
177
179
183
183
179
171
171
171
171
163
163
165
169
171
167
173
175
177
173
165
165
159
157
157
161
167
163
157
163
151
157
157
159
165
171
173
171
171
171
173
167
157
153
149
147
151
151
151
153
153
143
147
149
141
141
143
143
137
143
141
137
133
137
147
151
143
133
133
125
131
135
135
135
133
135
131
131
135
131
137
139
129
133
129
129
127
127
127
127
133
133
125
125
127
125
125
131
131
131
129
131
129
137
135
135
135
133
137
133
141
129
127
127
133
133
133
129
123
113
105
101
101
97
93
91
99
103
105
103
111
103
107
111
111
105
103
99
99
103
103
103
103
115
105
109
117
117
121
123
123
127
127
125
131
125
131
143
155
159
159
149
149
145
155
153
155
155
155
157
167
165
161
155
161
169
175
181
179
183
181
185
185
183
181
181
187
183
189
185
189
181
181
181
181
183
177
173
161
161
169
173
179
183
183
183
177
187
181
181
187
187
185
187
187
193
189
193
193
201
193
191
199
199
195
189
189
183
181
177
177
177
171
171
171
173
175
175
175
169
163
163
157
151
153
145
145
141
149
155
143
151
147
151
151
153
153
145
143
141
131
127
131
131
127
123
127
133
133
137
137
137
135
135
133
137
141
131
129
129
125
125
131
137
139
139
131
131
129
129
123
125
123
133
141
141
137
143
143
147
143
139
137
127
127
135
139
139
143
143
145
141
147
143
141
141
135
133
135
135
139
141
143
149
159
165
165
161
149
151
159
153
145
151
159
159
159
155
157
157
151
143
139
131
131
133
133
141
141
137
145
137
137
133
133
131
129
131
139
141
141
141
141
139
141
141
139
131
133
121
123
129
135
129
129
131
139
139
141
135
133
133
135
129
127
127
125
127
127
135
133
133
133
141
149
149
149
149
145
143
143
149
147
145
147
147
143
143
145
149
147
153
153
143
143
155
155
161
165
159
165
165
171
165
161
159
159
163
159
153
149
151
153
155
155
155
155
157
159
165
169
173
171
161
153
145
149
145
141
143
145
139
149
153
149
145
155
153
155
151
145
139
139
139
131
137
129
133
137
137
141
137
131
139
149
145
145
153
157
163
167
165
163
169
177
175
175
177
181
177
179
175
173
177
177
179
183
185
181
181
181
189
185
185
187
185
185
179
185
171
175
185
181
171
177
177
183
179
175
177
177
177
171
171
171
173
171
167
169
171
179
175
173
173
163
163
161
163
165
177
183
187
185
183
183
175
185
187
195
191
187
193
191
191
189
195
191
201
201
205
203
211
217
215
211
213
211
217
