-2625
-2617
-2613
-2607
-2597
-2593
-2583
-2577
-2575
-2569
-2559
-2551
-2547
-2531
-2521
-2509
-2493
-2487
-2475
-2471
-2459
-2443
-2441
-2429
-2417
-2405
-2397
-2391
-2393
-2383
-2383
-2373
-2371
-2371
-2373
-2361
-2359
-2357
-2357
-2353
-2339
-2327
-2317
-2317
-2307
-2299
-2291
-2279
-2283
-2283
-2279
-2271
-2267
-2271
-2267
-2259
-2253
-2245
-2231
-2221
-2215
-2217
-2211
-2203
-2199
-2193
-2187
-2175
-2175
-2161
-2151
-2143
-2137
-2133
-2129
-2127
-2123
-2119
-2113
-2113
-2113
-2105
-2099
-2091
-2087
-2087
-2079
-2065
-2057
-2063
-2065
-2061
-2051
-2039
-2031
-2027
-2019
-2015
-2013
-2005
-2003
-2003
-2011
-2007
-2013
-2021
-2009
-2001
-2001
-2001
-1987
-1987
-1979
-1983
-1975
-1969
-1969
-1963
-1955
-1943
-1939
-1933
-1921
-1911
-1907
-1909
-1907
-1907
-1909
-1899
-1889
-1891
-1879
-1869
-1863
-1863
-1853
-1845
-1831
-1829
-1821
-1809
-1811
-1803
-1799
-1793
-1799
-1795
-1785
-1781
-1781
-1767
-1771
-1771
-1761
-1759
-1751
-1745
-1751
-1751
-1749
-1739
-1735
-1727
-1723
-1721
-1719
-1703
-1703
-1695
-1691
-1685
-1673
-1669
-1663
-1655
-1657
-1649
-1639
-1645
-1633
-1619
-1619
-1619
-1611
-1609
-1603
-1601
-1591
-1591
-1591
-1591
-1593
-1585
-1587
-1583
-1579
-1573
-1571
-1569
-1567
-1561
-1557
-1553
-1551
-1551
-1541
-1539
-1535
-1543
-1549
-1543
-1539
-1539
-1539
-1531
-1525
-1527
-1525
-1519
-1515
-1507
-1501
-1493
-1489
-1489
-1481
-1475
-1479
-1477
-1479
-1479
-1469
-1479
-1475
-1471
-1467
-1459
-1459
-1455
-1447
-1441
-1447
-1447
-1453
-1439
-1435
-1429
-1421
-1417
-1407
-1407
-1407
-1407
-1407
-1403
-1393
-1395
-1397
-1391
-1391
-1393
-1393
-1393
-1389
-1377
-1367
-1359
-1351
-1355
-1355
-1343
-1341
-1331
-1325
-1319
-1317
-1317
-1317
-1315
-1309
-1297
-1293
-1289
-1285
-1273
-1267
-1263
-1255
-1251
-1235
-1237
-1231
-1219
-1215
-1209
-1209
-1203
-1205
-1203
-1205
-1203
-1209
-1211
-1217
-1217
-1217
-1209
-1211
-1213
-1221
-1209
-1201
-1201
-1209
-1207
-1199
-1195
-1189
-1189
-1187
-1177
-1181
-1181
-1181
-1177
-1177
-1171
-1173
-1165
-1173
-1165
-1157
-1151
-1151
-1143
-1145
-1143
-1133
-1139
-1129
-1117
-1115
-1123
-1115
-1107
-1105
-1105
-1103
-1097
-1097
-1083
-1077
-1077
-1071
-1067
-1065
-1059
-1061
-1063
-1063
-1059
-1065
-1059
-1059
-1051
-1051
-1039
-1037
-1039
-1041
-1039
-1039
-1035
-1027
-1025
-1019
-1021
-1015
-1007
-1009
-1009
-1001
-997
-999
-999
-989
-985
-981
-987
-975
-979
-977
-979
-971
-967
-959
-953
-953
-951
-943
-933
-933
-939
-943
-945
-945
-945
-937
-933
-935
-933
-933
-929
-937
-931
-933
-931
-929
-929
-915
-925
-911
-903
-899
-913
-915
-911
-903
-901
-901
-903
-891
-889
-887
-877
-879
-879
-881
-877
-879
-879
-875
-867
-863
-869
-863
-859
-859
-851
-845
-837
-841
-841
-843
-841
-851
-853
-837
-835
-821
-827
-821
-807
-805
-805
-795
-785
-797
-795
-807
-799
-793
-793
-781
-777
-769
-759
-761
-763
-759
-759
-751
-747
-735
-731
-727
-719
-713
-707
-695
-699
-701
-705
-707
-701
-701
-701
-701
-695
-685
-677
-687
-685
-681
-681
-681
-675
-675
-677
-677
-683
-687
-685
-679
-685
-685
-677
-673
-667
-663
-667
-661
-663
-665
-663
-663
-661
-649
-649
-639
-643
-633
-635
-623
-615
-613
-605
-599
-591
-593
-587
-579
-575
-563
-565
-565
-569
-565
-563
-563
-567
-563
-565
-567
-559
-551
-549
-555
-547
-541
-535
-539
-535
-533
-527
-527
-519
-519
-517
-509
-503
-493
-495
-487
-483
-471
-475
-471
-463
-461
-461
-455
-449
-445
-445
-443
-439
-447
-447
-451
-447
-449
-457
-455
-445
-445
-441
-431
-425
-423
-429
-427
-425
-421
-419
-413
-411
-401
-397
-397
-413
-409
-405
-401
-403
-401
-393
-387
-387
-389
-387
-379
-379
-379
-381
-379
-375
-381
-377
-371
-365
-359
-361
-367
-367
-363
-369
-371
-371
-373
-367
-359
-349
-351
-351
-347
-347
-339
-341
-341
-335
-329
-331
-321
-319
-323
-317
-315
-305
-311
-307
-311
-317
-331
-323
-325
-327
-327
-323
-321
-331
-329
-327
-325
-323
-321
-311
-303
-307
-297
-299
-295
-289
-291
-281
-287
-285
-291
-301
-301
-303
-303
-295
-287
-295
-283
-283
-279
-279
-277
-275
-279
-281
-277
-275
-275
-269
-265
-261
-257
-257
-247
-249
-247
-243
-243
-247
-243
-251
-255
-247
-251
-233
-235
-229
-237
-231
-223
-225
-233
-235
-229
-223
-229
-233
-225
-219
-219
-223
-223
-233
-237
-231
-219
-217
-219
-211
-215
-215
-207
-211
-211
-207
-209
-205
-213
-207
-207
-211
-219
-213
-211
-217
-217
-205
-205
-215
-211
-207
-205
-211
-219
-221
-221
-225
-219
-225
-229
-227
-233
-233
-221
-223
-225
-227
-219
-213
-209
-205
-207
-201
-193
-185
-179
-171
-163
-173
-175
-183
-185
-175
-169
-167
-157
-151
-141
-135
-145
-135
-131
-125
-123
-115
-125
-135
-137
-137
-139
-125
-125
-125
-119
-119
-115
-123
-123
-119
-117
-125
-119
-119
-119
-113
-109
-105
-103
-97
-93
-93
-101
-99
-107
-117
-123
-121
-123
-117
-117
-119
-121
-119
-113
-113
-119
-113
-117
-113
-123
-119
-113
-115
-125
-135
-131
-137
-147
-153
-153
-135
-135
-135
-143
-143
-145
-141
-137
-143
-145
-141
-141
-139
-137
-141
-143
-147
-145
-149
-147
-141
-137
-143
-143
-143
-141
-143
-141
-145
-151
-159
-169
-169
-175
-173
-169
-167
-165
-165
-165
-165
-165
-157
-163
-169
-171
-169
-169
-171
-165
-155
-169
-165
-155
-153
-155
-141
-141
-141
-135
-131
-135
-135
-133
-133
-125
-133
-143
-147
-139
-133
-133
-125
-135
-135
-135
-135
-131
-133
-133
-139
-145
-143
-147
-145
-155
-145
-153
-147
-143
-139
-143
-135
-133
-137
-135
-135
-133
-133
-121
-115
-115
-115
-123
-127
-123
-117
-123
-133
-133
-127
-133
-121
-125
-133
-125
-123
-121
-121
-121
-111
-111
-105
-99
-97
-97
-105
-93
-91
-91
-91
-85
-95
-95
-93
-87
-89
-81
-81
-85
-91
-87
-85
-77
-77
-75
-79
-85
-89
-93
-91
-87
-79
-75
-77
-75
-61
-71
-63
-67
-65
-69
-57
-53
-55
-55
-53
-49
-61
-59
-63
-57
-55
-65
-69
-75
-71
-71
-71
-73
-79
-77
-85
-91
-91
-99
-93
-93
-87
-77
-75
-73
-69
-77
-85
-85
-81
-89
-85
-93
-87
-79
-71
-73
-71
-71
-73
-71
-75
-75
-75
-75
-79
-71
-69
-59
-55
-55
-53
-63
-67
-71
-67
-67
-63
-63
-57
-59
-55
-57
-59
-65
-67
-75
-77
-81
-81
-79
-85
-85
-85
-85
-85
-81
-83
-83
-85
-75
-69
-77
-77
-73
-79
-79
-83
-75
-75
-81
-77
-77
-73
-85
-85
-83
-89
-91
-83
-91
-103
-93
-91
-93
-93
-91
-75
-73
-69
-65
-55
-67
-61
-65
-59
-51
-55
-53
-55
-57
-61
-51
-47
-43
-45
-53
-61
-53
-39
-41
-45
-47
-47
-51
-59
-57
-59
-59
-59
-63
-59
-59
-53
-47
-45
-49
-45
-53
-49
-45
-45
-51
-43
-45
-51
-51
-49
-39
-39
-33
-39
-37
-45
-45
-43
-55
-55
-49
-41
-41
-49
-49
-51
-45
-41
-43
-43
-55
-53
-63
-67
-67
-67
-65
-71
-73
-69
-67
-63
-71
-71
-65
-67
-69
-63
-61
-73
-63
-55
-55
-45
-49
-47
-43
-43
-41
-43
-47
-47
-47
-47
-47
-49
-55
-61
-71
-73
-73
-69
-59
-61
-57
-57
-61
-65
-65
-69
-65
-67
-65
-71
-73
-71
-61
-57
-53
-51
-41
-37
-25
-25
-31
-23
-27
-25
-27
-27
-27
-27
-31
-31
-29
-27
-35
-41
-41
-47
-45
-47
-49
-57
-57
-57
-57
-53
-53
-49
-43
-39
-43
-35
-39
-43
-51
-49
-41
-41
-39
-33
-41
-41
-45
-53
-45
-43
-55
-61
-57
-53
-65
-63
-59
-59
-59
-51
-57
-59
-61
-65
-77
-75
-71
-73
-73
-69
-71
-61
-65
-71
-67
-63
-63
-65
-63
-57
-61
-61
-49
-45
-43
-49
-45
-53
-59
-53
-53
-47
-41
-47
-43
-35
-37
-31
-21
-23
-27
-35
-29
-27
-21
-25
-25
-25
-25
-25
-23
-29
-33
-37
-27
-29
-17
-15
-7
-13
-9
-7
-1
-3
3
-5
-3
-1
5
15
13
5
9
9
11
11
7
7
-1
-11
-5
-3
1
1
13
17
15
15
23
27
25
23
23
31
27
13
11
21
17
13
13
11
15
11
11
13
7
17
23
25
29
39
27
23
23
27
27
29
35
27
27
23
17
17
13
1
5
17
17
17
21
23
27
31
31
41
47
47
45
47
43
43
41
51
57
65
65
65
81
81
73
65
57
65
57
53
61
63
51
61
67
59
65
75
73
77
77
81
85
91
87
73
81
73
69
67
75
85
81
91
89
89
97
91
85
93
87
83
91
89
89
89
81
87
87
89
97
93
93
97
89
97
101
103
105
97
97
91
87
89
91
91
83
89
97
101
101
101
97
101
99
95
87
85
91
101
99
99
105
109
111
111
105
105
107
103
103
99
91
95
101
97
101
89
89
79
89
89
95
89
75
65
73
73
83
81
85
85
91
99
97
97
103
105
113
121
119
115
111
105
109
107
109
113
119
123
119
125
131
141
139
141
135
133
129
123
131
131
135
129
129
125
135
135
135
135
135
141
143
139
141
141
137
141
143
145
133
137
133
137
147
141
149
141
147
145
137
143
155
153
153
157
167
157
165
163
159
157
161
155
157
157
157
155
159
165
169
165
155
155
151
139
131
131
129
127
127
119
119
129
131
139
135
135
129
131
137
143
141
153
155
153
149
153
153
151
151
155
153
161
169
169
173
167
163
171
169
165
165
167
159
153
145
151
147
147
147
151
151
151
139
139
139
147
145
145
145
145
143
149
149
149
153
157
153
149
153
155
147
153
159
157
151
149
155
151
157
161
159
169
171
171
161
161
153
155
151
147
141
151
151
149
143
145
145
141
145
145
141
141
139
139
137
137
143
143
147
145
151
151
145
141
145
153
155
155
163
165
159
155
153
153
149
151
151
147
153
155
155
159
163
159
155
159
161
167
159
149
149
145
151
153
147
143
149
145
145
139
137
131
127
129
119
115
117
117
125
125
127
121
123
125
123
117
117
113
113
103
97
99
103
95
91
89
91
93
93
97
99
93
93
95
99
103
101
101
101
101
95
99
101
103
103
99
101
111
111
99
101
111
101
111
107
111
107
95
95
87
91
87
89
83
87
91
95
95
97
93
101
107
117
117
113
113
121
127
123
119
123
131
127
125
113
103
103
119
121
115
123
125
127
127
123
123
121
117
115
107
107
101
95
109
107
107
107
119
119
121
119
121
131
141
149
151
145
141
143
143
135
145
149
145
149
153
157
157
151
153
159
157
151
157
155
157
157
155
153
147
149
145
147
141
143
143
143
141
141
135
145
157
159
163
161
159
155
153
151
151
157
155
147
155
157
153
151
151
153
161
157
155
155
159
161
165
163
159
151
149
153
147
145
147
151
149
143
139
133
141
139
137
133
131
125
131
133
141
137
141
151
149
147
135
137
147
145
145
147
147
141
139
143
135
131
127
135
133
127
121
123
113
113
107
113
123
125
129
127
129
117
117
107
103
91
101
99
103
111
111
117
117
119
113
119
109
105
107
107
105
107
109
109
109
111
111
115
113
117
109
97
97
97
99
97
105
107
115
115
111
113
115
123
123
117
115
107
101
103
111
105
97
103
103
103
103
111
115
115
115
117
103
101
93
107
113
113
109
103
103
97
107
103
95
91
93
93
91
85
77
79
79
77
65
63
67
69
77
77
73
69
69
67
77
79
73
75
79
87
87
87
89
91
91
91
95
93
93
87
87
91
105
111
103
99
103
99
101
101
101
97
103
113
113
107
109
107
105
99
105
99
99
105
111
101
99
87
89
83
85
75
73
81
81
83
89
77
63
59
57
57
61
55
55
59
63
59
59
59
57
53
51
47
49
45
39
27
27
15
17
15
15
13
19
15
15
5
3
5
-5
-9
-3
7
-1
-1
-1
-1
1
-9
-1
-3
-9
-7
-13
-7
-13
-25
-25
-29
-35
-27
-21
-17
-13
-7
-3
-7
-9
-9
-21
-9
-9
-17
-15
-13
-15
-7
-17
-23
-15
-13
-7
-3
-3
-3
1
-1
-3
1
1
7
1
11
11
13
17
11
17
19
13
13
19
31
39
41
35
35
29
23
31
37
29
25
19
21
23
31
33
29
31
31
29
29
37
37
29
25
25
29
27
31
35
29
35
33
37
43
37
33
39
39
33
45
43
41
35
31
35
37
33
27
25
25
19
21
15
19
15
7
9
15
17
17
9
11
7
15
29
25
23
31
25
31
33
37
33
39
45
49
55
61
57
55
53
41
43
39
39
43
47
47
49
57
55
47
55
55
65
73
81
83
77
83
83
85
81
73
67
67
65
59
71
69
69
69
65
59
61
61
59
61
67
71
69
65
67
65
79
77
77
83
75
77
75
81
87
89
85
79
83
89
93
89
97
103
101
103
101
101
103
97
81
79
73
77
73
73
75
71
83
93
95
95
95
101
99
91
91
89
91
91
89
97
101
99
103
113
113
117
113
105
101
101
105
99
103
109
105
117
121
119
115
119
121
119
127
129
131
149
149
149
153
153
157
151
155
151
145
143
147
149
149
157
141
147
155
169
179
187
189
183
187
187
187
177
165
165
169
171
171
167
171
175
169
169
171
171
181
183
181
177
173
165
165
169
177
181
183
183
183
181
185
197
203
203
203
215
221
219
211
209
209
209
207
211
207
207
203
203
201
201
203
205
209
205
215
213
217
215
211
211
211
205
201
213
213
221
223
225
215
219
223
231
235
231
227
227
227
223
225
227
229
233
225
229
229
233
225
219
221
225
223
231
217
217
221
223
225
241
233
229
219
221
215
221
221
219
229
233
233
229
231
221
217
211
213
207
207
207
215
213
205
205
197
209
209
209
203
207
213
219
217
219
223
211
209
205
209
207
209
215
223
219
215
211
207
207
213
207
213
217
207
219
215
205
203
201
197
197
197
187
197
187
195
193
185
177
177
185
183
189
189
187
179
193
185
181
191
197
197
199
201
203
205
203
209
211
201
201
205
207
199
197
205
207
207
207
203
207
209
213
213
209
207
211
215
211
215
219
213
215
221
221
225
225
223
223
219
217
215
213
215
221
229
233
235
233
235
237
235
237
235
235
233
227
227
223
223
223
227
215
219
223
223
221
221
211
203
203
207
215
211
201
201
199
199
199
199
201
199
209
209
209
213
211
211
207
211
213
215
213
201
203
203
195
197
199
197
201
203
203
205
195
191
191
187
189
185
179
189
179
175
171
173
175
165
167
163
173
173
171
165
165
175
181
175
169
167
169
173
173
179
189
191
193
199
191
195
201
189
185
189
195
193
189
189
189
191
195
207
211
213
209
221
219
219
219
213
213
201
201
201
205
207
215
215
217
215
211
201
207
215
221
211
217
205
211
205
201
203
203
199
199
199
203
201
199
207
207
203
197
195
189
185
191
193
193
195
193
189
185
183
193
199
205
205
205
211
207
207
203
207
209
209
209
211
211
203
199
193
191
195
201
201
205
205
211
219
223
225
225
219
221
219
223
223
223
231
235
243
245
253
251
251
243
247
251
243
237
233
231
229
229
229
229
223
229
237
233
239
237
243
237
229
239
237
233
227
229
229
221
221
227
225
225
223
223
219
227
221
235
227
229
221
215
219
211
211
215
227
223
223
223
227
225
229
225
225
227
237
235
227
221
229
229
225
217
219
219
221
225
229
233
239
235
231
223
209
207
197
199
199
203
191
185
185
187
191
199
203
201
211
217
211
211
209
207
217
219
217
223
235
243
233
229
225
221
213
207
201
207
203
205
205
201
193
193
191
197
203
197
197
197
201
189
183
183
183
185
191
203
207
201
199
197
189
189
189
191
197
205
203
199
191
187
185
187
175
165
167
171
169
173
185
181
179
185
181
189
195
201
195
197
193
199
189
179
187
177
179
181
177
183
181
185
181
177
177
179
183
179
179
173
173
173
171
179
173
177
181
185
185
193
185
189
189
195
193
195
189
189
191
185
193
189
185
183
187
187
181
181
187
191
185
183
185
185
189
187
203
209
219
217
205
205
195
195
195
199
199
195
191
189
187
187
183
183
179
173
179
181
187
181
183
183
179
181
183
187
189
189
183
185
185
183
183
173
179
181
185
185
181
185
181
175
183
189
197
191
185
179
175
169
173
167
167
171
167
171
177
181
171
171
173
179
181
181
181
177
175
171
171
165
169
173
175
169
175
177
189
181
181
187
177
181
179
175
177
165
165
171
159
153
157
159
159
151
151
151
145
139
145
145
145
151
145
145
147
147
143
145
145
151
149
149
145
147
147
149
147
141
141
141
135
137
135
141
151
159
153
157
163
161
161
155
155
147
147
147
147
145
139
133
133
135
143
139
139
149
145
147
151
155
157
157
157
145
143
153
155
161
153
155
161
167
167
173
179
185
185
177
179
181
181
195
185
189
193
195
199
199
197
197
197
199
195
189
189
181
179
183
187
187
193
199
199
205
207
199
203
199
209
207
211
213
209
213
207
207
211
207
205
201
185
179
175
179
179
183
193
197
193
183
183
181
179
187
183
179
181
185
189
193
193
187
175
171
167
169
177
177
177
173
177
179
183
187
175
173
171
181
181
181
173
167
161
165
169
169
171
167
175
175
177
183
177
177
177
179
175
179
183
175
179
181
179
175
171
173
175
175
167
169
163
169
171
171
175
167
165
165
177
173
171
179
175
169
173
179
175
171
169
171
169
173
179
171
175
177
175
171
173
169
165
161
155
157
161
163
153
153
155
143
143
155
163
161
167
171
173
165
165
167
167
169
167
171
171
173
167
177
177
179
177
175
185
187
179
165
167
165
165
175
177
171
163
153
157
147
141
137
145
145
145
155
151
155
147
151
143
141
139
147
147
143
149
141
137
135
123
121
113
115
111
107
107
107
113
111
119
127
127
137
135
123
121
117
121
121
111
111
105
99
97
99
103
97
97
101
109
109
103
103
107
95
103
103
105
105
109
117
117
121
121
121
125
125
125
117
115
119
121
123
131
131
129
129
127
121
125
121
129
129
129
127
131
115
117
119
119
113
121
115
113
113
113
113
123
119
117
117
117
109
117
125
125
125
125
127
135
141
135
143
151
155
149
143
141
139
149
143
141
139
129
137
137
135
141
149
159
161
161
157
153
159
151
147
145
151
151
145
157
155
157
149
149
149
149
139
135
135
135
139
141
137
137
137
129
123
125
117
117
113
113
107
107
107
107
111
101
103
103
107
111
115
115
115
117
111
107
107
115
115
117
111
111
105
99
97
95
105
107
111
111
113
123
121
125
119
129
127
129
129
127
127
123
127
121
129
119
109
103
101
103
103
103
105
111
111
123
129
129
125
135
137
137
141
141
141
135
131
131
117
113
119
119
113
117
115
119
115
105
101
101
101
117
117
113
109
113
121
121
123
129
123
125
123
127
135
135
137
139
145
147
145
147
145
147
143
159
163
165
153
153
147
155
147
167
161
157
157
153
151
161
161
161
165
167
167
175
181
181
181
181
185
183
183
183
189
197
193
195
189
195
191
191
193
191
191
191
187
183
179
179
179
175
181
171
179
171
167
163
157
155
149
153
155
155
149
141
133
131
129
137
135
145
139
143
145
143
137
137
137
143
141
141
137
137
131
131
133
133
135
133
141
147
145
139
141
153
155
155
163
165
155
149
151
151
135
137
137
139
135
127
135
135
133
129
139
141
139
137
127
133
137
135
141
137
133
135
141
143
133
121
111
109
121
125
129
125
119
127
129
121
117
123
121
121
109
109
109
117
119
111
111
111
113
119
123
129
133
131
129
127
135
135
135
139
141
143
149
151
151
147
145
143
139
139
133
131
129
141
141
127
139
127
125
125
133
119
119
127
121
133
135
131
135
135
133
143
139
139
135
135
139
131
131
131
123
129
135
133
125
127
127
127
133
131
139
135
139
147
151
151
157
157
157
159
155
163
159
159
159
163
169
173
171
171
165
157
157
161
167
169
169
169
175
175
167
167
167
173
179
179
183
179
175
185
183
185
191
189
195
205
203
195
195
197
207
207
207
201
201
193
191
191
187
185
199
207
209
209
205
209
207
209
209
203
197
197
191
191
187
187
197
189
193
197
197
201
203
209
209
215
215
217
207
209
205
205
199
211
217
207
207
197
197
191
197
201
203
213
213
203
199
187
197
193
185
191
185
185
181
185
179
179
175
179
183
189
195
193
193
189
193
183
177
173
167
165
165
171
171
173
171
161
165
169
159
165
161
159
163
163
167
171
175
183
175
169
171
175
173
173
175
165
161
169
177
183
175
181
181
187
181
179
177
183
187
185
189
195
183
179
177
169
159
157
161
151
141
149
149
147
149
149
147
139
137
141
143
155
155
151
151
151
153
155
153
149
139
139
137
131
129
127
131
135
135
133
127
135
137
137
131
139
139
135
133
137
133
135
139
139
139
139
141
137
147
155
147
149
147
151
151
145
145
149
149
151
147
147
145
145
151
147
151
157
159
149
153
157
161
165
163
161
153
155
163
163
169
165
169
181
175
171
171
171
171
171
169
175
175
165
165
167
169
167
165
169
171
177
175
181
187
179
179
173
181
183
187
183
187
181
191
185
181
185
187
175
179
181
189
193
199
195
187
199
201
195
195
207
209
213
219
215
215
219
227
237
239
233
237
243
243
251
245
249
245
247
243
247
253
245
249
257
257
255
251
259
275
283
279
279
281
281
277
275
271
275
281
279
277
271
263
265
271
271
285
283
279
277
285
285
277
291
279
273
273
269
261
269
269
269
271
273
273
271
265
267
259
257
265
259
253
249
259
267
273
277
275
281
275
273
279
289
285
283
289
287
285
285
289
297
289
289
289
287
291
297
303
301
297
289
299
297
299
299
307
307
319
321
319
315
315
305
299
299
291
289
289
289
289
299
303
303
305
309
297
291
301
301
301
303
299
289
291
295
293
301
299
301
299
299
293
293
293
297
303
301
315
315
327
327
323
321
321
329
331
333
329
323
319
323
325
321
317
311
317
313
315
317
317
317
319
323
315
319
321
325
327
335
333
331
323
325
317
311
311
315
317
315
323
321
323
321
325
321
327
315
313
313
321
321
321
323
313
315
309
315
319
315
319
323
321
325
325
323
313
317
305
315
313
319
315
313
313
303
307
319
309
297
285
285
287
287
291
289
285
279
285
285
285
287
277
277
271
271
265
263
261
265
275
269
265
261
261
267
277
271
279
279
285
289
291
295
293
285
287
281
285
289
293
295
289
287
291
289
285
285
281
271
273
277
263
257
257
269
265
261
255
257
261
259
257
265
265
255
251
253
249
245
245
243
241
239
247
251
241
243
241
251
247
253
249
241
245
247
251
241
235
231
233
241
243
241
247
241
247
247
245
247
257
263
265
261
255
239
239
231
231
235
239
245
251
251
261
261
271
269
269
269
267
273
277
269
277
281
287
291
297
295
305
301
299
287
287
291
293
293
291
283
281
281
275
271
277
273
275
269
275
275
271
261
265
261
261
257
257
261
267
267
259
269
275
279
281
277
271
269
265
273
271
271
277
283
283
273
285
285
279
285
283
281
291
295
279
269
273
269
267
269
269
257
253
257
247
239
235
239
241
247
241
247
241
241
237
233
227
223
219
225
239
241
241
231
237
235
235
233
241
235
235
237
225
231
235
239
233
237
237
245
241
239
241
243
243
245
243
237
245
245
241
233
243
241
241
251
261
261
261
259
273
273
279
279
281
279
279
285
289
293
289
281
281
277
277
279
275
285
283
281
271
271
271
281
281
281
279
277
285
285
285
285
281
279
275
279
277
273
277
277
273
271
277
263
269
261
267
265
265
263
267
259
269
263
267
273
273
273
275
279
279
273
273
273
275
275
277
285
283
291
295
293
293
291
295
295
291
283
285
289
285
289
277
283
283
293
281
269
269
263
263
267
267
253
261
263
267
271
259
257
263
263
261
251
247
249
249
249
243
237
237
233
229
225
223
221
219
223
223
217
215
223
233
227
233
237
235
239
237
231
231
225
227
229
239
239
237
237
231
227
225
225
231
237
233
229
233
229
237
247
251
253
257
255
263
257
249
249
253
251
245
255
257
249
251
251
253
253
261
265
267
265
257
257
253
245
247
251
255
253
255
253
255
253
249
255
261
261
263
251
249
253
247
251
259
265
259
257
259
255
257
251
247
243
237
233
241
241
233
231
239
237
237
241
237
237
237
231
223
223
219
213
207
195
201
199
203
205
205
193
191
191
199
207
205
203
201
207
197
201
201
203
209
209
209
211
217
217
211
217
217
217
215
213
205
213
207
203
207
213
213
219
221
223
225
219
219
219
219
217
223
225
225
215
213
221
217
211
209
209
215
213
209
205
203
201
195
195
197
205
213
217
219
223
223
221
219
227
225
225
235
233
233
239
245
241
237
227
227
231
237
233
229
223
233
241
239
241
249
233
221
233
233
231
233
233
237
231
219
217
213
217
209
213
211
209
217
209
217
217
221
223
217
213
217
211
215
215
223
219
215
217
217
211
215
207
215
215
211
209
209
211
211
213
219
217
219
203
207
211
215
219
217
215
215
205
199
195
201
191
195
201
201
209
211
215
213
207
203
205
209
203
201
199
205
211
209
205
209
209
209
209
209
215
215
219
213
209
209
209
209
211
217
219
211
209
223
225
225
223
223
221
223
223
215
211
213
215
223
221
217
213
219
229
233
237
223
231
235
239
241
237
237
231
227
229
235
231
227
223
221
225
225
227
229
221
229
223
227
215
213
209
211
211
211
219
219
219
219
223
225
221
219
221
219
215
215
205
209
215
211
209
209
211
211
203
207
207
215
215
215
213
211
213
221
217
215
219
215
221
217
211
209
207
207
205
207
195
191
187
191
195
199
199
205
197
195
195
195
189
181
173
177
171
169
157
157
155
151
145
149
151
149
143
149
147
153
159
157
165
169
163
167
167
167
163
167
175
177
181
177
189
191
187
193
197
187
193
195
191
185
183
195
199
189
191
197
199
193
195
199
197
199
195
195
195
195
205
203
193
195
199
197
197
197
207
205
195
191
191
187
185
187
181
185
193
191
191
191
187
187
185
191
191
193
207
209
203
205
199
199
195
187
193
185
185
185
181
183
187
199
197
195
205
211
215
215
219
223
223
231
231
225
223
233
237
227
227
225
231
231
227
233
241
243
255
263
263
275
277
275
271
259
263
265
275
265
265
265
265
265
275
275
275
261
259
259
257
255
261
261
255
257
249
241
239
237
235
237
227
235
243
239
229
231
235
229
235
241
245
253
257
247
253
259
259
257
259
255
247
245
249
253
253
249
237
235
235
233
229
233
237
227
231
225
231
229
233
235
233
227
225
221
227
225
235
233
233
237
243
241
235
235
231
225
233
231
221
219
223
223
229
233
231
235
229
227
235
235
235
241
249
251
251
249
247
251
245
247
249
249
261
257
245
237
241
239
241
241
245
239
241
247
255
253
257
255
255
255
253
255
255
255
255
255
253
257
257
247
249
249
249
247
249
249
249
253
255
255
257
251
239
251
245
245
249
243
241
241
241
249
243
247
259
261
261
251
253
261
273
271
269
269
269
269
263
263
261
263
259
253
247
243
249
259
249
251
255
245
249
257
269
259
259
259
261
251
251
245
251
247
247
239
243
245
245
249
245
251
245
247
247
245
243
235
231
227
221
209
221
221
213
219
233
239
239
231
223
223
227
227
231
233
243
245
245
255
249
243
243
235
237
231
239
239
237
235
233
237
237
231
237
239
237
239
231
229
227
227
225
221
223
229
225
229
233
229
225
229
225
215
211
217
219
215
225
231
229
227
233
229
239
235
247
235
235
237
229
225
227
229
231
231
227
235
241
237
237
243
235
233
231
227
227
221
215
213
213
213
209
205
201
201
207
207
211
203
199
197
203
197
201
201
197
201
195
191
201
201
203
199
197
199
205
207
203
203
195
193
197
199
207
215
217
211
205
199
205
197
199
195
191
199
201
193
193
191
197
209
203
201
211
211
211
209
215
223
235
237
247
245
247
251
247
243
241
243
245
241
243
247
241
237
235
235
235
233
233
235
233
237
229
227
219
215
217
217
219
217
223
217
213
207
207
205
197
197
199
189
193
189
199
195
191
195
193
195
201
203
203
203
203
213
213
213
221
229
231
225
223
227
227
219
231
231
225
229
233
239
239
247
251
255
241
247
245
247
239
241
235
237
235
231
239
249
247
243
243
239
253
253
253
255
257
263
263
261
261
263
267
271
257
259
249
249
255
263
259
269
271
283
287
283
287
287
287
285
285
283
275
275
283
285
285
273
275
279
279
281
269
267
265
257
257
259
255
267
273
275
271
271
269
271
275
273
273
265
267
271
267
265
271
273
267
265
261
265
261
257
261
257
265
263
263
269
267
259
267
269
271
283
285
283
287
287
275
275
261
259
257
247
241
249
255
259
253
251
251
257
263
259
263
261
261
259
257
261
265
265
271
267
263
263
263
261
257
253
245
245
245
241
243
249
251
245
261
269
277
271
267
259
257
263
265
271
265
265
259
253
249
247
255
249
245
241
249
243
245
247
239
241
245
249
253
257
255
247
241
235
235
241
237
235
237
227
235
235
237
243
247
239
235
233
229
223
229
227
221
219
215
223
229
227
231
239
233
227
223
219
227
221
221
213
211
211
213
215
211
217
227
233
233
239
235
235
233
243
237
249
237
233
237
237
243
249
249
247
243
251
251
255
257
263
261
261
257
259
263
251
255
259
267
263
263
261
249
245
251
249
259
259
259
257
261
263
255
259
263
265
263
267
273
277
267
267
271
271
267
275
269
273
273
283
281
281
285
283
279
283
285
283
271
273
275
275
277
285
289
283
281
289
295
289
291
295
301
301
303
307
305
307
305
299
291
289
287
291
307
309
317
319
321
325
321
323
321
317
307
317
307
307
305
301
303
309
305
299
295
287
281
281
275
267
267
259
257
243
239
227
219
223
235
227
223
219
219
215
215
217
219
215
221
215
205
205
207
197
193
187
181
183
185
189
183
189
189
195
193
197
197
211
209
219
209
201
201
205
209
203
205
203
199
191
183
179
173
173
173
163
171
175
173
171
171
169
175
171
173
179
179
179
191
193
195
197
199
201
201
201
211
219
219
207
193
197
199
201
197
195
197
197
197
197
193
199
199
199
189
193
193
197
197
201
193
193
209
201
207
205
209
209
209
213
217
219
227
227
229
231
227
239
241
241
235
233
225
221
223
225
221
211
211
207
207
209
203
199
197
203
193
185
183
175
177
171
173
173
173
173
179
177
177
175
167
157
145
153
153
153
165
163
159
161
157
159
151
147
143
139
139
133
133
137
133
127
127
125
129
125
129
133
131
135
139
139
145
131
129
137
133
127
125
125
127
117
107
107
103
103
99
103
97
103
95
101
107
119
123
129
133
145
147
145
145
149
149
143
141
135
139
145
147
149
151
157
157
163
157
157
151
151
145
135
125
119
119
115
111
115
113
111
105
111
119
115
119
121
115
117
119
109
109
107
101
101
103
101
97
95
91
89
99
103
105
101
111
107
111
107
107
99
97
95
95
97
91
97
101
97
99
105
99
97
101
103
109
107
99
105
107
115
119
119
125
125
129
127
131
131
135
133
133
131
131
137
141
145
151
147
143
141
137
139
143
147
149
155
159
155
155
157
163
161
169
165
167
167
163
169
179
185
187
189
185
177
175
185
185
181
181
185
193
199
199
207
209
205
203
211
211
205
213
211
211
203
199
205
215
215
221
223
221
219
213
213
209
213
215
221
225
215
209
197
199
199
199
199
199
199
197
205
207
209
209
201
195
195
197
193
201
201
191
191
193
187
201
209
205
203
211
213
213
217
211
209
197
187
191
193
191
191
191
191
193
189
199
199
195
199
197
203
193
193
189
197
197
199
191
195
195
191
183
181
175
175
173
187
185
189
191
191
189
191
197
197
201
195
191
183
185
175
187
181
187
201
207
207
215
213
203
203
205
203
209
207
205
205
205
205
205
207
205
207
201
205
201
197
191
199
201
197
189
201
195
195
207
215
215
217
217
211
217
213
205
205
201
207
205
203
207
205
203
199
195
189
197
193
199
201
197
199
205
209
205
201
201
197
205
207
209
209
205
203
199
199
197
197
191
195
193
201
201
191
187
185
187
179
183
183
183
189
181
179
183
183
171
169
167
159
161
167
161
163
167
173
167
167
167
163
153
157
165
167
171
167
165
175
179
183
187
173
173
177
175
175
169
173
173
173
169
169
169
171
171
171
177
179
181
181
183
185
179
185
175
177
177
173
179
185
181
183
193
203
203
201
201
201
201
199
207
201
209
209
205
211
211
211
207
203
205
207
207
209
211
203
203
207
207
211
211
211
217
205
215
215
221
221
213
215
221
211
201
197
195
195
193
189
189
185
191
189
183
181
179
183
183
193
193
193
193
185
185
181
181
177
171
175
171
171
175
177
173
185
179
183
187
183
185
187
185
187
187
195
187
187
195
195
195
193
205
197
199
207
203
197
199
199
197
203
209
213
209
217
221
219
215
215
211
207
223
225
223
227
213
203
201
203
209
201
199
193
187
187
181
191
203
205
197
197
197
199
199
195
187
183
181
173
167
167
167
167
175
179
175
175
177
177
169
169
167
165
163
161
159
163
159
153
153
155
155
165
161
163
157
155
153
149
151
163
169
173
169
177
177
171
163
165
169
175
179
181
179
181
171
171
173
171
175
167
169
165
165
165
175
175
175
181
183
179
179
179
173
169
177
181
173
177
171
175
177
181
175
173
177
173
179
177
181
191
191
187
191
191
193
181
185
187
191
183
183
179
183
185
177
185
191
189
185
179
185
189
191
183
177
183
183
177
179
181
175
185
183
185
189
193
189
185
191
191
187
191
193
189
185
189
189
195
185
189
185
177
187
191
187
187
197
197
199
197
191
193
199
205
211
209
205
195
189
183
191
187
187
185
195
189
179
183
173
181
183
187
185
185
179
179
177
173
171
167
169
177
173
173
173
169
173
175
183
171
167
173
175
167
163
165
157
155
161
167
167
157
161
157
157
153
165
163
161
157
165
165
165
165
167
165
167
165
161
163
169
185
181
175
175
171
171
171
173
179
181
181
181
169
165
167
173
173
165
169
171
171
169
179
187
189
185
185
185
177
173
165
163
177
181
179
165
165
169
169
163
159
155
153
159
169
161
161
165
169
169
163
169
159
165
165
167
159
153
155
155
161
161
163
163
169
171
169
173
181
193
193
191
189
191
191
207
211
211
203
195
185
185
193
185
185
187
189
191
193
189
195
197
185
189
193
197
199
203
205
195
201
199
209
213
215
213
217
225
227
227
227
223
231
229
227
231
239
235
235
229
221
225
229
227
229
219
215
213
219
223
217
213
211
215
215
219
219
217
207
205
199
205
213
217
225
225
233
237
239
235
233
237
227
221
227
227
229
239
245
237
231
221
225
219
223
213
215
211
213
219
221
223
219
221
215
211
201
203
197
187
191
197
197
203
207
211
219
221
221
225
227
227
225
219
219
221
233
233
231
237
237
225
217
225
225
231
237
235
241
241
239
245
255
261
265
265
259
263
267
263
263
259
257
255
249
249
249
247
237
237
239
237
227
227
223
219
229
229
223
223
219
227
231
231
231
237
231
233
231
227
219
225
223
221
227
221
211
207
199
209
217
215
213
207
211
219
213
205
209
199
197
195
191
187
191
191
181
175
173
181
179
185
193
189
189
191
189
189
193
193
185
185
185
185
185
185
183
187
191
197
193
185
177
179
181
177
183
175
177
177
175
175
167
159
155
153
159
147
143
145
135
135
137
129
141
141
147
147
145
145
139
141
135
131
129
139
143
143
127
125
129
129
119
119
109
99
105
113
105
101
99
103
101
101
95
95
99
105
101
99
87
79
83
79
89
89
97
93
91
91
87
91
83
85
85
93
91
95
91
97
103
105
99
89
81
81
87
87
85
79
85
85
95
95
99
101
99
101
101
99
107
105
107
107
91
97
105
113
101
93
89
89
79
83
73
73
71
61
71
63
75
69
69
67
69
63
65
63
63
59
59
51
55
55
65
65
61
57
53
55
55
61
61
71
73
73
75
79
77
83
83
85
85
89
89
89
83
85
91
95
99
103
107
109
117
115
115
107
103
101
101
101
113
117
115
125
129
129
135
135
139
137
141
141
147
143
147
143
141
137
135
137
139
133
131
129
123
125
127
123
119
127
141
147
153
147
143
153
151
151
151
147
151
145
145
135
133
139
137
129
135
143
149
151
157
155
151
149
145
147
139
139
133
137
141
139
145
141
135
131
135
145
143
145
141
143
139
139
131
129
131
127
127
129
129
131
125
129
131
123
119
111
115
105
111
117
109
103
91
91
95
95
91
91
85
85
93
99
97
101
101
101
109
113
119
115
117
117
119
123
119
121
127
135
135
137
137
127
125
121
121
121
109
111
103
95
99
109
107
113
119
111
115
109
109
117
117
115
111
119
117
113
113
113
127
129
129
137
137
141
147
141
143
131
133
135
135
135
135
123
127
121
129
123
123
119
119
121
113
121
121
121
125
125
125
123
127
131
135
135
133
135
137
147
151
149
151
147
149
151
143
137
141
135
137
131
121
121
125
119
111
105
97
99
93
93
99
107
113
109
111
113
105
101
101
95
97
97
101
97
99
105
105
99
101
105
105
105
99
105
97
97
95
99
93
99
105
87
95
93
93
91
103
103
111
115
119
117
119
125
109
113
111
103
107
109
105
111
119
117
119
133
133
133
131
131
127
125
133
131
137
147
141
143
143
139
137
147
151
149
145
137
133
139
135
133
135
133
135
133
129
131
125
129
127
121
131
131
135
135
135
127
127
127
139
131
121
125
119
123
123
123
125
129
141
145
137
141
145
145
145
147
147
147
153
145
139
135
147
147
155
155
161
157
157
165
173
175
185
189
193
199
195
195
193
189
195
191
191
191
189
187
181
181
173
165
155
157
