-2623
-2615
-2607
-2597
-2591
-2583
-2583
-2575
-2567
-2567
-2567
-2567
-2555
-2557
-2557
-2545
-2543
-2535
-2525
-2517
-2513
-2503
-2503
-2497
-2491
-2491
-2487
-2485
-2471
-2465
-2461
-2461
-2461
-2457
-2451
-2451
-2447
-2437
-2423
-2423
-2421
-2419
-2411
-2397
-2397
-2397
-2385
-2385
-2379
-2377
-2373
-2371
-2371
-2357
-2353
-2349
-2347
-2347
-2341
-2339
-2329
-2319
-2319
-2319
-2321
-2321
-2313
-2311
-2313
-2317
-2307
-2307
-2307
-2297
-2285
-2285
-2285
-2275
-2269
-2267
-2255
-2251
-2245
-2239
-2233
-2223
-2211
-2203
-2193
-2181
-2183
-2181
-2179
-2167
-2157
-2157
-2149
-2141
-2129
-2129
-2119
-2109
-2099
-2099
-2095
-2083
-2083
-2077
-2073
-2073
-2067
-2055
-2045
-2035
-2025
-2017
-2007
-2005
-1993
-1993
-1977
-1971
-1977
-1959
-1953
-1945
-1941
-1927
-1921
-1921
-1921
-1921
-1917
-1913
-1913
-1903
-1895
-1887
-1887
-1889
-1889
-1885
-1885
-1885
-1885
-1885
-1875
-1867
-1859
-1857
-1849
-1845
-1845
-1845
-1839
-1839
-1841
-1841
-1831
-1845
-1841
-1841
-1841
-1841
-1831
-1815
-1817
-1805
-1797
-1793
-1791
-1787
-1789
-1787
-1781
-1781
-1773
-1769
-1757
-1755
-1747
-1747
-1731
-1733
-1717
-1711
-1713
-1709
-1705
-1695
-1695
-1685
-1679
-1677
-1681
-1677
-1677
-1677
-1677
-1675
-1671
-1667
-1655
-1651
-1643
-1635
-1629
-1625
-1619
-1619
-1613
-1617
-1611
-1599
-1599
-1599
-1591
-1591
-1591
-1591
-1585
-1579
-1579
-1579
-1577
-1571
-1559
-1559
-1559
-1553
-1553
-1551
-1551
-1555
-1551
-1549
-1549
-1549
-1541
-1541
-1541
-1535
-1525
-1529
-1525
-1519
-1527
-1527
-1527
-1529
-1529
-1523
-1521
-1509
-1503
-1505
-1499
-1497
-1497
-1493
-1497
-1493
-1493
-1495
-1497
-1493
-1507
-1497
-1499
-1495
-1495
-1495
-1495
-1489
-1489
-1475
-1471
-1467
-1463
-1465
-1463
-1461
-1459
-1455
-1455
-1449
-1449
-1435
-1445
-1439
-1439
-1439
-1443
-1443
-1433
-1431
-1431
-1429
-1429
-1427
-1415
-1403
-1403
-1387
-1383
-1373
-1373
-1363
-1361
-1357
-1357
-1345
-1343
-1343
-1341
-1343
-1343
-1337
-1329
-1325
-1317
-1311
-1297
-1297
-1297
-1297
-1291
-1291
-1289
-1277
-1273
-1267
-1263
-1263
-1251
-1243
-1243
-1241
-1235
-1225
-1207
-1209
-1201
-1195
-1191
-1191
-1183
-1175
-1181
-1181
-1171
-1177
-1169
-1165
-1165
-1165
-1157
-1153
-1137
-1133
-1127
-1117
-1113
-1111
-1103
-1103
-1099
-1095
-1099
-1095
-1095
-1089
-1089
-1081
-1087
-1083
-1075
-1071
-1063
-1055
-1055
-1049
-1037
-1033
-1035
-1027
-1021
-1011
-1013
-1015
-1001
-993
-991
-989
-983
-983
-979
-979
-981
-989
-989
-985
-975
-975
-973
-973
-973
-971
-977
-971
-965
-965
-953
-945
-939
-943
-947
-949
-949
-949
-951
-943
-937
-939
-933
-929
-919
-911
-911
-899
-899
-901
-905
-895
-895
-893
-889
-885
-887
-885
-887
-879
-889
-881
-893
-901
-913
-915
-911
-911
-909
-909
-901
-891
-883
-887
-887
-875
-871
-871
-871
-871
-873
-865
-859
-859
-851
-853
-843
-837
-833
-827
-819
-821
-815
-815
-815
-815
-815
-809
-801
-809
-815
-809
-809
-809
-809
-805
-807
-807
-795
-799
-795
-791
-795
-795
-791
-791
-791
-789
-787
-787
-775
-777
-771
-771
-761
-753
-749
-739
-737
-737
-731
-725
-725
-715
-717
-723
-709
-711
-711
-707
-713
-709
-709
-709
-709
-707
-707
-707
-707
-705
-699
-699
-699
-701
-703
-705
-693
-687
-685
-687
-689
-689
-677
-677
-677
-675
-671
-669
-669
-669
-659
-655
-653
-649
-645
-639
-639
-639
-639
-637
-631
-631
-631
-625
-625
-617
-619
-607
-607
-595
-591
-591
-587
-587
-579
-581
-581
-583
-585
-589
-585
-589
-581
-591
-595
-595
-587
-599
-599
-593
-593
-595
-591
-591
-581
-583
-581
-581
-581
-575
-581
-577
-577
-577
-575
-583
-585
-583
-577
-567
-567
-559
-561
-561
-557
-557
-561
-553
-551
-549
-545
-543
-543
-553
-553
-549
-549
-531
-533
-525
-527
-527
-525
-529
-535
-525
-517
-517
-521
-527
-533
-521
-521
-513
-513
-513
-509
-509
-505
-509
-511
-511
-503
-507
-503
-499
-499
-501
-507
-509
-501
-499
-499
-491
-479
-483
-483
-479
-479
-467
-467
-467
-475
-469
-465
-461
-449
-451
-455
-455
-451
-447
-445
-447
-437
-431
-437
-437
-437
-437
-435
-427
-429
-427
-417
-413
-421
-423
-429
-435
-435
-437
-445
-439
-439
-439
-437
-429
-429
-441
-435
-437
-433
-435
-431
-425
-425
-423
-419
-419
-413
-419
-417
-417
-423
-419
-427
-427
-429
-429
-437
-437
-439
-439
-439
-439
-443
-441
-441
-441
-441
-441
-439
-433
-433
-433
-441
-445
-445
-441
-433
-435
-425
-425
-425
-421
-421
-421
-421
-419
-419
-419
-419
-419
-413
-413
-409
-411
-407
-407
-411
-411
-411
-411
-409
-419
-419
-419
-415
-411
-411
-413
-401
-401
-401
-407
-403
-399
-397
-397
-399
-385
-393
-393
-393
-389
-385
-381
-381
-371
-377
-369
-369
-363
-371
-367
-373
-363
-363
-373
-363
-363
-363
-373
-373
-363
-363
-365
-363
-359
-359
-359
-359
-349
-357
-357
-365
-365
-371
-373
-379
-379
-377
-369
-375
-375
-369
-369
-367
-377
-381
-381
-381
-381
-371
-361
-355
-355
-355
-359
-355
-347
-347
-347
-357
-353
-351
-343
-343
-343
-339
-339
-337
-337
-333
-333
-333
-331
-329
-329
-337
-343
-343
-335
-335
-333
-331
-331
-333
-337
-337
-339
-339
-339
-339
-333
-335
-335
-331
-325
-323
-321
-313
-307
-307
-307
-309
-309
-307
-307
-315
-311
-307
-309
-313
-309
-309
-305
-299
-299
-309
-309
-307
-309
-305
-301
-301
-293
-293
-293
-293
-295
-291
-291
-287
-273
-273
-271
-273
-271
-259
-259
-255
-257
-253
-253
-249
-257
-259
-255
-251
-249
-257
-259
-271
-267
-269
-275
-277
-283
-285
-285
-273
-271
-277
-263
-263
-263
-269
-269
-269
-257
-257
-257
-251
-255
-253
-249
-245
-241
-255
-255
-257
-253
-249
-253
-251
-253
-253
-257
-251
-247
-247
-239
-233
-243
-237
-241
-237
-237
-233
-237
-237
-233
-225
-225
-231
-233
-233
-233
-231
-231
-241
-241
-237
-237
-223
-223
-211
-213
-211
-211
-211
-207
-203
-207
-209
-221
-223
-217
-219
-225
-231
-229
-215
-213
-213
-199
-197
-197
-201
-203
-203
-203
-209
-209
-215
-217
-219
-219
-219
-219
-219
-225
-225
-233
-231
-227
-221
-221
-221
-221
-207
-207
-203
-199
-203
-205
-209
-209
-207
-217
-219
-217
-221
-221
-221
-215
-221
-231
-231
-221
-223
-221
-221
-213
-215
-223
-223
-229
-233
-221
-219
-219
-227
-227
-227
-223
-223
-221
-217
-219
-223
-223
-215
-215
-225
-225
-227
-215
-215
-207
-205
-197
-209
-209
-209
-205
-215
-209
-205
-205
-209
-199
-199
-201
-193
-191
-191
-191
-189
-189
-193
-189
-189
-189
-197
-195
-191
-191
-187
-203
-203
-201
-201
-197
-201
-207
-207
-207
-209
-207
-209
-209
-209
-209
-203
-197
-191
-187
-179
-191
-191
-191
-191
-189
-183
-179
-181
-181
-167
-169
-171
-171
-171
-165
-169
-167
-167
-159
-161
-167
-169
-157
-167
-167
-167
-163
-163
-155
-157
-145
-145
-145
-145
-145
-145
-147
-147
-147
-153
-137
-135
-135
-129
-129
-131
-131
-131
-135
-137
-137
-137
-137
-137
-137
-139
-143
-151
-153
-165
-149
-149
-149
-151
-151
-141
-141
-133
-135
-131
-123
-119
-117
-105
-109
-113
-115
-113
-113
-111
-107
-101
-101
-99
-99
-95
-95
-97
-97
-101
-105
-105
-105
-105
-105
-105
-105
-111
-111
-113
-105
-105
-107
-109
-107
-109
-117
-117
-121
-121
-117
-113
-113
-109
-109
-109
-115
-115
-115
-115
-109
-115
-115
-115
-107
-107
-101
-101
-103
-103
-103
-109
-105
-101
-91
-91
-85
-87
-83
-83
-85
-77
-87
-79
-79
-77
-77
-75
-69
-61
-51
-55
-51
-51
-53
-55
-51
-51
-51
-51
-55
-53
-51
-49
-43
-43
-43
-43
-33
-33
-29
-23
-17
-17
-11
-21
-21
-21
-21
-19
-11
-1
1
-1
9
9
5
11
13
13
13
5
5
7
3
7
7
5
-1
-1
-3
-7
-7
1
5
11
7
15
25
25
31
31
35
35
31
37
37
45
47
45
43
49
49
51
47
47
49
45
51
57
49
53
55
51
57
59
55
47
51
51
53
53
63
57
57
55
47
45
45
49
49
55
63
63
59
57
57
57
57
55
61
61
61
59
59
59
43
43
47
51
43
43
33
35
39
39
43
49
45
31
37
47
55
51
51
51
51
51
53
59
53
43
47
35
43
45
45
41
33
31
27
43
53
53
61
57
53
53
45
45
49
51
51
51
41
49
59
51
59
53
47
47
55
59
57
65
65
51
51
53
57
61
71
71
73
73
79
87
79
87
85
93
83
81
81
81
81
69
63
63
63
63
63
63
61
61
63
63
69
69
69
69
65
63
67
61
65
67
75
75
83
83
79
87
79
79
79
81
81
81
81
85
99
91
87
87
87
87
87
91
101
101
105
109
109
115
115
117
117
113
115
115
119
121
131
131
121
125
133
131
131
129
129
129
135
135
125
113
115
115
125
125
127
121
121
121
121
127
121
121
127
123
135
133
133
135
135
139
143
143
149
147
147
143
139
147
151
151
151
153
147
153
155
151
149
151
151
151
155
155
163
167
171
165
155
163
163
163
165
149
145
145
137
141
143
143
137
139
139
143
141
151
147
151
149
141
147
133
127
113
113
113
113
111
115
115
123
115
117
121
119
121
123
127
131
131
137
141
135
137
141
145
139
139
137
137
133
131
143
143
147
151
157
163
167
173
173
173
173
175
183
179
179
177
177
181
181
173
173
169
163
163
159
159
161
171
169
165
153
153
165
155
151
153
161
161
173
175
181
179
175
179
177
165
163
171
173
175
175
179
179
185
191
191
187
191
191
191
191
191
185
185
185
189
189
185
187
187
187
185
191
189
183
179
181
181
183
187
187
187
189
185
185
193
193
193
189
181
181
187
181
185
183
183
183
183
189
189
185
185
187
187
189
193
193
199
201
201
201
195
195
197
197
197
195
193
189
189
191
195
195
195
195
197
197
197
201
193
189
193
189
195
185
183
185
185
189
195
195
185
189
189
189
183
181
179
175
175
173
171
169
169
165
167
167
167
165
165
165
165
163
157
157
161
163
161
161
155
155
161
159
167
169
173
177
183
183
187
195
197
189
177
177
183
189
189
193
193
191
191
191
195
193
189
189
191
191
191
197
209
211
221
221
225
225
219
213
223
213
213
211
205
205
207
209
215
211
217
213
213
215
211
203
203
205
217
225
215
223
235
235
247
249
257
247
251
251
251
253
245
251
251
251
251
251
249
255
245
245
245
243
247
247
243
243
243
243
243
237
237
237
241
239
235
239
237
233
241
249
253
247
247
251
265
273
277
283
277
277
279
277
279
285
283
283
279
273
269
269
269
269
271
263
263
257
265
265
269
275
281
291
293
297
299
299
299
301
301
297
289
289
287
287
287
277
277
269
271
265
257
251
249
255
245
239
233
233
233
227
223
223
217
219
219
219
219
219
217
229
217
223
219
219
221
217
217
219
215
215
215
215
221
215
205
213
207
207
207
203
205
211
205
205
203
203
209
209
213
209
209
209
209
203
211
211
215
213
213
213
213
205
205
213
215
203
203
201
199
197
197
203
203
203
203
197
197
197
205
205
205
213
217
215
221
221
221
221
217
215
215
217
207
209
205
205
205
205
199
197
199
201
201
201
209
209
211
213
219
227
229
229
227
225
227
227
231
227
229
229
229
229
239
239
245
235
235
235
235
225
231
229
229
239
229
229
221
221
221
221
223
223
223
219
219
223
225
225
223
227
227
219
225
235
237
231
233
241
239
239
243
247
251
251
251
243
243
251
247
245
245
239
239
237
237
237
235
239
245
247
247
247
247
247
247
237
231
227
229
231
227
227
221
227
225
225
223
223
225
225
231
225
225
221
219
219
213
209
215
215
227
227
235
235
239
249
249
239
245
245
241
241
241
241
243
245
251
237
237
237
237
239
241
233
233
235
229
229
225
227
227
233
229
223
223
227
227
233
233
233
231
227
227
227
227
227
227
217
207
211
211
211
211
211
221
217
209
209
211
219
219
223
217
221
221
231
233
235
239
239
239
239
239
239
247
251
247
247
247
247
245
245
241
245
245
245
245
241
241
259
259
259
263
267
265
267
277
283
283
281
283
283
277
277
277
281
281
283
289
287
277
277
283
275
277
277
287
295
295
293
293
303
301
305
301
307
307
307
299
299
295
293
285
281
275
273
273
277
283
277
273
273
279
279
279
271
271
259
267
265
265
265
251
249
247
243
241
249
249
253
253
253
249
255
263
267
263
261
259
259
257
257
255
255
259
259
251
257
257
257
255
239
235
235
229
229
229
229
223
229
235
225
225
219
219
213
213
215
217
215
219
219
213
225
219
219
203
213
213
209
205
207
207
207
207
203
203
203
203
207
213
213
213
213
209
215
223
233
241
241
237
237
225
213
213
213
213
217
209
207
215
221
219
219
215
217
215
219
225
231
231
231
231
223
211
211
211
215
215
221
225
225
219
219
225
225
219
211
209
199
197
197
205
213
211
221
221
215
221
217
217
215
219
215
215
215
211
219
227
217
217
217
213
207
205
203
203
203
203
203
197
203
199
191
189
199
199
209
207
213
213
207
205
213
213
219
215
215
221
225
235
235
235
235
235
235
233
239
237
241
241
233
231
243
243
247
247
247
247
237
237
231
225
231
235
237
243
247
249
251
257
255
255
255
255
257
261
263
261
261
261
261
255
251
251
251
251
247
247
247
247
247
243
241
237
225
239
233
237
231
231
227
229
229
227
225
225
229
219
225
229
229
225
221
221
221
225
225
219
215
215
211
221
221
219
219
217
217
217
217
227
229
229
239
239
235
241
251
251
251
251
251
245
245
249
249
249
249
247
251
251
251
245
251
243
239
231
229
231
241
243
239
247
245
259
253
243
239
239
245
245
241
231
233
233
229
229
223
215
209
205
199
199
193
193
193
195
187
187
191
185
179
183
183
189
187
179
179
181
183
183
173
173
163
153
145
145
149
149
141
141
139
139
139
141
141
141
139
139
131
131
129
129
129
121
117
107
105
105
101
95
101
103
101
97
95
95
95
89
97
93
93
93
99
99
95
91
81
81
81
87
93
99
97
101
99
99
97
95
87
83
91
89
99
99
91
93
93
97
105
109
109
103
107
105
109
111
109
109
109
117
121
121
125
125
129
135
139
139
139
139
141
141
141
147
145
145
145
147
151
151
149
149
149
153
155
167
175
173
179
179
179
185
183
177
181
181
181
187
191
199
187
177
181
187
191
197
203
211
211
201
195
185
185
183
191
191
183
183
183
181
183
185
183
187
187
183
191
187
187
187
187
179
179
175
181
181
183
175
175
175
175
173
173
173
171
167
165
165
165
165
161
167
167
169
169
173
183
183
187
187
181
167
165
157
157
163
167
163
169
157
149
143
143
153
153
153
157
159
153
155
159
161
165
165
165
159
151
145
143
149
149
149
149
149
149
153
145
145
139
139
149
149
135
131
141
141
141
135
135
135
135
137
139
139
143
143
139
147
147
143
143
139
147
153
153
159
159
157
157
167
169
167
167
167
173
173
177
173
173
185
185
185
185
183
191
201
201
195
209
209
209
205
213
213
213
213
213
213
211
221
213
213
201
199
201
201
205
203
203
209
209
211
211
207
211
215
213
229
229
237
241
241
241
247
241
239
241
241
229
233
225
227
227
223
225
225
225
221
233
239
239
239
237
237
225
227
225
231
229
233
233
235
233
239
243
251
263
263
267
251
251
251
249
249
239
239
239
239
247
251
251
249
251
251
251
251
249
249
247
247
245
235
243
245
245
245
251
255
261
261
255
251
253
253
245
241
241
245
239
239
233
233
227
229
227
227
221
215
201
201
201
205
203
203
199
197
193
193
193
193
193
195
187
185
185
185
179
175
175
179
181
181
185
187
197
197
197
193
191
199
199
203
203
203
195
203
215
215
225
225
231
231
227
235
233
233
233
231
231
231
231
231
235
237
237
233
231
221
221
225
221
229
231
231
227
227
227
227
235
229
225
223
221
229
229
235
235
229
227
227
229
219
219
219
219
209
209
209
203
195
191
189
189
181
173
173
173
173
173
165
161
163
163
161
159
163
171
171
169
169
165
161
171
175
177
181
185
185
185
181
191
195
191
185
189
195
195
195
197
197
197
195
195
195
199
195
189
187
179
179
173
169
169
155
155
153
155
147
137
149
159
159
159
153
145
151
149
149
151
149
141
141
147
143
153
153
155
157
155
155
153
155
143
135
131
131
131
131
129
129
129
135
135
129
129
137
145
145
151
147
151
147
147
147
151
151
151
149
141
141
141
151
145
149
149
149
147
147
145
147
147
151
137
141
141
141
145
149
149
151
151
155
145
143
143
143
143
143
143
143
149
151
151
155
159
159
157
157
149
155
159
149
149
155
155
153
159
157
155
159
155
155
159
173
171
181
181
177
193
187
187
183
181
171
165
165
167
161
157
157
155
155
149
149
153
153
153
157
157
157
157
161
161
149
155
145
147
151
149
149
157
161
161
163
167
177
173
177
179
181
175
163
163
167
171
171
167
167
167
159
161
165
165
167
167
165
169
173
181
177
173
169
181
187
191
183
183
183
183
191
195
199
207
211
213
211
219
223
223
223
223
221
217
215
215
215
215
219
219
225
231
231
231
231
225
225
225
229
221
219
223
231
227
225
227
231
231
225
223
215
217
215
215
215
215
213
217
223
223
223
227
229
229
225
221
221
227
221
221
221
219
227
231
229
231
225
233
227
227
227
233
239
245
245
245
241
247
247
237
231
233
231
237
237
247
241
239
241
241
237
231
229
221
211
197
201
207
199
201
203
203
209
215
215
215
213
205
205
205
199
199
199
199
199
199
209
205
213
213
207
215
211
211
215
213
211
211
207
211
213
209
209
201
191
189
191
183
193
193
199
203
203
199
199
199
203
203
193
193
181
185
185
187
187
187
191
185
179
187
187
187
187
187
189
189
189
189
189
187
187
185
183
183
175
165
163
163
157
155
155
147
157
157
147
151
137
135
135
141
137
139
137
137
133
133
131
129
129
129
131
139
135
137
137
131
129
127
129
125
129
133
129
129
127
121
121
125
125
121
109
109
109
107
109
115
115
109
109
105
103
97
97
97
93
93
91
99
99
91
99
105
105
105
105
103
103
103
101
101
101
103
103
99
95
95
85
85
85
85
85
97
93
93
93
93
95
95
95
101
101
107
109
109
109
113
113
121
121
121
123
131
131
131
131
131
135
137
137
137
137
137
141
141
133
131
131
133
135
133
133
129
129
129
131
131
123
123
131
129
129
133
123
129
129
129
123
129
133
135
129
123
123
129
137
139
135
135
125
125
125
125
125
125
117
117
113
113
113
107
113
113
111
113
111
107
105
107
107
107
107
101
97
95
99
105
107
107
101
109
105
113
113
113
119
119
123
115
115
117
115
113
111
125
125
133
127
127
125
125
125
125
117
109
109
97
97
97
99
101
105
117
121
121
121
117
125
125
129
123
125
123
121
115
115
115
121
109
109
117
119
121
121
131
133
131
131
143
153
151
151
147
143
137
141
151
153
165
175
175
175
181
179
183
187
183
183
175
175
175
175
175
171
171
167
167
157
155
157
149
155
163
163
165
173
181
185
191
191
191
189
199
189
189
189
191
201
205
205
205
205
205
205
207
211
211
211
215
207
203
205
213
213
213
209
209
209
209
205
211
209
213
213
217
219
219
219
217
223
223
221
221
221
221
219
219
219
221
225
225
219
219
217
217
217
221
217
217
217
217
221
223
217
219
217
227
231
231
227
235
239
231
225
219
217
217
221
221
231
231
231
229
229
229
229
227
225
221
221
221
231
235
235
233
241
243
249
249
247
247
247
247
249
247
257
257
249
247
247
245
249
247
239
239
231
231
231
231
239
229
225
237
223
227
211
211
213
213
211
223
225
233
231
233
231
231
235
223
223
227
227
233
223
221
223
221
221
231
231
229
231
231
229
225
225
225
215
223
221
225
223
223
213
209
209
217
217
221
221
217
211
211
207
207
213
211
211
211
217
217
215
217
225
225
217
223
215
211
205
211
209
203
209
207
207
207
201
193
193
193
193
191
187
179
179
175
175
173
173
165
167
181
181
181
179
181
177
169
161
151
147
147
151
147
145
141
141
139
135
135
135
139
141
139
135
135
133
137
145
141
141
141
147
145
141
157
161
155
159
159
161
161
157
157
157
167
167
167
163
155
155
155
155
157
153
155
155
155
153
153
147
153
153
155
151
151
151
143
149
149
151
151
151
149
143
145
147
159
159
177
171
171
171
159
153
155
155
151
151
157
149
149
145
145
155
157
155
155
155
163
163
153
153
153
139
139
139
141
141
139
139
137
137
145
145
135
141
139
139
143
133
137
131
131
131
133
139
145
145
145
145
145
149
149
149
147
151
161
161
161
155
151
149
165
169
161
161
165
169
169
169
175
175
175
173
181
183
175
179
173
173
173
167
169
173
173
179
173
173
173
177
171
175
173
165
165
167
167
157
157
165
169
169
169
171
171
171
167
167
159
159
157
157
159
157
169
169
171
179
177
179
175
175
171
165
165
159
159
161
159
153
153
153
153
155
155
155
153
149
155
155
157
151
155
153
143
143
137
139
137
135
135
137
137
143
141
139
145
135
129
131
131
143
135
133
141
143
147
147
147
141
139
141
143
145
139
141
151
149
147
147
147
151
151
151
147
151
153
157
157
153
145
145
145
149
145
143
143
143
141
149
149
149
151
151
151
153
151
151
149
145
147
147
147
157
157
157
153
153
165
165
165
169
169
169
173
173
175
185
185
183
175
171
169
175
167
165
167
167
169
169
169
173
173
173
173
169
169
169
167
167
167
167
175
175
183
183
187
185
187
183
187
189
181
181
179
179
177
177
179
181
191
193
189
189
189
189
189
197
193
197
197
201
195
191
195
191
189
193
191
191
191
191
191
195
195
195
195
185
191
189
189
193
191
191
191
181
195
195
195
195
195
197
193
193
185
185
185
179
173
181
173
171
171
175
181
175
167
169
167
159
159
159
153
157
157
153
151
153
153
149
149
153
157
153
153
155
155
155
155
165
157
157
157
159
149
151
151
157
155
161
149
145
145
141
151
151
149
151
153
153
153
153
151
147
147
141
139
139
141
141
141
149
149
147
151
161
161
157
155
155
161
153
157
159
153
153
161
165
165
163
163
161
157
153
151
153
145
149
145
135
141
151
151
153
153
149
145
145
145
137
133
125
131
139
129
129
127
129
131
131
133
133
137
129
131
133
123
125
123
133
137
137
137
137
137
137
143
139
139
145
153
161
159
159
161
167
175
183
183
175
171
175
171
171
167
167
171
163
163
165
163
163
161
165
157
163
161
151
159
163
161
159
171
171
173
175
183
185
185
181
181
183
189
185
187
181
181
181
181
181
173
171
171
171
169
169
169
169
171
179
185
181
181
185
189
189
199
193
201
203
197
191
195
199
199
199
199
199
199
201
201
197
197
201
191
187
187
187
175
179
179
179
173
179
189
187
191
191
191
189
191
191
199
203
209
209
205
203
201
199
195
191
195
195
195
195
181
187
193
185
183
193
189
189
189
199
199
199
191
187
185
185
187
187
187
185
195
203
203
199
199
203
205
219
219
223
227
225
227
225
225
225
225
233
239
235
235
237
237
247
239
241
241
245
245
245
241
245
245
237
237
237
245
243
243
247
251
251
259
259
263
259
253
253
255
261
257
257
257
265
271
271
271
267
259
259
255
249
247
241
241
237
245
249
257
255
257
249
249
249
253
255
263
269
269
267
269
271
277
281
285
285
277
283
283
283
279
281
283
283
283
283
279
273
283
281
283
283
277
281
275
283
279
275
277
269
271
273
267
267
263
255
253
257
251
251
251
247
239
243
245
253
253
253
245
247
257
257
253
253
259
259
267
267
271
269
273
273
269
277
277
275
275
277
277
277
277
279
271
273
273
275
273
263
269
269
269
271
271
267
273
277
263
261
259
259
265
265
265
271
271
271
279
267
267
267
273
279
281
279
283
287
287
295
287
285
287
285
281
281
281
289
281
277
275
277
281
287
289
287
283
283
283
273
281
279
267
261
259
259
255
257
257
263
263
273
279
291
293
293
289
287
287
283
281
285
283
283
281
279
279
277
277
281
281
283
287
287
281
285
285
285
279
279
285
281
281
277
277
275
281
281
293
293
289
289
281
291
293
291
287
287
283
281
281
283
283
291
299
291
287
287
291
291
291
291
291
289
291
289
281
277
267
269
271
265
265
265
263
267
261
263
265
265
275
277
277
277
263
263
263
263
265
265
271
269
267
271
269
269
275
263
261
267
263
251
261
251
253
259
261
273
273
277
279
275
265
269
271
271
267
263
259
263
267
269
273
273
273
271
267
267
267
267
261
263
269
267
269
269
263
257
261
261
257
257
245
235
233
233
229
229
229
229
235
235
231
239
239
239
243
239
237
233
233
233
233
231
235
235
235
243
243
247
247
247
241
243
253
253
253
259
267
267
261
261
261
255
259
259
259
259
259
263
259
273
273
273
281
291
291
295
297
299
301
291
291
289
285
287
287
285
285
285
291
291
289
289
277
269
263
265
275
277
277
287
299
299
295
291
291
291
291
287
287
287
287
287
285
285
285
293
297
289
291
293
295
295
305
303
301
299
299
299
297
289
293
293
291
287
287
279
279
279
279
279
277
277
277
279
279
275
285
285
285
279
279
287
281
283
277
277
275
281
279
283
287
285
293
297
297
289
291
293
295
295
291
291
283
287
287
281
279
279
279
287
281
281
267
265
263
257
249
255
255
251
261
261
255
259
263
259
265
271
271
271
275
275
275
271
275
265
273
273
273
273
273
271
275
273
263
261
261
265
273
273
275
273
285
281
285
285
285
277
279
285
281
289
297
299
299
305
303
303
303
299
303
303
309
299
297
297
295
291
285
283
283
285
285
293
293
293
293
291
291
291
291
295
283
283
283
283
275
275
271
269
269
265
265
259
257
257
257
269
275
271
273
279
275
277
273
273
273
269
265
271
279
283
283
277
273
273
269
269
275
273
275
277
279
271
269
269
269
263
257
257
261
255
255
251
239
239
239
245
247
247
239
239
239
247
237
247
237
227
227
241
241
235
235
227
231
235
235
233
233
233
233
229
235
229
237
239
239
249
243
245
241
237
241
249
249
251
251
251
257
257
259
263
269
269
269
269
271
275
283
291
287
291
291
285
285
275
275
275
277
271
283
273
267
257
267
261
255
249
241
233
237
227
227
235
231
231
231
221
215
215
215
215
215
213
207
211
201
213
205
213
227
227
227
215
215
221
215
209
211
211
207
211
211
201
203
209
207
201
205
205
203
203
207
207
207
203
203
197
195
197
197
199
199
201
205
201
195
203
205
203
197
197
193
197
205
201
211
209
203
207
203
203
203
199
191
191
185
175
171
171
171
171
171
175
179
181
179
185
181
181
181
179
181
181
175
175
175
173
173
181
183
183
183
183
191
193
207
207
207
207
209
205
209
207
209
209
217
209
209
203
201
197
201
201
195
195
197
197
189
181
179
179
179
175
183
183
177
185
185
175
177
175
187
177
177
181
169
171
173
175
173
181
177
179
173
169
169
167
167
163
163
173
173
163
165
151
157
157
163
165
163
169
169
175
183
183
183
189
183
183
187
193
193
193
195
195
195
195
195
193
193
189
187
187
185
181
181
187
189
199
203
203
203
203
203
207
209
213
213
217
217
217
227
229
229
229
225
213
213
213
211
209
209
209
209
211
213
219
219
225
221
221
219
219
217
215
223
223
229
229
233
233
229
231
227
227
225
215
219
217
209
217
217
225
225
225
223
223
223
225
237
239
241
239
237
239
245
251
253
253
253
251
249
249
243
249
255
255
249
249
249
251
251
251
253
253
253
253
263
263
265
265
265
265
259
259
259
257
257
257
257
265
265
265
265
257
257
255
251
251
251
245
247
257
257
255
255
257
273
275
275
269
269
275
267
271
271
265
265
265
251
257
249
267
261
265
265
261
259
269
269
269
265
269
265
265
265
259
273
273
267
261
255
257
257
257
257
265
263
267
263
273
273
277
287
287
281
273
281
281
279
271
271
271
271
265
265
265
263
261
261
261
253
253
247
253
253
251
249
249
247
249
249
253
253
255
255
255
247
251
251
247
241
241
247
251
253
253
261
265
261
255
251
253
257
255
255
255
251
245
245
243
251
251
259
249
251
253
265
265
265
269
269
269
269
269
269
269
267
267
269
269
269
269
271
273
275
275
261
269
261
257
247
235
229
229
229
233
231
221
217
229
225
225
223
229
225
225
233
247
247
247
241
241
243
235
235
237
241
245
247
235
235
251
251
251
245
239
239
239
237
237
229
237
239
239
239
237
239
233
221
219
215
217
217
217
217
211
213
213
213
217
217
211
211
207
207
211
213
219
219
223
223
225
215
217
217
217
217
213
213
213
215
215
213
211
215
215
215
221
221
221
219
215
211
207
213
215
213
215
215
217
217
217
209
207
207
213
209
209
205
205
205
205
199
199
207
209
209
201
205
211
213
209
213
225
227
227
237
235
235
231
231
231
223
219
221
221
231
231
231
225
225
225
229
239
233
233
233
233
231
235
237
231
225
217
215
215
215
211
213
219
225
225
219
219
213
209
209
205
203
205
209
217
221
215
227
219
211
211
207
199
199
197
199
201
207
213
215
201
201
195
193
193
191
191
191
189
189
203
197
199
197
197
201
201
203
203
203
207
207
203
203
203
201
203
199
199
205
205
207
195
191
199
195
191
191
191
189
191
191
193
195
199
199
199
191
191
187
187
183
187
187
187
179
173
173
171
167
167
165
165
165
171
171
179
179
169
173
183
183
183
185
187
187
187
195
197
193
195
193
191
191
191
191
187
187
187
187
193
201
201
203
203
195
201
201
201
203
209
199
197
189
189
189
191
195
195
195
191
191
191
191
195
201
201
201
207
211
211
211
205
207
209
211
209
209
205
207
207
205
205
207
207
209
211
207
207
207
209
217
223
223
221
223
219
225
225
225
227
217
217
225
223
223
221
221
221
227
225
215
215
213
213
213
215
215
219
221
221
221
217
217
217
221
217
223
221
217
217
217
223
225
225
227
227
233
231
231
223
233
233
241
241
249
251
255
255
255
255
255
253
243
255
255
255
263
267
275
279
273
279
273
271
271
273
273
273
277
277
281
285
285
285
285
285
289
287
287
287
293
285
285
279
273
273
277
269
273
273
265
257
259
259
259
255
247
247
247
247
241
245
237
237
237
237
231
235
235
235
237
239
237
237
231
231
225
217
219
221
229
229
229
231
235
237
235
241
235
239
237
243
243
245
245
245
249
247
247
247
245
243
243
243
243
243
243
249
259
267
257
255
249
257
257
261
257
259
261
253
255
255
261
259
259
261
261
259
259
251
251
257
261
253
253
253
249
261
261
261
259
255
257
251
253
253
263
271
269
269
269
269
275
275
277
277
289
287
287
301
301
299
293
295
297
289
289
281
275
275
275
275
275
273
273
281
281
285
285
285
285
271
271
281
281
279
279
277
277
277
277
279
279
283
287
283
283
283
283
287
281
283
283
287
287
295
291
291
291
285
285
277
275
283
283
281
279
271
275
275
279
279
285
289
293
295
291
291
293
297
305
307
307
313
321
315
313
313
311
313
315
311
311
311
303
305
305
295
287
287
283
279
279
279
265
267
265
259
261
255
259
257
267
261
267
277
277
277
279
285
277
283
283
279
283
287
287
287
287
283
289
289
291
291
297
299
301
309
323
337
329
329
327
325
323
321
325
329
319
315
319
319
309
313
303
295
299
305
305
301
301
301
305
305
297
303
303
303
295
291
291
279
279
273
277
273
273
267
267
263
255
251
251
247
253
253
249
249
253
249
247
251
251
243
243
241
227
231
231
233
235
239
239
233
235
235
237
231
223
229
227
227
227
223
215
215
215
211
211
217
211
207
207
207
209
209
209
209
219
209
205
201
197
201
201
199
191
185
175
169
173
167
165
165
163
163
163
163
163
163
161
159
165
157
149
149
139
135
135
139
139
141
155
157
157
161
161
159
153
155
149
165
163
161
161
159
159
157
153
155
159
161
157
161
161
157
157
153
149
149
141
141
141
143
141
135
135
133
133
129
129
135
135
135
137
131
123
123
119
119
123
117
117
119
111
117
117
129
129
129
133
131
129
127
117
119
125
135
137
123
125
125
125
125
125
135
135
135
147
145
147
151
149
155
155
167
167
163
155
147
147
139
131
135
135
135
135
131
131
137
143
145
141
141
147
147
139
145
145
145
143
145
137
141
145
153
147
147
143
143
139
139
147
147
157
153
153
149
151
151
149
155
147
145
145
145
147
147
157
157
163
155
157
153
145
149
145
139
139
139
135
123
123
125
125
117
117
117
113
113
103
109
109
109
109
119
125
113
109
111
111
107
107
107
107
107
115
115
119
117
117
111
113
119
111
111
115
121
125
133
133
133
139
147
147
145
139
139
131
135
137
137
137
133
139
145
145
145
149
139
135
131
131
141
153
155
155
151
143
133
135
133
135
135
137
133
133
137
127
119
119
127
127
135
123
123
123
113
105
103
99
101
105
109
113
115
117
111
113
117
113
113
111
101
101
93
87
87
93
93
83
83
85
81
85
87
87
85
83
83
89
93
93
93
95
93
93
93
89
89
93
95
93
93
93
93
93
93
93
93
93
97
107
113
117
123
117
117
111
111
107
107
105
105
105
105
99
101
101
97
87
95
105
109
109
105
101
99
89
93
97
99
97
89
89
89
83
93
93
89
99
89
85
89
91
89
97
97
97
107
109
109
109
115
111
111
121
119
121
121
121
119
119
119
127
135
135
131
127
127
131
135
141
141
151
151
151
147
151
151
151
159
155
157
159
161
161
159
163
163
163
167
167
167
167
167
175
175
175
179
183
179
179
187
187
187
179
187
193
193
193
193
193
193
199
193
197
193
193
191
191
191
183
183
175
177
179
175
177
171
175
175
175
175
175
165
167
167
175
179
187
187
191
185
187
197
199
205
205
209
199
199
197
197
197
197
193
189
189
189
189
191
189
189
195
199
205
197
197
189
189
185
185
185
187
191
193
189
197
197
199
195
197
201
201
197
199
199
203
203
203
203
203
199
201
201
209
209
209
209
205
207
207
205
205
201
195
203
197
195
195
183
181
183
181
179
173
167
157
157
161
161
163
163
165
165
165
165
165
159
159
159
165
161
161
161
161
167
165
159
165
169
167
163
163
163
163
157
145
143
147
139
137
145
145
141
141
141
141
129
129
129
129
129
127
139
139
145
145
145
137
137
145
147
153
153
153
153
151
151
155
155
157
163
165
159
149
151
153
155
165
157
157
157
157
167
163
163
163
163
167
175
179
179
179
179
183
183
185
185
187
187
187
183
183
175
187
191
183
183
183
181
183
179
171
169
165
165
165
161
155
155
149
149
149
141
147
151
153
163
163
163
173
173
173
175
175
179
177
173
173
165
159
159
159
155
153
153
153
159
159
167
163
157
157
153
151
159
159
159
155
155
155
147
147
151
163
165
165
161
153
159
159
151
157
151
159
153
151
151
153
155
155
163
161
159
159
169
163
155
157
157
157
149
147
139
143
143
135
147
147
149
145
149
157
151
157
157
163
155
149
147
141
141
147
147
145
143
139
129
129
129
133
129
129
119
125
119
119
119
119
107
113
107
103
103
97
97
95
91
83
87
87
93
85
79
79
69
71
69
67
61
57
61
59
55
57
59
63
55
55
59
61
61
61
63
65
73
71
65
65
59
59
57
45
51
51
49
49
49
49
49
47
47
45
37
35
37
33
41
37
49
47
45
33
41
45
43
43
53
53
51
53
49
49
49
43
45
51
51
55
63
63
53
49
49
49
43
45
47
49
61
67
57
57
55
55
67
67
67
69
71
65
65
65
65
67
69
71
71
73
69
75
67
71
75
75
73
77
77
73
71
75
87
83
75
75
77
73
67
61
63
57
61
55
49
49
61
61
73
87
89
95
95
95
93
93
97
99
105
115
119
127
125
125
113
113
107
107
111
109
109
105
109
109
103
105
105
107
107
107
103
107
103
103
103
103
103
105
109
107
101
111
111
103
107
105
99
95
99
99
95
97
93
99
93
93
89
89
85
83
79
69
69
69
63
63
65
63
73
73
73
69
75
77
77
87
93
89
93
93
95
81
81
73
71
71
65
67
67
67
65
65
61
55
55
49
49
55
55
61
63
63
67
61
71
71
81
81
79
79
83
87
87
83
85
93
87
89
87
87
93
97
99
99
97
93
91
89
93
93
99
99
97
101
101
103
99
91
95
89
97
99
99
99
93
85
85
85
81
91
95
99
93
93
93
97
101
101
101
103
111
111
107
107
97
97
87
87
89
89
89
89
87
87
95
95
93
83
83
85
85
83
79
79
73
77
71
71
75
71
73
75
81
81
79
79
79
75
67
77
83
83
83
89
89
93
85
85
85
81
69
71
71
65
57
51
43
43
37
37
37
35
35
35
35
37
35
45
47
47
47
53
67
67
67
71
65
69
75
75
83
83
85
77
79
77
85
89
95
95
99
107
107
107
101
101
101
101
101
95
99
99
99
97
95
97
93
93
95
101
101
101
103
105
99
101
99
95
95
95
87
87
95
95
95
93
93
99
99
103
111
107
105
105
105
105
103
107
107
107
107
109
103
101
103
109
109
107
111
113
117
119
121
121
127
127
127
119
121
125
125
125
123
125
125
123
117
111
115
121
113
125
131
135
131
135
131
135
139
143
147
151
161
159
159
171
167
167
169
161
167
167
171
171
173
177
177
177
183
185
189
189
191
183
183
183
179
185
191
191
187
189
189
191
191
187
195
195
195
197
197
197
199
205
209
217
223
215
205
201
211
215
215
211
205
201
193
195
205
201
193
201
201
199
199
191
189
185
195
195
197
197
189
189
191
181
171
171
165
157
