-2617
-2611
-2603
-2593
-2583
-2577
-2571
-2561
-2557
-2553
-2541
-2533
-2523
-2521
-2513
-2507
-2501
-2493
-2489
-2479
-2471
-2465
-2465
-2463
-2453
-2443
-2433
-2423
-2413
-2409
-2407
-2401
-2393
-2385
-2381
-2371
-2371
-2371
-2365
-2355
-2347
-2347
-2335
-2329
-2321
-2309
-2305
-2303
-2299
-2301
-2289
-2283
-2273
-2275
-2275
-2269
-2269
-2257
-2247
-2245
-2235
-2221
-2223
-2217
-2207
-2201
-2193
-2187
-2179
-2171
-2157
-2153
-2141
-2133
-2127
-2129
-2119
-2107
-2101
-2095
-2093
-2093
-2085
-2077
-2073
-2071
-2077
-2075
-2071
-2071
-2069
-2061
-2063
-2067
-2061
-2059
-2065
-2055
-2055
-2039
-2025
-2023
-2019
-2027
-2017
-2009
-2001
-1999
-1995
-1995
-1985
-1981
-1983
-1983
-1989
-1979
-1973
-1971
-1959
-1953
-1953
-1957
-1951
-1943
-1941
-1939
-1937
-1927
-1925
-1927
-1917
-1915
-1905
-1905
-1897
-1889
-1881
-1871
-1869
-1857
-1853
-1847
-1835
-1827
-1817
-1819
-1825
-1831
-1825
-1815
-1813
-1801
-1787
-1779
-1771
-1763
-1761
-1757
-1747
-1749
-1751
-1741
-1743
-1735
-1741
-1739
-1735
-1719
-1719
-1713
-1709
-1709
-1705
-1699
-1693
-1685
-1687
-1683
-1681
-1673
-1675
-1675
-1671
-1683
-1675
-1667
-1665
-1659
-1657
-1643
-1633
-1617
-1609
-1597
-1587
-1589
-1577
-1569
-1567
-1557
-1555
-1547
-1539
-1545
-1547
-1545
-1535
-1531
-1523
-1513
-1501
-1505
-1499
-1493
-1487
-1479
-1477
-1473
-1471
-1471
-1471
-1473
-1465
-1463
-1463
-1455
-1447
-1449
-1453
-1443
-1443
-1443
-1439
-1439
-1433
-1425
-1419
-1417
-1409
-1397
-1387
-1391
-1387
-1389
-1385
-1383
-1391
-1389
-1379
-1379
-1377
-1373
-1363
-1357
-1349
-1349
-1341
-1335
-1329
-1323
-1323
-1315
-1311
-1303
-1301
-1293
-1289
-1287
-1283
-1275
-1271
-1263
-1259
-1265
-1255
-1251
-1241
-1245
-1241
-1239
-1237
-1221
-1221
-1211
-1207
-1201
-1197
-1199
-1201
-1201
-1195
-1193
-1187
-1191
-1195
-1181
-1175
-1173
-1169
-1153
-1151
-1151
-1149
-1143
-1149
-1151
-1151
-1151
-1141
-1125
-1119
-1117
-1113
-1109
-1115
-1115
-1107
-1101
-1101
-1111
-1111
-1115
-1111
-1109
-1099
-1097
-1087
-1087
-1089
-1075
-1075
-1065
-1065
-1065
-1061
-1053
-1041
-1041
-1037
-1037
-1043
-1043
-1037
-1041
-1041
-1035
-1021
-1011
-997
-991
-983
-989
-991
-995
-999
-991
-989
-979
-979
-985
-981
-981
-981
-971
-969
-967
-971
-973
-975
-975
-983
-969
-975
-977
-969
-961
-949
-945
-937
-923
-915
-907
-899
-899
-899
-909
-907
-909
-903
-901
-893
-881
-879
-879
-867
-865
-855
-855
-853
-855
-851
-843
-829
-825
-815
-815
-815
-811
-811
-799
-803
-803
-811
-799
-807
-799
-811
-805
-797
-795
-791
-783
-773
-769
-771
-765
-769
-763
-757
-757
-757
-747
-743
-747
-743
-741
-743
-745
-741
-741
-741
-743
-741
-737
-731
-731
-731
-727
-723
-727
-723
-715
-711
-699
-689
-691
-691
-695
-695
-691
-697
-699
-695
-691
-693
-691
-693
-677
-665
-665
-661
-661
-653
-653
-645
-643
-635
-629
-629
-629
-633
-641
-631
-627
-625
-617
-611
-619
-615
-609
-609
-615
-615
-607
-605
-601
-601
-595
-591
-583
-581
-587
-587
-581
-577
-571
-565
-557
-551
-553
-557
-567
-559
-559
-561
-551
-549
-543
-535
-539
-529
-515
-515
-521
-529
-533
-527
-527
-521
-519
-517
-517
-517
-503
-505
-499
-493
-493
-487
-475
-469
-465
-469
-469
-461
-473
-473
-467
-467
-459
-449
-447
-445
-443
-443
-441
-429
-439
-441
-449
-451
-443
-437
-435
-435
-439
-437
-435
-431
-431
-427
-421
-415
-415
-407
-407
-415
-413
-411
-409
-407
-401
-411
-407
-397
-399
-399
-397
-389
-399
-393
-389
-377
-371
-377
-375
-379
-381
-379
-379
-377
-371
-371
-373
-381
-383
-383
-379
-371
-365
-367
-367
-369
-373
-367
-363
-357
-357
-361
-357
-355
-363
-355
-347
-349
-345
-345
-337
-333
-339
-337
-333
-333
-329
-325
-325
-327
-327
-323
-317
-309
-309
-309
-303
-297
-295
-295
-293
-289
-289
-293
-293
-293
-287
-279
-275
-275
-267
-253
-247
-251
-241
-239
-249
-247
-237
-243
-241
-241
-233
-243
-241
-249
-247
-247
-243
-247
-243
-243
-243
-245
-245
-245
-243
-243
-247
-247
-259
-253
-251
-245
-247
-249
-259
-259
-263
-255
-249
-253
-243
-233
-237
-231
-239
-229
-233
-237
-235
-231
-233
-231
-233
-227
-227
-229
-227
-227
-225
-225
-229
-231
-231
-229
-227
-221
-213
-213
-215
-219
-219
-213
-211
-209
-211
-211
-213
-205
-203
-199
-197
-205
-199
-205
-211
-211
-203
-199
-205
-205
-199
-203
-199
-203
-201
-199
-195
-203
-199
-197
-203
-209
-217
-213
-221
-213
-213
-215
-217
-219
-225
-225
-229
-231
-225
-225
-227
-241
-241
-235
-235
-243
-241
-227
-223
-219
-213
-213
-213
-205
-207
-197
-205
-205
-205
-197
-195
-189
-185
-189
-187
-187
-189
-195
-195
-191
-199
-197
-201
-205
-209
-207
-211
-207
-207
-203
-193
-189
-181
-171
-175
-175
-179
-181
-181
-185
-181
-185
-177
-177
-179
-173
-169
-171
-163
-161
-155
-153
-159
-163
-169
-169
-173
-165
-165
-171
-171
-167
-159
-171
-175
-177
-173
-167
-167
-171
-171
-175
-171
-161
-161
-161
-155
-149
-153
-157
-149
-151
-141
-133
-133
-129
-129
-119
-111
-105
-95
-87
-87
-77
-77
-75
-69
-75
-69
-75
-71
-71
-71
-71
-65
-61
-75
-63
-63
-53
-49
-53
-59
-63
-59
-57
-55
-53
-53
-57
-55
-41
-49
-49
-49
-45
-49
-49
-49
-37
-47
-43
-41
-51
-53
-59
-67
-69
-73
-65
-65
-59
-59
-57
-59
-55
-61
-63
-63
-69
-65
-57
-57
-57
-55
-49
-61
-53
-55
-39
-35
-33
-25
-25
-33
-31
-25
-23
-27
-27
-23
-35
-35
-41
-49
-47
-47
-41
-41
-41
-39
-43
-49
-47
-43
-41
-47
-55
-49
-49
-53
-49
-47
-49
-55
-57
-49
-39
-39
-33
-25
-19
-15
-17
-17
-17
-19
-23
-33
-33
-37
-43
-27
-17
-7
-1
5
5
13
7
15
27
19
17
23
21
29
33
29
31
33
37
41
43
41
45
45
51
49
55
57
53
47
51
57
61
67
77
77
75
71
69
69
67
57
51
51
51
41
35
39
33
31
29
23
21
21
17
23
19
21
11
13
7
13
23
19
23
15
13
13
11
11
7
13
21
23
19
23
31
31
35
49
53
57
59
65
65
65
69
79
77
75
69
73
73
75
75
71
81
85
85
83
91
91
81
73
67
65
73
73
73
65
65
73
85
85
83
85
93
93
99
99
103
115
115
103
109
107
103
109
113
115
127
123
123
127
121
121
123
129
115
121
125
111
105
107
107
101
101
105
111
121
127
131
133
133
133
137
151
145
137
141
145
145
141
147
145
147
145
147
143
149
153
167
167
167
165
169
163
165
171
169
171
175
175
175
177
185
183
175
167
167
163
155
159
161
165
167
165
167
159
155
149
145
149
149
149
153
155
161
165
157
157
161
165
167
163
159
159
159
163
165
171
171
161
155
155
155
159
159
167
181
183
183
177
181
173
175
171
165
165
165
165
169
161
165
163
167
167
163
169
175
175
175
173
173
161
157
159
163
159
153
155
151
159
167
157
157
153
155
159
157
161
161
157
159
159
159
161
157
145
141
139
137
141
141
141
141
141
153
155
155
151
159
157
147
157
155
155
159
159
163
159
165
169
169
171
175
161
153
161
159
159
159
161
157
155
157
155
157
147
147
141
141
133
133
145
149
149
151
153
157
159
153
151
149
147
147
139
141
147
147
143
151
153
147
143
145
149
145
145
141
143
137
139
145
157
157
167
165
163
167
159
157
161
163
173
163
161
163
161
153
151
159
155
147
145
149
149
151
145
139
149
137
137
133
137
131
131
127
123
127
141
137
141
137
141
131
135
143
143
149
143
155
165
165
167
153
165
165
167
163
161
161
169
169
167
171
161
165
165
167
165
155
159
159
159
161
163
165
177
175
183
187
187
195
189
185
187
191
191
187
187
187
193
183
187
181
183
187
187
187
195
193
201
205
211
199
199
197
191
187
191
191
183
191
189
193
185
187
191
193
181
185
177
177
177
177
177
165
163
159
157
157
161
157
149
149
145
143
143
141
151
153
153
155
157
155
157
151
145
147
147
141
141
133
141
133
129
125
125
123
133
129
131
125
115
109
117
113
109
115
117
109
119
119
129
129
131
129
129
139
133
137
129
133
135
141
147
147
145
145
153
145
151
139
141
147
147
147
161
165
165
165
155
159
159
159
163
163
167
167
175
177
179
179
179
181
173
177
177
183
183
187
191
193
199
199
197
187
187
191
191
189
201
203
207
201
199
199
195
193
193
189
187
187
189
189
195
193
191
185
185
197
197
203
199
197
201
203
203
201
195
201
201
195
197
191
189
193
193
187
181
173
181
171
171
165
167
151
151
149
155
155
155
157
171
173
171
171
167
167
159
157
153
155
157
157
167
163
159
163
163
167
161
155
143
143
139
145
153
153
151
159
161
167
163
163
161
165
163
171
165
165
171
185
179
171
171
163
169
165
177
183
185
183
185
189
197
195
191
187
185
177
171
177
181
171
169
169
159
161
163
157
155
169
169
169
171
181
179
183
185
173
181
181
185
191
195
195
201
203
199
207
205
213
213
211
213
219
227
237
237
229
223
215
209
203
205
209
211
215
225
231
225
227
227
217
217
225
233
227
221
215
205
197
199
199
189
193
193
189
199
203
205
203
193
193
191
191
195
195
191
173
169
161
157
167
171
173
177
173
175
167
167
163
163
169
169
169
163
161
161
157
161
163
167
165
165
165
167
167
163
171
171
169
167
165
161
161
167
165
163
161
161
163
161
155
153
157
157
153
147
145
137
137
137
137
127
123
123
115
115
119
117
123
137
147
145
153
149
149
147
151
151
155
157
151
153
149
147
145
149
149
143
137
143
141
133
141
149
149
157
145
139
127
137
137
147
149
149
153
153
159
159
151
155
149
151
143
139
135
145
147
149
157
153
153
161
161
163
153
147
147
145
149
141
141
137
137
139
133
131
133
131
125
135
135
137
131
131
117
123
119
119
117
119
123
125
127
129
127
123
125
129
129
133
143
143
141
143
143
145
151
149
145
147
149
159
153
161
163
159
159
163
163
163
167
163
159
155
149
145
145
141
145
141
141
139
131
133
133
123
125
117
113
121
133
129
129
131
135
139
143
147
141
141
131
127
133
131
135
139
135
141
149
155
151
147
131
125
129
133
137
147
141
127
121
117
117
117
117
123
123
119
127
139
131
133
125
127
119
121
125
123
115
107
103
101
97
101
101
95
87
91
91
93
85
85
89
75
85
89
91
83
87
87
87
89
93
91
103
105
107
115
117
113
113
109
117
117
105
97
103
103
111
113
111
113
111
113
125
117
117
121
123
123
127
133
131
135
133
131
125
121
123
125
129
125
121
119
119
121
113
123
119
113
117
115
115
115
109
107
107
109
107
111
101
91
99
91
83
83
83
83
73
81
81
81
85
85
99
101
103
103
97
97
95
95
89
91
101
89
89
83
83
83
77
79
81
83
87
97
93
91
99
107
107
93
93
87
83
83
81
73
71
77
77
83
91
95
89
85
89
87
89
89
93
85
79
77
81
89
89
93
97
99
101
99
105
99
99
95
101
105
115
109
107
107
109
115
117
117
117
115
117
123
119
123
129
137
141
147
147
135
131
125
123
127
133
131
131
121
121
125
113
119
119
129
129
133
133
135
127
127
125
125
129
125
119
121
125
127
129
129
125
135
129
131
127
135
131
121
121
117
115
115
111
115
125
115
107
111
117
123
115
115
115
107
105
99
93
89
93
93
91
87
91
99
95
85
83
83
83
89
91
93
101
107
99
95
95
87
91
93
95
93
95
89
91
91
89
83
81
83
85
87
91
91
91
91
93
91
93
97
101
101
105
105
111
101
113
113
121
115
103
109
105
99
89
91
87
89
93
93
89
83
85
85
85
83
89
95
93
101
97
91
91
97
81
95
97
101
105
103
103
111
111
115
109
103
105
109
103
97
99
101
107
107
101
105
115
117
115
115
115
117
117
119
119
119
119
111
113
107
113
101
101
105
105
115
115
107
117
115
117
123
115
107
107
109
101
97
95
97
93
83
83
89
95
89
89
95
101
105
115
115
115
111
109
109
113
107
107
95
95
107
105
105
101
103
95
87
87
87
87
89
91
99
103
111
107
105
105
97
103
103
97
99
105
99
109
101
107
115
119
115
123
119
123
121
117
113
117
113
121
131
131
135
139
133
121
123
121
121
119
119
119
115
121
121
119
115
117
117
113
113
109
111
111
109
113
113
105
101
95
97
93
99
97
99
99
101
97
97
99
101
101
101
109
113
125
115
119
113
113
121
111
119
129
129
129
125
131
135
131
129
123
113
109
113
119
101
97
87
87
85
89
89
87
79
79
83
83
81
83
83
81
91
91
83
85
95
93
87
89
87
87
83
81
81
79
73
73
73
71
71
75
75
75
77
77
77
77
75
73
73
69
69
69
61
55
55
61
73
65
73
83
85
87
95
91
87
87
97
103
107
111
109
101
99
93
83
77
79
83
91
95
95
89
79
77
77
79
85
89
93
93
93
103
101
109
105
105
109
103
109
105
103
105
97
95
91
97
103
103
111
105
109
101
107
111
115
113
113
107
105
95
91
91
91
93
89
85
87
85
89
87
81
79
79
79
77
79
79
83
93
95
97
93
93
99
89
83
87
89
89
87
75
71
75
67
67
67
67
65
81
89
87
83
83
79
79
83
85
87
83
75
75
77
71
73
77
79
79
81
89
89
87
93
101
109
115
113
125
131
127
119
123
119
123
119
127
131
135
143
137
143
143
149
155
157
157
167
151
149
149
149
157
167
155
159
159
165
163
155
159
149
145
145
145
141
147
147
139
129
127
127
121
117
115
117
125
125
127
125
111
99
95
93
89
93
93
93
95
89
89
83
75
69
71
71
73
73
67
67
67
67
65
67
77
77
83
83
83
83
89
83
83
81
83
83
75
75
75
67
65
65
61
65
57
55
51
51
41
41
43
45
53
51
47
55
55
53
61
57
57
49
45
39
43
49
51
47
61
57
69
71
63
53
53
53
55
51
51
47
47
43
41
27
19
23
19
19
19
19
25
15
11
17
21
15
17
15
9
-1
-1
9
5
11
13
11
11
17
11
7
9
17
17
3
3
7
9
17
17
13
15
19
23
27
25
25
25
27
29
27
27
27
25
19
19
17
11
15
25
25
27
27
35
39
31
19
25
25
23
21
27
13
19
13
15
31
25
35
37
35
35
39
43
41
35
29
19
19
23
21
21
15
15
19
23
25
25
17
17
17
9
9
7
7
15
23
21
17
17
21
17
13
19
29
29
21
31
27
33
31
33
33
29
33
27
27
29
37
37
33
27
29
29
29
29
31
31
37
39
37
39
37
41
41
37
29
31
27
35
27
27
21
21
15
19
19
19
17
11
11
11
13
5
5
5
17
17
17
25
21
25
23
23
23
23
23
25
15
19
11
11
-3
-1
13
15
5
9
-3
-7
-17
-15
-13
-19
-11
-11
-19
-13
-13
-23
-25
-27
-33
-27
-23
-21
-21
-23
-27
-27
-21
-13
-13
-9
-17
-15
-21
-21
-17
-33
-33
-27
-27
-27
-19
-21
-29
-37
-41
-39
-39
-39
-35
-39
-39
-31
-35
-33
-49
-53
-43
-39
-35
-49
-59
-51
-47
-47
-53
-53
-51
-51
-45
-39
-35
-39
-25
-25
-29
-29
-33
-29
-29
-25
-23
-21
-21
-27
-27
-23
-19
-19
-29
-29
-21
-25
-25
-25
-23
-27
-35
-35
-31
-31
-37
-29
-31
-39
-43
-47
-49
-35
-35
-21
-23
-15
-21
-17
-17
-13
-11
-21
-27
-19
-19
-17
-23
-21
-27
-27
-39
-41
-35
-33
-31
-39
-39
-53
-55
-45
-43
-41
-41
-33
-31
-29
-37
-39
-39
-37
-37
-31
-33
-27
-33
-37
-23
-19
-13
-25
-23
-31
-27
-23
-31
-31
-41
-35
-43
-43
-49
-43
-37
-33
-29
-37
-29
-41
-33
-47
-51
-51
-51
-53
-49
-53
-49
-43
-47
-41
-45
-35
-39
-43
-39
-39
-41
-35
-33
-23
-19
-15
-19
-19
-17
-17
-15
-15
-7
-7
1
5
7
9
5
7
15
17
27
27
41
47
39
39
39
39
39
33
33
33
35
41
47
51
51
55
53
45
47
51
47
43
47
35
31
31
31
37
41
45
43
39
47
41
41
39
43
45
43
49
53
63
67
71
77
79
87
89
93
95
95
97
97
105
95
99
107
113
117
115
123
129
129
127
129
131
125
131
127
125
129
135
129
129
133
133
121
121
119
119
115
117
121
117
119
123
127
133
131
131
131
129
131
135
135
141
143
143
143
149
151
151
145
149
147
147
151
153
159
151
149
151
143
143
139
141
141
145
143
145
155
163
163
159
163
171
173
179
181
179
181
183
175
165
161
161
159
155
155
157
145
151
153
165
165
161
175
171
171
173
171
169
177
175
173
175
175
177
173
179
179
173
179
177
173
181
189
191
203
211
217
217
223
231
229
237
233
233
229
237
231
227
231
223
231
233
231
223
227
215
221
217
211
215
221
229
229
237
237
229
227
227
219
223
219
217
215
223
231
231
235
235
229
237
237
237
237
237
231
229
229
227
231
235
231
231
231
229
229
229
223
221
221
227
231
225
227
229
241
251
255
251
253
253
257
243
243
243
245
249
259
243
235
237
245
245
251
245
243
243
241
243
237
235
241
245
253
253
249
247
249
249
259
261
269
271
271
265
259
257
257
263
261
261
255
261
261
259
259
255
265
265
263
263
265
255
253
261
257
249
247
243
245
237
233
229
229
225
225
229
233
229
233
235
235
229
221
221
219
221
219
227
225
219
215
209
203
203
197
193
199
201
197
191
187
185
181
179
173
175
167
167
177
169
169
165
171
167
159
163
163
165
161
163
155
149
149
147
147
149
147
147
153
153
161
171
165
165
153
157
151
143
133
135
139
135
141
137
151
147
143
145
149
149
151
157
155
161
167
167
159
149
155
159
157
155
157
153
157
159
161
163
167
171
175
181
179
173
177
175
163
163
171
161
161
161
163
163
167
175
165
163
167
171
179
179
179
179
173
181
177
177
179
173
173
175
179
181
187
187
181
177
173
169
169
163
161
161
153
141
143
141
129
127
133
119
111
103
99
101
109
99
103
103
105
107
107
111
121
125
129
129
129
133
131
137
137
143
153
153
155
151
157
153
163
163
159
161
153
153
151
151
157
153
153
151
151
151
151
151
147
151
151
157
167
173
169
169
173
171
187
191
189
175
171
171
173
169
169
175
179
175
183
183
177
177
189
179
183
175
181
185
185
189
183
187
191
201
197
197
205
217
217
215
215
207
203
203
201
201
197
195
187
193
189
185
185
183
183
185
193
193
181
189
191
187
185
179
177
175
179
175
175
181
173
181
173
175
187
189
199
197
211
221
217
225
231
231
231
227
227
235
233
233
237
231
235
233
229
229
231
231
239
239
237
225
225
235
235
237
239
237
237
235
231
235
231
231
231
227
237
247
245
247
251
253
245
243
243
247
249
251
251
251
251
249
245
241
241
243
245
243
239
243
235
239
231
239
243
245
251
251
249
249
247
249
255
255
251
261
261
255
265
275
267
261
259
253
249
255
253
267
279
277
277
269
269
269
265
269
273
273
273
279
271
271
271
271
277
285
285
291
297
295
303
303
305
301
301
301
299
291
291
293
303
303
295
289
285
291
299
289
287
277
277
271
261
265
269
269
269
277
277
281
279
271
267
277
277
281
285
285
277
273
277
277
285
289
297
295
303
301
301
309
301
297
303
299
299
299
299
305
299
301
301
301
291
293
303
307
313
313
305
293
293
293
299
295
301
305
305
299
295
301
299
297
299
299
299
305
307
301
297
291
297
303
303
309
315
315
303
305
305
309
311
311
315
317
317
317
317
317
309
299
307
295
289
293
301
299
297
291
291
281
279
281
283
277
281
289
287
287
289
287
285
287
283
277
283
293
293
293
293
303
305
305
309
307
307
305
305
305
309
313
311
309
313
311
321
325
319
311
311
307
307
309
317
327
327
327
327
337
341
343
347
353
353
353
353
361
351
355
349
349
345
341
339
355
359
365
375
371
383
383
383
371
371
371
371
371
369
369
361
363
367
365
367
371
371
371
365
363
365
371
377
371
359
363
357
361
359
359
363
365
373
375
383
367
365
365
355
351
345
347
353
349
357
355
351
347
347
335
329
329
329
329
329
327
325
327
327
327
317
331
335
337
337
343
345
347
343
349
349
347
345
353
353
353
351
351
347
347
339
335
333
333
327
317
319
327
327
315
311
311
315
315
321
331
335
335
331
339
331
329
327
327
321
317
319
321
315
315
333
339
341
341
337
339
337
337
341
339
343
339
339
339
339
339
341
329
331
333
323
315
313
303
305
303
293
299
299
287
291
287
287
293
295
289
299
291
297
299
299
299
301
287
289
295
295
289
287
287
283
291
283
277
277
277
277
269
269
279
279
281
277
275
273
275
277
277
277
277
283
277
277
271
267
267
269
267
265
261
261
265
269
267
269
269
269
263
265
265
265
267
267
267
267
265
263
259
261
257
257
259
263
267
261
265
263
263
259
259
259
255
257
253
253
251
251
249
239
239
239
241
241
241
241
241
243
243
239
229
237
237
229
225
223
223
235
231
235
229
229
237
229
235
233
227
227
229
233
225
223
231
227
221
227
229
227
229
237
235
235
229
229
231
225
225
229
231
235
231
227
235
231
231
229
233
233
237
235
241
231
229
223
223
223
231
231
229
227
227
231
229
229
233
231
227
225
231
237
237
233
229
233
233
233
241
231
229
233
237
237
233
225
225
227
229
231
229
229
229
231
231
225
219
209
197
197
197
197
203
215
221
221
215
203
207
207
207
209
211
211
205
211
209
207
207
213
225
227
235
231
229
235
233
239
249
255
259
257
253
253
245
245
245
249
245
249
249
247
249
253
257
255
255
253
253
251
253
251
255
253
249
255
249
257
247
255
257
263
267
273
271
269
269
271
269
267
263
265
269
273
271
271
271
277
277
277
279
283
283
281
283
281
275
279
285
285
285
271
265
265
265
261
257
267
267
269
265
265
263
263
259
263
273
269
263
257
257
249
257
255
255
245
245
245
253
253
255
255
247
247
245
251
245
247
241
231
233
231
227
223
221
217
215
213
205
205
205
217
213
223
235
237
231
229
225
225
225
241
239
237
235
235
223
221
229
233
235
229
241
227
233
229
229
227
227
217
217
225
219
223
229
229
233
229
239
243
239
239
237
235
231
233
237
239
235
229
229
229
227
227
227
219
215
215
207
203
199
201
197
199
211
205
201
205
199
191
195
201
201
209
219
221
229
235
239
233
233
237
237
237
235
233
233
227
227
215
207
215
229
241
243
247
243
241
241
255
257
257
253
261
267
267
273
285
289
283
279
283
287
285
283
287
291
301
301
297
297
293
297
305
309
313
313
323
321
321
323
317
319
321
325
331
331
337
339
341
329
331
331
331
329
329
337
329
331
329
325
329
317
317
317
319
321
321
331
331
337
343
345
355
355
351
351
353
361
361
361
357
357
353
345
345
339
331
339
339
335
333
329
331
329
329
333
339
339
339
331
329
327
331
327
325
325
321
321
323
323
317
315
305
305
305
305
299
299
299
295
295
291
289
289
293
299
291
297
297
293
289
297
291
287
295
287
279
273
277
275
273
277
285
277
273
273
281
277
277
281
287
277
267
257
255
257
257
255
259
259
265
265
269
271
277
271
273
269
265
263
255
265
265
269
275
259
259
261
255
257
249
247
239
237
231
227
227
231
223
225
225
225
229
231
237
233
219
227
235
237
237
231
235
231
237
241
249
251
247
243
247
247
239
247
251
251
255
247
243
235
235
237
239
253
245
247
239
237
237
235
243
239
239
241
237
241
241
233
229
227
227
231
231
231
231
227
231
231
231
229
223
221
221
225
219
223
227
229
227
225
225
233
235
229
229
223
223
213
207
211
223
217
217
209
209
205
205
219
213
213
203
207
197
197
201
199
199
205
207
215
215
217
227
225
217
217
219
223
223
229
221
219
221
213
217
207
203
215
213
213
213
217
221
215
215
219
217
219
217
227
227
217
221
217
207
201
207
203
207
213
213
213
211
215
215
207
207
205
205
189
187
183
179
181
181
181
185
185
183
181
179
183
185
189
189
187
187
191
177
185
181
179
183
181
183
169
181
177
169
169
173
173
173
171
175
169
171
179
185
189
189
191
195
199
195
201
199
191
191
201
209
203
209
207
203
203
203
203
203
199
199
203
205
205
205
201
205
205
201
199
185
193
193
197
187
183
183
173
165
163
163
161
167
171
177
181
181
187
181
179
179
183
183
185
187
191
187
187
191
195
189
181
181
185
177
169
173
173
173
163
161
161
153
145
157
165
171
163
169
169
161
159
153
149
153
153
149
153
145
147
141
133
143
149
155
153
147
153
153
157
151
155
153
159
155
155
149
145
137
133
139
139
131
131
129
129
123
127
131
129
133
133
141
143
145
141
145
137
139
139
131
131
135
145
145
147
139
141
145
153
153
161
163
163
161
163
163
157
157
143
139
133
133
133
129
135
141
149
143
147
157
157
149
145
147
139
135
143
143
143
141
141
137
135
135
149
143
147
151
151
153
157
159
163
169
177
181
181
181
179
169
175
169
177
171
175
171
177
169
171
171
171
175
175
165
165
165
163
163
165
165
165
163
171
169
171
169
167
163
165
169
171
171
169
173
169
173
167
171
173
175
181
181
181
185
189
189
183
179
181
179
189
183
181
177
181
193
193
193
197
189
187
199
199
191
195
193
203
199
201
207
219
225
227
231
229
237
235
229
225
229
225
221
219
225
229
223
215
209
207
207
209
213
209
205
211
207
211
211
203
199
207
217
213
209
217
219
213
215
219
225
221
225
225
233
235
235
239
237
243
245
243
239
247
245
245
241
245
241
237
237
235
229
233
227
223
223
219
217
217
221
221
227
223
229
231
219
223
217
215
209
211
215
215
215
205
207
209
207
205
205
197
199
205
209
211
209
209
213
215
211
207
209
213
209
215
213
221
209
207
209
211
205
199
201
199
195
191
191
185
191
185
183
179
179
183
181
177
169
173
175
175
175
179
185
185
193
191
189
191
195
189
185
183
187
189
197
203
197
195
195
205
217
223
219
229
233
239
233
241
243
241
239
233
241
237
239
245
241
249
253
257
255
255
259
259
267
273
267
267
263
267
275
281
283
283
283
291
291
283
287
289
289
287
287
287
283
295
293
297
293
297
291
291
279
275
277
279
281
285
287
275
271
271
275
279
275
275
275
285
291
291
289
287
289
289
301
307
309
317
323
319
319
323
315
319
317
317
315
313
321
325
325
333
331
337
341
351
363
363
351
345
345
339
341
339
339
343
339
341
335
329
327
327
327
315
323
319
327
327
327
327
323
323
313
311
307
305
309
305
311
309
307
303
303
305
301
293
291
291
297
299
295
291
297
303
299
303
297
309
307
309
301
301
301
303
311
313
317
317
315
311
311
307
311
321
315
313
313
317
313
321
319
317
323
323
325
327
323
323
323
333
331
341
343
345
347
351
355
361
359
359
369
369
373
367
371
369
369
377
389
397
399
399
395
401
395
395
395
385
385
385
391
383
391
395
387
381
379
377
375
379
385
387
383
377
383
387
387
381
381
387
393
393
393
393
391
385
387
385
381
391
391
391
383
385
373
369
369
371
371
371
373
375
383
381
385
377
377
383
383
383
371
373
371
365
365
365
363
365
365
363
365
373
361
363
357
363
363
353
351
345
345
337
337
339
333
333
331
329
337
331
319
325
333
329
339
345
347
349
357
357
343
337
339
339
339
329
315
315
309
309
309
309
311
315
321
323
319
323
327
323
329
333
333
331
337
335
341
345
361
363
351
347
345
343
343
343
345
345
337
337
337
337
339
333
329
331
329
325
329
335
329
321
319
317
317
313
313
313
319
317
315
303
315
313
307
311
309
309
321
317
319
331
339
339
343
345
349
343
337
333
329
337
341
333
325
327
321
317
317
327
329
319
321
317
319
307
291
291
295
291
291
297
291
285
281
275
277
275
275
277
287
289
299
289
287
295
301
305
305
303
305
303
303
305
313
323
323
317
311
319
319
321
315
321
321
327
319
321
315
311
315
305
307
311
313
315
325
323
321
325
325
325
319
321
313
309
305
309
313
313
317
317
315
311
313
319
317
317
313
323
317
319
323
331
337
339
339
341
341
345
335
341
327
335
339
331
323
335
329
315
325
321
317
315
313
317
313
313
311
305
317
309
311
305
303
299
303
295
291
299
299
301
293
293
299
301
303
303
303
305
305
309
301
303
305
305
305
303
305
303
311
317
309
301
295
293
285
285
283
285
287
283
293
293
289
285
291
283
279
277
277
281
277
271
275
273
273
275
271
275
283
279
271
269
277
277
279
277
277
285
283
269
269
265
265
277
279
273
275
275
279
279
285
287
287
293
293
301
305
305
313
309
309
311
317
325
333
329
335
337
337
335
333
329
329
319
321
321
321
321
327
325
329
327
325
329
327
325
321
321
319
317
317
323
327
329
319
319
321
323
325
321
313
313
311
309
303
291
289
287
289
287
287
289
283
281
291
293
293
295
291
289
289
293
293
289
289
289
285
289
289
293
295
287
281
275
271
279
279
285
283
285
283
281
285
283
279
283
287
281
283
283
275
269
271
269
263
271
273
261
261
271
269
281
287
283
285
281
281
285
285
281
281
275
275
279
273
277
277
271
279
279
279
273
273
271
271
271
271
267
263
275
265
267
269
267
271
271
287
285
279
275
279
287
285
283
285
277
273
273
271
267
269
269
275
271
265
271
265
257
257
265
269
269
267
269
275
275
273
273
271
273
261
261
265
263
257
255
253
253
245
247
251
257
255
259
263
267
267
279
283
285
275
263
263
263
257
257
259
261
263
263
261
259
261
263
255
253
257
261
261
255
261
257
261
267
273
273
267
263
263
263
263
259
259
249
247
237
227
231
229
227
229
237
233
235
229
227
227
227
221
221
221
219
223
233
235
235
237
225
225
227
223
215
213
213
215
223
221
219
217
213
205
201
201
201
197
201
197
191
187
191
199
199
199
195
201
211
215
211
203
197
191
203
205
197
197
207
215
205
199
199
211
211
207
217
213
215
207
213
215
213
217
213
217
211
219
221
231
229
225
225
223
219
223
211
205
209
205
219
215
217
215
221
219
215
211
211
211
215
219
229
231
223
217
223
223
223
225
235
235
233
237
239
235
237
243
249
243
241
237
245
245
241
235
227
215
221
223
215
225
221
219
215
217
213
217
213
213
213
217
217
217
223
213
223
221
225
235
237
247
251
249
241
239
239
247
249
249
249
243
233
233
233
231
237
233
231
227
229
219
221
217
213
217
203
205
195
197
197
199
205
205
201
195
191
185
189
191
189
193
193
197
199
203
197
199
185
185
185
175
169
167
165
171
167
161
167
163
163
165
169
163
169
163
167
163
163
163
167
173
177
171
171
181
177
177
181
179
173
169
171
171
177
181
171
175
173
173
175
175
179
177
181
193
191
187
189
189
181
177
175
175
163
159
159
159
157
161
153
151
153
147
153
163
169
167
163
163
165
159
159
161
165
171
163
159
157
157
161
163
163
163
167
163
161
169
171
171
171
165
171
169
165
165
165
165
167
173
167
173
181
183
177
173
177
179
187
185
189
191
191
191
189
187
179
181
175
169
151
147
153
161
163
163
165
169
169
177
181
179
175
183
183
177
177
175
173
179
177
175
173
181
181
183
175
177
171
173
165
173
173
179
181
175
177
179
173
171
171
171
177
169
169
169
169
167
155
149
153
159
155
161
153
155
155
153
161
163
165
179
183
185
185
185
189
191
185
187
183
191
191
197
195
193
193
195
193
189
199
207
207
207
213
215
209
211
209
203
203
211
213
223
223
231
231
239
231
231
241
245
251
245
259
249
233
235
235
239
239
229
231
231
225
223
219
217
217
221
223
207
211
209
207
209
197
195
195
195
197
207
207
209
209
215
213
211
209
207
211
213
213
213
203
199
201
205
209
209
211
211
213
213
215
217
217
215
215
199
199
195
195
203
193
193
193
197
197
191
189
191
199
197
201
201
209
213
205
203
203
205
201
191
187
189
185
185
191
193
191
201
199
209
219
221
227
229
227
219
227
229
229
233
239
243
243
243
241
241
235
235
231
227
225
217
215
219
219
219
219
209
201
207
211
219
215
215
215
211
213
215
213
219
217
215
215
215
209
203
205
207
213
221
213
215
209
209
207
203
203
207
209
205
203
201
215
203
193
199
201
203
203
203
209
209
213
207
207
205
205
209
215
209
217
203
201
199
193
197
187
189
203
209
209
209
217
213
217
217
215
221
219
215
225
223
209
207
203
209
193
191
193
193
189
181
175
175
183
181
183
191
185
185
185
185
185
185
181
185
183
181
185
183
183
183
187
199
191
191
191
185
183
183
171
173
183
175
179
179
187
187
187
187
183
183
183
185
193
195
197
197
201
193
201
209
205
205
199
199
199
197
191
191
195
201
201
203
205
201
209
209
209
213
213
215
219
225
221
227
231
225
233
235
233
231
239
243
245
247
253
255
259
259
253
255
259
263
259
257
257
253
253
253
261
261
259
263
265
263
263
263
259
261
265
261
259
265
263
265
269
269
263
261
267
269
275
283
285
291
295
295
285
287
299
291
283
289
289
287
285
283
279
279
281
273
273
269
263
257
259
257
255
247
253
271
269
267
267
265
267
269
273
273
279
283
283
281
273
259
255
255
255
263
259
257
259
257
255
263
263
265
269
261
265
277
271
285
283
277
271
277
281
285
287
283
283
287
287
299
303
303
299
309
311
307
305
305
305
297
291
301
289
291
291
289
289
289
285
277
279
273
269
269
271
271
281
281
273
273
283
283
283
285
287
287
279
279
279
285
291
285
293
297
297
291
291
291
291
297
295
299
297
291
289
289
295
297
293
295
295
289
283
281
285
287
293
301
301
309
321
321
321
321
315
311
313
313
305
311
309
313
315
317
313
307
303
299
299
289
289
285
287
281
289
287
287
295
299
293
293
293
295
303
295
293
297
295
303
301
297
301
301
301
301
299
293
299
301
307
307
317
317
331
331
331
331
335
337
331
337
335
339
331
325
325
325
325
321
311
323
327
337
337
333
329
333
337
343
339
339
335
341
343
351
357
349
347
345
333
333
327
339
343
341
335
325
321
321
319
321
327
337
331
327
327
325
319
329
331
331
329
335
327
315
313
321
321
325
327
327
337
339
337
337
337
335
333
339
341
343
335
339
329
329
327
327
323
315
313
309
309
309
299
307
299
299
305
309
309
309
301
307
307
307
305
303
301
301
301
301
307
303
297
297
297
285
285
283
281
277
283
283
283
275
275
273
273
273
271
271
275
277
275
275
277
269
261
261
263
259
267
269
271
269
267
267
267
279
283
281
273
271
273
263
261
261
261
257
257
259
255
247
245
249
249
249
243
247
247
241
237
229
227
227
235
233
225
219
227
227
233
237
241
241
235
229
227
231
227
225
225
225
223
211
203
203
209
207
203
205
207
197
197
197
199
199
201
201
211
211
219
215
211
213
213
203
203
203
203
197
197
199
197
197
197
187
193
189
193
191
195
187
187
175
169
175
175
177
177
179
167
159
151
155
171
183
187
187
185
185
173
171
169
157
165
163
153
157
159
155
145
145
145
145
137
141
139
141
143
143
151
143
143
143
143
141
149
139
139
133
139
129
121
117
111
119
129
125
137
141
129
137
135
143
139
135
133
133
137
143
149
145
145
135
135
137
141
147
149
149
153
159
159
159
159
157
153
147
151
147
141
143
141
141
147
151
151
151
159
153
159
147
147
145
143
143
143
143
149
147
155
141
139
137
147
147
141
143
157
153
165
163
165
157
167
161
161
165
169
171
171
167
161
161
165
159
153
165
169
173
177
181
183
187
175
183
193
193
189
181
185
183
185
185
183
181
173
171
159
167
165
165
173
165
165
171
181
183
179
179
177
173
179
185
185
183
183
183
185
191
191
189
191
191
181
189
187
189
189
185
193
201
201
197
191
193
195
197
193
197
195
195
191
193
203
211
209
209
215
221
217
217
213
211
199
199
205
205
197
197
191
191
195
195
195
201
201
199
203
193
189
183
181
179
187
189
195
193
195
191
199
201
197
197
197
201
203
217
213
213
215
221
217
213
211
209
209
203
203
203
201
205
205
211
205
207
209
215
217
219
219
215
213
205
205
207
205
203
207
215
209
209
209
209
201
199
199
199
197
207
215
215
221
229
233
233
235
239
239
235
239
239
231
235
233
233
237
245
247
251
255
255
255
257
259
263
255
243
249
249
249
253
257
257
253
257
261
267
267
267
265
269
265
265
267
265
265
257
263
263
269
269
265
263
267
263
269
267
269
273
279
277
269
273
273
275
275
269
267
257
245
243
245
241
235
227
221
221
225
223
227
217
219
219
217
223
229
229
227
229
229
235
229
229
231
237
233
229
235
243
243
245
245
253
241
241
247
245
243
239
239
239
243
245
251
247
245
245
245
251
253
247
245
253
249
257
253
247
245
245
247
239
237
245
245
251
255
255
259
261
273
269
271
275
267
275
275
275
277
285
291
297
299
297
291
297
305
297
295
293
299
295
297
299
299
299
305
301
303
297
293
299
297
293
293
305
293
299
293
291
287
285
291
285
283
281
281
275
275
275
275
281
273
269
267
265
267
265
255
249
245
241
245
255
253
255
257
255
257
259
257
261
261
267
265
263
269
269
265
263
267
257
253
239
241
241
239
231
241
225
227
223
223
225
223
225
233
237
251
253
259
251
251
243
253
253
253
263
265
269
263
263
263
259
269
273
269
