-10474
-10474
-10466
-10464
-10450
-10450
-10452
-10444
-10428
-10420
-10420
-10408
-10396
-10390
-10392
-10390
-10374
-10368
-10362
-10352
-10340
-10326
-10314
-10312
-10308
-10304
-10300
-10292
-10286
-10282
-10278
-10276
-10272
-10270
-10272
-10272
-10264
-10252
-10244
-10232
-10222
-10216
-10210
-10206
-10192
-10182
-10178
-10170
-10158
-10158
-10156
-10150
-10142
-10136
-10122
-10118
-10106
-10096
-10088
-10084
-10076
-10078
-10074
-10068
-10060
-10050
-10046
-10036
-10036
-10034
-10026
-10020
-10014
-10006
-10008
-9996
-9984
-9968
-9960
-9948
-9942
-9940
-9930
-9916
-9912
-9902
-9894
-9884
-9880
-9868
-9870
-9868
-9860
-9854
-9840
-9836
-9824
-9826
-9816
-9812
-9798
-9796
-9786
-9778
-9772
-9760
-9748
-9734
-9734
-9738
-9728
-9730
-9722
-9716
-9704
-9700
-9694
-9688
-9672
-9664
-9656
-9652
-9644
-9636
-9622
-9622
-9616
-9608
-9604
-9596
-9586
-9576
-9564
-9554
-9540
-9534
-9534
-9524
-9510
-9514
-9504
-9494
-9494
-9480
-9470
-9472
-9460
-9448
-9448
-9438
-9430
-9422
-9422
-9422
-9414
-9406
-9400
-9392
-9388
-9386
-9372
-9378
-9376
-9368
-9364
-9354
-9346
-9342
-9338
-9334
-9336
-9334
-9336
-9330
-9320
-9324
-9316
-9314
-9310
-9300
-9284
-9272
-9264
-9264
-9254
-9244
-9230
-9224
-9228
-9218
-9216
-9202
-9196
-9192
-9188
-9188
-9186
-9184
-9182
-9178
-9172
-9162
-9154
-9142
-9134
-9124
-9114
-9116
-9104
-9094
-9092
-9086
-9078
-9068
-9062
-9050
-9042
-9040
-9030
-9024
-9018
-9018
-9016
-9008
-8996
-8992
-8982
-8970
-8966
-8956
-8946
-8932
-8928
-8920
-8914
-8904
-8898
-8894
-8884
-8870
-8862
-8854
-8848
-8840
-8844
-8834
-8826
-8812
-8808
-8800
-8810
-8802
-8794
-8788
-8780
-8774
-8764
-8760
-8756
-8750
-8746
-8742
-8730
-8724
-8706
-8698
-8696
-8686
-8678
-8674
-8672
-8664
-8656
-8646
-8630
-8624
-8610
-8614
-8610
-8602
-8596
-8592
-8586
-8576
-8572
-8570
-8570
-8566
-8552
-8544
-8534
-8536
-8530
-8522
-8518
-8526
-8522
-8522
-8522
-8510
-8500
-8498
-8502
-8494
-8490
-8490
-8474
-8470
-8464
-8454
-8444
-8432
-8420
-8416
-8400
-8394
-8392
-8382
-8382
-8370
-8362
-8352
-8342
-8330
-8318
-8312
-8306
-8298
-8294
-8294
-8286
-8280
-8272
-8264
-8268
-8260
-8248
-8240
-8230
-8224
-8226
-8218
-8208
-8200
-8196
-8188
-8176
-8164
-8156
-8152
-8144
-8136
-8132
-8124
-8124
-8118
-8104
-8098
-8098
-8084
-8080
-8080
-8074
-8068
-8060
-8044
-8036
-8024
-8022
-8028
-8018
-8014
-8012
-8010
-8012
-8004
-7998
-7990
-7984
-7980
-7972
-7966
-7956
-7952
-7936
-7934
-7932
-7920
-7908
-7906
-7902
-7900
-7892
-7894
-7888
-7878
-7882
-7874
-7872
-7870
-7864
-7850
-7842
-7840
-7840
-7836
-7838
-7830
-7824
-7824
-7820
-7810
-7802
-7798
-7792
-7784
-7778
-7768
-7756
-7756
-7750
-7742
-7736
-7730
-7718
-7708
-7696
-7686
-7670
-7668
-7658
-7648
-7640
-7636
-7626
-7618
-7608
-7606
-7600
-7596
-7592
-7578
-7576
-7574
-7568
-7572
-7568
-7556
-7542
-7542
-7542
-7544
-7540
-7538
-7534
-7538
-7540
-7532
-7526
-7526
-7524
-7518
-7520
-7518
-7516
-7512
-7504
-7500
-7492
-7484
-7482
-7478
-7478
-7480
-7472
-7466
-7464
-7458
-7464
-7462
-7466
-7472
-7476
-7480
-7484
-7472
-7468
-7462
-7454
-7450
-7450
-7444
-7444
-7440
-7430
-7428
-7424
-7416
-7406
-7396
-7386
-7380
-7376
-7366
-7352
-7346
-7334
-7326
-7320
-7316
-7312
-7308
-7300
-7290
-7278
-7282
-7272
-7260
-7252
-7242
-7250
-7242
-7236
-7222
-7216
-7214
-7202
-7196
-7192
-7184
-7176
-7178
-7174
-7168
-7162
-7162
-7152
-7156
-7158
-7154
-7150
-7146
-7144
-7138
-7140
-7134
-7134
-7130
-7126
-7122
-7114
-7100
-7098
-7096
-7090
-7082
-7086
-7082
-7076
-7076
-7068
-7066
-7060
-7054
-7048
-7034
-7024
-7032
-7034
-7030
-7024
-7018
-7020
-7020
-7012
-7006
-6998
-7006
-6996
-6992
-6988
-6976
-6980
-6976
-6972
-6962
-6958
-6952
-6942
-6948
-6942
-6930
-6926
-6916
-6914
-6896
-6904
-6896
-6900
-6892
-6892
-6880
-6876
-6866
-6860
-6854
-6848
-6848
-6848
-6842
-6838
-6830
-6834
-6830
-6832
-6832
-6822
-6816
-6810
-6808
-6808
-6796
-6794
-6790
-6786
-6782
-6780
-6778
-6768
-6768
-6764
-6756
-6744
-6750
-6744
-6744
-6736
-6732
-6726
-6728
-6720
-6718
-6712
-6714
-6702
-6698
-6696
-6680
-6682
-6676
-6670
-6668
-6658
-6648
-6656
-6646
-6642
-6644
-6638
-6640
-6636
-6624
-6616
-6618
-6606
-6592
-6582
-6574
-6566
-6566
-6556
-6552
-6538
-6538
-6530
-6522
-6518
-6512
-6510
-6504
-6496
-6492
-6490
-6480
-6474
-6472
-6470
-6470
-6456
-6452
-6452
-6454
-6452
-6452
-6448
-6444
-6442
-6438
-6446
-6444
-6440
-6432
-6428
-6422
-6408
-6404
-6400
-6384
-6380
-6384
-6376
-6376
-6366
-6358
-6356
-6350
-6336
-6320
-6314
-6310
-6306
-6298
-6288
-6292
-6282
-6274
-6276
-6270
-6266
-6264
-6254
-6248
-6248
-6248
-6240
-6234
-6228
-6226
-6218
-6210
-6208
-6196
-6186
-6180
-6176
-6168
-6162
-6166
-6168
-6162
-6152
-6148
-6136
-6132
-6134
-6132
-6134
-6122
-6122
-6124
-6128
-6124
-6116
-6112
-6112
-6104
-6102
-6098
-6090
-6094
-6086
-6080
-6068
-6058
-6046
-6042
-6042
-6046
-6040
-6034
-6040
-6042
-6040
-6040
-6028
-6020
-6026
-6020
-6024
-6022
-6026
-6026
-6016
-6004
-6006
-5998
-5998
-5990
-5982
-5976
-5972
-5980
-5974
-5984
-5984
-5980
-5966
-5960
-5948
-5948
-5944
-5942
-5934
-5934
-5932
-5938
-5948
-5938
-5930
-5930
-5930
-5926
-5924
-5910
-5904
-5898
-5898
-5896
-5890
-5882
-5870
-5862
-5862
-5870
-5866
-5864
-5850
-5842
-5828
-5822
-5822
-5814
-5812
-5800
-5790
-5782
-5778
-5772
-5772
-5758
-5748
-5750
-5746
-5734
-5734
-5724
-5720
-5716
-5702
-5696
-5688
-5698
-5688
-5676
-5670
-5670
-5676
-5676
-5670
-5664
-5662
-5654
-5644
-5646
-5646
-5640
-5634
-5624
-5620
-5612
-5618
-5628
-5624
-5618
-5608
-5608
-5608
-5604
-5604
-5598
-5582
-5572
-5572
-5562
-5550
-5550
-5536
-5536
-5530
-5536
-5526
-5522
-5528
-5528
-5522
-5526
-5524
-5520
-5512
-5504
-5504
-5504
-5490
-5494
-5494
-5492
-5490
-5484
-5472
-5474
-5470
-5458
-5444
-5434
-5432
-5430
-5426
-5414
-5416
-5410
-5406
-5410
-5404
-5404
-5394
-5394
-5392
-5386
-5374
-5378
-5366
-5362
-5360
-5352
-5352
-5352
-5350
-5342
-5344
-5340
-5332
-5318
-5312
-5314
-5310
-5304
-5288
-5280
-5278
-5280
-5278
-5262
-5256
-5258
-5248
-5240
-5236
-5236
-5236
-5226
-5214
-5210
-5198
-5196
-5196
-5190
-5192
-5186
-5182
-5180
-5174
-5176
-5172
-5168
-5162
-5152
-5144
-5144
-5136
-5132
-5130
-5124
-5124
-5116
-5116
-5114
-5112
-5104
-5100
-5092
-5092
-5082
-5080
-5076
-5084
-5086
-5078
-5070
-5058
-5046
-5030
-5032
-5034
-5034
-5028
-5016
-5008
-5006
-5006
-5004
-5000
-4994
-4998
-5002
-4986
-4978
-4978
-4972
-4964
-4962
-4952
-4950
-4940
-4928
-4916
-4912
-4914
-4912
-4912
-4904
-4900
-4900
-4894
-4882
-4884
-4890
-4884
-4882
-4874
-4870
-4866
-4858
-4858
-4850
-4854
-4850
-4860
-4850
-4840
-4828
-4834
-4826
-4818
-4826
-4820
-4818
-4816
-4810
-4810
-4806
-4806
-4802
-4794
-4784
-4790
-4790
-4780
-4780
-4780
-4780
-4782
-4768
-4778
-4782
-4768
-4770
-4762
-4764
-4752
-4746
-4744
-4744
-4740
-4740
-4742
-4732
-4730
-4722
-4714
-4712
-4712
-4712
-4710
-4712
-4708
-4702
-4704
-4706
-4700
-4698
-4698
-4702
-4702
-4704
-4704
-4698
-4700
-4704
-4706
-4710
-4706
-4702
-4700
-4698
-4696
-4694
-4688
-4686
-4678
-4676
-4674
-4674
-4670
-4668
-4670
-4660
-4646
-4642
-4642
-4638
-4624
-4624
-4618
-4612
-4614
-4612
-4618
-4618
-4614
-4604
-4606
-4606
-4606
-4602
-4604
-4606
-4602
-4602
-4606
-4602
-4600
-4606
-4602
-4598
-4594
-4594
-4590
-4590
-4582
-4574
-4570
-4564
-4558
-4546
-4544
-4542
-4546
-4550
-4540
-4548
-4540
-4534
-4524
-4524
-4516
-4506
-4498
-4506
-4506
-4490
-4494
-4506
-4508
-4502
-4490
-4494
-4484
-4470
-4460
-4456
-4446
-4448
-4440
-4440
-4442
-4444
-4452
-4438
-4436
-4432
-4430
-4422
-4420
-4412
-4412
-4400
-4392
-4394
-4396
-4396
-4388
-4382
-4382
-4378
-4374
-4366
-4362
-4356
-4342
-4340
-4346
-4344
-4350
-4348
-4342
-4338
-4346
-4352
-4358
-4348
-4340
-4338
-4332
-4330
-4338
-4338
-4328
-4320
-4318
-4314
-4306
-4306
-4300
-4304
-4298
-4300
-4296
-4294
-4294
-4296
-4290
-4284
-4286
-4282
-4278
-4284
-4274
-4270
-4268
-4276
-4266
-4266
-4262
-4264
-4266
-4272
-4270
-4264
-4254
-4262
-4256
-4254
-4248
-4244
-4236
-4228
-4216
-4218
-4208
-4202
-4202
-4200
-4198
-4184
-4182
-4176
-4182
-4188
-4182
-4182
-4184
-4180
-4178
-4176
-4174
-4174
-4180
-4180
-4174
-4174
-4164
-4168
-4160
-4158
-4156
-4152
-4164
-4164
-4158
-4154
-4158
-4146
-4140
-4134
-4122
-4122
-4126
-4126
-4118
-4104
-4098
-4092
-4082
-4078
-4078
-4076
-4070
-4062
-4066
-4072
-4070
-4058
-4054
-4058
-4056
-4060
-4050
-4050
-4052
-4064
-4062
-4054
-4054
-4054
-4052
-4048
-4046
-4032
-4032
-4028
-4018
-4008
-4010
-3996
-4000
-3998
-3990
-3980
-3986
-3978
-3980
-3974
-3968
-3962
-3968
-3962
-3960
-3962
-3956
-3948
-3942
-3942
-3940
-3938
-3938
-3938
-3928
-3914
-3914
-3918
-3912
-3906
-3906
-3902
-3898
-3888
-3886
-3886
-3886
-3876
-3870
-3868
-3866
-3860
-3852
-3852
-3844
-3836
-3824
-3824
-3820
-3820
-3812
-3818
-3812
-3804
-3808
-3808
-3802
-3798
-3790
-3784
-3780
-3776
-3778
-3786
-3784
-3784
-3786
-3778
-3770
-3770
-3770
-3770
-3760
-3762
-3754
-3748
-3750
-3748
-3744
-3750
-3752
-3756
-3756
-3748
-3744
-3738
-3738
-3738
-3728
-3728
-3732
-3718
-3726
-3736
-3724
-3726
-3728
-3720
-3718
-3724
-3728
-3712
-3724
-3716
-3718
-3704
-3690
-3690
-3684
-3694
-3692
-3690
-3684
-3678
-3668
-3670
-3668
-3666
-3664
-3660
-3664
-3656
-3650
-3650
-3648
-3644
-3644
-3644
-3636
-3622
-3614
-3618
-3614
-3618
-3620
-3612
-3616
-3610
-3604
-3592
-3584
-3586
-3592
-3598
-3602
-3606
-3600
-3594
-3586
-3584
-3574
-3568
-3556
-3562
-3558
-3548
-3542
-3536
-3536
-3532
-3530
-3528
-3520
-3516
-3524
-3528
-3528
-3520
-3518
-3526
-3530
-3530
-3530
-3528
-3524
-3518
-3524
-3512
-3508
-3514
-3502
-3494
-3500
-3496
-3496
-3490
-3486
-3480
-3480
-3490
-3494
-3480
-3464
-3462
-3448
-3444
-3440
-3444
-3448
-3452
-3454
-3442
-3438
-3438
-3438
-3440
-3430
-3430
-3424
-3420
-3430
-3428
-3424
-3428
-3430
-3422
-3416
-3412
-3402
-3390
-3380
-3380
-3386
-3380
-3382
-3378
-3390
-3392
-3394
-3394
-3390
-3388
-3384
-3374
-3368
-3362
-3356
-3356
-3364
-3372
-3366
-3360
-3372
-3372
-3358
-3346
-3352
-3360
-3362
-3366
-3368
-3370
-3378
-3378
-3372
-3364
-3362
-3352
-3356
-3352
-3346
-3344
-3336
-3334
-3336
-3326
-3316
-3306
-3304
-3298
-3296
-3290
-3290
-3304
-3308
-3300
-3308
-3302
-3302
-3308
-3300
-3310
-3316
-3306
-3312
-3310
-3308
-3306
-3306
-3304
-3302
-3294
-3294
-3290
-3282
-3282
-3282
-3276
-3276
-3268
-3262
-3270
-3266
-3252
-3252
-3254
-3252
-3252
-3262
-3254
-3246
-3244
-3240
-3238
-3238
-3242
-3240
-3232
-3240
-3228
-3226
-3224
-3216
-3206
-3204
-3198
-3196
-3198
-3202
-3208
-3212
-3218
-3226
-3220
-3226
-3216
-3212
-3208
-3198
-3200
-3200
-3200
-3196
-3184
-3188
-3184
-3184
-3168
-3160
-3148
-3150
-3150
-3150
-3144
-3148
-3150
-3146
-3140
-3130
-3126
-3122
-3118
-3118
-3110
-3110
-3108
-3102
-3098
-3086
-3080
-3084
-3082
-3074
-3072
-3074
-3062
-3058
-3066
-3060
-3062
-3072
-3068
-3068
-3066
-3064
-3062
-3056
-3044
-3046
-3054
-3058
-3064
-3068
-3062
-3056
-3056
-3048
-3040
-3034
-3026
-3030
-3026
-3030
-3020
-3024
-3026
-3030
-3032
-3044
-3044
-3048
-3046
-3046
-3044
-3036
-3036
-3032
-3026
-3024
-3018
-3018
-3016
-3000
-3002
-3002
-2998
-2994
-2988
-2980
-2980
-2976
-2972
-2976
-2978
-2994
-2990
-2994
-2992
-2990
-2980
-2976
-2976
-2972
-2962
-2950
-2952
-2966
-2954
-2958
-2956
-2962
-2954
-2960
-2950
-2948
-2940
-2932
-2920
-2920
-2916
-2916
-2924
-2918
-2918
-2918
-2926
-2926
-2928
-2934
-2936
-2926
-2926
-2922
-2912
-2910
-2896
-2896
-2898
-2902
-2910
-2904
-2890
-2888
-2882
-2870
-2868
-2868
-2868
-2864
-2856
-2848
-2840
-2826
-2824
-2814
-2812
-2810
-2814
-2808
-2810
-2810
-2804
-2804
-2798
-2800
-2788
-2782
-2782
-2782
-2774
-2776
-2778
-2784
-2786
-2778
-2770
-2760
-2760
-2754
-2748
-2750
-2760
-2754
-2760
-2752
-2748
-2752
-2752
-2746
-2744
-2754
-2750
-2740
-2744
-2746
-2746
-2734
-2732
-2720
-2720
-2720
-2716
-2720
-2720
-2714
-2718
-2716
-2714
-2720
-2722
-2720
-2720
-2710
-2700
-2706
-2704
-2694
-2688
-2678
-2674
-2672
-2676
-2672
-2664
-2668
-2666
-2670
-2668
-2674
-2672
-2668
-2668
-2670
-2666
-2662
-2670
-2678
-2680
-2676
-2672
-2668
-2662
-2662
-2662
-2660
-2656
-2650
-2642
-2628
-2626
-2626
-2624
-2622
-2626
-2620
-2622
-2620
-2614
-2614
-2614
-2610
-2602
-2608
-2600
-2592
-2600
-2604
-2604
-2600
-2596
-2588
-2584
-2580
-2574
-2572
-2570
-2564
-2558
-2566
-2566
-2562
-2564
-2560
-2558
-2550
-2544
-2552
-2550
-2548
-2546
-2536
-2538
-2528
-2518
-2518
-2518
-2516
-2518
-2512
-2508
-2504
-2498
-2494
-2492
-2490
-2478
-2474
-2474
-2474
-2478
-2478
-2480
-2476
-2466
-2462
-2456
-2460
-2458
-2452
-2452
-2452
-2456
-2460
-2464
-2472
-2468
-2460
-2460
-2460
-2458
-2454
-2452
-2438
-2438
-2442
-2454
-2460
-2470
-2470
-2466
-2464
-2454
-2450
-2444
-2440
-2434
-2428
-2424
-2424
-2424
-2426
-2424
-2416
-2414
-2428
-2430
-2420
-2412
-2418
-2424
-2426
-2436
-2438
-2432
-2430
-2424
-2416
-2420
-2418
-2412
-2408
-2402
-2402
-2396
-2394
-2386
-2378
-2380
-2380
-2376
-2378
-2374
-2378
-2366
-2360
-2364
-2362
-2358
-2358
-2358
-2358
-2352
-2350
-2362
-2356
-2358
-2360
-2358
-2358
-2354
-2362
-2368
-2368
-2368
-2362
-2358
-2364
-2356
-2356
-2356
-2346
-2352
-2342
-2336
-2336
-2332
-2328
-2332
-2328
-2328
-2332
-2334
-2332
-2340
-2336
-2336
-2340
-2342
-2350
-2342
-2328
-2330
-2326
-2326
-2326
-2324
-2334
-2330
-2328
-2332
-2326
-2324
-2312
-2312
-2308
-2308
-2304
-2304
-2296
-2286
-2280
-2278
-2268
-2264
-2254
-2256
-2268
-2268
-2268
-2264
-2258
-2258
-2252
-2256
-2254
-2256
-2246
-2248
-2246
-2244
-2250
-2244
-2244
-2252
-2252
-2246
-2238
-2234
-2228
-2230
-2230
-2238
-2236
-2236
-2236
-2228
-2230
-2230
-2226
-2222
-2220
-2218
-2216
-2216
-2216
-2210
-2202
-2202
-2200
-2206
-2206
-2208
-2206
-2204
-2200
-2198
-2194
-2200
-2196
-2198
-2196
-2196
-2200
-2192
-2196
-2194
-2194
-2200
-2192
-2182
-2178
-2182
-2178
-2180
-2186
-2182
-2186
-2186
-2178
-2172
-2170
-2168
-2164
-2158
-2158
-2148
-2146
-2136
-2132
-2130
-2120
-2120
-2114
-2106
-2106
-2102
-2104
-2104
-2090
-2086
-2086
-2092
-2094
-2096
-2098
-2092
-2088
-2082
-2086
-2074
-2072
-2072
-2066
-2062
-2058
-2050
-2048
-2050
-2048
-2054
-2050
-2054
-2052
-2058
-2062
-2056
-2056
-2048
-2052
-2042
-2042
-2034
-2030
-2030
-2030
-2028
-2016
-2020
-2016
-2020
-2020
-2012
-2020
-2012
-2016
-2010
-2010
-2012
-2010
-2012
-2010
-2010
-2004
-2002
-1996
-2006
-2006
-2002
-1996
-1988
-1988
-1978
-1986
-1988
-1984
-1984
-1978
-1972
-1970
-1980
-1988
-1998
-1998
-2006
-1998
-1990
-1980
-1972
-1962
-1962
-1958
-1956
-1954
-1960
-1954
-1952
-1948
-1948
-1936
-1934
-1928
-1924
-1918
-1930
-1918
-1920
-1922
-1922
-1928
-1924
-1924
-1928
-1930
-1936
-1940
-1948
-1948
-1950
-1944
-1946
-1944
-1946
-1948
-1952
-1958
-1944
-1940
-1942
-1942
-1944
-1946
-1944
-1952
-1954
-1954
-1956
-1960
-1950
-1952
-1946
-1948
-1946
-1938
-1940
-1934
-1922
-1916
-1918
-1912
-1902
-1906
-1898
-1902
-1898
-1902
-1896
-1902
-1898
-1898
-1890
-1890
-1888
-1884
-1874
-1862
-1856
-1856
-1848
-1850
-1850
-1844
-1844
-1844
-1840
-1828
-1814
-1818
-1814
-1806
-1806
-1814
-1812
-1812
-1816
-1818
-1818
-1824
-1820
-1816
-1814
-1814
-1812
-1820
-1826
-1812
-1814
-1808
-1814
-1820
-1816
-1814
-1820
-1826
-1820
-1820
-1816
-1816
-1820
-1824
-1822
-1818
-1816
-1808
-1812
-1804
-1802
-1794
-1790
-1786
-1774
-1774
-1774
-1772
-1774
-1766
-1764
-1758
-1748
-1750
-1750
-1750
-1740
-1744
-1736
-1736
-1742
-1730
-1722
-1726
-1724
-1716
-1706
-1694
-1686
-1684
-1686
-1684
-1682
-1682
-1682
-1672
-1682
-1684
-1682
-1698
-1692
-1684
-1684
-1692
-1694
-1696
-1700
-1712
-1714
-1710
-1710
-1710
-1702
-1706
-1702
-1700
-1698
-1702
-1704
-1704
-1696
-1692
-1694
-1694
-1694
-1700
-1702
-1700
-1700
-1702
-1698
-1702
-1702
-1694
-1688
-1684
-1694
-1686
-1676
-1660
-1664
-1652
-1658
-1654
-1656
-1650
-1652
-1660
-1652
-1662
-1666
-1664
-1664
-1656
-1660
-1654
-1650
-1648
-1638
-1630
-1630
-1634
-1634
-1642
-1634
-1644
-1648
-1640
-1646
-1636
-1634
-1634
-1626
-1616
-1616
-1614
-1612
-1612
-1606
-1598
-1600
-1606
-1616
-1612
-1612
-1602
-1600
-1602
-1602
-1600
-1600
-1600
-1604
-1606
-1598
-1596
-1600
-1596
-1596
-1586
-1576
-1572
-1576
-1568
-1568
-1568
-1568
-1560
-1564
-1562
-1560
-1560
-1562
-1572
-1568
-1566
-1570
-1572
-1566
-1564
-1550
-1548
-1552
-1556
-1552
-1548
-1560
-1564
-1576
-1566
-1566
-1566
-1554
-1556
-1550
-1554
-1562
-1556
-1544
-1552
-1544
-1542
-1542
-1530
-1522
-1518
-1520
-1512
-1508
-1506
-1512
-1504
-1504
-1512
-1518
-1524
-1518
-1526
-1514
-1510
-1508
-1510
-1508
-1516
-1514
-1518
-1506
-1502
-1502
-1500
-1490
-1482
-1478
-1478
-1476
-1466
-1462
-1458
-1458
-1452
-1450
-1456
-1468
-1470
-1460
-1454
-1454
-1454
-1462
-1464
-1464
-1466
-1470
-1462
-1462
-1460
-1462
-1460
-1468
-1468
-1464
-1466
-1458
-1454
-1448
-1438
-1440
-1436
-1436
-1442
-1446
-1456
-1446
-1450
-1456
-1460
-1460
-1448
-1444
-1434
-1430
-1426
-1432
-1426
-1434
-1424
-1430
-1424
-1422
-1416
-1414
-1412
-1418
-1414
-1416
-1410
-1410
-1412
-1408
-1408
-1412
-1416
-1414
-1410
-1412
-1414
-1412
-1416
-1408
-1402
-1402
-1406
-1406
-1404
-1402
-1402
-1398
-1398
-1400
-1394
-1406
-1400
-1402
-1396
-1398
-1396
-1398
-1396
-1396
-1394
-1388
-1388
-1386
-1382
-1374
-1378
-1374
-1374
-1380
-1384
-1386
-1390
-1392
-1390
-1394
-1390
-1386
-1388
-1392
-1394
-1388
-1386
-1384
-1384
-1382
-1386
-1378
-1370
-1370
-1370
-1362
-1374
-1380
-1370
-1372
-1378
-1378
-1378
-1382
-1384
-1384
-1386
-1380
-1382
-1374
-1376
-1380
-1392
-1396
-1402
-1394
-1386
-1382
-1374
-1370
-1368
-1372
-1362
-1362
-1360
-1352
-1354
-1352
-1346
-1344
-1348
-1348
-1338
-1340
-1338
-1340
-1336
-1336
-1336
-1340
-1336
-1336
-1330
-1326
-1326
-1326
-1330
-1324
-1326
-1322
-1322
-1326
-1324
-1326
-1326
-1332
-1330
-1324
-1326
-1326
-1330
-1332
-1330
-1328
-1328
-1326
-1326
-1336
-1332
-1338
-1336
-1328
-1324
-1322
-1320
-1326
-1324
-1314
-1312
-1316
-1320
-1316
-1312
-1300
-1296
-1300
-1290
-1278
-1288
-1290
-1282
-1274
-1272
-1276
-1266
-1264
-1262
-1254
-1248
-1244
-1238
-1246
-1254
-1242
-1242
-1240
-1240
-1242
-1256
-1256
-1246
-1248
-1242
-1248
-1246
-1240
-1232
-1230
-1230
-1232
-1228
-1220
-1210
-1204
-1192
-1196
-1200
-1200
-1192
-1204
-1200
-1192
-1190
-1182
-1180
-1180
-1192
-1196
-1192
-1186
-1186
-1178
-1180
-1168
-1164
-1156
-1162
-1162
-1164
-1154
-1144
-1144
-1144
-1130
-1132
-1130
-1126
-1128
-1134
-1138
-1130
-1126
-1130
-1130
-1128
-1122
-1116
-1114
-1118
-1120
-1116
-1108
-1106
-1106
-1110
-1110
-1108
-1094
-1100
-1094
-1106
-1104
-1106
-1100
-1096
-1106
-1104
-1102
-1110
-1112
-1114
-1120
-1128
-1130
-1128
-1130
-1120
-1120
-1118
-1122
-1126
-1118
-1122
-1116
-1110
-1114
-1110
-1100
-1088
-1088
-1088
-1080
-1080
-1070
-1064
-1058
-1062
-1060
-1052
-1046
-1048
-1056
-1052
-1060
-1058
-1056
-1050
-1052
-1048
-1044
-1046
-1040
-1032
-1036
-1036
-1036
-1040
-1046
-1038
-1042
-1044
-1036
-1034
-1044
-1044
-1040
-1040
-1034
-1038
-1042
-1042
-1040
-1046
-1044
-1042
-1056
-1054
-1058
-1060
-1056
-1058
-1058
-1050
-1054
-1044
-1038
-1034
-1028
-1030
-1034
-1040
-1028
-1022
-1014
-1014
-1010
-1008
-1004
-998
-998
-998
-994
-990
-982
-988
-988
-990
-990
-984
-994
-994
-998
-996
-1006
-1004
-994
-992
-986
-990
-986
-986
-986
-990
-992
-998
-1000
-1000
-1000
-988
-984
-992
-984
-984
-990
-986
-978
-966
-962
-960
-948
-950
-962
-968
-962
-966
-962
-954
-956
-956
-952
-952
-950
-948
-942
-940
-940
-934
-944
-944
-938
-940
-932
-930
-924
-928
-928
-926
-932
-934
-936
-928
-920
-920
-918
-922
-926
-924
-926
-928
-924
-924
-922
-916
-916
-916
-922
-920
-916
-914
-902
-902
-904
-906
-906
-900
-904
-902
-904
-904
-900
-908
-898
-896
-888
-880
-882
-886
-886
-884
-888
-888
-890
-892
-898
-900
-902
-902
-896
-900
-900
-902
-894
-888
-888
-892
-900
-906
-906
-912
-912
-914
-906
-896
-892
-890
-884
-888
-890
-882
-870
-864
-860
-856
-854
-844
-842
-844
-842
-834
-826
-826
-828
-824
-828
-832
-830
-824
-818
-814
-812
-814
-808
-814
-812
-804
-800
-794
-794
-798
-802
-792
-786
-780
-776
-782
-782
-778
-770
-764
-762
-764
-766
-768
-768
-764
-756
-750
-752
-756
-746
-744
-738
-744
-740
-742
-742
-740
-736
-742
-736
-734
-728
-734
-736
-732
-730
-724
-732
-740
-742
-740
-734
-730
-732
-730
-728
-718
-718
-722
-732
-726
-724
-718
-710
-706
-718
-714
-720
-722
-720
-724
-724
-720
-724
-718
-726
-732
-734
-722
-722
-718
-720
-718
-714
-714
-708
-706
-718
-708
-712
-706
-694
-702
-700
-700
-696
-696
-702
-700
-710
-710
-710
-718
-720
-714
-714
-710
-706
-704
-708
-710
-710
-708
-712
-702
-696
-698
-706
-696
-692
-690
-692
-696
-698
-696
-692
-698
-698
-696
-696
-700
-696
-698
-698
-698
-698
-706
-694
-688
-686
-688
-684
-692
-684
-678
-678
-676
-676
-674
-676
-674
-668
-662
-658
-658
-666
-670
-668
-656
-646
-644
-646
-648
-640
-632
-634
-630
-626
-626
-620
-614
-610
-622
-624
-620
-616
-610
-598
-598
-600
-600
-592
-596
-604
-588
-590
-586
-586
-596
-600
-614
-598
-598
-600
-594
-596
-596
-590
-582
-580
-566
-564
-568
-570
-564
-562
-566
-562
-560
-562
-562
-562
-570
-574
-560
-556
-548
-552
-550
-552
-550
-542
-538
-538
-536
-534
-532
-526
-532
-532
-532
-520
-522
-520
-522
-518
-512
-512
-508
-496
-494
-484
-478
-478
-478
-482
-482
-484
-482
-474
-472
-464
-462
-458
-462
-464
-456
-450
-450
-446
-450
-460
-456
-452
-456
-456
-450
-456
-458
-458
-456
-456
-470
-472
-482
-480
-478
-474
-470
-464
-458
-460
-456
-468
-474
-476
-464
-464
-460
-462
-464
-460
-452
-442
-444
-442
-452
-452
-450
-438
-446
-434
-436
-438
-428
-430
-430
-430
-428
-422
-422
-424
-430
-424
-434
-426
-426
-422
-426
-430
-430
-438
-442
-438
-440
-444
-444
-450
-454
-462
-454
-454
-454
-462
-462
-452
-460
-462
-466
-468
-462
-468
-468
-460
-446
-438
-438
-436
-432
-438
-434
-438
-440
-434
-436
-446
-446
-446
-438
-442
-440
-434
-430
-434
-434
-436
-434
-436
-434
-436
-442
-434
-432
-432
-420
-408
-406
-408
-412
-412
-412
-418
-416
-410
-408
-408
-410
-396
-388
-382
-376
-366
-364
-368
-368
-368
-366
-360
-356
-362
-352
-342
-332
-322
-322
-318
-312
-310
-306
-300
-302
-306
-306
-306
-304
-308
-300
-308
-304
-310
-300
-306
-308
-324
-324
-334
-332
-328
-330
-326
-320
-316
-318
-328
-326
-332
-330
-330
-330
-326
-326
-332
-330
-334
-332
-324
-324
-318
-310
-314
-318
-312
-306
-306
-306
-308
-310
-306
-316
-310
-304
-304
-304
-304
-300
-300
-290
-286
-286
-290
-296
-294
-290
-286
-292
-292
-284
-282
-280
-272
-272
-268
-274
-266
-266
-264
-270
-264
-266
-266
-266
-270
-270
-264
-264
-256
-258
-254
-260
-262
-252
-252
-256
-250
-248
-250
-246
-240
-240
-242
-250
-238
-242
-246
-244
-252
-238
-228
-234
-232
-232
-240
-242
-242
-244
-248
-246
-240
-242
-248
-244
-246
-250
-246
-250
-250
-248
-248
-254
-254
-252
-246
-246
-246
-244
-248
-236
-232
-232
-238
-238
-236
-228
-234
-242
-244
-240
-246
-240
-228
-224
-224
-234
-222
-230
-230
-226
-230
-224
-224
-234
-224
-224
-218
-206
-214
-210
-206
-212
-208
-214
-220
-218
-210
-214
-218
-206
-204
-198
-196
-192
-194
-190
-200
-200
-202
-206
-210
-212
-210
-212
-216
-212
-206
-200
-198
-206
-208
-206
-204
-212
-208
-206
-204
-200
-208
-204
-200
-202
-212
-212
-220
-218
-222
-226
-228
-232
-232
-240
-238
-232
-224
-224
-216
-206
-204
-206
-200
-202
-208
-206
-202
-204
-196
-190
-184
-192
-194
-186
-184
-178
-182
-190
-190
-180
-180
-182
-192
-196
-196
-208
-204
-210
-216
-206
-198
-198
-196
-196
-196
-200
-198
-190
-198
-194
-192
-188
-196
-196
-194
-188
-184
-188
-194
-202
-210
-204
-198
-196
-200
-196
-190
-180
-182
-180
-182
-176
-172
-164
-160
-160
-168
-162
-156
-142
-142
-142
-144
-150
-150
-152
-158
-164
-158
-160
-156
-154
-156
-160
-164
-164
-156
-154
-148
-142
-144
-144
-136
-134
-142
-142
-142
-134
-140
-146
-134
-132
-136
-140
-140
-142
-140
-146
-144
-152
-142
-144
-146
-148
-142
-146
-140
-146
-150
-150
-148
-158
-156
-154
-152
-150
-146
-152
-156
-152
-158
-164
-172
-170
-166
-160
-162
-166
-172
-166
-158
-158
-156
-152
-148
-146
-150
-144
-134
-132
-140
-144
-148
-146
-148
-146
-142
-136
-142
-156
-148
-146
-134
-124
-130
-130
-128
-116
-118
-122
-122
-126
-120
-112
-108
-116
-114
-112
-108
-108
-112
-114
-106
-98
-104
-106
-108
-106
-108
-106
-104
-110
-110
-110
-118
-114
-102
-102
-94
-90
-76
-68
-64
-64
-60
-58
-56
-56
-54
-48
-46
-54
-52
-52
-52
-54
-54
-54
-54
-42
-38
-26
-36
-36
-42
-50
-62
-66
-68
-72
-70
-74
-70
-54
-46
-44
-52
-54
-58
-64
-62
-58
-64
-52
-60
-48
-50
-50
-52
-52
-50
-38
-46
-48
-42
-50
-46
-44
-46
-52
-48
-40
-38
-40
-36
-42
-38
-36
-36
-26
-42
-38
-32
-30
-26
-18
-12
-14
-18
-22
-28
-20
-22
-28
-38
-34
-26
-16
-16
-12
-14
-12
-20
-12
-6
-10
-14
-16
-20
-14
-20
-18
-24
-22
-14
-10
-12
2
0
2
-6
-8
-12
-20
-22
-18
-28
-32
-26
-22
-26
-30
-32
-36
-28
-32
-34
-34
-30
-22
-24
-22
-16
-24
-28
-16
-24
-12
-6
-4
-6
-6
-12
-16
-18
-16
-16
-14
-14
-10
-12
-8
6
2
0
8
16
16
16
20
20
24
30
30
30
34
42
46
50
60
52
52
54
56
58
50
48
58
60
62
58
54
62
68
68
66
78
78
84
74
72
70
66
66
76
82
78
80
70
70
74
80
88
92
94
92
96
100
94
84
84
86
80
74
78
84
78
72
68
74
66
74
74
78
68
76
78
86
84
74
74
82
82
78
86
94
94
92
94
94
88
94
88
90
94
96
106
114
118
126
130
140
138
130
134
138
138
146
146
144
148
144
140
140
134
130
126
118
114
128
128
134
134
126
130
128
126
128
130
126
140
148
144
150
150
146
150
156
156
152
148
152
146
142
142
144
150
150
144
142
144
140
148
148
152
156
160
164
160
156
152
154
150
156
162
162
154
148
152
156
164
166
160
164
170
170
180
180
184
178
170
168
174
180
178
180
180
184
178
170
164
168
172
166
166
166
168
172
172
172
178
168
170
178
178
178
192
192
196
194
190
196
200
196
202
206
220
224
224
210
206
210
210
216
208
214
204
206
210
196
194
194
200
198
192
196
206
198
202
202
192
188
178
178
176
184
186
190
190
182
176
178
182
182
180
182
176
168
172
172
166
170
174
176
180
186
178
170
172
172
174
158
164
164
158
166
166
166
168
176
174
174
176
178
176
172
178
188
186
186
182
182
180
184
182
192
194
194
198
198
198
200
200
206
212
210
210
210
212
206
208
212
214
216
222
226
228
234
230
232
230
230
232
232
228
226
230
230
236
224
220
228
226
222
222
222
226
222
212
212
218
228
232
222
220
222
224
228
236
232
234
234
234
238
242
236
236
236
230
220
220
222
216
214
218
218
224
218
214
218
218
216
224
222
224
218
222
216
210
206
204
200
202
200
198
204
202
200
194
196
190
184
180
178
176
168
170
172
172
182
188
182
184
192
206
214
224
220
228
224
216
222
220
214
228
224
220
216
216
216
214
218
208
208
210
200
204
204
204
200
192
184
190
194
198
200
198
202
212
220
222
222
220
216
218
232
234
222
212
208
198
204
200
208
204
208
210
210
208
208
212
218
216
222
216
224
226
218
230
230
226
222
226
224
224
226
230
234
230
226
236
238
244
254
258
264
266
268
270
270
280
278
286
280
276
288
294
292
286
292
292
292
290
296
300
302
304
298
304
304
314
314
318
320
326
324
322
314
306
308
304
296
296
300
296
300
294
294
296
306
306
314
316
318
310
306
306
306
298
298
296
288
292
286
286
290
296
300
302
292
282
274
278
276
272
270
278
278
278
272
270
270
258
256
258
262
260
260
262
266
270
264
270
266
262
270
274
274
278
272
274
274
274
278
278
282
280
276
272
274
274
276
280
290
294
278
274
278
276
274
266
270
266
266
268
268
278
272
274
266
274
280
274
272
270
272
270
276
272
274
272
274
270
262
256
254
250
250
244
236
230
242
242
240
232
230
234
234
240
240
234
232
224
218
212
212
212
216
216
204
194
198
210
206
204
202
202
210
210
220
216
220
216
218
224
212
206
208
208
198
204
206
212
216
200
200
200
202
206
210
220
226
224
222
222
222
222
214
222
226
228
222
220
224
208
202
202
210
208
206
216
218
212
206
204
208
208
216
222
214
212
212
212
210
206
208
206
204
200
188
176
176
176
180
176
182
180
180
180
180
180
188
192
194
198
192
192
186
194
196
200
208
202
192
200
204
198
198
198
200
198
198
200
198
192
196
196
198
190
196
202
206
204
206
208
212
212
218
222
222
220
220
222
218
214
214
208
210
206
200
192
194
192
194
190
192
198
202
206
210
216
226
228
238
236
246
242
232
238
242
236
238
238
234
230
218
224
226
220
224
226
226
226
222
226
230
228
224
226
226
228
234
240
240
238
244
244
246
250
246
244
242
230
230
226
238
232
230
228
224
228
232
240
242
240
230
230
228
222
224
230
242
242
244
234
232
234
238
238
224
226
222
220
210
204
202
206
210
216
220
214
220
224
218
216
208
212
218
214
210
208
198
184
188
190
192
188
188
200
192
194
192
178
186
188
186
182
184
190
194
204
198
206
214
218
220
236
228
224
226
232
226
220
222
220
222
222
218
214
208
200
202
202
208
206
214
218
224
224
216
214
212
216
208
214
216
218
212
200
204
202
200
202
208
208
216
218
212
218
216
214
218
220
216
204
200
206
216
226
230
226
226
220
216
212
212
210
210
216
208
222
220
224
218
222
226
232
242
240
238
246
246
250
248
244
242
246
240
246
240
238
230
220
216
210
206
202
200
212
202
196
196
194
194
202
196
192
190
200
198
198
196
192
188
190
192
194
190
192
196
194
194
208
204
204
198
194
190
196
192
190
178
180
170
166
162
150
148
152
146
140
136
134
132
140
128
126
126
118
128
138
134
126
142
140
140
148
146
144
144
152
156
162
160
162
164
164
156
158
156
160
168
172
182
180
176
180
184
188
178
176
176
182
180
176
178
174
170
176
176
180
178
180
180
176
178
178
186
182
174
182
180
176
172
168
172
180
172
176
170
176
174
182
186
186
186
190
194
200
192
190
188
192
196
202
198
202
200
202
202
190
188
190
190
190
188
182
188
176
172
168
172
170
172
170
172
174
174
174
180
182
188
178
178
188
192
198
186
192
200
192
192
192
200
198
190
198
198
194
188
186
194
190
192
194
202
208
210
210
200
206
214
210
208
204
202
194
202
202
210
198
200
196
198
204
196
204
204
198
204
202
188
186
188
184
188
198
192
192
196
190
198
196
184
184
178
178
182
176
178
168
162
164
162
168
170
182
180
180
182
180
180
174
170
182
194
190
190
186
198
198
192
190
186
176
178
186
182
184
178
172
162
156
160
154
152
156
164
164
166
166
166
166
164
172
172
172
178
178
178
174
174
170
170
176
180
180
178
188
200
200
200
206
206
216
214
214
206
212
210
208
208
218
206
214
214
212
214
214
218
216
220
234
234
230
234
230
230
224
220
224
234
226
232
232
236
238
244
244
252
254
252
248
240
234
230
230
232
236
240
236
238
242
244
242
230
234
232
224
222
222
228
232
232
232
226
232
228
222
224
224
228
230
236
234
230
224
232
232
238
238
228
226
224
222
224
226
226
238
238
232
234
238
244
240
238
240
238
242
250
248
258
258
258
258
262
274
276
280
276
274
266
268
276
276
276
266
266
264
260
258
252
252
262
252
256
254
254
266
268
268
260
260
250
244
250
250
248
244
246
246
248
248
242
234
226
220
220
208
212
212
210
214
210
208
216
226
228
234
236
228
226
230
226
236
242
236
232
226
230
234
228
230
232
238
236
236
232
230
232
232
224
226
230
220
214
214
212
220
214
218
214
212
206
198
198
202
200
200
198
194
188
184
178
182
184
178
178
178
182
186
186
190
196
184
176
172
168
166
162
158
156
152
158
148
154
158
172
164
166
160
160
162
154
152
158
154
152
140
140
140
140
144
144
144
154
160
162
162
164
164
168
162
166
160
152
142
130
138
140
144
142
138
134
136
136
138
140
136
132
124
122
120
124
120
110
110
114
118
130
122
130
132
140
134
130
128
134
128
128
124
120
122
114
108
104
110
112
110
118
120
120
120
112
108
108
120
130
132
130
134
136
130
124
118
126
138
138
144
138
134
134
124
128
140
146
160
154
154
156
160
160
152
140
130
128
136
148
146
138
136
138
132
128
118
106
106
100
110
106
104
98
92
98
96
90
90
84
84
80
76
84
88
88
84
80
80
72
76
70
72
80
82
78
74
80
76
76
80
80
74
74
70
70
76
72
66
64
66
70
62
54
46
50
60
66
62
60
52
50
44
50
48
50
52
52
48
44
48
54
52
54
52
46
40
38
30
30
36
36
40
38
40
34
34
32
26
28
40
46
60
58
56
58
60
64
66
66
66
58
54
54
54
58
58
62
62
68
68
68
76
68
70
66
72
66
72
72
70
62
62
52
52
46
52
56
48
44
48
48
44
44
44
40
50
44
44
34
42
52
44
42
44
40
44
38
32
40
42
48
46
52
62
54
50
48
48
44
34
34
44
46
46
58
48
48
46
36
30
26
26
28
32
34
32
36
38
36
26
32
40
44
40
32
34
32
38
38
38
44
48
50
62
56
54
48
50
48
50
54
64
66
68
64
52
58
54
60
58
60
64
70
62
62
60
66
64
68
76
78
74
80
82
76
70
66
62
64
64
66
68
76
84
84
82
82
86
88
82
80
90
92
90
82
78
70
68
70
62
62
60
68
74
70
72
86
86
78
68
60
56
52
54
54
56
60
68
66
66
58
58
62
58
58
64
64
64
68
64
70
74
84
90
94
88
96
84
84
84
84
74
72
72
78
70
70
76
86
86
90
92
94
94
102
102
94
96
98
96
102
104
106
104
106
104
104
106
104
104
98
100
96
98
96
98
92
98
106
102
104
104
102
106
96
108
108
110
116
122
126
134
138
138
138
130
138
132
138
136
138
142
142
148
158
162
166
172
180
168
170
170
174
174
168
170
170
172
166
170
172
170
168
170
164
156
158
152
144
140
146
144
142
140
144
142
138
142
148
148
154
162
160
156
162
172
172
172
178
176
162
166
164
162
160
156
154
154
150
154
150
146
150
146
146
154
148
150
154
146
148
138
144
138
130
122
116
128
122
114
104
104
104
102
88
88
88
88
96
94
90
86
84
80
78
70
72
82
76
78
82
94
104
100
104
104
98
96
94
94
100
102
110
120
118
108
114
118
114
112
110
106
114
116
110
110
110
114
112
112
120
120
126
122
122
114
116
106
96
96
88
86
86
90
92
94
90
92
88
82
92
92
92
90
86
90
84
86
88
96
102
112
110
114
122
122
128
126
132
134
130
134
122
130
124
128
128
132
124
128
136
136
130
142
140
136
132
118
120
112
114
110
104
118
122
122
134
126
132
128
128
134
132
136
142
150
160
164
164
160
158
154
146
152
150
154
152
156
164
154
152
156
164
152
148
148
154
156
148
150
150
150
152
158
166
164
166
170
164
160
154
148
148
148
158
162
158
164
164
164
158
152
144
154
150
146
148
156
160
158
158
148
148
154
158
162
166
176
184
182
176
174
172
168
164
160
158
162
158
158
156
156
150
154
154
154
150
150
148
154
154
150
156
150
162
174
176
182
182
182
186
178
170
166
166
168
170
170
170
166
166
168
166
160
166
164
170
176
174
170
170
176
172
174
172
170
174
178
172
184
178
166
162
168
168
154
152
152
150
152
140
136
142
134
128
134
142
148
152
156
154
152
152
148
150
152
156
164
164
166
160
154
156
168
174
170
176
174
168
170
172
170
178
186
184
190
194
186
188
178
180
178
180
178
168
172
168
164
162
160
160
162
154
160
158
160
166
168
174
176
180
180
182
186
180
182
182
192
196
204
198
210
200
196
196
200
194
194
198
194
184
182
174
174
178
170
170
174
162
176
170
174
182
174
170
174
174
164
164
174
178
178
184
186
190
184
190
190
186
186
186
178
184
184
186
182
182
188
192
200
204
204
204
206
212
210
208
210
212
210
220
218
212
212
212
212
210
210
208
208
212
206
202
198
196
204
200
202
202
202
198
202
204
202
202
212
218
224
220
216
220
232
236
236
248
248
254
242
250
250
252
250
246
246
240
242
246
246
248
248
250
252
248
250
246
242
246
248
246
254
254
250
244
244
242
250
250
240
242
238
250
252
252
254
250
246
238
240
246
242
246
248
248
246
248
246
246
250
256
258
264
266
272
274
272
272
266
266
262
258
260
266
264
264
258
266
260
272
262
270
270
270
266
264
262
268
270
278
278
284
280
280
284
282
280
280
286
294
302
306
304
308
308
312
306
310
312
316
308
316
314
320
320
314
308
296
306
304
298
298
306
300
300
302
304
302
306
310
302
304
300
296
296
294
294
294
286
288
296
300
308
308
310
314
314
306
308
302
302
304
302
288
290
294
290
288
288
288
288
288
298
302
300
296
302
310
308
312
308
308
316
320
316
320
322
318
322
322
320
316
320
326
316
316
320
318
310
314
320
314
314
324
316
318
306
304
306
314
316
312
314
312
314
310
304
306
302
304
300
292
288
294
296
298
292
296
300
294
300
310
300
294
296
302
302
302
312
312
312
312
310
310
306
310
310
302
298
302
300
306
302
308
314
304
302
306
314
322
330
332
332
334
328
322
332
332
338
340
340
346
354
362
362
366
364
354
350
348
352
358
356
366
372
374
380
380
378
374
374
372
366
362
364
360
364
372
372
374
376
378
376
382
372
378
372
384
392
388
386
388
396
386
392
398
392
394
390
390
392
384
384
380
380
378
378
378
380
392
390
396
396
404
412
412
412
406
414
412
410
412
408
410
414
420
408
410
408
408
392
398
400
406
408
410
404
410
408
414
420
408
404
394
388
384
384
382
382
384
388
390
382
372
360
356
354
354
356
352
362
368
368
364
362
368
374
372
372
378
372
366
368
364
376
384
388
398
400
404
398
404
412
408
400
400
408
402
404
408
402
408
402
394
392
394
400
404
402
412
406
414
406
402
396
392
390
398
396
400
404
402
400
402
402
400
400
396
398
396
406
414
406
404
402
410
408
408
408
402
396
396
390
392
386
388
392
392
388
388
388
382
382
380
374
374
380
380
392
384
386
382
384
376
368
368
376
376
380
384
380
374
372
374
374
376
366
370
362
360
366
368
364
356
360
364
364
366
366
366
378
376
380
364
374
374
370
366
366
372
386
386
376
380
372
374
384
374
380
384
392
396
394
394
396
388
386
388
388
384
390
392
388
384
378
380
378
382
388
390
390
382
376
374
380
380
378
384
386
386
380
380
374
374
366
360
354
352
348
338
338
340
344
348
346
348
346
344
350
348
344
354
354
356
354
356
354
358
350
352
354
358
362
360
364
366
362
358
360
352
344
344
346
348
352
352
350
362
370
380
376
372
370
368
368
356
356
358
350
348
364
366
366
358
354
358
364
366
374
380
380
386
384
384
388
380
386
392
394
390
390
384
380
374
366
374
380
384
382
382
378
378
370
374
370
374
372
368
362
366
368
360
364
372
378
374
372
370
362
360
368
368
376
378
380
378
388
386
386
382
386
376
382
382
388
388
390
384
382
370
370
374
378
386
382
386
394
394
396
388
386
392
396
396
392
398
398
384
384
390
390
384
388
384
390
382
386
388
384
386
394
392
388
384
390
390
392
390
390
396
394
392
394
396
396
394
390
382
390
386
398
406
412
402
404
392
400
394
394
388
382
382
378
382
384
376
378
384
392
394
396
398
402
398
398
400
402
402
390
384
378
374
362
358
360
356
346
348
348
358
366
364
364
360
370
358
362
362
364
358
364
368
374
378
374
378
376
366
366
378
382
382
382
388
386
382
376
376
382
388
380
388
384
382
390
390
388
394
402
402
400
402
406
406
420
414
420
420
414
412
414
404
410
414
414
424
434
426
430
422
420
418
426
426
432
436
432
432
436
438
442
442
446
446
438
434
436
436
434
434
430
424
422
430
426
424
430
432
438
436
438
440
442
434
438
434
428
436
436
444
454
456
460
458
452
452
454
464
454
458
450
444
446
440
436
442
428
420
426
422
426
426
412
416
414
414
410
412
418
424
422
414
418
426
422
418
418
420
422
418
426
432
434
432
430
424
420
418
418
416
426
428
434
428
432
432
434
448
450
452
452
446
446
452
450
446
454
442
436
434
434
438
434
430
418
430
432
432
432
426
430
428
434
430
428
432
432
428
432
434
436
434
432
426
420
422
426
438
438
438
434
428
422
416
416
418
414
402
402
412
414
408
400
404
402
392
384
382
388
392
400
404
408
410
406
412
400
394
394
394
396
400
396
388
388
392
388
380
376
372
366
370
356
358
354
348
348
350
346
346
352
348
354
344
338
334
336
342
338
332
332
336
326
332
328
334
334
340
342
344
340
344
352
352
348
352
356
360
360
356
350
350
346
344
344
342
346
346
342
342
338
340
330
324
336
336
332
334
334
328
334
326
328
328
330
326
334
336
334
340
340
328
328
330
320
320
320
312
318
314
312
308
312
306
310
310
314
308
312
312
316
318
310
314
316
316
318
314
316
324
328
326
328
332
328
326
328
326
320
316
308
304
308
316
316
324
320
322
324
330
336
344
352
354
356
354
356
356
366
362
370
368
374
366
364
366
362
356
356
348
352
346
350
336
328
328
330
340
332
344
350
340
352
352
354
360
362
364
366
376
376
382
376
376
376
378
386
384
392
394
392
404
400
398
390
394
404
404
410
412
404
402
408
408
406
404
404
398
400
392
390
390
392
394
388
386
392
388
394
398
400
398
396
402
396
394
398
392
398
406
396
390
390
382
378
372
372
370
370
376
370
366
360
352
352
360
362
362
366
360
362
366
366
370
376
380
384
378
378
380
386
384
386
394
390
390
386
388
394
400
398
406
404
406
406
406
402
402
410
416
420
420
422
430
426
428
428
422
416
422
426
430
440
436
446
458
460
458
456
462
464
468
466
454
460
462
462
462
468
470
470
466
462
462
464
474
470
470
460
476
482
482
480
474
476
478
