-2623
-2617
-2605
-2595
-2591
-2583
-2581
-2581
-2567
-2567
-2561
-2553
-2545
-2539
-2527
-2523
-2523
-2523
-2515
-2503
-2499
-2499
-2499
-2499
-2493
-2481
-2483
-2469
-2459
-2449
-2445
-2441
-2445
-2435
-2423
-2415
-2403
-2393
-2389
-2391
-2385
-2387
-2377
-2377
-2377
-2365
-2359
-2353
-2353
-2351
-2351
-2343
-2339
-2335
-2331
-2329
-2315
-2311
-2311
-2301
-2297
-2293
-2281
-2279
-2273
-2259
-2259
-2249
-2247
-2247
-2231
-2231
-2235
-2229
-2225
-2219
-2211
-2203
-2191
-2185
-2181
-2181
-2173
-2167
-2157
-2153
-2139
-2127
-2125
-2127
-2121
-2117
-2109
-2099
-2099
-2101
-2099
-2089
-2083
-2083
-2073
-2065
-2055
-2055
-2053
-2045
-2045
-2037
-2031
-2031
-2031
-2023
-2017
-2005
-2011
-2003
-2003
-1989
-1985
-1981
-1981
-1977
-1959
-1953
-1949
-1949
-1937
-1937
-1931
-1931
-1931
-1933
-1933
-1933
-1933
-1931
-1931
-1923
-1923
-1917
-1917
-1911
-1909
-1909
-1909
-1903
-1903
-1907
-1907
-1903
-1895
-1887
-1881
-1881
-1885
-1881
-1869
-1865
-1869
-1863
-1855
-1855
-1839
-1833
-1819
-1819
-1809
-1811
-1797
-1795
-1795
-1795
-1783
-1777
-1777
-1773
-1773
-1773
-1773
-1783
-1769
-1769
-1757
-1757
-1751
-1751
-1751
-1737
-1739
-1739
-1739
-1739
-1739
-1733
-1735
-1727
-1723
-1721
-1721
-1717
-1713
-1703
-1697
-1697
-1697
-1691
-1691
-1681
-1677
-1667
-1665
-1667
-1665
-1661
-1657
-1657
-1653
-1653
-1649
-1649
-1647
-1637
-1631
-1631
-1619
-1621
-1621
-1615
-1619
-1611
-1613
-1607
-1605
-1597
-1597
-1591
-1587
-1587
-1589
-1579
-1579
-1571
-1565
-1561
-1547
-1547
-1547
-1547
-1547
-1545
-1545
-1543
-1543
-1539
-1539
-1533
-1519
-1519
-1519
-1521
-1519
-1523
-1517
-1509
-1513
-1503
-1503
-1493
-1493
-1485
-1485
-1491
-1485
-1485
-1477
-1481
-1481
-1477
-1477
-1469
-1463
-1467
-1461
-1455
-1457
-1449
-1449
-1443
-1439
-1425
-1425
-1417
-1417
-1421
-1413
-1413
-1409
-1405
-1401
-1393
-1393
-1391
-1387
-1387
-1387
-1387
-1381
-1377
-1377
-1373
-1363
-1363
-1359
-1361
-1371
-1375
-1369
-1367
-1361
-1351
-1343
-1329
-1329
-1325
-1321
-1315
-1313
-1313
-1297
-1291
-1287
-1287
-1287
-1287
-1285
-1281
-1281
-1277
-1273
-1265
-1273
-1273
-1265
-1259
-1253
-1261
-1261
-1271
-1271
-1273
-1273
-1273
-1263
-1267
-1261
-1257
-1257
-1257
-1257
-1257
-1257
-1245
-1243
-1241
-1237
-1231
-1231
-1231
-1229
-1229
-1225
-1229
-1229
-1217
-1209
-1207
-1201
-1193
-1193
-1193
-1193
-1193
-1193
-1195
-1201
-1195
-1185
-1185
-1185
-1185
-1185
-1185
-1181
-1171
-1169
-1153
-1153
-1149
-1143
-1137
-1135
-1135
-1135
-1127
-1123
-1123
-1113
-1113
-1113
-1113
-1113
-1113
-1115
-1115
-1111
-1111
-1111
-1111
-1099
-1087
-1083
-1099
-1089
-1075
-1071
-1069
-1069
-1069
-1063
-1065
-1067
-1057
-1051
-1051
-1049
-1043
-1035
-1041
-1041
-1041
-1043
-1043
-1031
-1033
-1033
-1025
-1021
-1019
-1021
-1023
-1023
-1023
-1027
-1023
-1025
-1025
-1033
-1029
-1025
-1025
-1027
-1017
-1017
-1011
-1011
-1001
-1003
-995
-999
-999
-991
-987
-987
-981
-981
-971
-971
-971
-963
-965
-959
-963
-963
-963
-963
-965
-953
-955
-957
-957
-947
-947
-947
-949
-949
-945
-945
-935
-931
-929
-929
-929
-931
-927
-929
-933
-933
-939
-937
-923
-923
-935
-935
-929
-929
-925
-927
-927
-925
-925
-919
-917
-915
-915
-915
-919
-913
-915
-915
-901
-897
-897
-887
-881
-879
-869
-859
-859
-857
-857
-851
-851
-851
-851
-851
-851
-851
-847
-841
-831
-829
-819
-821
-813
-811
-801
-791
-791
-779
-779
-779
-779
-767
-769
-771
-771
-765
-751
-751
-753
-747
-759
-761
-765
-759
-757
-757
-757
-751
-751
-755
-755
-751
-757
-757
-757
-765
-765
-769
-771
-769
-769
-765
-767
-773
-773
-773
-777
-779
-785
-791
-791
-789
-783
-767
-767
-763
-771
-763
-763
-773
-773
-765
-759
-753
-753
-761
-761
-757
-743
-743
-741
-741
-743
-741
-729
-729
-727
-713
-715
-713
-707
-697
-697
-703
-701
-691
-687
-693
-693
-689
-679
-685
-681
-675
-663
-665
-657
-647
-653
-663
-663
-661
-665
-667
-665
-651
-655
-655
-657
-657
-655
-655
-655
-655
-655
-655
-649
-643
-643
-647
-649
-655
-655
-647
-639
-639
-625
-619
-611
-609
-599
-599
-597
-595
-589
-583
-581
-571
-571
-567
-557
-557
-557
-557
-555
-545
-543
-549
-547
-547
-549
-537
-537
-537
-535
-537
-527
-537
-541
-541
-541
-541
-541
-547
-547
-553
-561
-561
-561
-561
-555
-555
-545
-545
-547
-545
-545
-539
-535
-541
-541
-529
-529
-525
-521
-517
-511
-507
-507
-505
-507
-511
-499
-487
-487
-483
-479
-481
-477
-481
-481
-473
-463
-463
-459
-459
-459
-467
-463
-463
-469
-479
-479
-473
-473
-471
-467
-469
-475
-475
-487
-499
-499
-499
-499
-499
-501
-495
-491
-495
-495
-495
-485
-481
-481
-477
-477
-471
-477
-481
-485
-485
-485
-481
-475
-475
-483
-481
-481
-487
-491
-497
-489
-489
-491
-483
-495
-489
-497
-499
-499
-487
-489
-483
-483
-483
-485
-481
-471
-471
-467
-461
-455
-455
-459
-459
-455
-463
-467
-463
-461
-461
-453
-453
-443
-443
-439
-439
-439
-443
-443
-443
-443
-433
-433
-425
-427
-425
-415
-405
-411
-411
-415
-411
-403
-403
-397
-391
-385
-389
-393
-381
-375
-373
-371
-365
-369
-369
-363
-365
-373
-373
-379
-379
-379
-379
-379
-371
-375
-387
-381
-379
-381
-371
-375
-371
-373
-379
-379
-375
-377
-377
-385
-377
-369
-359
-353
-355
-355
-347
-353
-355
-355
-351
-359
-359
-349
-349
-345
-345
-345
-345
-353
-353
-359
-359
-359
-355
-349
-339
-325
-325
-323
-319
-327
-337
-337
-343
-337
-341
-341
-341
-331
-331
-331
-337
-339
-329
-327
-315
-325
-327
-331
-331
-331
-321
-321
-321
-319
-319
-305
-307
-307
-311
-311
-311
-307
-295
-291
-285
-287
-295
-301
-297
-297
-283
-283
-289
-281
-285
-287
-287
-287
-287
-287
-287
-285
-285
-283
-273
-273
-267
-265
-259
-255
-253
-267
-267
-267
-253
-251
-245
-243
-245
-245
-247
-247
-247
-247
-241
-235
-235
-235
-227
-223
-225
-219
-219
-219
-219
-215
-219
-221
-221
-217
-215
-213
-205
-205
-203
-203
-205
-199
-199
-199
-195
-189
-189
-199
-195
-195
-195
-191
-187
-183
-187
-183
-183
-183
-183
-179
-175
-175
-175
-171
-171
-175
-173
-163
-167
-171
-163
-149
-149
-143
-141
-141
-147
-141
-137
-141
-147
-147
-139
-139
-139
-139
-127
-129
-133
-133
-125
-121
-111
-109
-109
-103
-101
-93
-97
-95
-89
-99
-97
-87
-81
-89
-89
-89
-79
-81
-85
-85
-89
-87
-77
-77
-77
-71
-73
-73
-77
-79
-79
-81
-85
-85
-81
-81
-83
-83
-81
-81
-79
-87
-87
-81
-83
-79
-79
-83
-95
-103
-109
-107
-107
-105
-103
-99
-111
-105
-115
-115
-119
-115
-115
-115
-119
-119
-119
-127
-127
-123
-119
-119
-119
-117
-117
-117
-115
-115
-115
-113
-117
-117
-103
-109
-97
-103
-93
-89
-87
-85
-85
-87
-89
-89
-91
-91
-89
-89
-89
-93
-93
-91
-91
-91
-99
-99
-93
-95
-95
-95
-89
-85
-89
-89
-95
-93
-93
-93
-87
-87
-97
-93
-93
-93
-89
-83
-81
-83
-89
-89
-89
-87
-87
-87
-81
-71
-71
-67
-75
-79
-87
-79
-87
-93
-85
-89
-81
-87
-87
-87
-87
-93
-93
-101
-107
-99
-95
-101
-103
-99
-99
-105
-105
-115
-109
-105
-97
-93
-93
-91
-91
-85
-85
-79
-85
-85
-81
-81
-83
-83
-79
-79
-79
-77
-75
-71
-69
-71
-73
-79
-79
-75
-83
-79
-77
-75
-67
-65
-67
-61
-57
-57
-55
-59
-59
-59
-59
-55
-49
-49
-45
-45
-43
-41
-41
-41
-33
-29
-29
-29
-21
-21
-21
-1
-1
-5
-9
-13
-7
-7
-9
-17
-17
-5
-1
-3
-3
-9
-13
-15
-13
-19
-21
-17
-9
-3
1
1
1
-3
-1
-7
-13
-7
-5
-5
-15
-15
-11
-17
-11
-19
-19
-13
-19
-19
-19
-15
-13
-9
-9
-5
-9
-3
-3
-1
-1
-1
-1
-11
-13
-7
-7
-5
-1
5
5
3
3
5
11
11
5
9
23
25
29
29
39
39
33
33
35
39
33
29
33
33
33
21
23
23
25
33
37
41
41
39
35
31
29
27
29
27
27
23
27
33
43
45
49
47
41
41
41
33
29
29
29
23
23
23
23
25
29
33
33
19
25
25
33
33
21
23
33
33
35
37
41
41
45
33
37
37
37
33
33
29
33
33
37
37
35
27
25
21
27
25
23
23
23
19
25
27
27
25
33
33
27
27
37
45
45
45
47
41
47
53
55
61
61
61
69
69
73
73
81
85
85
73
67
67
57
73
75
75
73
67
57
57
61
65
65
69
71
75
69
69
69
69
69
69
67
73
81
87
89
89
87
85
77
77
83
83
81
81
81
77
79
79
79
83
85
79
79
87
89
89
89
89
89
89
89
93
83
83
75
73
69
71
65
61
61
61
69
69
69
79
79
93
97
109
111
111
111
121
117
109
109
105
97
103
103
105
105
97
95
95
95
95
91
95
99
105
109
107
107
103
103
101
95
93
105
105
105
107
109
105
91
87
85
79
77
87
87
87
91
97
99
97
87
97
97
97
91
87
87
81
81
81
75
75
75
81
85
83
79
75
75
75
79
79
81
79
89
85
79
79
75
75
79
79
83
91
99
97
101
101
105
93
91
95
95
95
89
95
95
99
91
91
99
107
107
107
109
119
119
117
117
117
113
105
105
103
107
111
111
115
115
117
117
119
119
119
125
129
123
127
127
127
131
127
127
119
109
109
109
115
115
111
123
127
131
131
131
131
125
125
125
125
121
121
129
129
121
127
125
125
125
125
125
119
115
111
117
135
139
133
133
133
125
115
115
125
117
119
123
119
123
121
115
113
109
109
109
109
109
109
113
109
105
101
105
97
97
103
101
101
103
103
101
101
97
97
97
97
97
99
101
101
107
109
109
109
103
101
101
107
101
107
99
103
103
107
105
95
95
93
93
93
87
91
85
91
85
89
91
103
103
93
95
91
91
85
91
85
85
81
79
69
73
69
69
73
73
81
91
83
89
89
93
105
105
105
109
119
125
127
127
127
123
123
123
121
121
127
131
129
131
129
129
129
129
135
141
141
129
125
125
131
131
131
131
131
139
141
139
127
125
127
119
121
121
115
111
111
111
111
107
111
121
121
121
125
123
123
123
135
131
131
131
127
127
127
121
121
115
115
115
127
127
129
119
121
119
115
109
109
109
111
111
111
111
97
97
93
99
97
93
93
93
93
93
97
103
107
107
119
117
111
115
121
121
115
123
123
131
129
135
135
135
135
135
133
129
131
143
141
141
141
145
153
153
149
149
149
147
147
147
147
143
147
147
151
151
145
147
155
159
165
161
161
161
169
169
167
173
173
163
167
163
157
147
151
145
153
153
157
153
169
177
181
181
179
179
179
187
189
187
187
187
191
191
191
189
189
181
179
173
183
187
193
193
193
193
187
187
193
193
197
211
201
209
219
209
209
203
197
191
191
191
191
185
185
181
179
179
189
189
181
173
177
173
173
167
167
167
169
171
161
157
157
157
163
163
163
175
175
171
159
159
163
147
153
147
147
147
149
149
149
151
141
133
127
127
121
121
121
121
131
131
123
123
123
125
133
133
143
149
149
153
155
157
157
147
143
143
143
141
149
143
143
141
139
145
145
145
153
149
149
149
149
141
141
145
147
151
151
157
149
139
139
139
139
139
139
133
141
143
143
139
143
145
147
151
157
157
169
163
163
157
155
169
169
169
169
173
173
169
163
165
165
155
153
153
153
143
147
147
147
147
147
163
169
173
183
185
187
187
193
193
185
191
191
191
183
183
181
181
185
175
173
173
167
167
167
171
169
175
175
175
175
167
167
165
169
169
173
173
173
185
181
187
183
183
183
185
181
177
169
173
181
177
177
177
177
177
177
173
171
171
165
165
161
153
155
147
145
149
143
149
147
151
153
153
161
161
161
173
169
169
169
175
179
185
199
199
199
193
189
193
201
195
195
189
189
191
179
177
183
181
191
197
197
199
199
199
201
187
187
185
185
183
183
179
181
181
181
181
177
177
177
183
177
177
177
177
177
177
179
179
179
189
189
191
193
195
195
207
205
205
211
211
205
205
199
199
201
199
197
197
199
199
199
199
195
189
185
195
203
203
213
213
213
213
213
215
215
215
209
209
199
193
193
201
201
201
201
201
207
207
209
211
211
211
215
215
215
211
209
217
215
215
207
205
201
195
195
199
203
205
205
197
207
205
201
207
211
209
209
211
211
211
209
209
205
205
201
201
205
201
193
203
197
201
201
199
195
197
193
193
195
189
185
179
179
179
185
185
187
181
187
175
169
169
169
163
171
173
183
183
183
179
181
177
177
173
173
173
173
165
159
159
159
163
161
159
163
157
147
149
147
147
145
145
155
145
145
153
153
151
151
151
147
139
149
149
145
139
139
129
143
149
149
147
145
147
149
151
145
145
147
145
145
147
141
145
149
149
149
149
149
149
155
147
147
143
145
147
149
149
151
155
155
159
159
157
157
157
153
151
145
145
145
139
139
139
137
137
135
127
137
137
137
143
137
145
145
147
151
155
153
155
155
145
145
143
155
151
151
157
157
157
157
151
149
151
155
151
149
143
139
139
139
139
139
133
139
141
141
139
133
133
133
143
139
139
139
139
139
139
135
133
131
127
135
133
133
137
137
143
141
141
141
137
137
137
137
141
143
143
137
139
139
143
141
143
141
141
145
147
147
147
151
141
155
155
163
163
157
153
147
147
153
153
149
153
151
153
163
167
169
167
167
177
175
175
175
173
173
175
175
165
161
155
147
147
141
141
145
149
139
143
141
137
149
149
155
151
145
145
145
145
145
145
139
139
151
151
145
139
147
151
151
149
151
149
149
149
143
143
149
155
159
159
163
177
177
181
183
183
183
179
171
171
173
177
175
189
195
199
203
205
205
213
221
213
213
219
209
217
215
215
215
215
211
211
211
211
215
219
229
225
227
227
227
225
227
229
219
219
219
219
219
211
217
215
209
211
209
209
211
207
199
189
195
189
197
197
205
211
211
213
217
221
221
223
225
225
225
211
213
213
211
207
203
203
205
199
205
203
213
217
215
217
217
215
205
203
207
205
207
197
199
199
201
199
197
199
205
205
205
201
203
199
209
209
201
203
203
209
215
223
227
227
227
221
219
225
229
229
221
219
219
221
221
211
213
207
207
211
213
203
199
191
193
193
193
193
193
193
181
189
189
189
185
177
179
181
181
181
181
177
179
179
175
183
183
191
195
195
195
203
203
205
205
209
217
219
221
221
227
221
207
205
201
207
207
211
207
201
201
201
201
205
205
205
211
209
205
205
205
205
205
213
203
203
193
195
191
187
175
173
177
183
181
181
181
187
181
179
179
183
191
195
191
191
191
187
193
193
181
179
183
175
165
165
165
165
165
167
173
173
173
175
175
175
175
177
177
177
165
165
165
165
159
157
155
149
153
153
151
145
151
151
151
151
151
151
151
145
133
143
139
139
135
135
129
125
125
123
125
131
135
135
131
135
135
135
127
139
135
133
131
127
127
127
133
141
133
133
135
135
145
145
133
123
113
125
115
115
115
119
127
127
127
123
115
119
115
99
107
107
107
107
115
117
115
115
117
119
119
111
117
125
127
123
123
115
103
107
107
111
107
107
113
119
119
117
123
123
131
135
133
135
129
135
135
131
129
129
137
141
137
137
137
145
145
151
151
151
147
145
147
155
155
155
157
153
151
149
143
143
143
129
129
127
121
121
123
117
117
123
123
115
109
105
101
101
101
97
97
93
95
89
83
83
75
75
81
85
85
83
81
77
83
79
79
63
63
61
63
63
57
63
63
61
55
55
55
45
45
37
37
43
41
45
51
51
49
49
53
59
59
57
53
53
49
45
53
47
39
39
41
41
41
41
47
49
51
51
43
43
49
49
53
51
59
61
51
47
51
47
47
49
53
53
53
59
61
55
59
59
51
51
61
61
73
77
71
65
71
61
57
63
55
61
69
75
75
75
75
83
85
87
75
73
81
77
67
67
63
59
55
59
63
79
79
79
83
77
77
77
77
77
85
85
85
85
85
89
89
93
87
97
105
113
113
113
113
121
121
121
117
117
119
113
113
121
125
129
123
121
107
109
109
111
111
111
103
107
119
119
113
113
109
105
105
103
111
111
107
109
109
109
107
107
117
117
103
109
115
109
119
127
121
123
129
129
125
125
123
123
121
117
123
123
125
125
113
103
99
103
103
103
103
111
117
117
109
113
97
99
89
93
85
85
85
97
99
103
103
97
95
95
91
93
87
93
83
83
83
83
83
83
85
79
77
85
85
93
97
103
103
103
103
103
105
95
91
85
87
95
95
79
81
85
85
87
87
87
91
91
95
95
93
87
87
91
89
95
91
91
89
89
95
97
97
89
81
81
83
75
75
69
73
73
73
73
67
67
63
67
75
73
81
81
81
83
73
73
75
75
73
77
69
65
65
55
57
59
59
63
67
67
63
61
65
69
71
81
87
85
87
79
73
71
67
67
65
71
67
67
67
61
69
75
79
87
83
83
77
77
71
83
83
77
77
77
87
93
99
99
89
81
85
85
87
87
87
87
73
75
73
77
81
81
81
81
85
95
87
93
93
93
87
87
87
93
89
89
85
85
85
85
85
77
77
77
83
89
89
89
81
81
81
85
85
85
85
85
85
83
83
75
75
75
73
87
89
95
91
101
101
111
115
115
109
111
117
117
117
123
117
123
119
127
125
131
125
121
125
129
129
129
121
115
115
113
111
105
105
101
101
109
103
97
99
87
87
85
81
93
93
93
101
97
99
91
91
89
97
97
85
87
79
85
87
83
89
89
93
95
95
95
89
89
89
99
99
101
93
91
91
91
89
87
85
81
81
81
73
69
69
69
69
69
67
63
69
69
69
69
69
69
69
67
67
73
73
67
61
61
61
67
69
69
69
69
81
85
85
85
93
83
87
93
93
101
95
101
97
97
93
93
95
95
95
95
101
109
111
115
125
119
117
115
125
125
127
129
129
135
135
141
141
139
141
141
145
145
145
145
135
135
135
135
127
127
131
125
121
125
125
129
129
129
129
129
129
133
127
127
127
131
129
137
131
133
137
139
149
143
137
139
139
147
147
145
149
149
145
143
147
147
147
155
161
165
165
165
165
163
163
167
167
165
165
165
159
159
161
161
155
155
149
149
147
151
149
149
139
147
137
137
137
135
135
135
135
131
129
127
125
125
127
121
115
115
107
107
107
109
109
109
115
111
111
111
113
115
111
111
111
113
111
117
117
117
119
115
117
117
103
105
97
91
97
97
95
95
97
97
99
103
101
111
115
117
117
121
123
123
123
123
123
123
125
131
125
125
119
119
123
123
127
127
127
127
127
131
131
135
145
139
139
141
135
125
131
129
123
123
121
117
125
125
125
123
121
121
131
125
129
133
133
133
133
139
133
143
135
135
135
129
131
131
131
131
129
133
133
143
143
143
141
143
147
147
141
133
127
129
127
133
123
121
119
121
115
107
107
107
103
111
113
113
113
113
111
119
121
113
115
115
123
123
129
139
133
139
135
135
137
129
131
127
133
133
123
125
121
113
119
119
117
115
115
121
121
131
141
143
145
149
153
153
163
163
157
151
151
151
151
147
155
157
157
161
161
159
155
155
163
157
157
157
157
155
155
161
161
173
173
161
157
167
169
173
161
161
165
157
157
149
147
147
143
137
137
125
129
129
129
129
131
127
125
131
131
129
127
127
119
123
119
121
129
127
127
127
133
129
117
117
113
119
121
121
125
125
131
119
121
117
107
107
105
105
93
105
99
99
101
99
97
95
91
99
99
103
111
109
109
105
105
93
79
85
85
85
85
85
85
83
91
91
97
103
103
101
101
101
111
111
111
121
125
125
127
127
121
121
113
119
121
121
121
117
119
119
117
107
117
121
125
125
119
117
117
123
111
115
115
111
117
119
119
117
117
123
129
127
127
119
121
113
123
123
123
119
119
119
119
119
119
117
117
113
113
107
99
93
93
83
77
77
77
81
79
81
81
83
79
79
79
77
77
79
85
85
89
77
75
69
61
57
55
55
55
51
51
51
55
55
55
55
55
67
61
59
59
63
65
65
55
63
69
57
55
49
49
51
51
61
61
73
79
79
75
85
87
87
89
95
99
91
93
93
107
111
109
101
101
101
97
85
85
93
95
91
97
93
93
99
101
97
105
105
115
109
109
101
105
117
117
117
117
119
125
125
125
113
113
115
119
119
117
117
113
119
111
111
111
111
103
105
99
111
113
113
117
121
121
121
125
119
123
123
123
133
141
145
145
149
159
165
167
179
179
179
179
179
179
185
199
197
197
197
189
189
195
195
195
205
207
197
195
183
185
187
179
181
179
169
173
173
169
177
177
177
183
183
183
183
183
173
175
175
179
183
187
193
193
193
189
189
193
193
195
195
195
195
193
195
201
201
201
199
201
195
195
195
191
185
179
179
175
169
167
167
179
177
185
179
173
177
187
189
177
173
173
173
177
177
177
177
179
177
173
173
173
175
173
181
177
177
177
179
167
163
163
163
161
169
173
171
169
169
169
171
177
185
185
181
171
169
169
171
175
181
177
177
179
173
171
167
163
159
153
147
135
137
137
135
135
145
143
137
137
139
139
139
149
145
145
139
143
143
143
143
135
133
133
135
129
129
133
133
131
123
125
129
139
139
139
139
143
143
143
143
147
143
143
143
143
149
147
153
153
157
159
153
157
157
159
163
167
163
153
153
153
151
149
149
149
155
153
153
145
143
147
147
147
143
139
143
143
147
147
147
139
143
143
135
135
139
135
135
135
135
131
131
123
129
133
135
143
143
139
129
129
133
133
143
141
145
141
141
145
149
135
139
139
139
137
141
137
137
139
139
137
137
137
145
145
145
145
147
139
137
129
129
125
125
121
115
123
127
127
123
119
113
113
109
107
107
99
99
97
97
87
91
93
105
105
105
109
107
109
111
123
123
123
129
133
129
123
127
127
131
131
133
125
125
131
141
135
133
141
139
143
145
143
143
137
145
145
141
141
141
141
141
139
139
145
147
143
149
149
153
163
165
165
175
175
177
177
183
177
181
183
181
181
187
191
181
183
183
187
185
185
185
179
179
175
177
181
181
177
185
185
185
183
183
183
183
183
179
171
173
171
181
171
169
171
177
177
175
175
175
175
169
161
171
175
179
183
173
173
167
171
171
177
175
179
187
191
191
191
183
177
177
177
165
165
155
155
153
153
149
147
155
155
147
143
143
151
151
145
145
145
143
143
143
137
137
137
137
145
145
157
157
157
161
167
167
167
155
171
173
169
173
175
179
183
189
193
193
199
195
195
197
207
207
211
201
197
197
197
205
203
207
205
205
201
199
205
213
213
223
219
219
223
225
223
223
223
229
227
227
239
239
237
231
239
237
229
229
225
219
221
221
219
217
217
217
223
225
225
221
221
213
203
203
201
199
197
197
199
199
193
193
199
205
205
205
207
213
213
213
227
235
235
229
227
227
227
227
225
225
229
231
231
227
235
233
235
235
233
233
241
241
243
243
235
239
243
243
251
243
245
241
241
241
235
239
243
241
239
243
245
237
235
235
237
243
237
237
237
243
243
243
239
245
245
249
249
249
243
249
251
251
251
251
249
251
255
259
259
259
265
257
257
257
257
265
265
263
257
257
261
253
255
243
241
241
231
219
215
209
203
193
191
193
193
191
191
197
199
197
197
201
203
203
209
209
217
227
229
231
233
229
231
225
225
235
235
247
247
257
267
257
253
253
259
261
251
247
245
243
245
251
251
249
247
255
251
247
247
255
255
255
267
267
261
265
263
257
261
267
259
263
263
255
265
265
265
265
269
267
269
265
273
273
273
269
269
263
263
263
263
267
275
279
273
273
273
273
263
263
265
265
265
265
261
269
271
277
285
285
287
287
283
279
273
273
275
271
271
277
277
277
269
269
269
265
265
259
265
265
267
269
265
273
273
267
269
265
265
267
267
267
267
271
273
273
279
275
275
263
255
261
261
263
261
261
261
253
251
259
257
255
255
255
259
259
261
271
277
269
271
277
277
275
283
277
283
283
285
281
275
277
285
289
287
285
289
283
283
283
285
279
279
279
279
273
261
265
255
257
259
265
253
253
257
259
259
263
263
263
263
261
273
271
271
271
271
283
281
285
285
283
279
281
281
279
277
279
273
273
271
275
281
287
287
297
295
293
293
291
283
283
287
285
291
291
291
283
283
281
289
295
301
301
307
311
315
307
307
307
305
299
307
317
309
319
311
315
315
315
313
313
317
317
311
307
305
309
313
321
321
321
315
317
313
303
303
303
303
299
299
297
303
303
299
299
311
311
311
325
321
321
321
331
331
329
329
321
321
317
329
331
325
327
329
329
343
343
341
345
345
347
353
353
347
345
343
343
355
357
357
357
355
355
355
359
357
353
349
349
355
349
349
349
349
347
351
355
359
357
357
355
355
353
347
335
335
337
323
321
317
321
325
323
321
331
337
337
335
339
339
327
327
327
319
325
325
325
321
313
315
315
315
319
323
313
311
311
311
311
315
317
325
323
317
327
329
329
323
319
319
329
337
339
341
335
337
337
337
331
333
337
335
335
335
339
339
335
329
329
325
315
321
311
305
305
299
299
293
289
283
285
285
285
277
267
261
267
267
267
267
267
263
263
263
263
261
265
265
271
269
261
261
261
261
259
259
259
259
253
253
257
255
259
245
243
241
241
241
241
247
247
247
243
247
237
237
237
237
237
239
241
243
243
255
255
255
253
253
253
253
253
257
261
261
261
269
269
269
271
271
263
263
263
251
251
253
269
269
273
275
281
281
281
283
277
277
277
277
287
295
295
287
289
287
287
279
279
283
283
291
301
309
309
309
325
325
325
325
333
333
333
329
329
329
321
307
301
297
307
305
305
305
305
305
305
309
309
301
301
301
293
293
301
301
305
297
297
297
293
297
289
291
283
277
279
283
273
263
263
259
259
259
249
249
253
263
265
263
265
253
253
247
253
253
259
257
261
261
255
267
267
265
281
281
277
261
265
265
261
259
259
259
255
259
257
257
263
265
255
261
259
263
255
251
251
251
247
235
231
231
239
235
247
237
237
235
239
239
231
227
227
229
229
229
233
233
239
237
229
229
221
233
235
243
243
241
251
259
263
263
271
271
271
273
277
281
283
279
267
271
275
275
273
265
267
267
263
257
257
263
271
271
273
273
273
275
275
273
267
259
257
259
259
261
261
261
261
255
251
245
249
249
249
251
251
251
253
251
251
249
247
247
253
249
253
253
253
257
257
261
271
273
269
273
269
263
255
255
257
249
243
247
247
247
247
259
249
249
249
249
253
259
253
249
249
249
241
241
241
245
241
241
235
235
239
239
237
237
235
235
245
247
251
249
243
247
239
235
235
235
235
221
223
223
219
219
217
209
213
213
211
203
211
211
209
209
209
207
213
223
213
213
209
207
207
207
205
203
197
183
183
183
179
187
201
201
201
203
191
195
195
197
195
193
185
181
181
177
169
165
167
155
153
153
149
155
157
153
155
153
149
151
143
141
141
141
145
149
155
155
151
141
139
139
139
133
137
141
141
139
145
145
147
149
157
157
157
157
157
157
157
161
167
173
173
167
167
165
163
171
171
175
179
181
177
181
179
179
195
195
187
179
179
179
179
185
185
185
181
173
167
175
179
179
179
179
179
187
177
177
177
175
173
173
167
163
163
163
163
165
169
169
175
175
181
175
183
169
163
165
171
171
171
177
189
189
193
187
191
187
181
181
191
197
197
199
197
197
201
203
199
207
207
203
201
201
213
217
227
227
229
229
229
229
233
225
223
225
231
239
243
241
243
245
243
237
233
233
233
241
241
237
235
227
229
225
225
225
225
225
225
221
221
221
223
225
223
221
221
221
217
215
215
221
223
227
227
225
229
223
223
219
219
217
217
223
227
225
225
227
233
235
233
235
235
241
241
231
235
235
233
233
233
231
231
231
233
229
229
233
233
239
239
241
241
241
241
241
241
245
233
227
223
219
223
221
225
227
233
229
229
221
221
217
217
217
221
213
213
209
207
199
193
185
185
185
185
185
185
187
185
181
179
187
183
183
183
187
187
189
181
183
177
181
183
187
195
201
207
207
207
207
213
217
215
215
219
213
215
213
217
217
209
209
205
207
203
203
199
199
193
191
195
197
197
195
199
195
193
193
197
199
203
201
197
197
197
189
185
185
185
185
185
183
185
183
183
183
175
175
181
181
193
199
199
199
199
189
189
199
201
197
199
199
199
201
201
193
193
193
193
197
197
187
195
195
195
195
195
187
187
183
187
193
191
183
183
169
161
161
155
155
155
157
157
147
151
151
149
149
145
141
133
129
131
131
135
135
147
147
147
147
151
151
153
157
157
165
173
167
167
167
169
165
167
153
153
153
153
153
143
141
137
139
141
151
151
151
151
151
147
141
135
135
135
125
125
125
141
141
147
139
147
143
145
141
149
149
143
143
149
151
147
157
157
155
155
159
159
167
167
167
169
167
169
169
169
169
169
171
171
167
171
167
163
163
167
163
167
173
173
179
191
205
211
205
197
193
195
195
191
191
189
189
181
185
189
191
193
191
191
181
181
187
191
191
189
191
185
193
195
201
197
197
191
191
195
189
189
189
189
187
181
185
183
185
185
193
193
195
189
195
189
189
181
179
173
173
173
173
173
167
171
179
177
179
179
175
175
175
179
177
175
175
171
169
169
169
169
169
169
171
169
169
173
185
175
163
163
169
171
175
183
187
185
189
191
197
191
193
193
189
191
199
199
199
199
199
199
201
197
199
199
199
199
209
209
209
201
201
205
205
205
209
209
209
209
203
205
193
197
199
195
203
203
205
193
193
185
191
191
191
191
191
183
171
175
173
173
177
177
177
177
183
191
193
195
185
185
193
193
199
193
193
199
199
199
193
193
195
199
193
193
201
201
201
191
199
199
201
201
207
205
205
203
205
205
205
211
211
213
213
219
229
239
235
239
239
239
239
239
239
239
243
237
245
241
241
239
229
229
229
227
227
227
221
235
235
233
233
223
223
233
229
229
231
223
227
225
223
211
211
219
217
217
217
219
223
221
215
215
215
207
213
201
211
207
203
203
201
191
191
193
199
203
199
199
197
197
193
193
193
199
205
205
191
191
187
179
179
179
185
185
187
187
187
193
187
183
185
191
181
183
183
183
175
173
173
173
173
167
167
167
167
167
167
171
159
159
159
159
163
171
171
175
175
175
175
181
173
173
183
183
181
175
175
177
173
173
179
179
181
183
187
187
191
203
205
205
211
213
211
211
217
217
217
213
213
213
205
205
199
193
183
183
175
179
179
181
181
181
173
171
175
181
183
181
185
189
183
181
181
181
185
185
183
171
171
167
167
169
169
159
159
151
153
153
153
151
153
151
161
157
157
157
161
157
157
157
151
151
149
147
147
151
151
157
153
153
151
153
157
163
165
157
155
155
155
155
155
165
165
169
173
183
173
173
169
163
161
161
161
161
163
159
161
165
161
161
165
165
171
173
173
173
171
177
175
179
185
187
189
189
195
189
179
179
179
179
177
177
177
171
167
165
165
165
165
161
161
161
161
159
157
157
159
167
167
171
171
171
169
163
155
157
157
159
159
165
161
161
163
163
161
169
169
161
159
167
167
177
173
177
181
175
175
177
177
181
181
167
165
161
161
159
161
157
157
157
157
155
153
155
145
145
139
139
141
145
147
151
161
173
171
171
169
177
179
183
191
193
193
183
185
189
189
189
193
199
193
193
199
199
205
209
209
209
207
219
227
227
225
233
233
233
225
225
225
221
221
221
221
213
207
205
205
203
195
195
195
195
195
193
203
203
209
209
209
217
223
223
231
233
225
229
231
233
229
227
231
241
243
243
235
239
249
253
253
249
247
249
257
255
253
259
259
259
257
259
259
255
255
255
253
253
253
253
263
263
267
269
269
267
267
267
267
267
275
277
275
267
267
271
273
273
279
279
281
281
281
281
281
285
285
287
287
287
287
289
291
291
295
291
299
305
303
299
299
301
299
301
301
301
297
297
297
295
299
299
297
297
293
291
295
295
293
289
283
289
289
285
283
281
281
285
285
285
285
285
285
283
287
287
283
283
279
285
277
275
275
275
275
275
271
279
289
281
277
277
279
275
271
269
269
259
259
263
273
275
275
275
285
277
275
275
281
283
283
273
275
273
263
269
269
269
265
265
265
261
257
265
265
265
269
277
279
281
277
277
283
281
283
285
285
285
281
281
279
285
293
293
291
283
283
289
283
287
287
287
283
281
287
295
295
295
295
291
291
285
281
281
281
283
283
277
281
275
275
281
281
289
289
289
281
281
277
273
279
275
275
275
275
267
265
275
283
283
287
293
291
285
289
289
289
287
285
283
283
283
279
279
289
291
293
301
299
299
299
295
297
297
305
307
317
317
317
315
323
317
313
321
321
321
321
327
323
323
323
327
327
323
331
331
337
337
337
337
337
331
335
331
333
333
333
333
331
335
335
335
337
335
323
323
325
323
327
329
319
317
329
327
319
319
319
319
315
315
315
313
313
315
313
315
315
315
327
327
321
329
329
329
339
337
333
333
337
341
337
339
349
351
355
357
345
337
337
329
327
327
327
331
325
319
319
319
311
307
307
299
307
315
317
317
317
323
321
321
321
319
319
309
309
309
315
311
305
303
303
297
297
301
301
303
303
309
307
305
305
299
299
291
291
291
293
287
285
279
279
291
283
285
283
281
283
283
281
281
281
283
283
283
275
281
273
263
263
263
261
261
261
261
261
263
263
263
259
259
259
263
263
259
253
253
251
257
257
257
257
257
263
251
245
243
243
245
243
245
239
245
245
251
251
257
257
253
245
249
257
257
261
261
261
269
269
269
257
263
261
255
253
253
257
267
271
271
259
257
257
251
245
249
253
243
239
233
229
227
231
241
241
245
245
245
253
253
257
253
261
255
253
249
249
247
247
247
247
243
239
239
239
241
237
247
253
253
261
255
261
253
251
251
253
259
259
255
255
255
253
253
251
245
245
255
257
255
255
251
251
259
259
259
259
253
247
247
247
251
247
241
247
243
245
235
231
239
239
247
241
241
233
235
239
237
233
229
227
227
227
227
225
223
223
223
219
217
209
209
207
207
205
205
199
199
201
195
197
197
197
193
201
201
193
195
201
199
199
195
201
201
209
203
203
203
197
197
193
193
187
187
195
195
213
215
221
225
227
221
221
221
221
221
219
219
223
223
223
225
225
225
225
221
221
207
209
209
209
219
225
227
231
241
245
247
259
259
259
265
265
261
261
269
273
277
277
277
277
275
273
283
283
287
287
293
293
289
291
291
291
289
289
293
287
285
285
283
275
273
269
265
265
269
269
269
269
265
265
265
265
265
269
273
273
267
271
271
271
257
255
255
255
259
261
267
267
281
281
281
285
285
285
289
297
295
295
287
285
285
285
285
279
273
269
269
261
263
267
261
259
259
257
265
269
269
275
275
275
279
279
279
279
279
267
271
273
267
265
269
265
267
273
273
275
273
267
277
279
279
277
283
283
283
291
285
285
291
287
287
297
297
301
303
299
299
299
299
299
299
301
301
297
301
301
307
305
305
305
309
303
293
293
293
293
297
297
295
299
299
299
299
299
299
299
299
299
299
299
301
297
297
303
301
301
291
291
291
291
291
301
301
301
309
309
305
313
317
319
325
331
327
333
329
329
337
337
337
337
333
337
337
335
335
335
329
329
321
321
327
323
323
319
321
321
321
317
317
317
317
317
319
315
327
319
319
321
321
313
315
313
317
319
319
323
317
315
321
321
321
321
321
321
309
309
309
309
303
295
285
285
285
289
295
301
297
299
301
301
301
301
307
307
297
301
297
297
301
295
295
293
293
297
297
293
293
293
293
283
277
283
281
285
291
291
289
283
283
283
291
285
291
289
285
285
285
285
285
285
277
277
267
267
275
285
281
283
281
281
281
289
285
293
289
289
295
287
281
287
281
281
279
279
279
281
281
281
279
283
283
283
283
283
283
285
289
289
291
291
295
295
293
297
299
299
299
307
313
307
307
305
297
295
291
295
295
295
295
305
309
309
309
309
317
317
317
317
317
315
315
315
307
307
309
309
305
305
305
311
303
299
303
309
309
311
321
329
335
343
347
347
345
345
349
351
349
345
345
355
351
355
355
351
365
375
377
379
379
379
379
383
381
381
381
379
379
381
379
373
371
369
369
365
365
367
367
363
363
363
363
363
363
363
363
363
363
365
371
377
383
387
393
389
387
395
407
407
407
409
399
399
401
411
409
407
405
407
413
407
413
413
413
411
409
411
411
407
407
407
401
401
399
401
405
409
417
415
415
415
413
413
399
399
401
405
403
391
397
381
387
385
387
383
387
393
395
395
391
397
403
405
405
397
401
401
395
395
395
393
391
391
391
389
395
399
391
393
385
387
381
383
387
383
383
371
379
379
371
371
367
363
349
343
343
343
343
337
343
343
339
345
339
337
337
341
341
339
337
335
343
345
337
337
337
329
325
323
311
303
299
311
319
319
313
309
309
299
309
311
307
307
307
307
311
307
307
315
311
311
311
307
317
319
319
321
325
323
319
329
327
329
329
329
329
329
333
333
333
321
323
323
331
319
307
305
305
309
307
303
305
313
313
305
305
307
307
305
305
305
309
319
325
325
317
317
317
319
313
313
307
303
301
301
299
299
299
303
299
297
297
297
297
297
301
299
301
299
291
295
283
287
279
291
291
293
287
291
291
291
295
291
299
303
303
303
301
293
291
291
287
287
287
291
285
287
277
277
279
279
287
291
291
295
293
301
301
305
305
303
303
293
301
299
301
307
307
303
301
301
305
307
303
305
305
307
311
303
303
301
309
305
313
319
317
327
337
341
337
335
339
339
345
347
345
345
351
349
351
345
341
347
347
347
337
343
343
341
341
341
337
337
343
343
343
337
337
345
