-2623
-2617
-2609
-2599
-2599
-2599
-2601
-2599
-2595
-2583
-2581
-2581
-2575
-2575
-2577
-2567
-2559
-2559
-2557
-2557
-2557
-2545
-2539
-2539
-2535
-2523
-2517
-2519
-2523
-2523
-2515
-2505
-2493
-2493
-2491
-2487
-2487
-2471
-2461
-2457
-2453
-2445
-2439
-2431
-2423
-2413
-2405
-2395
-2379
-2375
-2365
-2355
-2347
-2337
-2323
-2313
-2309
-2303
-2297
-2297
-2297
-2289
-2283
-2281
-2271
-2265
-2257
-2251
-2253
-2245
-2241
-2239
-2239
-2233
-2229
-2227
-2227
-2221
-2215
-2209
-2205
-2205
-2199
-2189
-2181
-2169
-2167
-2161
-2155
-2153
-2147
-2139
-2135
-2131
-2123
-2117
-2101
-2091
-2085
-2081
-2077
-2073
-2065
-2059
-2049
-2039
-2035
-2029
-2017
-2009
-2009
-2005
-1999
-1987
-1989
-1989
-1979
-1985
-1979
-1981
-1973
-1967
-1959
-1961
-1949
-1947
-1947
-1947
-1943
-1937
-1929
-1919
-1909
-1897
-1891
-1887
-1887
-1889
-1879
-1879
-1875
-1871
-1865
-1851
-1847
-1843
-1831
-1821
-1815
-1817
-1809
-1805
-1803
-1803
-1797
-1787
-1779
-1775
-1771
-1771
-1765
-1761
-1755
-1755
-1753
-1749
-1745
-1739
-1725
-1725
-1723
-1721
-1717
-1717
-1719
-1707
-1703
-1699
-1699
-1685
-1683
-1671
-1663
-1663
-1657
-1653
-1651
-1649
-1637
-1639
-1639
-1635
-1629
-1625
-1615
-1609
-1607
-1595
-1587
-1583
-1583
-1573
-1573
-1573
-1561
-1561
-1555
-1543
-1529
-1521
-1521
-1513
-1507
-1501
-1491
-1483
-1477
-1471
-1467
-1467
-1465
-1461
-1459
-1447
-1437
-1435
-1437
-1433
-1419
-1411
-1411
-1403
-1397
-1397
-1403
-1393
-1385
-1373
-1371
-1369
-1369
-1371
-1363
-1355
-1349
-1345
-1341
-1335
-1327
-1341
-1335
-1323
-1307
-1305
-1301
-1295
-1281
-1275
-1271
-1269
-1261
-1261
-1261
-1253
-1255
-1251
-1241
-1233
-1239
-1227
-1227
-1233
-1227
-1227
-1227
-1221
-1233
-1227
-1225
-1211
-1203
-1199
-1199
-1195
-1191
-1193
-1185
-1185
-1179
-1179
-1175
-1175
-1177
-1183
-1187
-1185
-1177
-1171
-1167
-1169
-1177
-1165
-1163
-1151
-1145
-1145
-1147
-1141
-1153
-1145
-1141
-1145
-1137
-1125
-1125
-1123
-1129
-1123
-1115
-1111
-1111
-1101
-1105
-1103
-1093
-1089
-1077
-1077
-1071
-1059
-1051
-1045
-1051
-1049
-1035
-1031
-1025
-1025
-1021
-1013
-1007
-1009
-1003
-995
-993
-993
-999
-1007
-1009
-1011
-1017
-1009
-1001
-997
-1001
-1003
-1013
-1023
-1019
-1031
-1035
-1045
-1035
-1037
-1033
-1029
-1025
-1023
-1023
-1027
-1033
-1023
-1015
-1009
-1017
-1017
-1003
-997
-987
-985
-985
-977
-959
-955
-951
-939
-937
-937
-937
-935
-939
-935
-935
-937
-945
-947
-939
-935
-923
-915
-919
-905
-905
-901
-885
-881
-883
-875
-869
-861
-855
-847
-841
-835
-835
-829
-829
-831
-825
-825
-825
-819
-813
-805
-807
-799
-793
-793
-787
-781
-771
-765
-763
-757
-753
-757
-747
-745
-745
-745
-745
-751
-749
-741
-731
-721
-717
-717
-717
-707
-699
-689
-695
-681
-679
-677
-681
-677
-675
-675
-675
-671
-667
-667
-669
-673
-677
-671
-673
-677
-683
-691
-685
-685
-671
-667
-659
-653
-639
-639
-631
-621
-617
-617
-619
-611
-603
-593
-591
-583
-595
-587
-589
-585
-583
-581
-587
-581
-585
-579
-583
-575
-579
-573
-569
-569
-567
-569
-563
-557
-561
-557
-561
-567
-563
-557
-559
-553
-549
-539
-537
-535
-527
-531
-525
-515
-517
-517
-513
-521
-529
-521
-521
-533
-531
-527
-533
-525
-515
-523
-523
-529
-529
-521
-511
-505
-505
-495
-487
-485
-493
-497
-497
-495
-491
-487
-489
-487
-481
-487
-493
-495
-483
-481
-485
-483
-479
-479
-483
-495
-483
-477
-481
-485
-475
-475
-479
-479
-485
-481
-489
-493
-491
-497
-493
-495
-493
-485
-477
-479
-469
-459
-459
-449
-445
-433
-431
-427
-419
-427
-419
-417
-413
-409
-403
-397
-389
-387
-381
-379
-379
-379
-381
-379
-371
-365
-359
-347
-357
-359
-355
-355
-359
-357
-355
-347
-343
-343
-349
-343
-349
-351
-347
-345
-349
-349
-343
-339
-335
-331
-327
-319
-319
-323
-311
-319
-321
-327
-341
-345
-351
-353
-349
-349
-343
-333
-337
-341
-331
-341
-345
-351
-359
-359
-349
-347
-347
-353
-353
-353
-343
-347
-347
-345
-343
-333
-327
-335
-341
-335
-337
-333
-337
-335
-325
-321
-317
-313
-307
-315
-311
-313
-327
-325
-325
-323
-311
-311
-305
-299
-307
-305
-295
-287
-277
-269
-263
-257
-265
-259
-261
-257
-253
-253
-251
-247
-237
-239
-237
-233
-243
-247
-249
-247
-237
-243
-241
-247
-239
-239
-237
-235
-243
-239
-237
-237
-227
-225
-221
-231
-221
-227
-233
-235
-235
-229
-219
-223
-225
-231
-223
-221
-227
-229
-233
-237
-237
-237
-245
-247
-249
-257
-257
-255
-259
-259
-255
-255
-249
-249
-241
-241
-243
-235
-231
-235
-235
-235
-233
-233
-241
-237
-239
-237
-233
-221
-211
-209
-209
-209
-213
-217
-219
-211
-211
-219
-211
-203
-195
-191
-185
-185
-189
-187
-185
-189
-195
-201
-193
-185
-185
-181
-183
-179
-179
-183
-189
-193
-203
-207
-207
-201
-203
-189
-189
-177
-177
-179
-179
-187
-191
-197
-191
-185
-185
-191
-199
-195
-187
-187
-199
-195
-191
-193
-189
-189
-197
-191
-193
-199
-193
-193
-199
-195
-189
-193
-197
-193
-193
-189
-185
-179
-171
-169
-165
-167
-165
-159
-159
-159
-157
-161
-155
-159
-159
-151
-153
-153
-145
-141
-135
-143
-139
-141
-139
-135
-143
-139
-143
-139
-129
-125
-127
-125
-123
-123
-121
-123
-123
-129
-131
-139
-145
-139
-145
-145
-145
-157
-163
-177
-183
-187
-189
-193
-199
-195
-191
-189
-191
-189
-183
-185
-183
-183
-181
-173
-173
-171
-175
-179
-181
-179
-191
-191
-193
-193
-183
-181
-191
-185
-181
-177
-177
-179
-179
-187
-185
-189
-183
-183
-183
-175
-167
-161
-157
-161
-167
-163
-165
-165
-161
-155
-161
-165
-157
-159
-159
-153
-155
-157
-163
-173
-171
-161
-173
-167
-161
-157
-157
-159
-159
-151
-151
-149
-145
-137
-131
-137
-137
-149
-141
-149
-149
-151
-141
-133
-139
-139
-137
-129
-135
-137
-137
-139
-143
-145
-135
-141
-141
-139
-139
-143
-131
-129
-129
-119
-115
-121
-129
-131
-133
-137
-147
-161
-155
-151
-159
-165
-161
-155
-163
-159
-151
-145
-155
-159
-163
-157
-161
-157
-153
-153
-143
-139
-137
-141
-143
-141
-145
-137
-127
-133
-131
-125
-121
-117
-121
-127
-129
-123
-119
-123
-119
-113
-111
-115
-111
-109
-107
-111
-115
-121
-119
-121
-123
-119
-121
-113
-119
-123
-125
-123
-123
-125
-133
-127
-125
-121
-121
-119
-121
-119
-115
-115
-103
-97
-89
-87
-87
-87
-83
-71
-61
-65
-69
-65
-57
-49
-49
-49
-47
-47
-41
-45
-47
-49
-47
-47
-49
-47
-45
-45
-41
-33
-31
-17
-15
-9
-13
-19
-19
-23
-23
-19
-19
-13
-17
-15
-11
-5
-13
-13
-11
-11
-11
-9
-9
-7
-7
-3
-17
-15
-17
-21
-25
-25
-27
-31
-29
-33
-31
-31
-45
-47
-53
-43
-53
-61
-63
-69
-71
-71
-61
-67
-65
-57
-55
-47
-47
-37
-31
-27
-29
-35
-31
-31
-19
-31
-29
-21
-23
-27
-27
-13
-13
-15
-9
-5
-7
-3
3
-3
1
3
7
13
11
15
9
7
15
15
17
13
25
31
33
27
23
21
9
15
15
21
13
5
5
13
11
11
11
5
5
-3
-3
9
5
-5
-9
-5
-7
5
3
7
13
13
13
13
1
-3
-3
-9
-19
-23
-23
-15
-13
-13
-11
-21
-13
-5
-11
-5
7
5
3
1
-1
7
9
1
5
-11
-7
-7
-1
-9
-9
-9
-1
-7
-7
-19
-19
-17
-11
-5
-1
5
9
1
1
9
11
15
17
21
21
21
19
29
37
35
35
45
45
53
53
57
51
49
53
55
63
63
69
77
77
65
61
55
59
57
57
63
53
49
49
47
49
45
49
51
55
53
49
47
55
55
57
63
63
63
73
67
67
67
67
71
69
63
71
61
65
65
65
73
73
73
73
83
79
85
73
83
79
79
85
81
85
93
87
85
79
83
75
71
71
71
71
71
61
47
45
43
39
33
27
19
15
13
11
17
29
29
29
33
29
29
21
19
25
21
35
43
39
39
35
35
37
45
33
29
27
37
45
45
45
49
53
53
55
63
63
69
71
69
73
75
73
73
77
75
69
71
61
59
59
55
51
47
49
57
61
61
63
59
61
49
43
55
55
59
67
73
81
85
87
97
101
105
113
121
123
127
123
129
131
135
129
133
125
127
127
129
119
115
115
115
113
107
101
107
113
123
119
119
121
119
121
123
113
117
111
111
123
121
125
129
121
131
131
129
135
141
139
151
151
157
165
155
147
147
147
145
143
147
139
151
139
145
147
155
153
147
145
149
145
141
145
141
139
147
145
149
149
137
137
141
149
149
145
145
139
129
129
129
125
119
127
121
125
125
127
133
131
117
103
113
107
105
111
109
113
111
119
119
111
115
115
111
117
123
121
121
123
123
109
109
119
121
119
113
107
101
97
89
91
91
83
85
89
87
87
89
97
97
93
95
95
93
101
109
113
99
99
89
99
101
95
97
103
103
101
97
93
95
91
85
79
83
75
83
81
71
79
77
81
73
71
77
71
67
71
65
63
63
67
67
67
63
59
57
65
65
73
77
71
57
51
51
55
45
45
45
45
39
45
57
49
53
51
49
47
45
49
47
49
45
39
35
37
41
35
35
35
27
23
23
17
7
3
9
19
19
19
17
25
25
27
37
45
45
49
45
55
57
47
51
59
61
61
57
47
43
45
39
47
35
29
29
31
25
23
33
31
31
43
47
37
33
21
17
17
11
9
17
21
15
15
19
19
23
27
29
23
17
25
19
17
19
13
23
17
17
29
37
47
45
45
47
47
47
51
63
49
37
35
37
37
41
41
47
45
39
35
39
39
41
41
35
43
43
43
49
55
55
51
51
51
51
41
43
49
51
45
49
37
35
35
29
29
35
39
31
29
45
45
53
65
65
65
75
79
87
91
93
101
99
91
97
93
91
93
87
87
79
69
63
59
55
61
59
65
65
65
71
73
79
83
85
83
89
93
97
103
103
103
109
113
113
101
105
109
109
113
115
117
115
109
117
109
109
113
117
121
131
135
129
129
137
143
145
151
147
145
141
143
149
145
143
143
145
153
157
161
161
153
145
143
139
143
143
157
163
169
175
179
177
169
171
177
173
173
173
171
171
173
163
165
155
153
151
155
161
169
171
181
187
183
179
169
165
171
167
171
163
165
157
163
169
173
163
159
155
143
147
147
151
155
163
173
175
167
177
177
181
183
189
181
181
183
175
167
177
177
177
173
171
167
175
171
175
181
181
183
185
191
187
185
193
189
189
181
187
187
175
179
187
187
181
175
177
177
187
197
203
203
201
201
213
207
205
197
201
193
189
189
195
195
185
189
185
189
191
189
185
185
173
175
173
175
179
179
183
187
199
207
209
207
203
201
201
205
203
197
199
199
207
205
197
191
187
189
179
177
173
173
163
165
165
169
175
175
173
179
181
181
171
167
175
171
179
179
179
183
185
187
187
191
195
205
207
207
217
219
209
209
203
203
191
187
183
191
183
193
203
205
207
201
203
205
219
219
217
215
213
213
219
217
215
215
217
217
215
209
211
205
203
197
201
195
203
195
201
199
195
199
197
195
187
179
175
171
177
179
175
175
179
179
167
175
167
171
171
179
181
185
179
177
179
189
197
197
205
205
211
205
205
207
207
203
203
197
195
199
191
189
189
193
185
177
169
159
165
153
155
155
153
153
159
159
153
153
153
141
145
145
143
143
143
145
157
165
161
169
167
167
159
157
153
159
165
165
163
169
161
155
157
159
157
163
159
163
155
153
153
157
151
157
161
171
173
173
173
173
171
177
181
177
177
189
183
175
169
171
177
173
173
179
185
185
183
191
181
181
193
203
199
199
189
183
171
171
167
171
169
165
161
157
151
153
151
143
145
147
139
147
143
149
151
151
153
145
149
155
159
161
163
169
179
175
157
159
157
151
147
149
147
149
153
149
143
145
151
151
151
151
149
153
151
153
155
157
153
147
141
141
139
141
137
137
143
141
137
137
137
135
141
143
151
151
151
151
147
135
129
125
119
115
105
103
111
115
101
99
103
105
111
123
119
125
121
127
123
119
119
123
127
123
113
113
123
127
125
127
131
131
125
135
129
131
137
145
137
137
129
145
147
145
153
155
145
135
137
137
135
135
139
131
125
131
131
133
133
131
127
129
131
135
133
131
125
127
119
119
107
107
105
99
101
93
83
81
83
91
85
91
91
89
89
95
95
87
83
89
93
85
77
77
71
67
71
71
63
53
49
45
51
51
51
45
37
37
35
37
43
39
37
37
39
35
35
37
35
45
51
55
53
55
59
59
49
59
65
67
67
63
67
69
69
69
75
75
73
61
49
45
41
37
45
49
53
59
59
63
61
65
75
71
71
73
65
75
79
81
89
89
83
87
93
85
81
79
85
81
79
79
81
87
77
81
81
69
79
83
79
79
85
81
81
81
79
73
65
61
61
59
55
59
59
61
59
55
49
51
51
57
59
51
55
49
49
45
45
49
49
41
43
45
45
47
49
57
57
65
61
55
59
65
71
79
77
71
71
73
73
71
67
55
61
65
73
79
79
77
73
67
65
65
63
65
69
73
83
79
77
79
75
75
83
85
87
83
85
83
83
93
83
87
87
87
95
91
99
99
99
97
89
89
93
95
101
113
117
111
109
111
115
121
131
129
127
121
121
117
119
121
119
113
119
115
111
99
103
107
107
105
95
101
97
99
103
99
109
103
105
109
99
89
97
97
109
101
107
99
101
97
99
111
119
123
121
113
109
109
103
99
95
103
95
95
93
85
83
87
97
85
89
93
89
93
81
77
83
85
91
91
85
77
77
69
59
63
63
65
71
73
73
75
71
63
71
71
71
73
67
67
65
65
63
69
69
69
63
63
63
67
69
63
63
67
71
77
79
81
77
77
75
79
69
71
75
81
79
83
85
97
103
107
123
131
137
143
135
137
143
139
137
141
141
143
133
133
135
137
127
137
137
143
137
135
137
137
137
139
143
137
137
133
137
141
149
143
141
139
143
153
151
149
153
155
157
155
153
159
151
157
157
151
155
155
155
161
157
153
155
161
159
153
163
163
161
169
181
187
191
195
199
199
207
213
221
231
235
237
225
227
221
225
225
223
223
215
215
217
227
225
221
227
225
217
207
209
213
215
221
221
221
227
233
239
249
249
245
243
253
255
251
251
247
241
241
239
235
241
247
237
237
239
241
253
249
249
251
251
251
253
259
257
263
265
265
263
259
251
257
257
255
253
257
253
259
271
271
269
271
265
259
257
257
247
247
251
235
237
235
239
239
239
241
237
237
241
243
237
237
241
235
241
243
241
231
231
229
225
225
219
209
213
205
203
201
201
205
209
213
205
207
201
199
209
219
219
219
227
225
235
237
233
225
227
229
235
233
231
239
241
239
243
245
259
269
265
269
269
271
275
285
281
285
285
289
283
289
295
289
287
291
299
305
309
311
307
303
303
299
307
315
315
311
307
299
307
311
309
311
311
317
313
313
303
303
305
305
315
323
323
317
311
311
307
307
307
305
299
309
313
307
301
297
297
301
295
289
291
299
307
313
313
325
329
325
321
325
321
325
321
315
317
323
327
317
311
309
307
305
301
305
303
309
319
315
317
319
317
323
321
325
319
329
333
333
335
337
335
335
327
325
317
319
323
319
327
323
313
313
321
323
319
317
311
309
313
307
305
307
301
303
315
309
315
319
321
309
309
307
307
309
313
313
313
317
321
323
327
335
329
327
331
325
323
325
327
319
315
315
325
313
311
311
305
297
295
295
295
299
303
299
297
299
297
289
289
285
285
293
299
301
305
305
305
305
311
303
303
299
299
301
301
293
289
289
291
287
291
291
297
299
301
301
305
303
301
303
307
309
309
313
311
315
321
309
311
311
307
315
309
307
301
295
291
291
289
297
305
303
303
307
307
299
301
299
315
301
299
293
283
279
269
263
255
259
267
269
265
261
249
249
249
249
245
247
239
235
223
223
221
223
221
225
223
211
207
209
215
221
221
219
215
215
219
217
215
203
199
195
201
203
201
201
199
207
211
215
217
221
231
227
225
219
207
211
215
213
217
221
219
221
215
221
221
215
217
213
213
213
217
219
223
231
233
233
235
235
237
227
229
227
217
215
211
211
213
223
223
215
227
237
243
237
229
221
221
209
209
211
211
219
219
225
225
227
235
235
233
241
241
251
251
251
241
245
249
245
245
235
235
229
227
229
229
235
233
239
239
235
233
237
241
237
241
239
237
233
235
227
217
221
217
211
219
219
211
211
213
207
207
207
215
217
211
201
195
197
205
209
199
191
191
191
183
191
191
193
201
205
201
207
211
199
203
201
197
195
197
191
193
179
185
185
183
189
183
171
171
167
171
177
181
183
185
179
179
187
193
193
185
179
175
183
181
181
185
185
189
191
189
189
187
185
181
183
177
175
177
171
177
179
181
181
177
177
183
187
179
179
171
167
169
177
183
181
177
179
169
167
161
167
167
169
169
181
177
185
185
183
183
187
193
187
187
185
183
177
185
193
191
177
173
165
165
163
165
159
163
163
163
169
175
175
177
177
179
185
183
181
193
185
177
179
185
185
193
189
191
197
197
203
203
205
209
209
209
209
213
213
213
221
215
213
209
209
213
213
213
205
213
209
209
215
215
213
213
199
199
201
201
207
211
213
215
219
225
223
225
219
225
231
227
227
227
231
229
223
227
221
217
209
219
215
209
199
199
199
201
201
201
203
201
201
205
205
205
203
219
221
225
217
207
203
207
195
195
191
189
179
181
177
177
177
177
181
183
185
199
199
199
191
189
195
187
185
183
177
185
185
183
187
183
191
195
203
205
203
209
209
203
203
205
205
211
205
213
211
211
209
205
203
209
207
197
201
201
201
205
215
219
217
213
215
205
207
203
201
209
205
215
219
219
223
233
237
227
235
225
221
229
229
225
225
225
227
215
219
221
223
225
219
213
221
215
211
209
207
205
201
207
201
203
203
209
207
197
199
189
179
181
177
175
181
179
183
173
181
177
179
179
173
159
155
155
155
149
143
149
165
163
155
161
161
169
163
161
155
155
161
159
149
145
149
157
151
155
159
155
161
161
161
163
155
157
161
161
165
165
175
177
175
183
187
197
205
203
195
195
195
191
193
191
191
197
195
193
191
185
181
185
181
179
185
181
187
187
179
183
185
183
183
189
187
185
199
193
193
201
207
211
209
207
209
207
211
205
209
211
215
207
205
201
207
213
205
201
207
199
203
209
221
221
219
217
219
223
223
209
205
207
213
207
205
203
203
203
203
209
197
199
199
189
193
191
189
201
201
199
199
203
207
197
193
189
183
175
175
175
175
171
167
173
161
161
171
163
163
149
159
155
149
135
133
131
121
123
129
129
129
123
127
135
131
135
139
143
151
151
143
143
143
143
143
153
153
159
159
157
157
149
145
145
141
141
155
153
159
153
153
147
153
153
147
155
159
159
171
175
175
173
173
171
173
169
165
169
171
173
179
177
175
171
169
167
175
167
169
165
159
169
161
169
169
167
171
167
167
163
161
167
165
161
165
171
163
165
161
159
157
159
147
151
161
153
159
165
165
177
169
165
173
173
165
171
165
161
167
167
177
173
179
171
179
187
191
193
181
181
191
199
205
199
195
195
191
191
191
193
195
195
201
203
201
199
205
209
209
201
203
207
205
201
201
201
199
193
189
185
191
193
187
187
189
179
183
187
187
187
183
183
179
185
185
179
179
179
189
189
177
175
175
175
173
173
185
177
185
185
179
169
175
175
169
169
169
163
155
159
157
165
157
163
161
157
161
155
153
155
159
165
165
157
155
153
155
155
155
155
145
141
143
141
133
133
133
125
123
127
123
109
109
103
103
99
87
81
83
83
95
101
105
101
105
109
103
117
113
111
105
97
93
91
97
101
103
103
103
101
105
111
117
121
121
131
125
133
145
149
155
155
155
155
151
155
157
157
159
163
159
153
149
143
139
135
133
139
141
143
151
145
149
149
151
151
153
153
147
155
149
155
161
159
159
157
157
161
161
165
169
167
161
165
167
159
161
161
159
151
143
145
155
151
141
131
129
129
127
119
119
123
119
113
105
105
101
101
93
89
93
109
113
107
105
103
107
109
111
113
109
105
115
109
111
111
111
105
113
111
107
111
107
115
117
121
131
135
135
139
139
139
141
137
133
123
117
123
123
125
135
131
133
135
143
143
145
145
145
149
155
153
159
157
161
155
159
153
151
151
149
153
151
159
163
169
163
163
161
159
155
149
145
155
159
157
153
155
169
169
173
177
177
185
187
187
181
173
173
165
163
161
157
157
155
147
145
131
137
141
145
141
139
143
143
155
159
157
157
157
159
157
149
157
151
151
147
149
149
155
155
153
155
155
153
155
153
155
149
153
159
153
155
161
151
147
145
151
157
163
165
173
181
183
187
183
181
181
183
189
189
185
177
181
183
191
203
203
203
195
195
209
217
225
221
227
223
219
211
211
223
223
221
225
217
213
213
211
205
215
211
209
217
219
225
237
241
239
237
245
257
257
251
255
259
257
263
263
263
255
253
241
243
235
245
247
243
243
253
251
259
257
265
265
265
259
257
255
255
255
263
265
267
265
269
271
267
269
269
267
263
263
273
269
269
263
265
261
265
261
265
261
261
249
253
251
255
253
261
261
267
267
255
253
243
237
239
243
241
251
255
253
255
245
247
245
245
243
245
239
245
249
241
235
239
249
239
239
235
239
237
239
239
235
231
223
219
219
221
217
213
225
223
231
241
243
243
237
241
231
231
229
235
231
221
223
217
225
221
223
225
223
227
219
211
203
213
223
221
221
223
227
223
231
231
221
223
221
223
215
223
233
227
225
231
235
235
233
229
225
223
233
229
231
233
229
231
229
229
227
225
221
223
219
209
217
209
207
213
215
223
235
235
229
229
229
221
215
211
207
203
195
195
191
187
191
191
185
187
187
189
193
193
201
193
187
185
189
203
203
199
199
207
213
211
211
203
191
197
199
197
203
211
205
205
207
209
205
207
207
207
207
203
197
197
205
199
191
187
185
181
187
177
177
181
181
183
177
165
157
145
137
143
153
157
159
153
147
139
133
131
141
141
139
139
147
147
155
149
141
135
139
149
161
167
165
167
173
165
157
155
167
167
171
163
161
169
171
183
191
189
199
193
195
197
195
185
183
189
191
189
193
191
185
185
181
185
183
181
181
171
167
177
179
173
171
163
173
165
169
157
147
151
161
167
171
169
167
161
169
181
169
173
173
171
153
149
145
151
155
145
151
149
153
167
167
169
167
167
169
165
161
155
157
165
175
181
177
185
181
179
177
175
177
173
171
177
179
175
173
177
175
169
163
163
165
163
153
151
147
139
143
139
145
141
145
143
141
137
135
135
125
129
131
127
129
141
141
129
123
123
119
119
113
119
127
129
125
129
121
125
125
125
117
111
107
101
101
95
93
97
99
99
101
97
101
105
103
105
119
117
115
113
123
127
127
121
123
113
115
115
115
117
121
121
121
125
119
115
115
115
111
121
123
129
137
133
133
127
127
137
131
137
145
147
139
131
125
125
119
127
129
129
127
127
121
127
123
129
111
107
103
99
97
93
89
99
95
97
95
83
89
95
101
105
99
101
95
87
89
91
89
103
105
105
99
93
95
89
79
83
89
87
93
87
81
89
77
83
79
71
73
79
77
83
89
93
85
83
85
97
111
105
111
121
119
123
119
121
117
123
119
125
129
133
133
131
131
127
127
127
127
123
121
121
123
121
125
121
123
123
127
133
131
127
125
129
135
143
145
141
141
143
147
153
159
161
161
165
165
167
173
181
185
197
189
179
183
187
191
189
185
185
187
177
173
173
173
167
167
159
149
145
145
141
147
151
153
143
143
151
157
161
159
161
165
159
155
151
151
149
155
147
149
159
155
151
151
151
153
157
151
153
153
155
167
169
157
153
143
149
151
153
159
157
155
153
161
163
155
155
159
159
167
167
161
159
163
159
161
157
155
159
151
157
157
155
159
153
159
157
161
159
161
163
163
163
171
171
181
187
187
183
183
179
175
169
163
165
165
177
171
165
167
171
171
171
177
179
181
175
171
171
173
179
175
175
175
185
185
183
179
183
185
185
179
185
185
185
175
175
173
175
175
183
189
191
189
195
195
201
203
197
197
199
199
195
193
197
193
179
171
165
173
177
181
177
169
157
153
153
145
153
155
165
169
167
169
177
181
187
189
193
197
191
189
181
185
187
187
185
185
197
181
183
175
175
179
179
173
169
165
163
161
159
153
151
155
155
147
147
155
153
151
155
157
155
153
149
147
153
145
133
131
133
129
129
131
119
117
119
113
107
107
101
105
105
99
99
97
99
97
105
103
103
107
113
113
101
111
119
123
123
125
119
117
115
111
119
113
119
117
117
109
111
111
107
107
111
107
107
95
95
85
91
81
79
79
81
87
89
87
89
99
103
107
101
105
105
105
115
121
125
125
129
125
129
129
119
117
111
119
117
119
121
129
135
123
127
133
133
145
135
139
143
145
143
141
137
141
145
141
143
145
141
137
131
133
135
137
137
129
133
139
137
139
139
127
127
127
135
135
135
129
129
133
133
135
131
131
133
139
137
143
151
151
151
151
153
157
159
161
173
173
161
165
169
167
157
165
169
179
185
193
191
187
185
175
173
171
165
171
165
169
167
171
179
181
175
175
177
171
173
173
175
169
165
171
177
177
169
175
181
175
175
181
171
169
165
153
159
155
151
149
149
151
159
151
147
139
143
145
151
155
145
149
147
163
175
173
163
161
171
175
175
169
169
169
175
179
181
169
161
153
153
153
153
151
159
155
155
151
149
151
155
151
147
143
143
139
137
133
131
133
123
119
123
129
127
125
125
117
107
109
117
117
123
119
115
119
133
143
135
131
131
135
131
131
133
125
125
123
135
127
135
145
139
141
141
149
153
155
155
161
169
171
167
171
173
171
179
175
161
157
155
155
151
147
151
163
155
149
151
149
153
149
145
151
149
147
145
145
139
143
139
133
127
127
115
111
111
99
87
87
83
85
87
83
85
91
99
95
101
97
101
111
115
109
103
107
107
115
113
109
113
111
111
115
115
123
121
117
119
121
115
109
107
101
101
95
107
109
97
87
77
71
63
69
63
67
61
57
59
59
47
43
51
51
47
57
61
61
67
73
77
83
83
79
73
69
73
77
73
77
67
63
71
71
65
57
55
51
47
57
57
53
51
55
59
63
51
43
27
27
23
27
29
33
35
35
41
45
43
47
53
57
53
43
39
45
41
47
37
31
35
41
29
27
29
43
43
43
39
45
41
45
33
31
29
27
37
41
51
45
45
43
53
61
57
51
51
49
43
39
45
49
63
67
65
65
67
65
63
59
57
59
65
65
59
61
55
55
53
43
39
43
45
43
51
51
51
55
45
47
41
31
31
33
31
31
29
31
31
39
33
35
39
47
55
55
61
63
69
67
65
69
75
73
79
83
79
91
97
89
89
89
91
85
93
93
99
109
103
99
97
97
99
99
111
109
117
107
107
109
107
107
109
115
107
121
109
109
103
101
101
97
97
99
109
107
117
115
111
113
107
99
89
87
81
77
79
87
87
93
99
95
97
97
105
103
107
97
97
109
117
123
115
119
113
117
117
109
111
113
117
117
105
101
103
91
91
87
83
91
97
97
103
105
109
107
109
97
95
95
89
93
83
77
71
71
61
55
55
53
53
47
49
57
53
61
59
57
59
57
59
61
53
47
57
57
61
61
67
65
71
83
85
85
79
73
71
73
69
73
69
61
59
59
55
55
55
63
59
59
61
65
65
61
61
59
61
57
51
51
49
49
49
45
51
49
51
49
49
45
43
45
37
41
41
39
41
33
41
49
47
47
55
59
57
59
61
65
69
77
85
85
85
75
79
79
67
67
69
69
69
69
69
75
71
63
63
63
63
65
69
59
65
63
65
65
63
65
63
63
77
79
81
85
87
87
95
109
117
119
119
125
127
127
129
131
141
141
133
137
137
137
139
145
141
149
145
141
143
147
143
145
151
161
155
155
163
155
161
169
167
165
167
171
173
173
181
173
179
181
179
173
171
171
175
171
173
171
171
173
167
167
177
185
175
169
169
171
175
163
151
157
157
157
165
161
161
163
163
169
177
171
163
161
159
153
151
149
153
147
157
159
155
163
165
165
167
163
163
159
157
155
155
149
153
155
159
151
151
149
149
151
149
149
157
159
161
163
171
177
177
181
179
179
183
187
179
163
161
161
165
169
181
187
195
197
197
193
195
195
203
207
199
189
187
177
177
177
179
175
169
169
169
177
179
181
185
191
181
167
167
163
167
169
169
169
157
159
157
153
147
147
145
147
143
147
151
163
161
161
163
163
153
145
139
149
143
139
141
147
155
157
157
153
157
149
155
157
157
155
157
159
169
171
169
175
175
175
171
171
177
179
181
175
179
183
193
189
193
183
181
177
177
171
171
169
173
173
183
177
181
181
179
183
181
179
187
191
189
187
185
177
181
181
187
187
189
199
201
205
201
191
193
179
175
175
171
167
175
173
169
165
159
151
137
123
121
129
131
131
127
123
121
123
119
119
119
125
125
121
129
131
125
127
123
125
131
137
137
139
131
133
133
135
127
123
133
131
143
143
143
151
155
157
161
161
157
153
153
153
153
151
153
155
147
143
141
139
135
135
139
141
139
139
139
145
137
137
137
139
133
127
135
129
145
149
143
141
127
129
135
135
143
137
143
135
135
135
143
135
135
139
137
139
141
139
133
135
133
129
123
129
127
125
125
119
121
121
119
119
123
119
123
125
121
115
115
109
113
111
113
109
109
115
113
113
113
113
115
121
121
117
119
123
125
121
125
119
119
117
119
119
117
115
115
111
117
117
107
111
115
111
113
103
101
99
97
107
109
107
105
99
111
111
115
113
107
107
107
111
97
105
109
99
95
93
89
89
85
89
87
91
91
87
89
97
101
109
111
109
111
109
105
105
113
111
109
113
115
115
115
105
99
97
97
97
99
95
93
101
93
89
95
89
103
105
105
115
107
95
95
95
101
97
101
99
105
103
99
97
95
83
81
83
91
91
91
89
89
87
81
83
85
83
83
75
67
75
75
83
75
73
81
85
99
99
99
99
97
101
105
107
109
97
97
101
93
87
93
99
95
87
83
79
81
81
73
73
71
59
63
63
61
55
55
51
61
55
59
63
71
67
65
59
59
65
73
69
67
59
69
71
57
53
47
53
61
55
51
49
51
51
51
55
59
47
47
47
41
33
37
35
37
45
41
37
35
35
31
31
45
43
51
55
53
53
49
53
51
49
49
41
41
37
39
37
37
47
45
49
53
57
63
69
69
73
73
79
73
63
61
55
51
51
49
49
51
47
43
45
37
29
29
35
25
27
23
19
25
17
11
11
3
3
3
1
7
17
13
7
13
13
13
23
23
23
27
21
23
9
17
15
21
27
29
35
31
29
23
23
17
13
11
17
17
21
19
17
15
7
5
7
9
3
3
11
11
21
25
33
45
43
29
27
25
27
33
39
31
39
45
45
43
43
49
55
57
55
61
61
61
59
69
75
67
65
75
67
63
75
65
59
59
59
61
73
67
57
55
57
55
45
49
55
63
61
59
59
61
65
67
55
49
59
67
57
61
67
61
59
57
51
49
57
57
59
65
73
77
85
85
95
101
91
81
91
95
93
101
99
97
91
89
89
89
83
85
85
87
91
91
89
87
91
91
85
81
85
75
73
77
83
79
87
87
81
85
91
87
77
71
69
77
79
85
83
79
83
81
87
91
91
103
101
95
97
99
109
113
121
127
129
127
143
143
145
149
151
151
147
149
149
149
145
151
151
155
153
149
139
139
133
137
127
131
135
135
129
131
123
121
121
119
115
109
105
107
101
101
117
115
121
115
107
115
117
123
125
121
121
113
111
113
121
123
123
121
121
119
117
117
117
113
119
119
121
109
107
117
115
109
109
107
101
93
79
71
57
57
63
57
63
75
77
79
83
87
93
89
93
101
107
113
119
115
111
105
103
103
117
107
105
111
109
95
87
89
77
67
65
77
79
71
75
65
63
65
71
77
73
69
67
77
69
67
79
73
71
71
71
67
63
57
57
59
59
49
41
39
45
41
47
37
45
39
33
41
45
55
55
53
49
53
53
61
65
73
77
79
85
83
79
75
71
75
73
67
75
83
75
75
75
83
85
79
69
67
59
59
57
45
37
35
41
39
37
35
35
31
41
43
53
55
67
69
67
75
73
73
73
81
79
79
79
69
69
65
65
65
61
73
63
59
71
75
83
77
77
75
59
59
63
65
65
59
67
69
59
55
51
49
47
51
51
51
53
57
51
51
59
53
51
43
41
35
33
33
27
31
29
21
21
25
27
27
25
13
17
7
5
3
5
7
7
7
7
9
7
13
9
11
15
29
37
43
43
47
49
49
49
51
51
57
53
55
51
45
51
47
49
37
31
43
39
41
37
37
41
45
51
49
53
55
55
59
53
45
45
45
43
43
37
41
37
39
41
37
29
35
35
33
31
29
17
19
15
15
23
31
21
31
39
35
35
29
35
43
45
55
49
53
57
59
67
71
75
73
79
79
77
77
79
83
77
75
87
85
81
81
75
77
75
77
69
71
67
65
65
75
83
83
85
81
87
91
89
87
81
73
73
83
85
85
79
79
69
67
65
65
69
55
45
45
47
41
41
43
35
35
37
35
35
35
39
45
51
51
49
55
69
79
75
69
75
81
85
87
91
83
77
81
83
79
89
97
97
93
93
93
93
93
87
83
81
81
81
81
83
87
87
85
79
87
93
103
105
107
103
107
101
99
93
93
101
99
95
93
101
103
101
97
91
93
89
89
81
75
79
83
79
79
83
85
85
87
87
85
85
81
79
77
79
79
79
81
81
81
69
71
71
85
91
93
93
91
93
91
89
95
103
109
109
103
97
97
97
97
93
87
91
95
95
105
103
101
97
97
95
85
89
85
85
85
81
75
75
77
81
83
85
83
89
79
85
77
85
87
97
97
95
91
91
91
91
91
81
79
81
79
79
73
73
77
69
71
67
61
57
49
47
45
53
59
59
61
61
55
49
53
53
57
45
51
43
43
37
45
41
47
41
43
39
31
43
33
33
35
37
25
23
29
25
25
33
33
37
39
37
47
61
65
57
59
55
59
65
61
61
59
59
67
73
71
69
77
77
77
81
81
87
85
95
91
89
95
91
91
85
81
87
89
93
99
99
105
105
105
95
85
85
79
75
75
69
75
73
69
75
75
71
73
73
77
89
77
77
83
85
73
85
83
83
81
85
75
79
67
67
75
75
73
69
69
63
69
69
67
67
65
57
45
51
55
55
51
55
55
55
47
49
55
59
63
55
49
51
53
53
57
51
57
65
63
65
59
57
61
65
65
63
73
65
59
53
51
53
63
59
53
59
53
57
61
69
67
63
59
59
45
53
53
55
61
67
71
67
67
69
65
65
71
63
57
55
55
57
49
45
51
47
53
55
53
53
59
55
53
53
53
57
59
59
53
59
49
55
59
59
55
61
51
65
67
59
65
65
79
75
73
79
91
91
91
97
93
95
95
97
93
83
83
79
75
83
89
93
93
95
97
97
101
95
89
97
95
91
91
83
75
73
69
69
75
81
79
77
87
91
91
91
85
87
77
69
63
59
57
55
53
47
51
43
43
43
41
45
45
39
35
37
35
27
27
25
29
25
27
23
27
29
29
27
31
27
37
41
39
37
37
41
49
57
47
35
35
37
41
45
45
39
41
37
37
37
33
27
27
31
31
31
27
31
43
49
53
51
53
49
55
55
53
57
55
61
55
61
61
61
73
75
73
81
83
83
91
85
89
89
75
79
79
89
91
101
109
101
101
105
117
117
105
105
105
101
101
101
95
95
95
103
111
113
115
119
123
129
131
119
121
123
131
139
145
145
151
153
159
165
167
169
167
169
171
165
171
177
173
169
165
165
165
173
169
171
159
165
173
173
177
181
181
191
191
191
195
195
203
205
203
211
211
201
201
197
203
197
197
197
199
201
207
201
199
195
189
185
195
195
189
181
179
175
173
173
173
167
159
159
155
151
155
153
155
155
153
157
163
165
171
175
183
185
179
175
181
189
191
189
181
181
181
177
179
183
183
187
191
177
183
173
161
167
171
163
161
157
149
141
153
147
145
145
159
159
169
171
177
175
173
167
167
163
165
161
161
155
155
151
155
159
153
147
155
147
139
139
137
129
121
123
131
141
143
147
151
159
153
161
161
159
151
149
139
135
139
135
135
127
133
133
135
135
135
139
141
141
141
145
149
149
155
149
157
161
163
165
163
163
167
169
163
159
159
163
169
173
179
167
163
167
165
175
173
165
165
171
165
161
155
157
157
157
151
155
149
159
149
151
151
157
157
157
155
163
163
161
161
159
169
167
163
163
171
165
159
145
139
133
139
153
153
151
145
147
139
149
145
141
149
163
171
175
179
175
175
173
171
173
179
175
187
187
187
193
197
197
195
189
191
191
177
175
171
177
173
175
165
165
161
161
167
169
165
157
151
147
151
159
159
157
159
153
153
161
161
161
165
161
169
177
171
171
165
177
179
179
169
169
169
175
179
179
171
177
177
169
171
163
157
151
155
151
153
151
147
145
151
155
161
161
163
173
169
165
157
163
163
171
175
181
181
185
187
189
189
189
189
199
197
197
189
195
199
197
203
205
211
207
197
189
189
179
175
169
169
173
167
161
163
165
165
167
165
159
163
167
181
173
177
173
173
177
181
187
185
191
199
189
189
201
203
211
217
217
221
213
213
211
213
207
207
201
201
209
203
205
193
191
187
179
175
167
167
167
163
169
173
181
183
193
195
185
185
173
171
167
171
173
171
