-10476
-10464
-10458
-10446
-10444
-10436
-10434
-10426
-10426
-10422
-10422
-10424
-10420
-10422
-10422
-10422
-10418
-10418
-10418
-10414
-10412
-10412
-10404
-10404
-10390
-10380
-10372
-10364
-10360
-10354
-10346
-10340
-10336
-10330
-10330
-10324
-10322
-10314
-10314
-10314
-10302
-10288
-10288
-10282
-10266
-10262
-10254
-10246
-10234
-10234
-10226
-10220
-10218
-10218
-10204
-10190
-10190
-10184
-10180
-10168
-10168
-10166
-10166
-10156
-10146
-10138
-10132
-10132
-10132
-10122
-10122
-10112
-10104
-10100
-10092
-10084
-10084
-10084
-10082
-10074
-10068
-10064
-10064
-10062
-10062
-10056
-10048
-10042
-10030
-10018
-10016
-10020
-10020
-10012
-10004
-10000
-10000
-9992
-9986
-9986
-9982
-9978
-9970
-9970
-9960
-9956
-9954
-9942
-9934
-9920
-9920
-9920
-9920
-9916
-9916
-9916
-9908
-9898
-9886
-9886
-9878
-9876
-9876
-9874
-9866
-9854
-9848
-9848
-9842
-9834
-9824
-9812
-9812
-9808
-9798
-9794
-9794
-9792
-9792
-9780
-9782
-9774
-9774
-9770
-9772
-9766
-9766
-9762
-9754
-9742
-9736
-9724
-9718
-9714
-9702
-9694
-9678
-9672
-9658
-9650
-9650
-9642
-9642
-9630
-9618
-9614
-9610
-9608
-9598
-9590
-9584
-9572
-9572
-9568
-9568
-9568
-9562
-9552
-9542
-9538
-9534
-9524
-9520
-9512
-9508
-9502
-9502
-9492
-9494
-9494
-9494
-9484
-9484
-9478
-9472
-9462
-9462
-9462
-9454
-9442
-9428
-9420
-9416
-9402
-9402
-9394
-9388
-9388
-9388
-9386
-9376
-9380
-9380
-9372
-9364
-9364
-9364
-9370
-9360
-9348
-9340
-9340
-9332
-9324
-9314
-9306
-9298
-9282
-9278
-9272
-9272
-9264
-9264
-9264
-9256
-9258
-9248
-9242
-9240
-9240
-9240
-9234
-9234
-9226
-9224
-9214
-9208
-9198
-9188
-9182
-9172
-9166
-9158
-9152
-9152
-9144
-9132
-9132
-9124
-9124
-9120
-9120
-9126
-9118
-9108
-9102
-9102
-9098
-9094
-9082
-9076
-9068
-9068
-9056
-9044
-9038
-9030
-9022
-9014
-9014
-9008
-8996
-8996
-8984
-8984
-8974
-8968
-8956
-8948
-8948
-8946
-8942
-8944
-8938
-8942
-8940
-8932
-8924
-8910
-8904
-8894
-8886
-8886
-8888
-8886
-8874
-8874
-8870
-8862
-8854
-8848
-8842
-8836
-8826
-8824
-8812
-8798
-8784
-8788
-8784
-8784
-8780
-8770
-8764
-8764
-8762
-8760
-8754
-8754
-8750
-8748
-8748
-8740
-8734
-8724
-8724
-8720
-8722
-8722
-8720
-8714
-8714
-8714
-8702
-8694
-8686
-8678
-8678
-8684
-8682
-8682
-8688
-8686
-8672
-8660
-8652
-8656
-8654
-8652
-8640
-8640
-8636
-8628
-8612
-8612
-8610
-8604
-8604
-8592
-8582
-8578
-8578
-8570
-8568
-8560
-8556
-8544
-8536
-8536
-8520
-8514
-8510
-8506
-8504
-8496
-8486
-8482
-8476
-8468
-8464
-8452
-8444
-8432
-8422
-8408
-8400
-8400
-8390
-8390
-8390
-8392
-8386
-8386
-8386
-8384
-8374
-8362
-8354
-8352
-8346
-8346
-8340
-8326
-8326
-8326
-8322
-8322
-8312
-8314
-8300
-8298
-8286
-8274
-8260
-8268
-8274
-8270
-8260
-8258
-8252
-8248
-8242
-8238
-8238
-8238
-8230
-8232
-8220
-8214
-8214
-8214
-8212
-8206
-8196
-8196
-8182
-8170
-8170
-8168
-8154
-8148
-8142
-8140
-8140
-8140
-8128
-8126
-8130
-8130
-8136
-8134
-8128
-8110
-8106
-8100
-8088
-8080
-8080
-8082
-8074
-8078
-8068
-8062
-8050
-8040
-8032
-8030
-8024
-8020
-8008
-8008
-7994
-7992
-7986
-7982
-7970
-7964
-7956
-7950
-7948
-7938
-7942
-7942
-7944
-7944
-7940
-7934
-7934
-7928
-7928
-7928
-7928
-7924
-7914
-7900
-7898
-7896
-7886
-7878
-7872
-7872
-7870
-7866
-7862
-7862
-7868
-7864
-7854
-7850
-7850
-7850
-7858
-7856
-7846
-7834
-7830
-7824
-7822
-7808
-7808
-7796
-7796
-7790
-7794
-7794
-7792
-7786
-7786
-7774
-7774
-7766
-7762
-7750
-7746
-7738
-7738
-7738
-7730
-7730
-7728
-7728
-7718
-7712
-7708
-7702
-7700
-7698
-7698
-7696
-7692
-7686
-7684
-7680
-7670
-7664
-7662
-7662
-7662
-7654
-7660
-7652
-7652
-7656
-7646
-7646
-7646
-7646
-7638
-7634
-7632
-7628
-7612
-7612
-7602
-7594
-7586
-7582
-7570
-7570
-7558
-7554
-7552
-7550
-7548
-7542
-7536
-7536
-7532
-7532
-7526
-7520
-7518
-7518
-7508
-7504
-7494
-7482
-7474
-7476
-7470
-7464
-7466
-7466
-7456
-7456
-7448
-7448
-7448
-7448
-7438
-7436
-7436
-7436
-7428
-7424
-7428
-7424
-7424
-7418
-7418
-7418
-7404
-7406
-7406
-7406
-7402
-7402
-7402
-7402
-7396
-7400
-7402
-7400
-7400
-7394
-7388
-7388
-7386
-7378
-7376
-7376
-7366
-7372
-7372
-7372
-7352
-7348
-7348
-7342
-7342
-7338
-7326
-7326
-7326
-7328
-7320
-7310
-7314
-7314
-7312
-7304
-7304
-7296
-7300
-7302
-7294
-7288
-7276
-7272
-7256
-7248
-7242
-7240
-7240
-7238
-7226
-7216
-7212
-7212
-7206
-7200
-7202
-7200
-7192
-7188
-7186
-7182
-7182
-7174
-7174
-7166
-7166
-7160
-7158
-7156
-7158
-7156
-7164
-7164
-7162
-7150
-7144
-7144
-7144
-7142
-7132
-7132
-7126
-7118
-7118
-7118
-7118
-7118
-7112
-7114
-7114
-7112
-7096
-7090
-7090
-7076
-7074
-7066
-7068
-7068
-7062
-7062
-7050
-7044
-7038
-7030
-7020
-7020
-7020
-7016
-7008
-7004
-6994
-6994
-6994
-6994
-6982
-6982
-6982
-6980
-6980
-6978
-6980
-6970
-6964
-6956
-6960
-6964
-6964
-6964
-6964
-6960
-6952
-6944
-6944
-6942
-6942
-6942
-6934
-6932
-6920
-6908
-6906
-6900
-6894
-6882
-6876
-6868
-6860
-6852
-6842
-6834
-6834
-6826
-6828
-6816
-6818
-6812
-6816
-6814
-6812
-6806
-6806
-6802
-6802
-6802
-6794
-6792
-6788
-6776
-6776
-6776
-6774
-6774
-6774
-6774
-6778
-6778
-6776
-6776
-6776
-6782
-6774
-6758
-6758
-6746
-6744
-6734
-6734
-6720
-6714
-6714
-6712
-6712
-6712
-6712
-6702
-6698
-6698
-6694
-6690
-6692
-6692
-6686
-6686
-6676
-6668
-6670
-6664
-6668
-6668
-6670
-6660
-6652
-6650
-6644
-6656
-6652
-6646
-6642
-6642
-6636
-6642
-6632
-6624
-6624
-6618
-6616
-6614
-6602
-6606
-6606
-6596
-6596
-6598
-6590
-6586
-6576
-6576
-6576
-6562
-6550
-6548
-6546
-6540
-6532
-6524
-6516
-6516
-6510
-6506
-6502
-6504
-6500
-6488
-6486
-6478
-6478
-6478
-6472
-6476
-6476
-6476
-6462
-6462
-6452
-6450
-6452
-6448
-6442
-6434
-6434
-6436
-6436
-6436
-6426
-6426
-6422
-6422
-6414
-6416
-6416
-6416
-6416
-6410
-6402
-6398
-6396
-6392
-6392
-6380
-6374
-6372
-6372
-6368
-6368
-6362
-6368
-6368
-6362
-6368
-6368
-6368
-6358
-6358
-6358
-6352
-6352
-6354
-6344
-6330
-6338
-6332
-6330
-6330
-6330
-6322
-6314
-6312
-6310
-6312
-6312
-6312
-6308
-6314
-6314
-6314
-6314
-6306
-6308
-6306
-6306
-6296
-6294
-6286
-6278
-6278
-6274
-6262
-6254
-6242
-6238
-6222
-6222
-6222
-6212
-6214
-6222
-6222
-6214
-6214
-6214
-6204
-6196
-6196
-6196
-6184
-6188
-6180
-6174
-6176
-6170
-6168
-6154
-6146
-6146
-6142
-6146
-6146
-6140
-6140
-6140
-6144
-6150
-6164
-6164
-6152
-6148
-6140
-6140
-6140
-6126
-6122
-6122
-6122
-6122
-6122
-6118
-6118
-6114
-6114
-6122
-6118
-6116
-6118
-6114
-6114
-6112
-6108
-6108
-6098
-6098
-6094
-6082
-6074
-6074
-6074
-6062
-6052
-6052
-6046
-6048
-6038
-6036
-6030
-6024
-6024
-6024
-6020
-6010
-6000
-6002
-6000
-5992
-5990
-5990
-5994
-5988
-5992
-5982
-5982
-5978
-5974
-5974
-5958
-5948
-5952
-5952
-5946
-5946
-5946
-5942
-5936
-5930
-5936
-5934
-5930
-5930
-5928
-5928
-5922
-5918
-5918
-5912
-5908
-5908
-5904
-5902
-5914
-5914
-5914
-5914
-5906
-5906
-5908
-5908
-5894
-5900
-5886
-5886
-5872
-5876
-5872
-5870
-5872
-5870
-5860
-5852
-5852
-5852
-5842
-5834
-5834
-5830
-5830
-5818
-5812
-5812
-5812
-5800
-5798
-5796
-5792
-5786
-5788
-5788
-5782
-5772
-5758
-5754
-5746
-5746
-5746
-5744
-5732
-5722
-5718
-5708
-5702
-5702
-5702
-5702
-5690
-5690
-5674
-5674
-5674
-5674
-5674
-5672
-5662
-5660
-5646
-5634
-5634
-5634
-5634
-5628
-5630
-5622
-5620
-5626
-5626
-5632
-5632
-5630
-5620
-5618
-5608
-5612
-5608
-5606
-5602
-5596
-5586
-5592
-5582
-5576
-5576
-5576
-5570
-5570
-5568
-5556
-5552
-5552
-5554
-5554
-5550
-5546
-5546
-5538
-5534
-5532
-5532
-5532
-5530
-5520
-5512
-5512
-5504
-5504
-5502
-5502
-5502
-5496
-5496
-5490
-5490
-5490
-5490
-5486
-5484
-5488
-5488
-5488
-5482
-5478
-5478
-5476
-5474
-5470
-5466
-5464
-5452
-5446
-5446
-5446
-5442
-5450
-5450
-5448
-5450
-5444
-5448
-5440
-5438
-5440
-5440
-5432
-5430
-5422
-5410
-5410
-5410
-5410
-5400
-5406
-5402
-5396
-5394
-5394
-5394
-5398
-5386
-5380
-5386
-5388
-5376
-5376
-5368
-5352
-5342
-5342
-5342
-5336
-5328
-5320
-5320
-5320
-5320
-5310
-5314
-5312
-5308
-5312
-5310
-5310
-5310
-5308
-5300
-5300
-5300
-5290
-5290
-5290
-5290
-5284
-5284
-5276
-5276
-5276
-5270
-5272
-5272
-5268
-5266
-5272
-5268
-5260
-5252
-5250
-5246
-5246
-5248
-5238
-5232
-5226
-5226
-5224
-5216
-5218
-5224
-5218
-5222
-5220
-5220
-5226
-5218
-5218
-5214
-5200
-5200
-5196
-5190
-5180
-5176
-5170
-5170
-5166
-5166
-5150
-5146
-5146
-5148
-5142
-5142
-5142
-5128
-5128
-5128
-5128
-5128
-5126
-5116
-5114
-5114
-5110
-5102
-5102
-5102
-5100
-5100
-5098
-5100
-5098
-5084
-5084
-5076
-5072
-5062
-5050
-5050
-5058
-5062
-5062
-5056
-5048
-5044
-5048
-5044
-5044
-5044
-5042
-5046
-5046
-5050
-5046
-5052
-5046
-5046
-5046
-5044
-5040
-5040
-5036
-5036
-5028
-5028
-5024
-5024
-5024
-5024
-5016
-5018
-5018
-5018
-5018
-5020
-5022
-5018
-5016
-5016
-5014
-5014
-5018
-5008
-5006
-5002
-4996
-4996
-4994
-4990
-4986
-4980
-4980
-4986
-4990
-4980
-4970
-4964
-4964
-4952
-4950
-4954
-4942
-4940
-4940
-4934
-4934
-4930
-4922
-4922
-4928
-4922
-4918
-4918
-4910
-4902
-4902
-4902
-4908
-4902
-4894
-4888
-4890
-4882
-4882
-4880
-4866
-4868
-4868
-4856
-4864
-4864
-4864
-4864
-4864
-4864
-4858
-4866
-4860
-4856
-4848
-4846
-4846
-4834
-4822
-4822
-4816
-4812
-4812
-4812
-4814
-4808
-4814
-4802
-4802
-4802
-4806
-4806
-4800
-4800
-4792
-4792
-4780
-4778
-4776
-4772
-4764
-4754
-4754
-4756
-4756
-4754
-4752
-4744
-4740
-4746
-4744
-4736
-4744
-4738
-4740
-4728
-4734
-4734
-4736
-4734
-4728
-4714
-4710
-4698
-4690
-4682
-4682
-4682
-4682
-4678
-4664
-4666
-4654
-4658
-4664
-4668
-4660
-4660
-4656
-4648
-4640
-4632
-4626
-4622
-4626
-4626
-4628
-4628
-4630
-4630
-4630
-4630
-4630
-4630
-4628
-4622
-4614
-4608
-4600
-4598
-4602
-4610
-4606
-4600
-4600
-4602
-4606
-4608
-4604
-4592
-4592
-4584
-4576
-4572
-4576
-4574
-4570
-4560
-4544
-4538
-4532
-4532
-4532
-4530
-4526
-4518
-4518
-4512
-4506
-4514
-4514
-4514
-4508
-4508
-4514
-4518
-4518
-4518
-4522
-4522
-4520
-4508
-4508
-4504
-4504
-4510
-4510
-4510
-4510
-4508
-4502
-4502
-4502
-4494
-4486
-4488
-4488
-4494
-4488
-4476
-4478
-4470
-4470
-4470
-4464
-4460
-4448
-4440
-4440
-4440
-4430
-4426
-4424
-4418
-4414
-4406
-4398
-4394
-4380
-4380
-4382
-4392
-4384
-4384
-4374
-4368
-4360
-4358
-4352
-4350
-4344
-4338
-4336
-4336
-4344
-4338
-4338
-4330
-4330
-4324
-4324
-4312
-4302
-4304
-4304
-4312
-4308
-4310
-4304
-4300
-4300
-4302
-4298
-4296
-4302
-4302
-4302
-4292
-4294
-4294
-4284
-4288
-4276
-4272
-4272
-4272
-4272
-4268
-4268
-4258
-4264
-4266
-4264
-4254
-4246
-4254
-4254
-4254
-4254
-4254
-4254
-4250
-4250
-4250
-4250
-4244
-4244
-4238
-4228
-4236
-4236
-4236
-4232
-4224
-4220
-4220
-4214
-4214
-4214
-4210
-4198
-4200
-4200
-4196
-4198
-4190
-4184
-4184
-4184
-4176
-4168
-4176
-4172
-4164
-4160
-4154
-4146
-4136
-4124
-4128
-4124
-4114
-4120
-4130
-4122
-4122
-4120
-4124
-4114
-4106
-4100
-4110
-4112
-4112
-4102
-4102
-4102
-4102
-4098
-4098
-4098
-4098
-4090
-4098
-4096
-4096
-4090
-4090
-4090
-4092
-4090
-4100
-4084
-4084
-4078
-4074
-4074
-4070
-4070
-4072
-4072
-4070
-4062
-4048
-4036
-4036
-4036
-4022
-4022
-4022
-4012
-4012
-4010
-3994
-3992
-3990
-3992
-3992
-4000
-4000
-3992
-3990
-3988
-3992
-3992
-3992
-3996
-4006
-4000
-4000
-4000
-4010
-4006
-3998
-3992
-3984
-3972
-3964
-3964
-3968
-3966
-3960
-3966
-3954
-3952
-3952
-3956
-3956
-3952
-3950
-3960
-3960
-3960
-3960
-3946
-3946
-3946
-3944
-3946
-3946
-3942
-3940
-3932
-3926
-3926
-3916
-3914
-3912
-3902
-3904
-3904
-3902
-3902
-3902
-3898
-3906
-3904
-3904
-3904
-3900
-3900
-3900
-3896
-3886
-3884
-3894
-3894
-3886
-3886
-3884
-3882
-3872
-3866
-3858
-3856
-3856
-3856
-3854
-3856
-3856
-3856
-3856
-3844
-3838
-3824
-3822
-3822
-3822
-3814
-3814
-3814
-3806
-3802
-3802
-3790
-3792
-3792
-3784
-3776
-3768
-3766
-3766
-3758
-3756
-3756
-3758
-3758
-3752
-3748
-3742
-3738
-3736
-3728
-3728
-3732
-3732
-3718
-3718
-3724
-3708
-3714
-3710
-3708
-3704
-3690
-3684
-3684
-3688
-3692
-3692
-3696
-3692
-3690
-3682
-3684
-3680
-3678
-3678
-3674
-3666
-3666
-3660
-3644
-3640
-3640
-3634
-3632
-3626
-3626
-3620
-3626
-3626
-3618
-3608
-3606
-3600
-3592
-3592
-3592
-3596
-3586
-3586
-3574
-3578
-3578
-3578
-3576
-3574
-3572
-3570
-3568
-3570
-3566
-3566
-3568
-3562
-3558
-3558
-3558
-3556
-3556
-3552
-3550
-3544
-3548
-3548
-3550
-3550
-3544
-3544
-3550
-3550
-3546
-3552
-3554
-3544
-3540
-3540
-3542
-3534
-3524
-3524
-3532
-3532
-3532
-3536
-3540
-3546
-3536
-3530
-3526
-3526
-3538
-3526
-3518
-3524
-3524
-3526
-3520
-3518
-3520
-3524
-3514
-3510
-3500
-3492
-3498
-3486
-3484
-3482
-3482
-3472
-3472
-3480
-3488
-3490
-3490
-3482
-3482
-3482
-3484
-3486
-3478
-3478
-3476
-3472
-3470
-3458
-3462
-3464
-3454
-3448
-3442
-3442
-3442
-3450
-3446
-3452
-3448
-3448
-3442
-3440
-3434
-3434
-3434
-3438
-3434
-3434
-3434
-3434
-3444
-3442
-3442
-3442
-3440
-3440
-3444
-3438
-3438
-3438
-3438
-3442
-3442
-3442
-3436
-3432
-3440
-3436
-3434
-3432
-3432
-3426
-3422
-3430
-3438
-3436
-3436
-3436
-3440
-3440
-3434
-3428
-3428
-3426
-3418
-3418
-3416
-3412
-3420
-3418
-3420
-3420
-3416
-3416
-3406
-3410
-3414
-3414
-3412
-3412
-3410
-3410
-3414
-3412
-3406
-3398
-3394
-3398
-3400
-3396
-3396
-3396
-3394
-3394
-3392
-3396
-3396
-3398
-3398
-3386
-3386
-3386
-3382
-3382
-3382
-3378
-3378
-3378
-3374
-3366
-3366
-3372
-3374
-3376
-3376
-3376
-3376
-3376
-3376
-3370
-3372
-3358
-3356
-3356
-3356
-3352
-3346
-3344
-3342
-3342
-3344
-3340
-3338
-3330
-3330
-3324
-3320
-3316
-3312
-3312
-3314
-3320
-3314
-3318
-3328
-3328
-3334
-3334
-3334
-3340
-3340
-3340
-3334
-3340
-3344
-3338
-3334
-3328
-3328
-3322
-3316
-3316
-3314
-3312
-3312
-3312
-3308
-3298
-3296
-3286
-3282
-3284
-3280
-3280
-3276
-3276
-3272
-3270
-3270
-3266
-3260
-3254
-3248
-3246
-3236
-3230
-3216
-3202
-3204
-3196
-3202
-3200
-3208
-3208
-3202
-3194
-3194
-3190
-3184
-3174
-3166
-3166
-3176
-3176
-3172
-3166
-3156
-3150
-3148
-3144
-3150
-3138
-3138
-3130
-3130
-3124
-3116
-3116
-3116
-3116
-3106
-3098
-3098
-3090
-3094
-3090
-3094
-3094
-3094
-3094
-3086
-3086
-3086
-3072
-3072
-3066
-3062
-3062
-3062
-3062
-3060
-3056
-3056
-3056
-3056
-3058
-3060
-3054
-3054
-3046
-3046
-3046
-3042
-3034
-3034
-3034
-3034
-3034
-3034
-3038
-3038
-3042
-3042
-3042
-3042
-3042
-3048
-3034
-3030
-3026
-3026
-3026
-3014
-3014
-3014
-3006
-3000
-2994
-2994
-2994
-2996
-2996
-2996
-2996
-2994
-2994
-2998
-2992
-2988
-2986
-2984
-2982
-2976
-2972
-2970
-2968
-2970
-2964
-2964
-2964
-2964
-2968
-2974
-2966
-2966
-2966
-2964
-2968
-2968
-2972
-2976
-2976
-2976
-2976
-2984
-2984
-2984
-2984
-2974
-2974
-2970
-2966
-2968
-2966
-2966
-2954
-2952
-2948
-2952
-2950
-2950
-2944
-2940
-2952
-2960
-2960
-2952
-2954
-2954
-2960
-2958
-2968
-2968
-2962
-2962
-2962
-2958
-2956
-2948
-2940
-2942
-2942
-2942
-2940
-2940
-2934
-2942
-2940
-2932
-2932
-2932
-2940
-2948
-2940
-2940
-2936
-2934
-2934
-2936
-2936
-2940
-2942
-2942
-2942
-2942
-2932
-2936
-2936
-2932
-2936
-2930
-2932
-2928
-2932
-2938
-2926
-2914
-2902
-2896
-2896
-2892
-2894
-2890
-2894
-2896
-2888
-2882
-2888
-2888
-2888
-2880
-2880
-2874
-2868
-2868
-2860
-2860
-2860
-2858
-2858
-2840
-2834
-2836
-2824
-2820
-2820
-2814
-2824
-2828
-2828
-2818
-2818
-2814
-2822
-2820
-2828
-2834
-2830
-2830
-2826
-2822
-2820
-2816
-2802
-2802
-2806
-2792
-2792
-2790
-2782
-2782
-2774
-2776
-2768
-2764
-2758
-2762
-2762
-2760
-2760
-2764
-2754
-2750
-2758
-2762
-2762
-2756
-2758
-2752
-2760
-2772
-2778
-2778
-2778
-2778
-2778
-2790
-2796
-2788
-2788
-2788
-2780
-2794
-2794
-2786
-2780
-2780
-2786
-2786
-2780
-2778
-2776
-2774
-2774
-2770
-2772
-2774
-2784
-2784
-2780
-2776
-2776
-2764
-2758
-2762
-2756
-2752
-2750
-2750
-2748
-2740
-2736
-2738
-2736
-2736
-2736
-2736
-2720
-2720
-2726
-2726
-2726
-2722
-2712
-2700
-2702
-2702
-2690
-2690
-2688
-2688
-2686
-2682
-2680
-2680
-2680
-2676
-2672
-2674
-2672
-2672
-2670
-2664
-2660
-2658
-2658
-2658
-2656
-2662
-2662
-2660
-2668
-2666
-2666
-2656
-2660
-2656
-2660
-2660
-2650
-2650
-2650
-2650
-2650
-2644
-2630
-2626
-2626
-2622
-2626
-2626
-2626
-2626
-2630
-2630
-2628
-2618
-2614
-2604
-2604
-2604
-2600
-2596
-2594
-2594
-2586
-2584
-2592
-2590
-2592
-2580
-2580
-2588
-2588
-2588
-2582
-2582
-2576
-2574
-2574
-2574
-2578
-2570
-2560
-2560
-2560
-2560
-2562
-2564
-2558
-2550
-2548
-2546
-2546
-2546
-2544
-2536
-2528
-2518
-2510
-2510
-2508
-2506
-2502
-2516
-2516
-2516
-2516
-2510
-2514
-2518
-2514
-2514
-2512
-2508
-2504
-2500
-2508
-2498
-2498
-2498
-2500
-2488
-2488
-2488
-2488
-2482
-2480
-2478
-2476
-2476
-2480
-2480
-2480
-2480
-2476
-2482
-2482
-2468
-2468
-2468
-2480
-2476
-2474
-2470
-2474
-2474
-2480
-2480
-2484
-2490
-2486
-2474
-2474
-2470
-2462
-2468
-2468
-2470
-2456
-2458
-2452
-2452
-2452
-2452
-2442
-2438
-2426
-2426
-2426
-2426
-2426
-2426
-2420
-2422
-2410
-2396
-2396
-2394
-2382
-2368
-2366
-2366
-2360
-2356
-2356
-2358
-2362
-2348
-2340
-2340
-2340
-2342
-2340
-2334
-2328
-2326
-2320
-2320
-2320
-2314
-2312
-2316
-2316
-2324
-2326
-2326
-2314
-2312
-2314
-2316
-2314
-2314
-2302
-2304
-2298
-2302
-2306
-2304
-2306
-2306
-2306
-2306
-2304
-2306
-2308
-2302
-2302
-2298
-2298
-2294
-2294
-2298
-2290
-2282
-2280
-2282
-2270
-2268
-2268
-2268
-2250
-2240
-2236
-2236
-2238
-2244
-2234
-2230
-2232
-2222
-2210
-2210
-2204
-2198
-2186
-2192
-2188
-2174
-2176
-2176
-2172
-2166
-2170
-2170
-2170
-2162
-2162
-2158
-2158
-2164
-2164
-2152
-2152
-2150
-2148
-2156
-2150
-2152
-2158
-2158
-2158
-2158
-2154
-2146
-2142
-2148
-2146
-2146
-2136
-2136
-2136
-2136
-2128
-2120
-2116
-2108
-2108
-2108
-2104
-2108
-2100
-2104
-2104
-2100
-2102
-2102
-2102
-2102
-2102
-2102
-2106
-2106
-2106
-2106
-2106
-2106
-2106
-2106
-2110
-2110
-2110
-2114
-2114
-2112
-2104
-2100
-2102
-2108
-2110
-2106
-2106
-2106
-2108
-2108
-2108
-2108
-2112
-2098
-2096
-2100
-2092
-2086
-2076
-2078
-2068
-2076
-2076
-2072
-2074
-2070
-2058
-2058
-2056
-2056
-2050
-2050
-2042
-2044
-2034
-2034
-2036
-2036
-2032
-2032
-2042
-2042
-2042
-2050
-2050
-2048
-2048
-2054
-2054
-2054
-2054
-2044
-2050
-2050
-2054
-2054
-2046
-2036
-2036
-2036
-2036
-2032
-2036
-2044
-2040
-2038
-2032
-2030
-2030
-2024
-2022
-2018
-2018
-2016
-2016
-2016
-2012
-2008
-2012
-2008
-2008
-2010
-2002
-2002
-2002
-1996
-1996
-1994
-1994
-1992
-1990
-1990
-1980
-1980
-1978
-1978
-1976
-1970
-1970
-1974
-1974
-1974
-1974
-1974
-1984
-1982
-1982
-1982
-1982
-1984
-1984
-1984
-1982
-1982
-1978
-1972
-1972
-1972
-1968
-1968
-1968
-1964
-1964
-1964
-1964
-1968
-1968
-1960
-1958
-1952
-1946
-1946
-1948
-1940
-1936
-1948
-1948
-1944
-1938
-1934
-1934
-1936
-1926
-1920
-1920
-1914
-1910
-1906
-1898
-1900
-1902
-1906
-1900
-1896
-1892
-1892
-1886
-1890
-1890
-1890
-1890
-1882
-1878
-1874
-1882
-1876
-1876
-1868
-1866
-1856
-1846
-1846
-1850
-1856
-1862
-1862
-1864
-1864
-1866
-1870
-1880
-1880
-1880
-1880
-1880
-1880
-1876
-1872
-1872
-1870
-1870
-1870
-1870
-1864
-1880
-1878
-1870
-1860
-1860
-1858
-1852
-1852
-1852
-1850
-1852
-1858
-1854
-1844
-1846
-1834
-1830
-1824
-1818
-1818
-1818
-1824
-1828
-1828
-1820
-1824
-1824
-1820
-1816
-1812
-1808
-1808
-1800
-1796
-1794
-1786
-1782
-1784
-1774
-1768
-1768
-1772
-1764
-1760
-1764
-1764
-1772
-1768
-1764
-1756
-1746
-1744
-1746
-1750
-1752
-1754
-1754
-1752
-1756
-1748
-1748
-1746
-1748
-1752
-1742
-1738
-1726
-1722
-1722
-1716
-1708
-1708
-1708
-1702
-1708
-1700
-1698
-1698
-1704
-1700
-1690
-1688
-1688
-1696
-1692
-1692
-1692
-1692
-1700
-1688
-1680
-1692
-1696
-1692
-1686
-1688
-1688
-1690
-1680
-1684
-1684
-1686
-1694
-1692
-1682
-1686
-1686
-1686
-1688
-1688
-1694
-1690
-1690
-1688
-1682
-1676
-1672
-1680
-1680
-1676
-1672
-1676
-1686
-1678
-1674
-1670
-1676
-1674
-1684
-1682
-1684
-1678
-1680
-1668
-1664
-1664
-1656
-1656
-1654
-1648
-1652
-1648
-1648
-1648
-1652
-1658
-1660
-1660
-1660
-1652
-1662
-1656
-1652
-1646
-1646
-1652
-1652
-1656
-1664
-1666
-1660
-1670
-1666
-1660
-1660
-1656
-1656
-1656
-1652
-1652
-1656
-1656
-1656
-1656
-1652
-1658
-1652
-1652
-1652
-1652
-1652
-1650
-1650
-1644
-1646
-1648
-1648
-1646
-1652
-1652
-1652
-1650
-1646
-1648
-1640
-1644
-1644
-1644
-1636
-1644
-1648
-1644
-1650
-1648
-1648
-1648
-1652
-1668
-1660
-1660
-1656
-1654
-1644
-1638
-1638
-1634
-1632
-1628
-1616
-1616
-1608
-1598
-1600
-1598
-1602
-1598
-1594
-1596
-1588
-1594
-1604
-1602
-1596
-1590
-1586
-1586
-1590
-1592
-1592
-1588
-1594
-1586
-1580
-1576
-1578
-1576
-1584
-1584
-1584
-1582
-1588
-1592
-1596
-1590
-1590
-1594
-1592
-1588
-1586
-1586
-1578
-1576
-1572
-1572
-1572
-1576
-1566
-1566
-1566
-1566
-1566
-1568
-1572
-1560
-1560
-1556
-1550
-1544
-1534
-1534
-1536
-1536
-1536
-1534
-1534
-1534
-1534
-1534
-1530
-1530
-1530
-1530
-1526
-1526
-1524
-1520
-1508
-1496
-1496
-1486
-1482
-1476
-1476
-1474
-1470
-1468
-1466
-1466
-1466
-1464
-1470
-1470
-1470
-1470
-1458
-1458
-1468
-1464
-1458
-1458
-1454
-1454
-1456
-1456
-1450
-1450
-1450
-1458
-1458
-1448
-1450
-1448
-1448
-1444
-1444
-1434
-1430
-1426
-1424
-1424
-1424
-1424
-1420
-1416
-1416
-1416
-1416
-1418
-1418
-1412
-1412
-1410
-1410
-1412
-1412
-1414
-1416
-1422
-1416
-1416
-1418
-1414
-1406
-1406
-1412
-1412
-1412
-1412
-1412
-1404
-1404
-1402
-1392
-1392
-1394
-1402
-1402
-1404
-1396
-1394
-1394
-1394
-1396
-1394
-1394
-1396
-1396
-1398
-1386
-1386
-1386
-1378
-1380
-1380
-1382
-1372
-1370
-1370
-1364
-1364
-1358
-1358
-1366
-1366
-1366
-1358
-1346
-1346
-1336
-1340
-1336
-1336
-1332
-1338
-1334
-1340
-1340
-1350
-1344
-1344
-1344
-1352
-1352
-1364
-1364
-1358
-1348
-1340
-1340
-1338
-1334
-1338
-1334
-1338
-1338
-1338
-1338
-1334
-1326
-1328
-1330
-1328
-1328
-1336
-1336
-1334
-1334
-1332
-1330
-1330
-1342
-1340
-1342
-1348
-1348
-1348
-1348
-1340
-1338
-1346
-1346
-1358
-1358
-1354
-1360
-1364
-1362
-1350
-1350
-1350
-1342
-1340
-1340
-1336
-1342
-1344
-1342
-1344
-1350
-1354
-1354
-1348
-1350
-1350
-1348
-1348
-1348
-1340
-1340
-1342
-1336
-1342
-1340
-1340
-1336
-1336
-1336
-1332
-1332
-1330
-1330
-1334
-1338
-1334
-1334
-1334
-1324
-1324
-1330
-1322
-1322
-1320
-1320
-1316
-1306
-1302
-1302
-1286
-1284
-1284
-1288
-1288
-1288
-1286
-1290
-1296
-1290
-1292
-1284
-1286
-1282
-1278
-1282
-1278
-1272
-1274
-1274
-1274
-1276
-1268
-1268
-1262
-1250
-1250
-1252
-1264
-1268
-1268
-1268
-1268
-1264
-1264
-1264
-1274
-1278
-1276
-1274
-1272
-1272
-1274
-1268
-1262
-1262
-1246
-1250
-1248
-1248
-1242
-1242
-1238
-1238
-1240
-1236
-1232
-1224
-1220
-1216
-1214
-1216
-1224
-1214
-1218
-1208
-1206
-1204
-1202
-1194
-1192
-1190
-1196
-1192
-1196
-1190
-1202
-1208
-1198
-1202
-1202
-1198
-1196
-1200
-1198
-1190
-1186
-1184
-1188
-1190
-1198
-1202
-1200
-1206
-1200
-1196
-1198
-1196
-1196
-1194
-1198
-1192
-1202
-1196
-1200
-1200
-1200
-1200
-1202
-1202
-1210
-1216
-1214
-1208
-1206
-1200
-1200
-1196
-1192
-1192
-1194
-1194
-1202
-1198
-1198
-1198
-1198
-1198
-1202
-1202
-1208
-1210
-1216
-1216
-1216
-1216
-1216
-1214
-1214
-1216
-1220
-1226
-1226
-1224
-1228
-1220
-1216
-1208
-1200
-1200
-1196
-1194
-1194
-1194
-1194
-1194
-1200
-1192
-1192
-1192
-1198
-1198
-1204
-1204
-1210
-1210
-1204
-1206
-1206
-1210
-1216
-1220
-1220
-1216
-1216
-1218
-1222
-1230
-1230
-1230
-1218
-1218
-1218
-1218
-1220
-1220
-1220
-1218
-1216
-1216
-1206
-1206
-1200
-1202
-1202
-1202
-1202
-1196
-1202
-1208
-1206
-1202
-1202
-1198
-1198
-1198
-1200
-1206
-1210
-1210
-1210
-1210
-1206
-1198
-1198
-1198
-1200
-1204
-1202
-1202
-1202
-1204
-1198
-1188
-1196
-1196
-1196
-1194
-1196
-1196
-1196
-1198
-1200
-1200
-1200
-1200
-1200
-1200
-1188
-1188
-1198
-1198
-1192
-1190
-1184
-1200
-1202
-1202
-1200
-1198
-1198
-1198
-1198
-1190
-1190
-1190
-1196
-1208
-1202
-1198
-1196
-1196
-1196
-1194
-1186
-1186
-1190
-1190
-1190
-1200
-1192
-1196
-1196
-1196
-1196
-1188
-1194
-1190
-1190
-1190
-1190
-1192
-1190
-1190
-1190
-1184
-1176
-1174
-1170
-1170
-1170
-1170
-1176
-1168
-1168
-1170
-1170
-1170
-1164
-1158
-1160
-1160
-1160
-1160
-1160
-1160
-1164
-1158
-1160
-1160
-1160
-1160
-1154
-1144
-1148
-1148
-1142
-1130
-1122
-1112
-1112
-1112
-1108
-1108
-1110
-1116
-1104
-1104
-1106
-1106
-1106
-1102
-1106
-1106
-1098
-1098
-1104
-1104
-1106
-1098
-1092
-1086
-1090
-1090
-1088
-1074
-1074
-1070
-1076
-1068
-1062
-1054
-1054
-1054
-1054
-1060
-1064
-1052
-1050
-1052
-1046
-1042
-1042
-1036
-1036
-1030
-1030
-1030
-1022
-1022
-1022
-1022
-1022
-1022
-1028
-1028
-1028
-1024
-1020
-1014
-1010
-1004
-1002
-998
-1000
-1000
-998
-998
-994
-990
-980
-980
-972
-972
-980
-982
-980
-980
-970
-970
-966
-960
-952
-952
-952
-952
-944
-938
-932
-926
-914
-914
-914
-908
-908
-906
-896
-882
-880
-880
-880
-876
-868
-870
-872
-876
-876
-870
-868
-866
-872
-872
-874
-870
-872
-874
-874
-876
-876
-876
-866
-870
-874
-874
-882
-878
-880
-880
-886
-892
-900
-892
-892
-892
-888
-890
-892
-892
-894
-886
-886
-882
-876
-876
-876
-876
-880
-876
-870
-870
-862
-862
-864
-864
-864
-866
-854
-854
-854
-856
-852
-858
-848
-842
-840
-844
-846
-840
-840
-838
-836
-826
-828
-828
-828
-830
-818
-814
-814
-810
-810
-816
-816
-810
-800
-804
-804
-804
-798
-792
-790
-786
-780
-784
-778
-770
-770
-766
-760
-760
-758
-750
-750
-752
-766
-766
-768
-764
-776
-772
-776
-776
-776
-782
-778
-778
-778
-772
-764
-768
-760
-762
-750
-744
-736
-736
-738
-740
-730
-732
-732
-718
-718
-716
-714
-718
-710
-702
-702
-702
-698
-694
-700
-704
-702
-700
-700
-700
-706
-706
-706
-702
-702
-696
-688
-692
-692
-690
-690
-696
-696
-696
-704
-708
-706
-694
-694
-694
-694
-690
-690
-686
-688
-692
-684
-680
-676
-678
-678
-676
-682
-682
-678
-682
-676
-680
-680
-680
-680
-684
-684
-684
-684
-678
-672
-672
-680
-686
-686
-694
-688
-688
-686
-686
-682
-694
-696
-696
-696
-696
-700
-704
-704
-696
-700
-698
-694
-690
-690
-690
-690
-692
-690
-688
-690
-700
-700
-688
-690
-694
-694
-696
-690
-692
-680
-680
-676
-676
-676
-678
-682
-684
-678
-668
-668
-668
-662
-668
-666
-666
-668
-668
-668
-668
-668
-658
-662
-656
-648
-648
-642
-640
-630
-628
-634
-634
-630
-630
-626
-630
-620
-624
-624
-612
-612
-606
-606
-606
-600
-596
-596
-596
-596
-596
-600
-588
-588
-590
-590
-590
-598
-596
-586
-592
-588
-592
-584
-580
-574
-560
-556
-550
-544
-544
-536
-530
-526
-528
-524
-524
-526
-528
-530
-528
-526
-528
-526
-520
-520
-520
-516
-512
-502
-504
-496
-488
-488
-494
-494
-494
-496
-494
-496
-494
-490
-484
-488
-492
-492
-490
-498
-506
-504
-500
-496
-494
-496
-498
-490
-484
-480
-478
-472
-464
-464
-468
-466
-470
-472
-480
-488
-488
-488
-488
-488
-488
-476
-468
-468
-464
-464
-462
-462
-468
-466
-466
-472
-464
-464
-470
-470
-466
-466
-466
-474
-472
-466
-466
-466
-466
-466
-466
-464
-464
-464
-464
-460
-452
-444
-450
-450
-450
-450
-450
-452
-452
-452
-448
-448
-452
-448
-446
-442
-444
-444
-448
-450
-450
-450
-450
-446
-440
-436
-436
-436
-436
-436
-432
-426
-424
-420
-410
-414
-414
-414
-414
-416
-420
-420
-420
-416
-416
-416
-406
-406
-406
-412
-412
-414
-414
-420
-422
-420
-412
-412
-412
-412
-404
-410
-422
-426
-426
-432
-428
-428
-430
-428
-430
-430
-432
-428
-428
-432
-432
-440
-436
-438
-434
-438
-438
-432
-432
-432
-432
-432
-446
-452
-452
-452
-450
-450
-452
-454
-460
-458
-464
-462
-464
-472
-478
-476
-482
-482
-482
-482
-478
-476
-484
-492
-492
-488
-482
-482
-480
-480
-480
-472
-474
-474
-472
-464
-460
-458
-458
-456
-450
-436
-436
-436
-432
-430
-430
-430
-430
-438
-438
-442
-446
-460
-458
-458
-458
-458
-458
-462
-460
-464
-464
-472
-472
-472
-474
-474
-466
-466
-464
-472
-470
-468
-468
-464
-460
-456
-450
-454
-454
-456
-456
-452
-456
-456
-460
-462
-464
-474
-474
-474
-474
-474
-470
-466
-466
-464
-462
-458
-454
-446
-446
-446
-442
-442
-442
-456
-456
-448
-448
-448
-446
-446
-446
-456
-456
-454
-446
-442
-432
-440
-440
-434
-438
-438
-430
-430
-430
-430
-428
-428
-426
-430
-430
-430
-430
-436
-426
-424
-418
-418
-418
-420
-416
-412
-400
-392
-388
-388
-388
-382
-382
-378
-372
-368
-368
-370
-366
-364
-358
-364
-364
-368
-368
-366
-366
-362
-364
-364
-352
-354
-356
-356
-362
-362
-364
-356
-350
-350
-350
-354
-354
-352
-352
-350
-350
-338
-336
-344
-344
-338
-342
-342
-338
-346
-348
-342
-342
-334
-334
-334
-334
-334
-334
-336
-338
-334
-330
-330
-330
-330
-330
-324
-322
-328
-330
-330
-330
-328
-328
-330
-324
-326
-330
-330
-314
-316
-314
-314
-308
-310
-302
-308
-308
-304
-304
-306
-310
-310
-308
-300
-298
-304
-304
-304
-298
-296
-288
-288
-292
-294
-294
-290
-290
-294
-304
-304
-302
-294
-294
-298
-288
-288
-288
-280
-286
-284
-274
-272
-272
-270
-274
-274
-280
-280
-272
-272
-264
-270
-268
-276
-270
-270
-272
-278
-278
-278
-278
-274
-270
-266
-272
-272
-264
-264
-264
-260
-260
-258
-258
-268
-268
-268
-268
-260
-256
-250
-248
-242
-232
-248
-248
-248
-248
-248
-252
-258
-248
-256
-264
-264
-264
-264
-262
-256
-256
-256
-260
-256
-256
-264
-276
-268
-266
-256
-244
-242
-240
-238
-238
-234
-234
-224
-226
-216
-198
-196
-198
-208
-208
-198
-198
-198
-198
-198
-204
-204
-198
-198
-198
-202
-200
-206
-202
-202
-212
-208
-208
-214
-218
-230
-230
-234
-232
-224
-212
-210
-208
-214
-214
-212
-216
-220
-216
-218
-224
-224
-226
-226
-226
-216
-222
-228
-230
-236
-236
-238
-238
-236
-236
-238
-236
-236
-234
-230
-230
-230
-230
-228
-222
-222
-218
-212
-212
-212
-200
-204
-194
-196
-196
-200
-196
-192
-196
-196
-196
-200
-192
-192
-194
-192
-184
-184
-184
-172
-172
-174
-172
-170
-162
-164
-172
-170
-166
-166
-164
-168
-178
-178
-178
-178
-170
-170
-170
-158
-158
-158
-156
-154
-160
-164
-160
-172
-178
-174
-164
-170
-172
-172
-160
-168
-164
-168
-168
-160
-164
-156
-156
-156
-160
-160
-172
-178
-178
-174
-174
-170
-174
-170
-172
-176
-176
-176
-162
-156
-156
-156
-158
-164
-164
-162
-166
-166
-166
-166
-162
-162
-162
-164
-164
-164
-168
-174
-168
-172
-172
-174
-182
-182
-182
-188
-188
-196
-196
-194
-194
-196
-200
-196
-198
-202
-202
-196
-196
-194
-190
-188
-190
-194
-190
-188
-190
-200
-200
-212
-224
-224
-210
-210
-210
-202
-198
-200
-200
-198
-200
-200
-200
-198
-192
-194
-192
-192
-192
-196
-196
-210
-214
-202
-208
-208
-208
-210
-212
-216
-212
-212
-218
-218
-208
-214
-210
-210
-202
-200
-200
-200
-204
-200
-200
-194
-194
-206
-200
-194
-196
-198
-194
-186
-188
-186
-192
-192
-192
-192
-196
-200
-198
-194
-200
-202
-196
-192
-190
-190
-182
-182
-180
-180
-182
-178
-162
-162
-158
-170
-170
-166
-166
-166
-170
-170
-162
-162
-154
-158
-158
-152
-148
-148
-148
-160
-162
-172
-174
-174
-176
-172
-172
-170
-170
-170
-176
-172
-174
-174
-166
-168
-170
-168
-166
-160
-156
-148
-152
-156
-148
-142
-148
-144
-142
-142
-144
-136
-134
-134
-134
-134
-134
-128
-134
-134
-134
-132
-140
-134
-126
-124
-122
-122
-114
-116
-116
-118
-118
-118
-118
-118
-114
-114
-114
-114
-112
-114
-118
-124
-124
-124
-130
-130
-136
-134
-134
-130
-128
-126
-128
-124
-132
-132
-126
-132
-132
-132
-132
-126
-124
-124
-114
-110
-110
-110
-112
-122
-122
-122
-120
-120
-120
-128
-124
-118
-114
-114
-112
-110
-114
-116
-106
-108
-98
-96
-106
-104
-106
-108
-116
-108
-110
-116
-114
-116
-116
-126
-118
-118
-112
-110
-110
-110
-114
-114
-114
-114
-114
-110
-108
-108
-108
-120
-120
-108
-108
-108
-108
-108
-108
-106
-104
-100
-100
-112
-112
-112
-122
-122
-116
-116
-122
-120
-126
-126
-126
-126
-126
-124
-116
-112
-116
-120
-122
-122
-118
-124
-128
-128
-130
-130
-130
-132
-136
-142
-138
-138
-140
-140
-144
-144
-138
-138
-138
-130
-128
-128
-128
-128
-124
-126
-130
-130
-126
-126
-126
-130
-130
-138
-142
-136
-136
-136
-136
-136
-130
-128
-124
-124
-124
-124
-128
-130
-140
-138
-140
-140
-140
-140
-140
-140
-142
-142
-144
-140
-132
-128
-128
-124
-124
-120
-120
-114
-114
-120
-120
-124
-120
-122
-110
-110
-104
-100
-110
-120
-120
-120
-122
-124
-124
-124
-134
-134
-142
-142
-138
-138
-142
-144
-144
-130
-134
-134
-134
-134
-130
-126
-124
-124
-128
-128
-120
-120
-120
-126
-122
-122
-128
-124
-118
-122
-122
-122
-122
-130
-130
-130
-134
-138
-136
-134
-134
-130
-130
-130
-122
-126
-126
-122
-118
-118
-122
-120
-112
-108
-116
-112
-98
-96
-96
-98
-100
-98
-106
-100
-96
-96
-88
-88
-86
-82
-82
-80
-80
-86
-90
-92
-98
-98
-98
-94
-90
-90
-96
-88
-82
-82
-74
-70
-72
-72
-64
-64
-66
-70
-74
-78
-66
-72
-82
-82
-80
-78
-72
-72
-76
-90
-94
-88
-88
-88
-88
-78
-78
-76
-76
-68
-80
-86
-84
-86
-86
-80
-72
-70
-70
-72
-72
-72
-70
-72
-66
-60
-60
-60
-60
-60
-60
-58
-62
-56
-56
-60
-66
-66
-64
-64
-74
-74
-78
-80
-82
-82
-78
-80
-82
-82
-82
-84
-92
-92
-98
-98
-96
-94
-90
-82
-78
-78
-72
-66
-58
-64
-56
-64
-64
-64
-62
-54
-56
-56
-44
-44
-40
-32
-34
-30
-34
-32
-24
-30
-30
-28
-38
-40
-42
-42
-30
-26
-32
-32
-26
-30
-26
-24
-24
-24
-24
-30
-26
-18
-20
-16
-20
-20
-18
-16
-14
-14
-20
-32
-34
-34
-34
-34
-36
-36
-36
-30
-24
-24
-18
-18
-20
-16
-20
-6
-4
-2
-6
-6
-6
-6
-4
-8
-4
-2
-10
-10
-14
-12
-12
-12
-14
-10
-12
-12
-12
0
-12
0
0
-4
-6
-6
-10
-10
-10
-6
-12
-8
-12
-12
-10
-16
-16
-10
-22
-14
-14
-14
-8
-8
-10
-14
-8
-2
-2
-2
-8
-4
-4
2
-2
4
0
8
10
16
16
12
4
4
0
-6
-4
-14
-14
-12
-10
-10
-10
-14
-22
-24
-24
-34
-36
-28
-28
-30
-34
-24
-30
-26
-34
-42
-34
-34
-34
-32
-34
-34
-44
-44
-36
-32
-30
-30
-28
-30
-38
-38
-36
-32
-26
-34
-34
-38
-34
-30
-34
-38
-38
-40
-38
-36
-36
-40
-34
-34
-34
-32
-34
-34
-34
-34
-28
-28
-28
-30
-26
-24
-26
-18
-22
-24
-24
-18
-22
-32
-32
-22
-24
-24
-38
-36
-26
-26
-26
-26
-34
-38
-44
-54
-56
-60
-66
-62
-62
-68
-68
-76
-80
-72
-82
-82
-84
-76
-76
-62
-58
-58
-58
-62
-66
-66
-60
-64
-64
-54
-56
-50
-54
-54
-54
-52
-52
-48
-38
-34
-32
-32
-32
-40
-40
-38
-36
-34
-38
-40
-40
-42
-42
-42
-48
-44
-44
-48
-50
-50
-44
-46
-38
-46
-58
-54
-52
-58
-60
-60
-60
-66
-64
-64
-62
-62
-50
-50
-56
-52
-52
-48
-48
-56
-48
-42
-32
-36
-38
-42
-38
-44
-40
-42
-40
-48
-46
-42
-48
-52
-58
-54
-56
-56
-58
-48
-50
-52
-52
-46
-62
-62
-62
-70
-78
-76
-76
-70
-70
-62
-62
-58
-58
-52
-42
-42
-34
-34
-34
-34
-26
-26
-40
-46
-46
-44
-44
-46
-50
-46
-42
-36
-44
-32
-26
-20
-20
-20
-20
-10
-14
-14
-8
-4
0
0
0
0
8
26
26
32
32
32
40
48
54
58
58
62
64
64
64
64
64
60
58
54
54
58
52
52
42
40
40
40
40
42
42
36
48
38
34
34
34
44
44
52
48
48
48
52
52
52
52
50
46
48
48
48
44
28
28
42
28
16
18
14
14
10
12
12
22
14
8
18
14
16
16
16
16
22
22
20
24
26
26
22
26
26
26
26
22
22
30
30
32
32
38
40
44
44
48
50
48
48
42
42
32
32
22
22
22
22
28
28
32
30
30
30
30
30
30
32
40
40
34
30
28
28
32
38
38
32
36
34
32
38
44
54
50
52
52
48
48
48
48
50
60
62
62
62
62
62
62
68
78
78
78
84
84
76
72
80
80
88
86
84
82
86
88
86
82
80
80
82
82
92
86
84
84
88
90
90
86
86
86
84
88
88
90
94
104
104
104
100
94
98
98
98
92
98
98
96
100
90
86
86
86
86
80
80
80
72
72
68
66
66
66
70
60
52
62
62
58
64
64
60
60
60
60
60
58
52
52
48
52
46
44
46
52
48
40
44
44
52
42
38
38
38
34
44
44
40
46
40
42
42
36
34
36
38
48
52
52
46
46
38
46
46
42
46
46
42
38
38
38
34
34
38
42
48
48
50
44
36
32
32
32
36
42
50
48
50
56
52
52
52
46
46
46
50
50
62
58
58
56
52
52
58
48
48
50
44
44
44
36
30
34
34
34
30
28
30
22
22
28
32
36
36
36
44
42
54
46
38
34
30
30
32
22
22
30
36
36
36
34
34
22
14
20
22
28
28
28
34
30
30
30
22
26
26
20
24
32
32
32
48
48
42
38
36
34
28
26
28
30
24
26
26
34
34
36
44
44
50
44
40
40
28
28
28
32
32
34
40
40
42
44
44
44
44
46
46
54
48
46
46
38
38
40
34
32
40
48
48
54
54
48
54
46
46
58
58
52
54
56
56
56
60
52
56
52
52
46
44
34
34
34
22
22
22
28
26
12
12
12
12
12
12
16
26
36
36
38
44
52
56
56
50
56
54
54
54
54
56
60
46
46
52
48
48
50
44
50
52
52
52
46
46
46
46
40
40
40
44
32
32
40
46
46
50
46
50
50
54
52
48
48
48
36
40
46
40
40
42
42
50
62
68
68
68
74
74
76
80
80
74
78
82
84
84
84
84
84
84
86
86
96
102
108
116
116
116
118
118
112
108
108
108
102
96
94
100
98
106
106
104
104
108
102
102
102
102
110
108
108
108
108
108
108
108
114
108
110
110
108
106
104
106
106
104
110
108
108
108
110
112
112
112
120
122
122
124
132
128
134
134
140
140
136
136
136
136
136
136
128
128
128
120
128
130
124
124
124
124
130
138
138
138
140
140
140
136
136
136
136
136
138
138
134
140
140
136
136
136
142
142
138
134
134
132
130
130
130
136
142
142
146
138
142
142
142
140
146
146
150
150
150
158
158
158
168
174
170
170
170
174
180
180
180
180
180
180
180
180
184
194
190
190
186
180
184
180
180
182
188
184
172
160
156
166
166
176
176
180
180
182
184
180
184
184
194
194
192
198
196
196
194
196
198
204
206
202
206
210
204
202
202
200
204
204
202
192
192
198
202
208
212
212
208
208
208
208
202
202
202
202
188
184
184
178
178
178
178
178
176
170
180
188
188
186
188
188
192
194
200
200
204
202
212
220
212
214
214
218
220
218
218
214
214
222
222
220
218
222
230
230
238
240
238
234
234
234
236
236
236
242
242
242
242
238
232
214
218
218
218
218
220
224
214
214
214
212
216
214
216
226
226
226
226
220
220
220
214
208
216
216
210
216
216
224
230
220
220
220
228
228
224
224
224
218
212
216
226
226
214
220
224
232
238
240
238
240
242
242
248
246
258
258
262
262
262
262
260
252
252
248
248
248
250
258
264
268
268
268
268
264
264
264
260
258
258
250
248
248
248
248
248
236
238
238
230
240
238
236
226
226
230
230
224
220
224
222
222
220
214
214
214
214
214
212
212
206
206
206
202
202
202
198
196
200
202
194
194
194
192
196
196
200
200
208
208
208
208
214
214
228
232
228
228
230
224
228
228
232
232
234
226
226
226
228
222
222
226
228
238
234
232
234
234
234
236
240
240
240
240
240
240
236
238
238
250
258
250
250
258
256
250
250
250
246
246
238
246
244
244
244
254
252
248
248
248
246
246
246
252
252
258
252
254
254
256
256
254
254
252
252
252
246
246
250
250
256
258
256
250
250
250
250
246
248
244
240
248
248
254
258
254
256
256
266
270
266
272
272
272
266
262
266
266
264
264
264
264
264
268
266
272
272
272
270
270
266
266
260
252
252
258
264
258
262
256
256
264
258
256
260
262
270
272
272
274
274
274
276
262
262
262
262
254
248
248
248
258
264
264
268
270
270
276
276
270
268
272
274
276
280
280
288
298
300
300
298
298
296
294
294
300
300
298
302
306
306
306
306
300
300
304
310
314
310
310
318
318
318
318
310
310
310
310
302
304
296
302
302
308
308
306
302
302
306
314
314
312
310
312
316
314
316
312
312
324
320
320
336
334
334
334
326
322
314
304
298
306
306
316
322
316
308
308
308
298
296
294
288
298
290
290
288
288
296
294
298
298
298
296
296
300
294
304
304
306
306
306
312
306
306
304
294
304
304
304
304
310
310
314
318
322
318
324
328
328
336
338
346
346
348
354
356
362
362
362
368
374
372
372
368
370
370
370
370
364
364
360
360
360
362
362
364
364
364
364
364
364
364
364
370
374
372
368
366
370
382
378
376
378
378
376
384
380
374
380
380
386
386
386
394
394
388
400
390
390
386
388
388
390
384
382
376
370
364
364
364
368
376
382
382
390
382
382
382
382
380
378
386
394
394
388
384
378
368
364
366
370
370
380
380
380
380
376
378
372
372
376
380
378
374
380
380
392
392
392
392
390
390
386
386
382
390
390
386
386
378
380
384
384
384
378
388
380
386
386
386
398
402
402
398
398
390
390
390
386
390
386
386
386
382
382
390
392
404
394
390
386
392
392
392
392
390
380
372
372
374
372
376
388
396
396
388
398
396
400
392
388
384
384
380
382
384
384
384
384
378
378
378
384
392
402
396
390
386
382
376
378
378
366
374
380
384
382
380
376
378
384
396
396
396
402
402
402
402
404
404
392
390
398
396
396
394
398
398
398
394
388
390
386
388
386
382
380
378
370
370
374
366
374
374
372
372
378
382
370
366
376
376
376
376
376
374
374
374
374
372
372
372
374
374
372
372
372
370
376
376
374
372
380
386
396
396
394
408
402
404
410
410
410
410
404
406
406
414
418
418
418
424
422
428
430
426
426
436
438
428
428
428
422
422
420
420
426
422
432
424
424
424
428
428
434
432
436
422
418
418
418
420
420
416
418
414
418
420
420
412
408
408
398
398
394
390
394
404
404
404
410
412
408
408
410
418
418
418
406
406
404
398
398
406
406
420
420
426
426
424
424
420
424
428
422
418
416
422
432
432
434
434
434
432
424
432
422
422
422
418
416
418
414
414
414
416
414
406
394
394
382
384
372
374
382
386
380
368
360
358
358
358
356
350
354
356
354
354
356
366
370
362
366
368
372
374
374
376
374
374
372
364
362
358
354
354
360
368
372
372
372
372
372
368
364
362
362
368
372
372
364
364
364
360
360
352
352
356
346
350
350
350
350
342
344
344
338
338
336
338
332
332
334
338
338
340
340
342
348
342
340
348
348
352
352
350
350
348
346
346
344
352
346
346
348
346
346
352
352
348
348
354
358
368
368
366
362
362
356
358
362
364
370
370
370
378
378
380
386
386
388
388
396
396
394
394
386
386
380
380
386
378
378
378
376
376
376
374
382
378
382
376
376
376
376
376
372
380
374
382
386
386
388
388
386
386
390
382
388
388
380
380
380
380
380
374
374
370
376
376
380
378
380
376
376
378
378
386
386
386
392
392
404
400
404
398
398
388
392
390
390
394
394
406
414
420
418
418
418
418
422
422
416
422
422
422
424
424
418
418
418
418
416
414
424
420
420
420
424
424
438
432
424
430
438
444
446
446
446
446
446
446
450
450
450
450
452
452
452
456
460
458
458
456
454
462
462
458
458
450
450
440
434
432
432
440
440
444
438
438
438
424
430
432
432
440
440
446
452
452
452
452
444
444
444
448
460
460
458
456
458
458
460
454
454
460
454
460
462
458
458
466
466
458
464
462
458
458
458
460
460
466
466
464
464
468
466
470
470
470
464
456
456
454
454
454
454
450
452
452
456
450
450
450
450
454
460
460
458
460
458
452
454
454
450
450
454
452
456
454
454
460
460
458
466
466
466
474
472
470
474
474
470
464
460
458
456
464
464
464
464
466
464
476
470
470
480
482
482
474
474
474
474
474
480
482
490
490
492
484
484
488
484
492
496
498
504
518
514
508
508
508
506
510
510
510
520
512
512
520
528
526
538
538
534
522
516
508
508
516
514
516
524
532
526
536
550
552
552
546
550
542
542
542
542
550
540
542
542
532
528
528
530
532
518
514
514
510
512
512
522
522
518
518
518
516
516
522
528
528
528
528
534
526
526
526
526
522
530
530
530
530
542
542
550
550
556
556
550
556
562
564
556
552
554
552
552
552
554
562
576
582
582
588
590
584
584
588
592
596
598
606
606
596
600
600
600
600
602
600
598
590
590
