-2621
-2615
-2613
-2613
-2597
-2591
-2581
-2579
-2573
-2567
-2557
-2549
-2541
-2539
-2531
-2529
-2515
-2509
-2495
-2481
-2477
-2467
-2467
-2457
-2451
-2445
-2447
-2443
-2441
-2433
-2423
-2419
-2411
-2407
-2411
-2401
-2389
-2381
-2371
-2359
-2351
-2353
-2347
-2339
-2333
-2333
-2333
-2327
-2323
-2317
-2309
-2297
-2291
-2289
-2289
-2283
-2279
-2279
-2269
-2259
-2255
-2251
-2245
-2245
-2237
-2229
-2221
-2211
-2209
-2201
-2203
-2195
-2189
-2191
-2183
-2177
-2175
-2165
-2155
-2141
-2141
-2137
-2125
-2115
-2105
-2101
-2097
-2085
-2083
-2071
-2063
-2061
-2065
-2059
-2049
-2053
-2043
-2043
-2033
-2025
-2013
-2005
-2001
-1999
-1989
-1985
-1981
-1969
-1961
-1951
-1945
-1943
-1945
-1943
-1935
-1937
-1931
-1921
-1921
-1915
-1903
-1897
-1883
-1875
-1867
-1857
-1845
-1837
-1841
-1839
-1841
-1831
-1823
-1823
-1819
-1817
-1807
-1799
-1797
-1793
-1795
-1787
-1779
-1771
-1771
-1773
-1755
-1749
-1741
-1729
-1721
-1727
-1719
-1711
-1701
-1687
-1673
-1663
-1663
-1657
-1647
-1641
-1627
-1621
-1621
-1619
-1621
-1625
-1611
-1605
-1593
-1587
-1587
-1581
-1579
-1571
-1567
-1563
-1559
-1559
-1555
-1551
-1559
-1559
-1557
-1561
-1563
-1559
-1557
-1557
-1547
-1537
-1529
-1517
-1519
-1517
-1511
-1509
-1503
-1505
-1511
-1507
-1507
-1509
-1511
-1499
-1495
-1491
-1479
-1479
-1467
-1461
-1455
-1461
-1457
-1457
-1453
-1441
-1441
-1435
-1429
-1419
-1413
-1413
-1405
-1407
-1415
-1411
-1409
-1405
-1399
-1391
-1395
-1389
-1377
-1373
-1377
-1377
-1375
-1377
-1377
-1377
-1373
-1377
-1367
-1361
-1363
-1357
-1359
-1355
-1359
-1351
-1351
-1345
-1343
-1343
-1345
-1333
-1331
-1333
-1323
-1321
-1319
-1317
-1315
-1315
-1309
-1301
-1299
-1289
-1285
-1281
-1277
-1265
-1257
-1251
-1251
-1245
-1233
-1235
-1241
-1231
-1221
-1209
-1195
-1191
-1183
-1187
-1187
-1179
-1183
-1177
-1175
-1169
-1159
-1147
-1143
-1149
-1141
-1139
-1127
-1123
-1111
-1107
-1109
-1103
-1095
-1089
-1083
-1083
-1083
-1081
-1081
-1071
-1059
-1063
-1073
-1069
-1069
-1061
-1053
-1051
-1043
-1041
-1039
-1031
-1025
-1027
-1021
-1013
-1007
-1007
-1001
-989
-983
-977
-983
-983
-979
-979
-967
-967
-961
-967
-963
-951
-947
-949
-949
-955
-957
-951
-951
-945
-939
-931
-923
-913
-911
-913
-907
-903
-897
-887
-883
-881
-873
-881
-873
-883
-887
-879
-889
-899
-899
-899
-901
-895
-887
-887
-889
-877
-883
-885
-889
-885
-883
-877
-873
-869
-861
-847
-845
-839
-837
-831
-839
-841
-839
-841
-835
-835
-835
-823
-819
-809
-809
-809
-811
-811
-807
-801
-803
-797
-787
-777
-775
-779
-777
-777
-775
-777
-773
-781
-773
-761
-755
-749
-757
-751
-753
-755
-757
-749
-743
-739
-737
-733
-723
-709
-707
-701
-697
-693
-699
-695
-697
-697
-701
-707
-701
-689
-687
-681
-675
-669
-667
-673
-673
-669
-667
-663
-661
-661
-649
-643
-641
-633
-625
-627
-621
-613
-599
-593
-595
-589
-589
-589
-585
-587
-579
-581
-585
-581
-573
-579
-571
-567
-565
-559
-557
-553
-547
-543
-537
-525
-529
-523
-523
-519
-527
-521
-517
-525
-517
-517
-513
-511
-503
-505
-501
-507
-499
-501
-497
-495
-487
-485
-485
-485
-487
-479
-473
-475
-477
-475
-481
-479
-475
-467
-459
-455
-447
-445
-443
-443
-435
-435
-431
-425
-427
-427
-437
-429
-435
-437
-449
-445
-445
-433
-433
-441
-445
-441
-447
-443
-447
-443
-451
-459
-463
-451
-443
-435
-425
-417
-417
-415
-415
-421
-425
-425
-431
-429
-427
-431
-435
-441
-443
-433
-427
-415
-413
-415
-415
-405
-405
-399
-399
-397
-399
-405
-401
-401
-409
-405
-405
-405
-407
-401
-395
-381
-379
-379
-395
-393
-377
-379
-385
-375
-369
-369
-371
-373
-369
-361
-351
-343
-351
-343
-337
-341
-331
-331
-323
-315
-309
-307
-311
-307
-307
-307
-303
-303
-311
-311
-301
-293
-297
-303
-305
-309
-307
-301
-291
-287
-283
-297
-297
-299
-287
-289
-289
-299
-293
-293
-287
-279
-265
-263
-267
-259
-261
-257
-257
-251
-247
-237
-241
-237
-229
-225
-217
-215
-207
-207
-207
-207
-211
-205
-199
-199
-195
-195
-191
-185
-191
-179
-177
-179
-185
-183
-183
-191
-187
-179
-175
-169
-173
-173
-173
-171
-181
-183
-185
-187
-187
-189
-181
-173
-173
-179
-181
-171
-161
-159
-157
-159
-155
-157
-147
-155
-157
-153
-159
-153
-151
-145
-149
-145
-135
-139
-137
-127
-131
-139
-133
-133
-135
-127
-131
-135
-135
-133
-127
-121
-119
-117
-109
-109
-103
-105
-99
-95
-99
-99
-97
-103
-93
-95
-103
-107
-99
-97
-107
-107
-115
-109
-99
-99
-93
-83
-75
-69
-81
-73
-69
-61
-59
-65
-63
-79
-75
-67
-55
-53
-59
-59
-69
-61
-53
-53
-61
-65
-65
-77
-69
-67
-63
-61
-55
-61
-63
-69
-73
-73
-67
-65
-55
-53
-55
-59
-61
-51
-55
-57
-57
-57
-57
-57
-51
-47
-39
-29
-43
-43
-53
-65
-67
-71
-75
-69
-61
-55
-67
-57
-57
-49
-51
-49
-41
-47
-45
-43
-37
-33
-37
-45
-45
-39
-41
-45
-51
-59
-57
-63
-61
-61
-67
-63
-71
-67
-59
-65
-75
-71
-69
-69
-67
-71
-61
-57
-61
-57
-49
-49
-41
-49
-49
-43
-51
-45
-45
-49
-59
-57
-55
-59
-73
-75
-73
-69
-65
-63
-69
-65
-61
-59
-69
-67
-63
-55
-57
-55
-43
-33
-27
-29
-29
-29
-31
-35
-35
-29
-29
-23
-17
-7
-7
-7
5
11
5
-1
3
1
5
5
7
15
21
25
33
29
33
43
41
31
37
43
43
45
39
45
47
57
53
71
75
69
75
77
77
81
75
81
83
85
81
79
81
79
79
75
73
67
65
55
59
63
69
63
65
73
71
69
67
61
69
65
57
55
53
45
51
51
55
51
47
45
45
43
45
43
41
53
53
53
47
49
47
39
45
45
41
39
47
47
45
45
41
29
25
25
33
29
29
31
39
47
41
41
53
49
57
57
43
43
37
35
29
23
21
17
17
9
21
15
9
9
7
-3
-5
-5
3
-7
-7
-5
-3
-9
-3
-5
-3
-5
-11
-17
-7
-1
-7
-7
-11
-5
-15
-7
-1
3
-5
-3
-3
3
3
-1
-1
1
-5
-9
-13
-17
-21
-21
-13
-11
-7
-11
-9
-11
-13
-7
-3
-1
9
3
3
11
1
-5
-5
-9
-11
-15
-7
-5
-7
5
5
7
-1
1
-7
-9
-5
-5
1
3
-7
-11
-15
-13
-1
-3
-9
-9
-15
-27
-25
-31
-29
-29
-25
-25
-19
-17
-17
-15
-25
-27
-29
-21
-23
-21
-19
-21
-25
-29
-29
-21
-21
-27
-31
-25
-25
-19
-25
-29
-39
-41
-41
-47
-51
-41
-45
-43
-35
-33
-41
-43
-37
-49
-43
-45
-49
-43
-45
-51
-53
-59
-51
-55
-53
-59
-53
-53
-57
-53
-53
-51
-45
-43
-47
-55
-49
-51
-47
-49
-45
-35
-33
-37
-35
-23
-23
-31
-39
-43
-47
-39
-33
-27
-29
-27
-25
-21
-31
-21
-21
-27
-35
-39
-43
-45
-49
-53
-51
-51
-43
-31
-31
-31
-29
-31
-31
-37
-37
-27
-19
-19
-13
-13
-15
-7
-9
-13
-17
-21
-21
-25
-21
-23
-25
-27
-25
-27
-33
-45
-41
-47
-51
-45
-41
-43
-45
-41
-35
-39
-33
-37
-31
-31
-41
-53
-53
-45
-43
-43
-47
-51
-45
-49
-49
-43
-45
-45
-35
-33
-35
-43
-41
-45
-43
-41
-47
-47
-51
-53
-43
-43
-35
-35
-37
-37
-39
-35
-27
-27
-21
-21
-11
-7
-15
-15
-27
-29
-31
-31
-27
-23
-21
-21
-21
-17
-21
-13
-9
-5
-7
-11
-9
-5
-5
-15
-13
-9
-15
-13
-5
-9
-17
-21
-27
-29
-27
-29
-29
-21
-19
-13
-13
-9
-13
-15
-19
-19
-21
-25
-15
-13
-13
-7
-5
-1
-7
-9
-15
-11
-9
-9
-21
-17
-15
-17
-19
-15
-17
-13
-9
-5
-1
-1
-5
-7
-5
1
-11
-19
-23
-17
-21
-17
-13
-17
-19
-17
-17
-21
-23
-21
-19
-13
-11
-13
-9
-3
-1
3
13
21
29
35
25
19
17
21
29
29
27
31
29
25
33
29
33
31
25
21
17
19
13
17
25
21
13
19
25
27
31
17
15
21
21
17
15
17
25
23
25
25
29
31
31
33
35
43
47
51
43
37
37
35
43
47
45
47
43
37
51
57
55
55
57
59
59
69
69
73
75
77
87
93
95
105
101
103
113
111
111
113
109
111
113
103
105
115
105
109
121
115
107
103
93
97
103
103
99
97
89
89
85
83
89
85
93
91
83
87
83
81
85
87
91
87
85
77
75
71
67
69
73
75
79
77
73
75
77
79
73
73
71
75
77
81
81
85
83
93
89
91
89
93
97
105
107
105
111
107
109
107
105
105
109
101
99
105
105
105
111
109
113
113
117
123
123
123
127
119
123
127
125
131
139
139
137
133
133
139
133
135
131
133
123
109
123
131
127
127
129
129
133
129
125
121
127
123
119
125
123
129
135
137
137
131
141
145
147
151
141
139
135
137
137
137
129
129
129
131
135
143
141
141
137
123
125
135
125
129
133
137
141
145
147
139
139
139
145
151
153
147
141
133
137
147
145
137
143
147
147
147
151
149
153
157
149
139
139
141
139
139
141
133
135
135
133
143
137
141
127
133
143
141
147
147
143
151
143
153
145
141
147
155
159
163
171
177
179
175
169
169
161
159
159
165
165
159
169
177
173
177
179
177
179
173
175
181
179
193
197
189
187
187
177
175
175
173
177
171
175
183
185
185
189
191
193
189
185
177
177
165
161
165
167
161
159
167
173
171
181
171
173
177
179
175
179
169
169
171
183
179
181
181
183
187
191
191
197
201
203
201
199
203
211
213
219
215
217
211
219
223
215
217
229
233
239
233
227
225
219
213
211
213
207
205
205
211
207
209
203
209
197
203
203
207
203
207
201
201
193
197
193
189
181
177
179
181
181
187
193
193
201
205
203
209
207
213
213
211
205
201
211
211
213
213
213
211
205
201
203
201
197
199
199
195
191
201
197
197
195
193
193
191
191
193
187
187
185
193
187
193
187
187
185
189
195
189
189
193
185
183
185
189
183
179
185
187
185
195
195
187
183
185
175
175
179
179
171
173
167
171
173
179
181
173
173
171
171
175
169
159
157
153
153
151
149
147
149
143
143
153
149
149
157
151
149
147
147
147
143
147
145
151
151
157
149
147
151
149
143
143
143
141
141
145
139
129
133
129
127
131
129
125
117
113
111
119
119
115
111
101
91
87
91
83
75
75
77
83
77
83
83
75
73
77
81
73
65
71
65
69
73
73
67
67
65
67
71
73
81
73
65
73
73
73
77
93
99
97
95
91
81
79
71
69
63
63
61
57
45
47
45
43
45
45
41
47
47
45
41
39
39
37
31
35
33
31
29
29
37
39
39
45
53
65
69
71
57
61
65
57
55
49
51
63
73
75
65
65
69
77
79
77
75
75
65
69
53
47
43
49
51
55
39
41
39
37
35
35
25
19
25
37
33
29
21
27
39
31
25
21
19
11
17
19
19
11
11
15
11
3
11
9
15
17
9
11
11
21
29
31
39
37
33
35
31
27
23
23
17
27
25
29
31
29
31
21
23
9
11
23
25
23
25
27
35
35
33
31
33
31
27
19
15
11
17
13
17
17
13
9
5
9
9
9
11
19
19
17
21
29
29
27
21
25
21
19
23
25
27
23
35
31
31
17
11
7
13
7
7
9
9
3
1
-3
-1
3
5
11
5
5
9
11
7
7
5
9
5
7
3
-1
1
9
5
15
11
9
9
5
7
3
3
1
1
-3
-7
-3
-9
-3
-1
-3
3
11
13
13
25
27
23
19
19
11
11
13
13
1
-7
-15
-7
-3
-5
-3
-3
7
11
11
11
13
15
11
13
11
15
13
5
13
21
17
15
15
11
11
11
3
5
-3
5
7
3
7
11
11
13
17
15
-1
-3
-1
-9
-1
-3
9
9
7
1
1
-7
-1
1
15
11
13
17
15
15
11
11
17
25
29
27
31
37
43
45
47
45
53
55
55
47
49
47
35
41
39
41
47
43
49
59
65
69
67
67
57
57
57
65
63
59
59
57
49
51
49
49
45
53
57
57
59
65
67
55
63
65
59
55
55
61
69
65
69
73
79
83
87
87
91
95
87
97
97
99
105
105
111
117
109
105
95
105
109
107
107
109
115
121
123
127
129
133
137
137
139
135
137
131
127
131
143
151
157
157
157
151
147
149
147
139
139
133
131
125
119
119
119
119
119
119
123
117
111
109
107
107
115
121
121
121
127
123
127
127
135
131
125
129
125
127
125
117
127
127
131
133
127
135
141
143
143
147
143
137
129
125
119
121
119
117
121
115
113
113
117
121
117
121
121
117
129
127
121
117
123
123
123
117
117
121
111
119
111
119
117
121
129
131
125
125
119
123
123
129
125
125
117
119
121
129
131
129
135
131
131
137
141
137
137
139
135
147
153
151
147
145
151
149
149
157
157
153
159
153
151
157
163
159
161
165
167
167
167
167
171
177
177
169
173
163
169
169
169
167
171
169
179
171
171
165
155
157
153
151
151
153
155
149
135
135
135
139
127
127
137
127
127
131
139
139
141
143
133
125
127
133
133
137
135
141
135
139
145
143
147
155
159
159
157
155
165
165
171
167
167
159
161
165
165
153
151
147
157
157
165
161
161
155
151
147
145
143
145
145
143
141
141
143
151
147
155
153
153
149
149
147
147
145
149
149
153
157
161
153
147
151
155
151
155
155
155
149
143
139
135
135
133
137
141
141
137
135
143
141
143
141
147
149
151
157
161
163
159
159
159
153
151
157
167
171
171
167
161
155
159
161
165
167
161
167
167
159
161
161
151
143
153
157
157
157
153
145
139
139
131
129
135
131
145
143
139
129
123
119
115
119
117
117
121
117
113
127
123
125
125
133
141
147
157
163
161
157
159
155
151
153
163
163
163
161
165
163
167
165
171
171
171
177
177
175
173
167
177
175
175
173
177
167
163
163
163
157
151
149
149
145
143
151
149
151
155
163
169
165
173
179
185
185
179
169
173
171
179
181
181
181
181
185
191
189
189
191
191
197
197
199
191
189
179
177
171
173
181
177
181
183
185
191
191
193
199
193
193
183
167
159
157
159
157
157
157
157
157
157
161
163
165
177
181
177
169
181
179
183
187
195
197
203
201
199
193
193
199
207
203
209
209
211
215
213
213
205
203
201
201
201
201
205
205
195
199
201
201
201
213
221
219
219
225
227
221
215
223
229
239
239
237
235
235
229
229
221
217
215
215
211
219
217
217
205
209
205
199
203
195
197
199
195
193
201
203
209
207
213
213
201
203
207
205
197
199
207
215
225
223
219
219
225
227
227
225
229
233
233
225
229
237
245
253
253
257
255
253
263
259
255
247
251
249
247
239
241
253
257
255
249
245
253
261
267
269
273
271
275
279
273
267
271
271
269
275
279
283
295
295
291
299
305
307
299
303
299
297
299
299
305
299
305
295
293
301
305
305
297
295
293
287
283
281
287
279
277
281
273
273
277
287
281
287
281
283
281
281
283
287
283
283
285
287
291
287
295
291
295
293
293
295
289
291
281
285
287
297
293
293
299
305
305
311
313
307
315
317
313
309
311
319
317
309
307
303
307
301
291
285
273
271
267
261
257
261
261
261
257
261
263
271
271
271
273
273
275
267
271
275
275
271
281
283
281
283
277
281
281
269
265
265
263
263
253
263
269
261
257
255
257
255
249
253
255
249
245
243
245
253
257
257
253
257
257
261
267
269
265
265
279
275
277
279
277
271
263
249
245
239
245
247
255
253
251
243
239
247
253
247
245
245
247
255
255
255
249
253
253
253
249
243
239
239
235
229
217
217
219
229
227
235
233
221
219
225
219
213
209
217
227
231
233
225
219
217
223
221
225
231
225
229
227
227
221
227
219
217
213
221
219
221
217
217
219
227
227
227
227
217
213
219
207
205
209
207
211
213
213
211
207
207
199
201
195
195
191
193
201
187
185
175
175
175
171
177
177
171
169
169
173
175
165
159
157
153
157
163
167
165
163
153
145
145
149
147
145
131
127
121
117
109
109
119
127
127
125
137
137
137
143
147
149
149
149
147
151
163
161
165
165
161
165
165
159
149
151
151
157
151
143
145
145
137
135
141
141
135
135
137
137
139
145
137
137
137
137
141
141
147
145
147
157
155
163
171
179
175
179
179
167
175
181
187
187
183
173
169
165
159
171
165
155
169
165
163
157
161
157
151
145
151
153
157
143
145
143
131
123
127
127
127
123
127
131
127
125
127
131
125
127
125
121
121
127
129
129
125
115
115
111
111
109
113
113
107
103
97
93
99
103
103
111
119
117
119
119
117
119
117
111
117
117
117
115
113
119
121
119
127
129
135
135
131
129
131
145
147
157
159
169
175
177
169
175
171
167
165
163
159
159
159
157
151
139
129
131
129
129
131
147
145
149
159
151
157
151
141
135
137
133
133
129
141
135
139
143
149
151
155
149
147
143
145
151
147
147
143
141
141
137
137
133
135
127
127
129
119
107
103
101
89
83
79
81
77
83
83
73
75
73
83
87
89
77
73
61
59
65
63
69
73
71
67
63
71
67
71
65
67
67
69
69
81
83
75
75
77
83
83
81
91
95
91
91
83
83
85
85
89
91
99
109
113
113
103
93
89
89
99
113
113
113
105
111
115
115
111
105
99
97
87
91
85
93
91
83
91
89
97
95
97
99
101
97
91
89
91
91
89
85
79
79
83
87
87
87
91
91
91
95
93
95
95
93
93
87
89
91
89
85
81
79
81
69
63
63
59
57
53
53
55
59
59
63
71
71
73
67
71
67
67
69
73
75
79
83
87
89
85
85
85
95
99
97
99
95
99
97
97
95
95
91
87
85
85
81
77
81
81
89
87
97
97
105
111
115
111
123
125
135
131
131
121
127
127
125
123
127
123
129
135
139
135
139
145
141
153
155
155
155
161
167
169
177
177
175
175
173
171
171
177
181
177
169
167
157
159
151
143
151
147
143
149
147
143
135
139
143
149
157
157
157
149
149
149
151
151
145
145
145
147
147
145
145
145
145
139
133
137
127
127
119
119
117
111
117
121
131
131
131
127
133
145
145
155
163
167
175
177
177
185
177
187
177
177
175
179
183
183
195
201
197
199
199
199
199
193
187
181
185
185
177
165
171
163
161
157
155
153
155
155
155
165
153
153
151
153
151
149
147
151
147
147
139
141
147
137
127
125
135
127
131
129
131
131
139
143
143
143
141
151
145
139
137
147
139
143
137
137
139
131
145
139
133
127
125
129
133
135
127
123
125
113
117
115
115
121
125
129
127
129
125
123
123
125
115
113
113
113
113
113
115
115
111
119
119
113
107
117
107
101
103
103
99
105
107
97
105
107
107
111
121
123
125
121
123
115
119
119
119
115
121
123
123
121
125
123
133
127
129
131
133
143
139
143
143
145
135
135
131
133
123
123
123
121
121
121
121
135
131
129
125
123
129
137
137
129
127
121
123
119
123
127
127
135
131
125
121
121
117
119
111
113
113
109
115
111
107
113
117
113
115
113
111
113
107
113
117
119
119
119
123
129
123
127
141
147
147
143
137
147
151
143
149
143
143
143
143
143
143
143
143
145
137
135
141
135
127
127
129
123
121
123
123
121
127
133
129
127
121
121
113
113
115
117
119
121
117
125
119
121
127
115
117
113
109
111
103
113
109
109
113
111
119
121
121
119
121
127
131
139
135
145
141
147
143
141
141
139
143
149
151
145
147
139
143
145
143
139
141
137
127
127
119
125
129
127
129
133
131
129
135
137
129
123
123
121
123
123
123
123
115
119
113
111
115
119
127
121
123
129
131
127
135
139
131
127
135
139
135
133
131
131
129
131
129
125
119
129
131
123
117
113
107
105
103
93
103
105
99
89
87
79
83
85
87
87
85
83
75
73
73
67
65
73
81
71
67
59
55
41
37
29
31
33
25
27
29
33
45
49
43
43
43
51
55
51
51
53
45
41
47
51
49
61
61
57
63
59
63
65
69
61
59
65
63
67
61
51
53
61
61
59
59
57
65
69
77
81
77
71
63
67
65
59
57
53
51
63
63
57
55
53
55
57
55
55
61
61
59
67
67
67
61
63
63
59
67
59
57
59
59
59
57
51
55
51
41
49
59
63
67
67
61
63
63
63
67
63
67
71
77
77
75
71
75
69
77
75
71
73
77
73
69
71
81
89
83
83
79
75
77
89
85
77
75
75
71
71
69
65
59
69
61
51
51
59
59
65
67
69
67
71
73
75
81
83
83
89
93
81
71
73
79
75
71
69
77
91
91
99
101
101
99
103
107
107
97
95
93
93
89
81
87
97
103
107
107
109
113
115
111
111
109
113
117
125
123
123
129
129
131
135
139
139
151
153
143
143
145
149
155
163
165
165
163
161
169
179
177
169
173
185
179
179
179
181
187
185
179
181
179
177
185
179
177
189
197
197
187
185
179
183
181
183
191
191
183
187
187
183
177
169
161
161
163
159
159
159
161
161
169
165
157
153
155
161
173
169
165
165
175
169
165
163
167
171
177
169
173
175
177
183
177
183
175
163
165
171
175
183
181
177
177
183
175
177
177
177
175
179
191
189
193
191
199
205
205
205
209
209
211
209
219
219
223
237
233
225
225
225
217
215
215
219
219
219
229
231
225
231
235
225
225
229
241
237
237
239
233
233
239
225
229
233
229
235
239
235
231
237
235
223
217
223
229
221
221
225
233
233
227
225
229
233
237
239
249
249
253
253
259
259
263
263
263
257
255
253
259
259
259
261
263
261
259
255
261
257
255
257
263
255
263
261
253
265
269
271
279
279
281
285
285
285
279
281
281
283
287
283
287
279
283
285
281
269
261
261
269
261
255
247
239
243
235
237
239
241
247
237
235
233
237
227
231
235
231
219
225
219
217
209
205
213
213
213
213
215
211
201
193
197
189
189
187
177
183
181
183
183
175
171
173
169
165
163
169
169
171
165
161
165
157
155
159
171
177
171
171
169
171
177
171
179
177
179
181
181
173
173
173
175
165
163
167
161
169
179
175
177
177
169
165
169
169
173
167
161
157
153
155
157
143
143
153
155
155
161
163
163
163
161
173
179
173
179
185
177
181
185
185
179
177
177
177
173
169
161
161
159
167
169
165
167
167
167
161
161
159
163
169
165
161
165
155
157
145
147
151
159
155
163
169
171
175
173
173
173
181
173
171
165
173
169
175
169
161
161
159
159
167
169
179
185
183
193
189
195
193
207
207
205
207
207
205
203
203
197
185
189
187
183
177
177
173
175
177
183
179
177
171
173
169
169
165
153
151
153
145
145
149
155
151
155
165
175
179
187
189
179
187
181
179
183
183
181
181
181
183
195
195
195
199
199
191
191
191
183
177
183
177
171
167
175
169
169
183
185
177
171
169
167
167
175
175
187
189
189
187
181
177
177
179
191
195
201
201
197
201
213
209
213
205
215
209
211
207
207
211
213
201
199
189
179
171
167
157
149
149
153
143
147
147
149
147
141
141
141
141
149
151
155
145
151
151
155
145
147
145
145
145
147
143
151
151
145
145
147
157
153
155
147
149
151
153
145
131
139
143
139
137
137
137
139
145
149
145
155
157
153
155
145
153
151
147
151
147
149
153
157
169
169
173
175
175
173
173
171
167
175
179
187
193
191
187
187
179
175
185
179
181
181
179
169
151
159
161
169
175
175
179
185
189
179
185
185
185
183
181
183
187
187
189
189
191
189
173
165
169
161
153
157
157
157
155
155
159
153
157
161
165
167
163
163
161
155
157
169
175
179
169
157
155
153
147
157
155
157
159
147
145
151
155
149
153
157
151
163
165
173
173
167
171
177
173
171
167
175
173
173
177
177
175
177
181
179
179
173
171
183
179
181
175
179
175
177
177
177
179
179
183
187
187
195
195
189
193
185
183
181
179
171
163
163
171
173
173
173
165
167
169
173
179
175
177
183
181
181
187
183
187
199
197
199
193
191
199
197
191
195
191
193
189
183
181
179
183
181
191
191
189
187
181
179
185
179
181
177
175
175
191
191
181
179
175
179
185
181
169
167
165
167
161
165
155
165
169
167
161
157
163
165
161
165
171
173
167
165
167
171
163
153
147
141
141
145
141
139
145
151
151
139
137
131
123
121
115
125
119
121
117
121
121
127
119
123
129
125
129
127
123
119
123
131
129
129
129
129
131
131
139
143
143
141
143
137
139
135
127
133
141
139
131
127
127
131
133
131
137
137
139
147
143
147
151
149
151
151
157
163
169
169
167
161
159
157
161
171
179
185
189
191
189
193
193
191
191
189
187
189
189
191
191
189
185
181
179
171
171
173
173
171
173
169
161
157
159
163
161
165
167
169
173
167
155
163
159
149
157
145
143
143
139
139
131
137
139
149
145
155
159
153
145
147
149
157
159
153
147
149
151
155
155
159
159
161
159
169
169
175
171
175
183
191
191
189
185
177
175
177
173
167
157
155
159
159
159
153
157
165
165
165
157
161
159
163
151
149
143
143
133
117
113
115
113
109
115
117
111
105
107
109
111
109
111
115
119
119
119
113
111
121
117
113
109
115
109
111
113
117
123
117
115
113
109
109
111
109
111
119
113
117
109
113
109
111
121
127
129
131
123
123
123
121
117
119
119
109
105
99
101
105
107
95
95
91
99
91
93
93
97
101
97
103
101
103
103
99
99
87
91
85
83
93
103
105
93
87
89
85
83
91
97
89
81
81
83
79
75
81
73
73
79
81
87
97
97
97
91
91
87
81
71
69
63
59
59
57
51
59
57
43
45
41
39
33
27
29
37
37
25
21
31
27
17
19
13
13
11
19
17
29
31
27
29
37
43
51
51
45
43
37
37
39
51
49
59
67
77
79
79
81
87
101
105
99
109
101
99
97
95
105
109
109
119
117
115
117
113
119
117
115
125
127
133
135
139
139
145
143
147
155
155
151
157
147
145
157
163
165
165
163
157
157
157
153
147
143
145
149
151
155
157
159
161
161
155
155
159
155
155
151
149
157
151
153
153
155
159
145
139
141
139
143
155
151
151
149
147
143
147
153
145
153
141
143
143
141
143
139
143
139
147
147
153
153
143
143
143
149
147
143
147
149
143
139
139
133
139
139
145
133
141
143
129
125
127
131
141
137
133
135
135
143
137
127
117
109
107
111
113
115
113
123
129
125
119
129
117
121
121
125
127
123
121
115
111
109
121
121
127
127
123
135
139
145
149
141
145
149
155
153
153
153
153
145
151
153
163
173
169
161
161
155
157
161
167
171
183
183
183
181
183
177
169
177
175
171
171
165
165
155
149
149
155
159
161
153
157
155
145
159
165
159
155
155
159
163
157
157
163
163
167
163
155
153
161
159
151
143
137
141
139
153
155
147
149
157
163
169
173
173
175
163
173
181
175
181
179
169
169
175
163
165
157
151
145
143
137
137
145
159
159
167
173
171
175
185
181
185
191
189
189
191
187
199
205
197
205
205
209
209
211
217
227
227
227
221
225
225
235
235
243
239
233
229
243
243
243
249
241
239
239
243
241
241
247
253
251
245
245
241
253
247
251
253
257
257
261
251
253
245
239
237
239
243
253
245
245
241
245
251
249
243
237
241
239
227
227
219
213
213
201
205
211
213
217
215
215
221
225
223
217
225
221
227
227
219
217
223
223
229
227
227
233
237
235
233
237
229
223
231
235
237
241
237
237
233
227
225
227
231
229
231
227
219
223
217
211
215
211
211
205
207
205
217
215
209
205
199
197
205
209
221
223
225
221
209
209
219
219
227
223
223
225
225
233
229
221
223
231
237
233
229
231
235
225
219
219
225
229
235
235
243
249
247
253
245
249
255
259
251
247
255
255
255
255
263
265
261
259
253
259
265
267
271
269
267
265
271
271
281
285
291
287
279
277
275
273
275
273
279
277
273
275
271
273
275
277
281
283
285
279
289
293
293
291
277
277
279
279
277
273
283
277
283
273
267
275
277
273
277
275
271
271
263
275
277
277
271
269
273
265
263
257
259
251
243
247
247
235
235
235
239
251
255
261
263
271
267
263
259
259
259
263
263
267
261
259
261
269
267
265
261
257
249
251
255
249
251
257
263
261
265
271
271
263
261
271
263
257
257
259
255
247
247
255
255
255
249
253
245
245
249
249
241
241
251
247
247
247
239
239
237
235
233
229
233
239
239
231
225
227
227
235
229
227
231
223
233
229
221
225
223
217
225
225
219
219
221
215
203
203
201
195
193
201
195
199
197
195
191
195
199
201
203
209
205
213
207
205
213
197
203
207
211
205
199
199
199
189
179
173
179
171
171
171
179
179
185
185
177
177
179
179
177
183
175
175
175
177
177
183
179
177
179
181
187
185
173
173
179
183
183
179
185
175
173
167
155
147
153
157
153
161
161
163
155
155
169
167
161
159
161
161
167
165
171
165
169
171
159
161
163
157
147
151
147
143
137
149
151
151
153
141
147
149
149
141
149
147
141
131
119
113
121
121
117
119
115
115
117
127
121
125
115
123
127
117
121
119
121
121
125
129
125
129
139
139
129
131
135
131
123
121
127
127
129
123
123
117
117
109
109
107
115
119
111
111
113
117
119
117
109
99
91
93
95
101
95
91
87
79
87
87
95
91
95
99
93
97
97
99
103
101
97
91
89
89
89
85
75
77
87
83
85
89
87
85
83
83
87
85
87
87
87
81
93
93
97
99
101
93
91
99
91
85
87
79
87
89
91
79
79
75
71
65
59
55
55
63
61
49
57
51
47
47
43
49
49
57
49
57
51
43
33
27
33
33
37
33
35
35
43
53
53
61
61
63
61
57
55
51
57
55
53
59
55
55
59
65
57
53
61
57
63
67
55
43
45
49
47
53
59
59
67
73
85
77
83
91
103
99
93
95
93
101
99
109
103
97
103
95
83
81
75
71
67
73
77
71
69
73
67
69
61
53
53
43
45
43
31
37
41
47
51
65
75
71
63
51
59
67
67
57
55
55
57
61
65
61
67
69
73
75
67
71
75
77
77
77
71
69
65
67
73
73
83
83
83
87
93
91
87
91
103
105
101
105
103
103
97
91
89
87
83
87
87
85
91
99
101
109
115
101
95
101
99
99
103
103
103
103
105
105
103
103
109
103
107
111
119
121
117
113
117
115
117
111
107
111
111
105
115
117
113
109
113
127
127
131
123
109
105
105
103
103
105
99
107
115
113
109
125
125
133
133
123
123
125
137
141
147
143
145
145
139
129
119
125
127
139
137
135
143
147
147
141
135
131
117
105
101
105
113
107
103
97
93
101
101
105
103
107
101
99
97
105
109
107
113
123
121
121
121
131
133
137
143
141
139
143
135
137
147
153
157
163
173
179
169
177
165
163
155
155
159
161
165
169
169
167
161
161
165
177
173
171
161
161
159
163
155
165
165
169
175
183
177
175
179
185
187
191
193
191
187
195
197
191
189
191
191
187
187
187
177
179
175
175
167
169
175
185
187
195
203
205
209
199
207
209
205
193
187
179
183
185
179
171
169
177
175
169
167
167
163
163
165
165
167
161
165
165
173
179
171
169
175
179
167
169
171
161
157
157
161
163
171
173
173
177
179
189
189
183
191
185
193
191
193
193
187
185
193
191
195
195
195
201
205
197
201
201
197
195
193
187
183
183
183
173
173
181
175
183
189
199
197
205
201
203
193
191
187
187
183
185
189
191
183
177
179
183
183
183
187
179
177
167
173
175
173
175
169
175
179
161
167
167
171
167
173
179
185
183
187
183
181
177
165
169
165
159
159
155
155
147
147
137
145
135
135
137
133
133
139
131
141
137
131
137
139
135
141
137
131
129
127
133
139
139
139
143
145
143
151
149
159
157
155
161
163
167
173
167
173
177
175
173
173
173
177
183
187
187
175
171
175
173
165
169
163
167
159
155
153
151
153
159
159
159
163
165
163
165
161
153
151
145
155
163
169
165
173
177
171
173
177
169
163
173
173
175
177
177
177
181
179
175
177
183
181
181
185
179
175
177
179
187
191
189
189
189
193
197
195
195
185
185
179
167
175
181
179
175
169
171
171
177
177
181
187
185
183
189
185
181
179
173
189
191
191
183
179
185
175
179
179
171
175
179
175
163
161
163
163
177
171
179
175
173
165
161
157
161
155
151
147
137
139
137
145
145
143
137
137
135
143
149
157
159
157
159
147
153
149
149
145
143
145
145
155
159
161
161
171
177
181
181
187
199
197
193
189
193
189
189
185
181
189
195
201
207
207
207
207
209
217
219
219
215
217
215
213
209
209
209
203
203
203
203
197
203
209
215
209
205
207
213
215
215
215
221
219
229
227
215
213
213
219
219
217
223
223
219
213
211
211
207
205
215
215
213
217
221
221
223
225
229
229
227
231
219
219
225
227
227
233
229
235
231
231
231
239
235
231
239
243
243
241
239
239
237
235
233
235
243
235
235
231
229
223
221
225
237
241
239
243
241
229
231
225
219
223
235
229
227
231
223
221
217
225
225
219
215
207
197
197
197
199
203
211
211
207
203
197
197
195
195
197
205
199
193
189
189
181
189
187
179
181
183
183
181
177
181
177
175
173
173
181
181
177
173
173
171
159
151
141
137
139
143
139
141
147
151
151
147
143
143
137
133
133
127
125
121
119
119
113
113
117
115
115
111
113
113
113
115
115
109
111
109
99
109
111
119
117
115
123
127
135
139
131
127
135
141
147
149
145
135
135
141
139
137
131
133
133
137
133
133
139
137
141
149
147
153
155
161
173
173
175
177
179
175
173
171
179
181
179
177
183
177
171
183
193
197
197
197
195
199
201
187
185
189
187
191
201
197
205
201
203
203
203
203
193
193
191
197
197
189
195
201
203
195
195
193
195
199
207
215
213
213
213
213
217
223
229
227
227
231
231
231
227
225
229
233
233
233
233
233
241
253
249
251
247
243
233
233
235
237
231
237
239
231
231
237
245
251
247
253
255
243
245
229
229
235
231
241
253
257
253
251
243
251
255
263
261
259
261
255
257
253
253
241
233
229
225
219
227
227
225
227
227
227
229
227
221
217
215
213
223
221
207
205
209
201
201
201
195
191
199
199
203
203
205
221
217
219
225
227
225
227
227
217
217
223
223
219
221
221
221
227
235
233
233
241
243
249
249
249
251
255
243
247
255
259
261
261
269
263
265
259
257
261
253
255
247
247
241
237
235
235
241
241
237
245
247
251
253
243
229
237
233
221
217
219
225
223
219
219
217
211
205
211
221
229
227
221
219
229
227
233
237
247
263
261
263
265
263
253
253
259
257
263
261
265
259
253
255
241
241
243
243
245
241
233
235
227
223
229
233
233
229
233
233
229
219
217
213
215
221
221
229
229
239
245
241
245
249
249
249
263
263
269
269
261
251
247
239
245
239
243
241
241
243
245
239
239
239
241
243
239
239
241
247
251
259
261
269
265
265
265
253
255
247
239
249
251
259
261
263
263
265
265
267
269
265
267
275
275
283
283
287
287
287
293
287
283
283
275
277
277
281
275
273
265
257
253
251
249
243
243
247
241
245
249
255
265
269
275
271
267
271
263
257
267
263
261
261
255
245
249
245
247
243
243
235
237
235
231
229
237
239
239
235
245
241
241
241
241
233
235
239
237
233
233
235
239
241
243
245
237
237
235
227
217
217
213
203
201
197
195
191
181
185
189
187
183
179
179
175
173
183
187
191
191
197
195
197
189
189
181
175
169
171
171
169
173
175
171
177
171
167
163
167
171
171
183
191
189
191
195
199
201
193
197
199
195
193
195
199
209
207
201
189
189
179
177
171
161
159
161
161
161
151
149
145
139
141
141
139
145
149
149
157
161
153
147
145
147
145
143
145
141
145
149
147
139
139
133
133
129
135
137
147
145
153
151
151
159
145
143
139
139
147
145
139
137
141
141
129
121
125
125
123
135
135
131
127
131
131
133
141
141
135
143
141
141
137
139
135
143
149
147
151
155
151
153
157
167
173
167
163
161
167
177
173
175
177
175
173
173
181
179
185
191
193
187
197
189
189
189
195
195
191
183
183
183
187
191
183
181
177
179
189
193
191
185
193
195
207
209
205
205
205
209
209
213
219
219
215
213
211
207
203
207
209
205
205
203
209
211
215
217
211
203
205
209
211
219
215
219
229
229
237
235
241
233
229
229
233
243
229
243
245
243
237
235
239
239
229
221
227
231
235
235
235
239
235
231
227
227
227
227
217
223
231
229
239
243
239
241
245
245
237
241
241
239
237
239
237
235
235
227
233
243
245
243
241
233
237
247
237
235
231
227
237
241
245
245
237
231
231
227
221
227
227
237
239
235
247
241
235
243
235
235
225
223
215
213
211
221
221
217
213
213
213
221
231
231
231
223
219
227
233
227
233
239
243
245
241
241
243
239
243
239
239
243
251
247
257
261
263
269
273
285
287
279
287
275
265
261
271
271
271
275
279
281
279
281
283
281
285
285
277
279
271
261
259
259
259
255
253
253
251
255
241
237
229
227
223
221
221
217
215
215
219
215
221
223
229
225
225
227
225
215
217
215
223
225
219
215
215
215
223
215
225
227
225
227
231
221
225
225
229
237
235
231
237
243
247
245
249
251
243
247
243
243
249
263
253
255
259
251
255
251
253
255
243
237
237
237
237
239
235
235
231
239
233
239
233
233
235
233
227
221
225
229
227
217
223
217
209
217
209
203
201
195
187
191
181
187
181
185
175
167
159
163
159
157
169
169
163
163
169
177
183
191
193
195
185
185
179
173
163
161
165
167
171
171
175
165
159
151
145
147
143
151
143
149
149
147
147
147
143
147
137
135
127
141
141
143
145
137
137
147
145
155
151
153
157
163
157
155
153
153
153
147
143
133
131
141
143
151
151
147
151
157
165
169
163
163
167
157
149
151
141
145
