-2621
-2613
-2617
-2605
-2605
-2605
-2591
-2581
-2575
-2569
-2557
-2549
-2545
-2529
-2527
-2521
-2513
-2507
-2499
-2493
-2485
-2471
-2473
-2465
-2461
-2451
-2449
-2439
-2435
-2429
-2437
-2435
-2429
-2423
-2411
-2401
-2399
-2393
-2391
-2381
-2381
-2377
-2367
-2367
-2363
-2357
-2347
-2341
-2337
-2327
-2325
-2315
-2305
-2303
-2297
-2287
-2273
-2267
-2267
-2261
-2249
-2245
-2235
-2227
-2219
-2211
-2207
-2201
-2193
-2187
-2187
-2179
-2167
-2157
-2149
-2143
-2137
-2127
-2123
-2123
-2119
-2111
-2105
-2097
-2093
-2093
-2083
-2081
-2077
-2065
-2055
-2049
-2043
-2033
-2027
-2027
-2025
-2021
-2007
-2007
-1995
-1991
-1985
-1977
-1963
-1957
-1949
-1949
-1949
-1945
-1945
-1945
-1939
-1941
-1939
-1941
-1935
-1931
-1921
-1913
-1907
-1903
-1895
-1891
-1879
-1879
-1875
-1869
-1865
-1857
-1849
-1837
-1827
-1829
-1829
-1819
-1813
-1805
-1793
-1781
-1777
-1765
-1765
-1765
-1755
-1749
-1753
-1753
-1749
-1743
-1743
-1735
-1731
-1727
-1715
-1705
-1707
-1697
-1697
-1691
-1689
-1687
-1685
-1685
-1679
-1671
-1659
-1661
-1663
-1657
-1655
-1655
-1643
-1635
-1621
-1621
-1611
-1601
-1589
-1585
-1581
-1575
-1565
-1565
-1563
-1571
-1561
-1559
-1557
-1547
-1545
-1541
-1539
-1543
-1543
-1543
-1537
-1527
-1523
-1527
-1521
-1523
-1519
-1513
-1497
-1479
-1471
-1471
-1465
-1467
-1459
-1455
-1449
-1449
-1443
-1447
-1439
-1435
-1427
-1425
-1421
-1417
-1409
-1413
-1407
-1393
-1385
-1377
-1383
-1385
-1387
-1389
-1391
-1385
-1383
-1373
-1361
-1363
-1363
-1359
-1353
-1353
-1341
-1341
-1343
-1329
-1323
-1325
-1313
-1301
-1297
-1297
-1299
-1293
-1291
-1279
-1279
-1273
-1269
-1273
-1269
-1271
-1279
-1283
-1289
-1287
-1277
-1275
-1267
-1261
-1261
-1257
-1257
-1253
-1253
-1249
-1243
-1241
-1233
-1233
-1223
-1215
-1209
-1201
-1205
-1209
-1209
-1197
-1191
-1191
-1191
-1183
-1183
-1169
-1171
-1165
-1169
-1165
-1169
-1167
-1157
-1149
-1143
-1127
-1127
-1131
-1123
-1111
-1105
-1095
-1095
-1095
-1087
-1085
-1077
-1073
-1073
-1073
-1075
-1079
-1073
-1067
-1071
-1057
-1057
-1059
-1065
-1069
-1059
-1057
-1053
-1057
-1053
-1053
-1045
-1049
-1045
-1037
-1037
-1037
-1031
-1027
-1017
-1017
-1009
-995
-985
-983
-973
-973
-959
-959
-947
-947
-941
-933
-933
-929
-925
-925
-925
-921
-915
-917
-917
-921
-911
-911
-901
-893
-891
-887
-887
-889
-885
-895
-883
-871
-863
-863
-863
-871
-867
-871
-861
-863
-863
-855
-859
-859
-863
-857
-845
-841
-831
-831
-837
-837
-829
-823
-821
-821
-823
-819
-823
-819
-811
-817
-811
-815
-815
-815
-815
-807
-807
-805
-799
-803
-799
-799
-797
-797
-805
-799
-801
-797
-793
-785
-785
-779
-785
-785
-777
-773
-771
-767
-759
-757
-759
-755
-761
-765
-767
-753
-739
-737
-737
-731
-723
-719
-715
-715
-711
-715
-709
-701
-699
-691
-697
-695
-687
-689
-679
-677
-681
-683
-685
-685
-673
-667
-667
-661
-667
-657
-657
-651
-649
-647
-639
-639
-639
-639
-641
-633
-629
-629
-635
-633
-625
-625
-617
-619
-619
-623
-619
-615
-627
-623
-617
-609
-603
-601
-593
-597
-597
-593
-597
-595
-595
-591
-595
-595
-587
-589
-581
-581
-579
-565
-559
-549
-551
-547
-547
-541
-545
-539
-533
-533
-531
-539
-543
-531
-531
-525
-521
-521
-533
-525
-521
-529
-527
-527
-521
-521
-515
-513
-511
-507
-505
-499
-493
-491
-487
-485
-481
-469
-465
-471
-471
-477
-475
-481
-479
-471
-457
-451
-453
-453
-447
-447
-445
-431
-431
-425
-413
-407
-403
-405
-405
-405
-409
-409
-413
-423
-417
-425
-427
-425
-419
-419
-427
-423
-413
-407
-397
-391
-381
-369
-377
-373
-365
-367
-371
-361
-353
-357
-357
-353
-351
-347
-347
-341
-331
-323
-329
-329
-329
-329
-321
-323
-335
-325
-331
-327
-323
-313
-309
-299
-309
-309
-315
-325
-325
-331
-331
-327
-321
-319
-315
-311
-309
-309
-307
-311
-319
-315
-319
-317
-319
-333
-337
-333
-335
-333
-343
-339
-339
-339
-325
-327
-333
-333
-325
-317
-319
-313
-311
-325
-325
-327
-321
-319
-319
-305
-307
-315
-317
-311
-311
-315
-315
-321
-317
-317
-311
-313
-323
-325
-325
-315
-323
-325
-323
-311
-311
-311
-319
-315
-309
-303
-297
-293
-297
-295
-295
-289
-289
-277
-271
-269
-275
-275
-273
-269
-269
-275
-291
-283
-287
-283
-279
-277
-279
-273
-271
-273
-271
-275
-269
-265
-273
-269
-269
-275
-267
-263
-257
-259
-271
-267
-255
-261
-263
-255
-255
-255
-255
-251
-245
-253
-255
-249
-243
-239
-237
-243
-237
-229
-233
-229
-229
-221
-225
-215
-207
-199
-187
-187
-185
-193
-185
-185
-193
-193
-193
-195
-199
-195
-197
-191
-187
-185
-185
-187
-193
-181
-175
-175
-177
-175
-185
-195
-191
-191
-183
-183
-175
-175
-183
-179
-173
-159
-167
-169
-163
-163
-159
-163
-159
-165
-173
-173
-175
-179
-167
-161
-159
-155
-155
-163
-165
-165
-165
-159
-163
-165
-165
-167
-161
-159
-163
-155
-165
-169
-169
-167
-161
-169
-169
-165
-165
-165
-171
-167
-171
-165
-151
-143
-143
-145
-145
-139
-135
-133
-129
-125
-115
-105
-107
-107
-101
-99
-99
-103
-101
-97
-95
-101
-97
-93
-93
-85
-83
-79
-81
-81
-83
-67
-57
-57
-57
-53
-57
-57
-59
-61
-61
-61
-65
-67
-65
-65
-65
-59
-61
-51
-53
-57
-53
-41
-41
-39
-29
-27
-33
-35
-33
-33
-37
-47
-45
-47
-47
-45
-41
-45
-45
-47
-43
-41
-43
-43
-41
-41
-31
-31
-31
-39
-35
-35
-27
-37
-39
-35
-35
-39
-39
-35
-33
-35
-41
-51
-43
-41
-45
-37
-35
-33
-33
-37
-43
-47
-53
-51
-55
-53
-53
-47
-55
-51
-51
-51
-59
-61
-63
-67
-73
-75
-75
-71
-65
-65
-65
-53
-55
-63
-67
-65
-61
-65
-57
-53
-51
-51
-53
-53
-49
-53
-59
-55
-61
-71
-75
-71
-67
-67
-67
-67
-73
-69
-75
-75
-71
-65
-57
-53
-45
-49
-35
-33
-37
-37
-35
-33
-39
-29
-23
-37
-35
-35
-43
-47
-49
-49
-49
-61
-59
-49
-53
-53
-43
-45
-43
-49
-53
-57
-47
-47
-51
-49
-49
-43
-45
-45
-41
-41
-41
-43
-49
-51
-51
-51
-43
-43
-43
-35
-35
-31
-29
-29
-35
-37
-27
-31
-23
-19
-15
-3
3
3
-5
-3
-1
-9
-5
-7
-3
-1
-1
-1
9
5
1
3
3
3
-1
7
3
3
-1
-7
3
9
5
7
13
11
15
9
13
23
19
23
21
21
21
23
25
21
15
15
17
17
21
25
23
25
29
25
25
27
21
27
31
31
25
27
37
33
33
29
31
35
35
25
29
21
29
29
25
17
21
21
13
11
11
19
13
15
21
27
23
31
33
37
37
29
29
35
35
45
51
45
45
45
45
45
51
61
61
61
59
69
67
71
65
57
61
59
55
61
57
57
61
71
77
91
95
95
95
97
97
97
95
85
75
81
83
79
77
77
71
69
75
71
61
61
61
61
67
65
65
59
63
77
73
77
81
87
87
95
95
95
103
105
97
99
101
95
95
97
97
97
93
93
97
95
99
99
105
103
89
93
99
97
93
95
93
91
87
83
85
95
93
93
97
105
103
101
107
107
103
107
103
101
95
105
109
113
101
103
107
111
109
113
119
125
127
127
131
133
135
129
131
141
133
129
131
143
149
149
143
143
155
161
153
157
147
145
133
133
125
131
133
137
137
137
135
131
143
139
137
135
135
135
143
143
157
157
153
159
149
149
141
153
147
145
145
145
143
139
139
143
149
145
153
159
163
153
151
153
145
139
143
143
149
161
157
157
161
163
159
163
155
155
161
161
163
169
161
161
157
161
161
167
181
173
163
163
159
151
139
135
139
137
139
135
129
113
113
115
119
117
125
125
127
139
145
147
147
149
147
137
129
137
139
139
139
139
143
137
145
151
147
135
137
145
135
147
151
153
155
155
157
165
173
167
175
175
185
183
175
175
173
171
167
167
175
181
187
193
191
197
193
193
191
197
187
195
191
185
177
179
183
187
181
177
177
183
179
165
157
153
147
147
155
155
155
161
161
159
161
163
163
165
157
159
153
155
155
155
151
153
161
163
161
157
151
159
163
155
149
159
155
151
151
147
145
145
145
145
145
145
143
147
155
161
163
159
155
161
161
163
167
169
169
173
175
171
173
183
181
185
187
193
189
189
183
183
183
177
171
181
177
173
169
179
179
179
171
173
173
177
175
181
187
175
177
173
181
183
175
185
189
191
189
191
191
189
189
187
185
185
181
187
183
183
185
181
181
179
171
175
175
173
171
171
167
169
169
167
167
167
175
183
185
191
195
199
195
195
187
187
195
197
193
205
193
185
175
159
159
157
155
153
159
155
157
155
153
155
155
157
151
147
151
145
147
141
139
143
135
127
127
127
127
131
141
137
145
147
155
161
163
157
165
157
159
163
159
157
149
139
137
141
141
137
137
141
141
149
157
161
149
155
155
161
167
161
161
177
179
179
173
177
177
171
177
185
183
189
185
171
167
155
157
153
155
161
161
149
143
139
135
135
137
145
149
151
151
145
145
147
143
143
137
129
133
139
145
149
151
151
155
159
151
157
161
157
157
153
157
157
153
153
161
159
159
161
151
147
147
151
145
141
145
141
145
149
153
153
149
149
147
153
159
151
145
141
157
157
153
151
151
147
149
149
149
155
161
163
159
161
161
157
157
159
159
155
161
161
157
157
157
155
157
153
139
143
145
137
133
143
143
141
133
133
123
133
133
133
129
127
127
129
131
125
121
123
123
123
117
115
119
117
113
117
117
113
113
115
117
117
117
119
115
111
103
107
105
99
101
111
107
107
107
109
109
115
113
119
121
117
113
115
115
115
105
109
105
103
103
105
105
105
111
125
125
115
109
109
97
91
89
89
85
99
103
109
113
99
105
107
103
103
107
99
95
99
93
89
93
97
103
107
107
111
119
119
127
125
129
131
131
139
133
139
145
141
145
145
151
151
143
141
145
147
149
147
147
139
139
143
147
149
149
151
151
147
145
137
137
137
145
147
139
145
149
143
147
153
147
151
147
147
143
137
127
123
131
131
125
125
129
131
127
125
121
129
117
123
117
117
123
127
125
133
133
131
127
121
129
127
129
129
133
139
137
145
143
139
145
147
147
149
153
153
155
147
147
133
129
121
121
121
127
119
123
131
135
137
137
131
127
125
127
113
119
119
119
131
131
127
125
127
131
131
135
131
121
125
137
143
143
153
153
153
153
155
141
149
139
147
147
147
151
151
145
155
155
165
161
153
151
139
141
139
145
145
145
143
137
133
129
141
137
131
127
127
125
117
107
105
99
97
97
93
89
97
93
89
97
83
83
83
81
83
81
77
77
77
85
91
101
97
95
89
79
79
83
93
91
91
95
91
91
91
89
97
97
101
107
107
119
117
117
121
119
119
113
119
125
125
119
125
131
131
137
151
153
159
153
147
147
139
137
139
135
135
131
125
121
125
131
133
127
121
115
113
109
109
111
117
119
127
137
121
127
125
127
121
119
121
125
125
121
121
121
123
127
125
121
121
119
121
119
113
103
109
117
121
115
111
111
121
121
113
111
117
111
115
117
117
123
123
117
121
131
123
125
121
123
125
129
133
141
141
143
141
147
147
143
137
135
129
129
129
123
123
113
111
103
107
107
107
115
115
117
117
117
109
111
105
109
111
111
111
113
105
103
99
97
99
97
105
115
119
117
107
107
105
99
99
101
97
99
99
97
101
99
91
93
93
83
83
85
81
81
77
81
85
87
81
87
87
95
93
97
95
91
91
105
105
97
97
97
97
101
97
97
99
99
97
107
109
113
113
121
117
119
123
125
131
139
133
121
123
117
117
117
121
123
135
135
135
135
129
135
135
129
137
139
143
145
153
157
159
161
163
153
161
169
165
169
161
163
171
175
173
171
181
175
173
171
173
183
193
191
193
177
177
167
167
161
159
151
157
151
147
161
147
149
143
145
155
159
159
165
163
163
157
157
167
165
167
167
167
163
163
175
173
167
167
171
167
171
169
173
171
171
177
179
177
187
187
191
185
175
177
175
173
169
171
159
161
161
161
157
163
153
153
153
147
151
141
149
143
139
147
145
137
133
139
139
135
147
147
149
147
149
149
149
141
137
127
127
127
137
137
133
137
125
119
115
113
119
119
115
115
113
115
123
123
129
115
117
119
119
121
121
121
125
121
119
119
109
109
109
107
107
99
107
107
109
111
105
99
103
103
103
107
105
95
93
97
85
79
79
73
69
61
63
65
61
65
67
55
53
49
45
45
37
37
45
41
37
35
37
37
37
35
37
31
27
27
29
23
25
25
27
27
25
21
19
29
27
33
35
35
33
25
19
21
21
21
31
43
43
41
39
33
33
33
33
29
35
35
35
35
35
41
43
45
53
49
43
45
47
51
47
55
51
47
43
49
43
39
41
41
43
35
29
37
39
49
43
39
39
31
25
23
23
23
27
29
29
29
33
35
37
35
33
33
33
31
37
39
47
47
47
57
59
57
65
65
63
65
69
63
61
61
61
61
61
55
55
53
49
57
65
67
61
65
65
61
55
61
67
67
65
65
67
71
77
81
77
77
89
91
83
85
83
77
77
79
75
75
65
55
55
55
51
57
57
61
57
61
61
59
59
57
57
55
55
55
63
67
67
65
69
65
75
73
77
85
83
87
91
95
107
109
105
121
121
115
115
115
121
123
125
125
135
135
135
137
137
143
143
143
149
139
133
139
137
127
129
121
121
117
115
115
117
125
123
127
135
137
135
137
143
151
155
155
151
157
163
155
153
155
153
155
155
151
153
157
157
163
163
169
165
169
173
175
167
173
173
165
165
165
171
175
177
167
167
167
171
175
177
183
179
185
185
185
191
193
197
203
199
195
195
201
201
199
193
191
199
201
199
199
199
193
189
189
189
189
183
183
183
187
181
183
181
175
169
173
167
157
155
151
155
149
151
153
153
157
169
177
177
173
171
171
171
171
181
183
177
173
169
175
183
183
173
181
177
179
181
177
183
179
177
179
169
165
165
165
163
159
169
165
171
175
167
165
169
177
171
167
171
173
167
165
165
169
167
167
167
175
175
175
169
165
161
163
163
167
169
167
165
163
169
171
173
173
171
169
165
163
155
155
157
149
143
143
149
159
157
161
153
147
147
147
149
147
147
147
159
159
157
159
155
159
167
159
157
161
163
161
151
155
165
165
153
149
155
153
155
155
155
153
155
157
157
157
151
165
181
187
181
183
183
183
183
181
185
179
181
185
185
185
187
185
193
195
199
203
195
195
193
193
189
189
191
185
189
185
191
193
181
181
183
183
177
177
179
177
177
175
175
177
181
179
183
185
191
193
193
197
201
197
195
185
175
169
167
173
177
171
173
175
177
187
187
187
197
185
187
177
185
185
197
197
193
189
193
193
185
185
185
189
179
173
177
179
173
177
183
179
179
175
177
175
175
177
181
181
181
185
191
199
205
199
193
189
183
177
177
185
179
185
193
193
193
183
187
183
185
183
191
193
195
187
187
191
203
199
203
201
207
201
201
205
211
227
235
237
237
241
243
243
243
245
243
243
253
259
263
253
253
259
265
263
265
269
263
263
265
257
251
257
257
263
263
255
253
241
235
231
229
229
227
223
229
217
205
205
203
209
197
197
197
207
203
207
195
195
205
207
207
199
193
195
197
197
189
189
193
189
189
193
187
189
189
189
197
205
207
209
211
207
207
211
213
209
207
207
207
223
225
225
227
233
233
231
231
229
223
229
229
235
235
235
237
237
241
241
235
235
235
239
247
247
243
241
241
237
239
247
241
237
237
231
223
229
233
221
223
223
223
227
229
223
211
213
205
209
213
209
211
209
209
209
211
213
221
225
219
211
209
213
221
217
213
203
207
213
205
203
201
201
203
203
203
203
195
187
193
197
195
193
193
183
179
181
183
185
177
177
179
179
171
185
189
187
197
195
195
205
205
211
211
209
199
199
199
197
197
197
199
189
183
189
189
189
193
189
191
187
175
175
175
173
179
179
177
177
177
181
175
181
173
169
165
165
167
183
195
197
197
205
211
221
221
215
211
207
205
205
207
205
217
221
215
207
207
209
211
205
211
211
209
203
203
207
197
199
205
201
199
199
195
197
199
199
199
201
205
209
205
207
213
201
203
199
197
191
191
199
201
201
201
207
203
197
201
207
207
193
191
181
177
173
169
169
163
171
163
157
157
157
161
167
163
163
155
153
147
155
157
163
163
159
161
175
175
171
171
173
163
165
165
171
167
167
161
155
153
151
151
143
143
145
137
139
139
149
139
139
141
137
135
133
133
127
133
123
123
123
131
125
125
123
125
129
135
139
127
129
133
127
119
107
107
111
109
111
111
111
109
109
117
109
109
97
103
99
101
97
93
91
89
93
97
93
91
91
91
91
89
85
77
83
87
91
101
93
93
91
93
93
85
77
77
77
71
77
77
71
71
71
69
69
71
67
59
69
63
63
63
61
61
65
75
75
71
79
73
81
73
67
67
73
73
81
91
91
97
99
93
89
83
79
77
77
81
85
83
81
95
95
93
97
89
99
109
107
95
101
107
115
109
119
119
121
121
127
125
119
117
123
119
121
121
121
117
119
121
117
117
121
125
125
125
123
127
127
133
129
129
133
139
139
143
151
157
157
153
157
157
153
155
155
159
159
159
149
151
157
151
163
161
157
157
151
145
139
141
143
143
149
143
145
141
141
145
145
147
143
135
135
125
135
137
139
133
121
121
113
111
111
111
113
113
107
107
105
113
121
127
127
127
125
131
139
143
147
151
159
161
157
159
161
165
167
169
161
161
161
167
161
163
163
163
163
171
171
165
155
153
153
153
157
149
147
147
143
143
143
143
145
147
155
157
157
157
169
169
167
159
157
155
157
159
153
159
165
171
173
173
167
161
155
155
161
153
147
141
129
125
123
129
127
135
135
135
145
147
153
147
145
145
139
141
153
149
145
141
143
141
147
151
147
147
149
145
153
161
163
173
173
173
169
173
173
163
165
173
173
171
173
165
167
171
171
171
169
169
171
173
181
191
189
195
197
195
191
187
187
189
193
201
197
197
201
201
197
195
189
187
195
199
193
197
199
205
205
199
199
199
199
207
209
207
209
207
205
209
213
217
209
213
207
203
205
195
189
195
201
207
207
199
193
205
209
213
213
215
211
207
205
185
183
193
191
191
193
199
195
189
181
191
183
179
181
177
173
177
181
175
169
165
173
165
169
169
173
173
179
179
177
175
183
187
193
193
185
191
199
207
211
207
203
207
207
207
211
219
217
223
229
223
223
211
207
211
211
219
205
213
209
221
223
221
219
221
223
223
215
221
211
221
225
219
219
223
233
223
223
213
211
213
215
211
211
211
203
205
205
199
195
193
193
193
197
199
211
213
219
215
227
227
227
225
235
237
239
239
235
235
245
243
235
237
245
249
255
247
241
231
241
239
229
225
223
231
235
233
231
235
235
235
235
225
231
225
227
227
233
231
239
239
227
229
231
231
231
227
227
223
223
225
227
223
221
227
235
233
233
241
245
237
239
243
239
243
243
249
261
253
251
251
249
243
241
241
247
247
263
263
261
261
261
259
261
263
265
261
251
255
255
247
245
249
253
251
249
245
251
263
263
255
267
273
277
281
289
285
279
279
279
279
279
279
281
277
267
259
259
261
255
257
257
255
257
263
275
267
277
271
269
275
283
279
279
271
269
263
263
263
263
263
271
271
273
267
279
283
283
277
279
285
295
293
293
287
287
285
289
285
287
289
295
295
301
293
287
287
287
287
285
271
271
267
259
251
249
255
259
261
265
269
273
273
277
281
277
279
281
279
275
275
269
263
263
255
255
249
259
255
251
243
243
239
237
231
229
235
233
231
231
225
219
219
211
203
205
205
207
205
203
203
203
201
205
211
217
221
215
215
221
219
225
223
229
229
235
231
243
249
251
255
259
259
259
253
255
259
259
265
259
255
253
247
249
261
255
255
267
257
265
263
251
241
245
241
233
247
243
249
245
243
245
245
237
239
243
247
249
253
253
245
249
263
263
267
271
259
255
261
261
263
261
249
243
241
231
229
229
223
235
235
231
223
223
227
221
225
225
223
219
219
217
215
225
229
223
219
221
217
219
213
203
209
219
219
227
227
235
233
219
221
219
213
219
225
223
239
239
237
243
243
247
247
241
243
239
243
245
245
249
251
259
265
257
253
247
239
239
231
227
229
237
231
239
235
239
239
235
233
233
233
233
241
235
231
227
231
227
233
231
227
225
227
227
233
233
233
233
241
237
237
231
235
235
227
225
227
235
229
225
223
223
233
225
225
227
225
227
223
225
213
219
217
219
223
221
221
219
205
207
207
211
207
215
211
211
217
211
203
191
189
193
191
187
191
203
209
211
211
211
197
201
191
187
183
187
187
179
173
185
177
187
191
191
209
215
221
215
215
221
227
229
239
237
243
245
245
249
257
261
261
257
255
249
247
247
245
243
241
243
249
261
269
265
265
267
253
251
251
255
265
265
271
267
265
257
265
263
261
263
263
265
269
271
273
273
275
279
279
267
267
271
279
279
277
273
273
275
271
261
265
265
267
259
261
261
259
257
251
245
249
255
251
257
259
253
249
243
241
241
241
243
237
237
237
239
247
251
255
263
269
273
277
277
285
295
293
295
291
285
281
293
287
297
297
307
305
311
313
321
321
321
319
321
321
333
325
325
319
315
305
301
301
289
289
275
275
273
271
267
263
259
247
247
251
243
243
247
247
245
239
237
243
245
245
245
241
249
257
243
237
241
235
243
247
243
239
237
237
235
237
237
233
225
229
237
231
233
237
233
225
227
229
235
233
239
249
243
243
237
231
231
227
233
225
227
215
209
205
211
201
197
189
199
197
203
203
203
197
209
205
207
209
211
209
221
229
235
241
245
245
243
237
233
225
225
221
221
233
231
227
221
221
227
233
231
227
229
219
209
219
221
221
223
215
229
225
227
233
229
231
227
233
239
239
241
241
241
241
241
243
251
249
249
249
261
261
265
265
265
259
263
265
263
257
259
273
273
269
269
275
271
267
267
271
273
273
269
261
255
247
247
245
243
229
223
223
215
215
215
209
205
205
207
209
207
209
205
203
203
197
197
195
195
199
209
201
195
195
201
193
193
191
197
203
203
197
197
201
201
203
199
205
203
209
213
207
203
203
197
201
205
189
183
177
175
169
167
169
177
173
173
177
173
177
177
177
173
165
157
157
159
149
147
145
143
139
135
137
125
133
135
133
137
137
133
135
139
139
135
127
117
111
111
107
103
103
105
103
111
113
111
115
117
125
127
135
135
137
131
141
137
133
143
139
141
141
145
155
157
163
163
159
159
167
175
175
177
185
177
181
189
199
211
217
219
219
219
215
207
207
213
209
211
211
211
203
203
199
201
203
201
201
203
211
207
199
199
195
193
205
207
203
203
207
207
209
213
201
205
209
205
201
201
211
209
209
205
207
199
199
201
211
215
213
207
207
209
209
209
199
199
205
199
203
213
215
207
201
209
209
215
219
213
213
207
207
221
217
217
213
223
223
223
229
237
231
241
245
249
247
251
243
229
229
231
239
233
229
241
227
229
229
227
229
227
217
213
207
211
205
201
205
205
201
197
193
197
191
203
207
207
211
213
213
215
215
215
219
223
225
225
223
227
229
233
243
247
255
255
265
257
259
249
243
243
239
239
245
253
249
247
249
243
235
227
221
231
229
235
235
239
235
235
237
229
229
239
235
227
225
221
221
223
227
227
227
225
229
223
225
221
221
215
203
203
203
203
199
195
199
195
197
197
197
195
193
195
203
203
205
217
219
223
215
215
221
227
225
227
219
219
205
209
211
211
215
221
221
229
217
213
215
225
225
217
225
227
227
225
229
231
223
231
237
235
239
239
245
247
249
245
243
243
241
241
241
233
233
237
237
231
225
213
213
215
213
213
211
215
217
221
223
233
233
223
223
223
227
229
225
227
225
223
221
223
223
227
227
235
231
233
219
219
219
227
229
225
215
209
221
215
211
221
229
231
233
243
243
241
245
241
241
245
249
255
255
257
265
265
261
259
259
259
259
267
271
277
277
277
277
277
283
283
275
273
279
279
283
281
279
275
275
275
267
267
273
269
275
267
269
269
265
265
267
267
263
263
265
269
283
283
283
283
279
269
275
275
281
283
281
283
283
283
285
285
285
283
293
293
301
303
309
313
321
319
315
321
319
311
309
315
315
315
311
311
317
325
323
315
307
303
301
299
293
297
289
293
299
303
303
301
313
307
297
285
281
273
269
265
261
265
265
265
265
263
267
267
273
273
283
291
299
287
285
283
273
275
275
279
277
275
275
279
271
269
265
271
267
269
269
267
271
271
261
261
267
275
269
273
267
269
277
277
269
273
275
279
271
267
267
273
267
267
273
279
279
279
281
279
275
263
265
269
271
269
271
265
273
265
269
265
265
273
277
283
271
271
273
277
279
279
281
277
269
271
271
267
265
265
267
263
257
261
263
263
269
269
273
273
265
263
255
259
257
253
257
257
255
253
251
255
261
261
259
261
259
265
267
265
263
259
257
267
277
283
281
281
287
285
285
293
299
311
311
303
297
295
297
301
303
299
293
283
281
271
271
275
281
285
281
275
275
267
267
265
265
275
275
269
269
271
269
269
277
271
271
275
273
263
263
265
261
259
263
257
259
265
265
267
267
267
267
265
261
263
263
275
275
279
273
273
273
273
273
279
279
293
293
299
303
301
305
307
311
303
317
305
305
305
311
305
301
291
295
291
297
291
299
313
313
313
319
323
327
337
329
333
327
321
329
329
327
335
337
335
337
341
343
343
337
335
335
337
339
333
337
333
323
319
325
321
313
319
323
323
321
315
319
315
323
329
321
315
313
313
307
307
299
295
295
295
285
295
305
305
309
301
307
315
315
315
309
313
313
313
313
313
317
309
309
295
295
293
293
297
305
297
301
311
313
319
317
315
327
331
327
321
321
315
317
315
323
335
337
333
325
317
321
319
311
315
313
301
305
303
299
305
303
299
307
307
305
305
315
315
317
311
309
303
303
303
301
297
299
293
287
285
287
283
287
287
283
283
285
285
287
279
279
287
295
293
279
277
275
277
281
283
275
275
279
281
279
283
283
279
291
291
281
281
279
275
269
273
271
271
275
269
261
259
269
269
269
275
273
277
277
269
263
261
265
263
269
269
265
269
269
257
263
269
269
279
273
265
265
261
261
265
269
267
269
267
261
257
249
239
231
229
231
235
229
229
233
235
249
247
253
255
253
249
245
251
257
257
253
251
257
249
245
239
241
249
241
241
249
251
251
247
243
243
243
237
235
235
235
237
235
233
233
223
217
221
219
219
231
241
245
235
241
231
239
235
235
227
229
223
223
213
219
221
217
217
219
219
219
221
219
227
235
227
223
223
207
205
195
193
199
201
203
205
201
205
199
203
195
201
205
207
215
209
209
207
207
209
205
205
207
207
201
201
201
199
199
209
209
215
209
211
215
213
215
213
217
219
225
227
223
225
229
223
219
223
225
223
219
215
223
225
221
225
227
223
223
225
221
217
225
221
225
231
233
229
227
231
219
221
213
205
205
199
203
203
203
197
195
189
195
197
201
199
209
213
221
221
229
231
221
221
219
223
227
233
233
231
235
245
247
249
249
245
243
243
249
245
235
231
233
237
231
231
233
231
237
243
243
255
267
265
259
255
253
249
249
253
255
265
263
271
263
275
273
275
279
271
265
267
277
275
271
271
273
273
265
261
257
247
257
259
257
257
261
257
263
261
263
265
265
263
255
261
263
257
271
273
269
267
273
269
263
261
267
271
271
271
271
277
283
291
291
293
297
295
295
297
299
303
305
311
317
325
325
331
333
323
323
317
317
315
327
319
319
325
329
337
329
333
329
325
327
325
327
325
325
331
331
331
331
329
335
339
333
331
323
329
321
315
315
315
319
319
319
323
333
339
329
323
321
313
301
295
293
287
285
281
281
283
289
287
289
299
289
285
271
269
263
259
257
265
273
269
263
265
269
269
265
275
275
269
271
285
281
285
279
283
287
293
289
289
285
285
285
285
289
295
295
287
277
277
281
283
289
283
283
287
283
281
275
275
277
279
287
285
291
289
289
281
277
283
287
287
285
287
295
295
297
289
287
285
285
285
275
273
277
277
269
263
263
273
267
273
279
269
267
275
275
279
277
277
281
283
283
283
283
289
289
289
293
301
299
299
295
295
295
293
293
289
291
281
285
285
279
277
285
273
277
279
277
283
287
291
289
287
283
287
287
279
277
281
273
277
265
273
261
257
249
247
241
245
241
239
233
235
235
237
241
245
245
247
249
245
245
241
243
249
253
241
245
245
239
241
241
241
235
235
233
235
243
239
235
235
229
233
239
235
235
235
231
241
245
245
237
231
227
227
241
243
233
225
229
229
229
233
229
223
215
215
215
215
211
217
219
223
225
221
221
225
231
237
245
235
235
239
233
233
233
239
237
233
235
231
227
229
235
231
239
235
239
243
249
243
249
241
243
249
249
249
247
247
247
247
247
247
247
243
247
247
241
239
239
235
243
235
239
237
235
227
219
215
219
209
203
197
207
199
201
197
197
199
191
191
191
199
181
185
187
197
195
205
205
213
209
211
207
215
211
207
215
217
223
219
227
223
219
223
221
211
197
205
197
193
191
203
195
201
197
195
199
201
195
189
185
185
183
177
167
169
167
167
157
153
159
159
157
163
171
179
171
167
169
173
173
181
175
171
169
167
177
183
185
189
197
197
199
199
207
217
223
221
215
215
203
203
193
181
179
177
177
177
169
163
165
171
173
167
167
171
167
165
167
173
177
169
171
165
161
167
163
163
155
165
163
169
165
175
189
189
193
189
193
197
197
201
205
205
199
209
211
213
207
207
201
197
203
205
209
207
211
215
215
209
211
209
205
207
205
205
211
215
215
215
211
219
221
221
231
229
225
221
221
225
221
215
217
217
221
221
221
223
219
235
225
227
233
233
227
221
225
223
221
221
211
211
213
211
215
209
201
205
203
207
193
203
203
203
199
199
195
195
199
207
207
209
213
211
213
221
211
211
217
217
213
213
213
213
215
229
225
221
223
223
219
223
223
215
215
215
213
213
213
205
213
213
215
209
217
219
221
221
223
223
219
219
213
225
231
231
233
241
241
237
241
245
245
255
251
249
249
249
251
245
243
243
243
235
235
231
227
225
217
217
217
225
227
225
231
235
229
237
229
241
241
245
247
253
253
259
267
261
263
261
259
265
275
279
277
279
283
281
289
287
287
287
279
275
271
273
267
267
257
259
251
241
241
243
247
257
253
255
253
255
253
255
263
255
257
259
261
245
249
245
245
245
237
245
239
245
247
245
243
245
243
245
249
255
255
257
259
257
255
265
265
265
277
275
271
271
277
281
279
285
283
283
279
279
269
277
269
269
267
271
267
259
259
253
257
253
253
259
261
259
267
267
277
283
283
283
283
297
289
291
287
289
281
273
263
277
271
277
279
279
277
281
275
281
283
285
285
293
285
287
287
281
271
269
265
275
279
269
265
263
263
259
269
269
269
271
273
271
277
273
271
273
275
281
275
275
283
289
287
283
283
289
289
297
289
289
289
291
295
291
303
307
303
311
307
309
305
303
305
315
317
319
321
325
325
331
327
327
333
325
325
325
323
321
325
321
323
325
315
323
329
337
339
343
339
343
341
333
333
325
319
319
319
309
307
303
303
303
299
293
289
289
285
283
275
283
277
273
265
265
263
263
261
251
249
245
247
241
251
259
247
247
247
247
251
251
257
255
247
251
253
255
255
255
265
259
263
257
261
261
255
255
253
249
247
249
247
241
241
241
247
247
249
241
239
237
229
229
231
241
241
237
243
241
251
255
251
259
259
261
265
269
265
265
265
273
275
277
277
277
283
277
277
263
259
261
261
263
261
257
263
261
259
247
247
247
249
245
237
239
251
255
251
251
249
245
241
247
247
249
243
239
237
239
243
237
245
251
251
249
249
251
245
245
235
235
237
231
227
227
239
233
229
217
217
225
231
233
237
249
245
243
249
255
249
241
239
245
251
255
257
261
257
257
259
271
261
265
267
267
277
285
287
287
279
279
271
269
263
261
271
271
267
271
271
277
275
269
271
271
279
279
279
285
287
275
271
271
275
281
283
283
281
291
293
299
301
293
295
291
291
287
271
275
279
275
275
275
275
273
263
253
257
255
251
253
251
249
247
243
243
245
243
239
239
239
239
241
237
239
239
245
251
257
255
255
251
247
253
243
243
241
243
251
253
257
261
249
253
255
255
259
261
259
259
253
253
253
255
245
243
239
239
245
243
235
249
243
237
233
235
235
241
241
245
253
249
249
237
225
227
221
221
225
223
221
217
217
217
219
221
225
225
223
221
219
219
223
217
215
207
215
207
211
211
215
219
207
209
205
205
205
195
195
185
185
183
187
179
179
185
189
181
183
181
179
179
177
183
183
183
175
169
169
175
179
183
193
191
199
189
191
193
199
205
217
227
227
229
223
219
215
211
211
213
207
207
205
201
193
199
203
207
213
213
213
209
201
195
195
191
193
193
193
195
195
195
191
191
201
207
207
205
215
215
221
235
237
229
229
229
233
229
227
229
229
225
235
237
241
233
227
233
223
223
215
213
209
211
215
211
209
205
209
209
211
201
209
209
213
213
211
213
221
223
227
227
227
227
225
229
229
225
221
221
223
217
219
219
227
227
227
227
227
235
243
233
229
227
229
229
229
225
231
225
225
225
235
231
241
243
249
255
255
255
247
245
243
241
241
241
243
249
253
255
253
255
261
261
255
247
247
245
245
245
249
253
249
241
247
247
245
237
239
253
255
255
259
251
255
251
245
243
239
233
233
233
239
245
233
237
229
229
239
243
231
235
237
243
251
251
255
253
249
251
253
261
265
261
261
253
253
255
247
249
255
241
239
241
245
245
237
229
229
231
227
233
225
225
225
227
219
219
227
227
223
221
219
217
219
221
223
235
231
233
229
231
231
227
219
219
219
215
207
207
209
205
201
205
211
203
189
183
189
191
195
187
191
193
191
187
185
193
199
187
187
185
191
183
175
175
163
157
159
161
163
165
153
155
153
155
165
159
157
165
171
175
175
167
165
155
165
165
165
165
169
173
169
169
167
175
175
179
179
181
169
165
171
165
163
165
165
167
163
165
173
169
169
169
165
161
165
173
167
169
171
169
157
163
165
159
173
173
169
171
171
171
167
173
163
157
165
165
167
167
167
159
167
161
159
149
139
147
147
151
153
147
147
147
157
153
155
165
159
159
153
159
159
157
159
161
157
153
139
149
161
165
169
157
149
153
151
151
147
151
159
169
171
171
175
175
177
187
197
187
191
191
201
201
199
199
199
199
189
199
203
195
181
177
173
165
157
157
161
157
159
159
143
143
131
133
133
139
139
139
135
127
121
111
111
121
119
127
133
121
121
111
107
105
109
115
117
107
103
111
117
117
119
125
125
125
121
129
139
135
137
139
137
135
133
131
121
121
121
127
127
129
117
111
113
115
117
111
115
113
109
101
109
119
115
103
103
107
101
97
95
93
93
91
95
95
93
95
99
99
99
103
99
111
109
113
115
119
119
129
131
125
123
125
137
147
153
155
161
157
165
169
181
179
179
175
171
171
171
167
177
175
183
185
187
189
193
199
189
187
187
179
187
181
187
189
183
177
177
181
183
177
181
169
167
169
177
187
185
177
177
179
185
181
183
189
181
175
177
187
195
195
193
185
185
185
195
195
195
199
195
197
195
191
193
193
195
201
201
209
215
213
229
233
235
225
221
233
231
225
229
219
233
229
237
233
233
237
235
231
227
231
233
237
239
241
247
243
243
247
251
249
243
241
237
231
227
227
227
229
229
223
231
237
243
249
251
243
239
235
237
231
227
225
229
223
223
217
221
221
225
217
219
213
215
223
223
221
221
219
221
211
207
207
213
203
201
203
195
201
199
199
207
207
199
191
191
193
203
193
189
195
197
187
191
193
201
201
199
205
203
205
205
207
203
195
193
199
203
209
219
221
233
233
237
241
241
243
237
227
227
223
229
231
237
239
235
235
231
239
237
253
257
263
265
259
259
251
257
263
259
259
253
249
243
243
253
253
261
261
271
279
271
281
281
281
283
277
289
289
287
289
289
293
283
285
287
281
281
283
277
267
259
261
269
271
279
285
277
277
273
273
271
267
259
263
267
273
273
265
263
257
263
253
255
265
253
257
263
269
257
251
261
263
277
273
283
279
279
283
277
271
271
273
275
267
271
271
269
269
273
273
271
275
279
277
277
273
271
275
263
279
277
271
269
277
285
271
271
279
275
263
263
263
265
265
263
261
265
269
271
271
281
277
279
283
293
299
311
317
315
319
321
329
331
337
343
347
355
349
347
347
353
355
355
355
355
349
357
357
363
367
371
371
371
365
361
361
357
357
355
359
355
363
371
379
375
385
381
371
371
371
363
357
357
355
353
357
353
355
357
361
365
367
367
379
371
375
369
361
353
335
339
343
343
351
353
353
357
357
357
355
347
339
333
331
331
333
327
329
327
331
337
329
335
343
345
337
329
327
327
325
319
315
315
313
307
313
313
327
323
327
325
327
327
327
329
325
327
331
327
319
325
323
323
331
331
327
331
329
325
335
331
327
335
341
345
349
347
347
353
357
357
357
353
349
353
355
357
349
359
361
365
365
369
365
369
375
381
371
361
355
349
355
353
353
347
355
361
355
351
357
365
365
369
373
363
359
359
359
357
353
355
357
359
