-2613
-2601
-2591
-2585
-2575
-2565
-2553
-2545
-2533
-2521
-2521
-2517
-2509
-2499
-2495
-2487
-2477
-2471
-2457
-2455
-2451
-2449
-2439
-2439
-2443
-2441
-2439
-2437
-2429
-2427
-2417
-2411
-2407
-2395
-2383
-2377
-2375
-2375
-2367
-2363
-2363
-2359
-2351
-2339
-2341
-2339
-2341
-2341
-2337
-2325
-2323
-2315
-2311
-2299
-2295
-2281
-2277
-2273
-2265
-2257
-2255
-2241
-2235
-2231
-2229
-2219
-2217
-2211
-2205
-2199
-2187
-2187
-2175
-2171
-2163
-2163
-2147
-2149
-2141
-2135
-2131
-2127
-2115
-2109
-2109
-2101
-2089
-2085
-2083
-2075
-2067
-2061
-2051
-2039
-2037
-2035
-2027
-2021
-2015
-2003
-1999
-1997
-1991
-1983
-1981
-1973
-1973
-1967
-1957
-1947
-1939
-1933
-1925
-1921
-1915
-1911
-1907
-1899
-1891
-1891
-1889
-1889
-1889
-1885
-1885
-1889
-1891
-1877
-1871
-1865
-1865
-1863
-1851
-1845
-1835
-1829
-1829
-1833
-1837
-1837
-1839
-1833
-1831
-1827
-1837
-1841
-1829
-1823
-1813
-1807
-1801
-1793
-1793
-1793
-1787
-1789
-1787
-1785
-1785
-1777
-1769
-1767
-1765
-1769
-1765
-1757
-1743
-1735
-1729
-1721
-1717
-1709
-1705
-1705
-1703
-1699
-1695
-1689
-1683
-1671
-1665
-1669
-1665
-1657
-1649
-1641
-1645
-1635
-1633
-1631
-1629
-1619
-1611
-1607
-1601
-1599
-1587
-1585
-1579
-1573
-1567
-1555
-1553
-1535
-1523
-1519
-1509
-1503
-1499
-1501
-1489
-1477
-1473
-1475
-1465
-1463
-1457
-1445
-1441
-1439
-1437
-1437
-1431
-1421
-1415
-1407
-1409
-1395
-1385
-1379
-1383
-1371
-1373
-1371
-1363
-1363
-1363
-1363
-1369
-1361
-1359
-1359
-1357
-1355
-1353
-1349
-1347
-1343
-1347
-1343
-1345
-1351
-1349
-1343
-1333
-1333
-1325
-1323
-1317
-1311
-1305
-1295
-1301
-1287
-1285
-1289
-1285
-1291
-1287
-1285
-1283
-1267
-1261
-1259
-1247
-1249
-1237
-1241
-1231
-1227
-1227
-1217
-1215
-1203
-1201
-1191
-1187
-1185
-1187
-1191
-1191
-1185
-1193
-1189
-1183
-1183
-1183
-1181
-1175
-1163
-1163
-1151
-1143
-1141
-1127
-1127
-1125
-1111
-1103
-1107
-1103
-1095
-1083
-1075
-1075
-1071
-1069
-1063
-1065
-1063
-1057
-1053
-1051
-1051
-1043
-1031
-1023
-1021
-1015
-1021
-1013
-1023
-1023
-1017
-1017
-1021
-1023
-1023
-1017
-1005
-999
-1003
-997
-1001
-997
-993
-995
-991
-987
-995
-995
-985
-979
-969
-967
-963
-967
-965
-961
-959
-949
-951
-949
-955
-949
-947
-939
-937
-931
-935
-923
-919
-909
-901
-889
-891
-893
-889
-889
-887
-893
-893
-887
-887
-881
-873
-865
-869
-859
-851
-851
-849
-845
-841
-841
-845
-837
-837
-833
-837
-829
-835
-835
-817
-823
-815
-815
-815
-817
-819
-817
-809
-807
-803
-803
-793
-787
-779
-779
-769
-763
-751
-739
-733
-727
-723
-733
-725
-723
-723
-729
-729
-737
-737
-725
-719
-719
-725
-715
-711
-711
-713
-709
-705
-703
-697
-685
-683
-679
-671
-667
-665
-661
-659
-657
-651
-649
-649
-647
-645
-637
-629
-621
-619
-611
-611
-607
-611
-609
-615
-613
-619
-615
-611
-617
-617
-605
-601
-595
-591
-585
-589
-597
-597
-591
-583
-583
-579
-581
-577
-581
-575
-575
-571
-567
-555
-561
-559
-547
-541
-537
-537
-535
-533
-527
-523
-519
-511
-509
-507
-505
-503
-495
-499
-495
-483
-487
-487
-481
-475
-463
-463
-459
-471
-473
-473
-473
-467
-475
-461
-467
-465
-467
-469
-463
-465
-467
-465
-461
-455
-455
-455
-457
-455
-455
-473
-477
-477
-477
-477
-477
-477
-463
-455
-451
-451
-457
-457
-457
-453
-453
-459
-459
-455
-453
-451
-443
-441
-429
-427
-429
-437
-439
-437
-439
-437
-429
-429
-425
-415
-413
-417
-423
-423
-423
-417
-411
-407
-405
-397
-389
-383
-377
-375
-371
-379
-375
-371
-371
-367
-373
-373
-375
-369
-367
-361
-353
-357
-353
-365
-355
-355
-365
-365
-367
-377
-375
-375
-373
-373
-381
-375
-385
-387
-389
-385
-375
-379
-381
-377
-373
-365
-365
-355
-363
-363
-363
-363
-367
-369
-369
-367
-361
-357
-359
-361
-361
-367
-359
-359
-355
-363
-365
-361
-365
-363
-361
-359
-363
-363
-363
-361
-363
-361
-363
-363
-363
-357
-357
-351
-355
-361
-353
-349
-347
-343
-343
-341
-337
-333
-327
-325
-329
-329
-331
-339
-341
-341
-341
-337
-333
-339
-343
-341
-335
-347
-339
-337
-335
-337
-343
-341
-339
-339
-343
-339
-343
-345
-347
-359
-353
-353
-349
-347
-341
-339
-333
-333
-335
-335
-335
-329
-325
-327
-331
-335
-327
-329
-323
-331
-335
-337
-329
-333
-333
-327
-333
-333
-325
-319
-313
-307
-315
-311
-309
-299
-303
-297
-297
-287
-289
-291
-291
-293
-289
-295
-295
-289
-291
-299
-287
-293
-295
-291
-291
-283
-289
-279
-279
-277
-273
-271
-265
-271
-273
-281
-273
-273
-283
-283
-285
-285
-293
-293
-293
-291
-283
-299
-295
-295
-295
-293
-295
-303
-303
-303
-301
-297
-295
-301
-303
-303
-297
-297
-291
-289
-291
-295
-289
-285
-279
-275
-277
-283
-289
-297
-289
-285
-289
-293
-287
-281
-275
-267
-261
-251
-257
-265
-275
-281
-281
-273
-263
-263
-265
-267
-267
-267
-259
-255
-253
-245
-247
-253
-253
-251
-257
-251
-247
-249
-245
-235
-229
-231
-231
-229
-231
-231
-237
-241
-243
-243
-235
-233
-227
-235
-241
-235
-235
-239
-239
-231
-233
-233
-237
-241
-241
-241
-243
-243
-239
-239
-237
-235
-243
-235
-229
-219
-219
-211
-209
-209
-211
-217
-213
-219
-217
-207
-199
-191
-191
-191
-195
-189
-197
-197
-193
-197
-181
-181
-185
-177
-175
-175
-177
-187
-197
-199
-191
-181
-171
-173
-163
-167
-167
-159
-159
-161
-161
-151
-157
-161
-155
-157
-153
-155
-151
-155
-149
-151
-149
-147
-143
-147
-141
-139
-139
-137
-149
-149
-145
-157
-157
-163
-155
-153
-147
-151
-153
-153
-153
-151
-159
-155
-157
-145
-139
-143
-141
-141
-141
-139
-141
-137
-133
-127
-127
-127
-121
-115
-115
-113
-117
-119
-115
-103
-101
-101
-107
-109
-101
-99
-95
-87
-83
-83
-85
-85
-87
-87
-87
-85
-77
-79
-91
-83
-79
-69
-77
-65
-57
-47
-47
-41
-45
-47
-47
-59
-51
-47
-45
-55
-55
-57
-57
-67
-65
-61
-65
-65
-69
-63
-65
-69
-69
-69
-69
-75
-77
-69
-71
-69
-69
-67
-65
-67
-67
-69
-57
-53
-41
-51
-49
-45
-37
-35
-33
-33
-33
-37
-33
-35
-33
-33
-31
-27
-27
-33
-31
-27
-29
-31
-29
-35
-33
-41
-29
-25
-23
-23
-21
-21
-19
-15
-15
-15
-17
-15
-15
-23
-27
-35
-33
-45
-49
-39
-27
-21
-21
-13
-15
-19
-11
-11
-17
-17
-11
-11
-15
-11
-11
-7
-15
-13
-7
-7
-7
-5
3
1
-1
-1
-3
-7
-11
-7
-11
-13
-7
-11
-9
-11
-15
-17
-13
-21
-17
-15
-19
-19
-15
-15
-23
-19
-15
-21
-21
-19
-15
-17
-15
-15
-17
-19
-33
-29
-23
-33
-29
-33
-33
-29
-35
-39
-43
-43
-49
-49
-53
-47
-37
-33
-27
-27
-33
-41
-41
-39
-33
-31
-29
-31
-35
-33
-31
-27
-15
-13
-21
-33
-31
-27
-27
-25
-21
-21
-17
-19
-17
-21
-23
-31
-19
-27
-29
-31
-31
-33
-29
-29
-29
-23
-17
-15
-13
-9
-15
-15
-11
-7
-7
-1
-3
-5
-5
-7
-11
-13
-23
-23
-25
-33
-33
-25
-23
-23
-17
-17
-11
-13
-15
-13
-15
-17
-15
-11
-9
-9
-13
-9
-1
-3
-3
-5
-9
-17
-25
-25
-23
-21
-9
-7
-7
-15
-13
-13
-9
-7
-11
-13
-15
-11
-15
-1
1
-1
1
5
5
5
7
3
5
1
1
5
3
7
3
-3
-9
-7
-5
-3
-3
-9
-7
-9
-7
-13
-25
-21
-15
-19
-15
-11
-17
-17
-17
-29
-31
-25
-29
-25
-25
-23
-11
-3
-3
-3
-3
-1
-1
-5
-9
-15
-11
-25
-25
-25
-27
-33
-43
-45
-41
-35
-35
-35
-31
-27
-29
-33
-31
-31
-21
-21
-19
-15
-23
-21
-29
-31
-31
-33
-33
-31
-37
-41
-45
-41
-47
-53
-49
-49
-47
-39
-39
-39
-43
-41
-43
-43
-41
-37
-51
-61
-51
-53
-55
-61
-61
-55
-53
-55
-55
-51
-49
-43
-55
-57
-57
-53
-55
-47
-37
-41
-39
-47
-45
-57
-59
-57
-55
-45
-47
-47
-45
-51
-45
-41
-41
-37
-35
-21
-25
-29
-29
-23
-25
-21
-27
-27
-21
-21
-21
-29
-41
-47
-49
-51
-37
-37
-37
-29
-31
-27
-29
-29
-31
-29
-37
-35
-35
-29
-31
-27
-27
-29
-23
-27
-29
-19
-17
-13
-19
-21
-21
-19
-9
-7
-17
-23
-23
-29
-33
-33
-31
-29
-29
-31
-23
-25
-25
-21
-19
-11
-19
-31
-31
-31
-27
-35
-31
-29
-29
-27
-23
-23
-29
-31
-33
-33
-33
-33
-37
-43
-45
-53
-61
-57
-53
-63
-59
-63
-65
-57
-49
-45
-39
-39
-41
-53
-59
-57
-63
-63
-55
-55
-59
-53
-53
-53
-53
-55
-53
-53
-65
-61
-61
-51
-59
-57
-51
-51
-53
-41
-33
-35
-27
-27
-17
-19
-19
-11
-3
1
11
17
11
15
19
19
25
15
27
27
33
27
19
19
15
5
7
1
-7
-7
-5
-11
-11
-11
-11
-3
1
-1
5
15
23
23
21
19
23
29
29
21
19
17
21
15
13
9
13
15
19
23
29
31
31
33
35
29
33
37
39
43
49
51
53
47
47
53
53
57
55
59
51
47
53
51
47
49
53
45
57
61
65
67
61
69
69
67
61
71
69
69
73
73
73
77
71
71
73
81
77
67
69
63
57
55
55
61
65
73
69
69
79
87
85
85
77
79
87
95
85
75
75
77
77
85
85
93
91
91
95
97
99
111
109
115
111
107
99
103
101
101
99
101
101
95
85
79
83
87
77
77
75
71
71
69
65
59
67
71
71
71
71
73
79
79
87
77
77
79
79
75
65
67
73
69
73
77
75
71
77
77
71
59
53
53
57
53
63
63
55
55
51
47
47
49
47
47
51
45
39
37
35
37
33
35
35
27
31
39
45
39
41
53
53
53
51
41
27
27
39
41
45
49
49
47
51
49
55
55
57
53
53
61
55
49
53
59
57
59
49
45
43
43
37
35
39
41
39
43
55
61
63
71
65
65
65
61
63
59
67
61
59
67
67
65
67
65
61
65
65
65
67
73
69
61
61
67
61
65
59
67
61
65
61
61
53
55
53
51
49
49
57
57
69
73
77
85
83
79
87
91
91
93
87
93
87
91
93
101
89
89
91
91
83
79
77
67
69
75
79
81
79
71
71
73
67
59
57
63
55
57
55
59
53
53
49
51
47
45
45
37
37
31
29
35
37
37
45
45
47
41
41
49
43
49
45
39
41
45
47
47
43
43
37
41
31
35
29
35
37
25
29
35
37
35
35
29
33
33
39
37
27
27
27
19
23
21
25
27
31
21
21
23
17
11
17
13
5
-1
-5
-3
-9
-9
-5
3
-13
-5
-3
-3
-11
-17
-13
1
-3
-3
7
7
-3
1
1
-5
-7
-11
-11
-21
-27
-35
-35
-39
-39
-29
-31
-31
-33
-27
-21
-29
-33
-33
-33
-29
-29
-33
-35
-37
-35
-35
-35
-35
-23
-19
-15
-17
-17
-13
-13
-3
1
1
-5
-15
-23
-23
-25
-19
-15
-17
-7
-7
-1
1
-3
3
5
-3
1
1
5
7
9
13
19
21
21
25
17
17
17
19
19
23
25
27
29
33
43
41
41
35
41
47
59
69
67
67
63
67
65
61
61
61
67
71
63
67
61
55
61
63
73
73
75
79
77
69
67
79
81
91
93
99
99
93
91
91
91
93
101
103
107
107
113
115
109
115
119
117
117
105
105
101
99
99
91
97
101
99
95
95
93
103
101
103
103
105
95
97
95
105
101
101
97
95
101
101
89
89
85
87
89
85
83
81
81
73
73
77
65
69
77
65
55
55
59
61
61
67
65
65
65
71
71
77
75
75
71
79
89
99
95
91
93
97
87
97
97
87
81
79
87
81
87
101
101
103
103
105
103
101
105
107
111
121
119
115
105
107
111
107
101
95
81
81
81
85
73
67
65
69
77
79
71
77
65
65
57
53
55
53
51
49
45
45
43
49
49
57
57
57
57
49
53
61
53
55
55
53
57
59
55
59
55
57
49
55
63
61
63
63
63
63
65
61
53
49
37
41
41
39
45
47
53
61
63
67
65
67
63
71
75
75
67
71
75
71
71
85
89
85
83
91
95
99
91
93
93
93
89
87
89
91
95
99
105
103
99
103
107
103
105
107
105
113
103
103
101
101
95
85
85
89
85
85
85
91
93
99
101
103
99
109
105
107
101
93
91
95
103
95
85
81
89
87
87
87
87
85
79
71
73
73
69
69
67
67
69
71
71
71
71
71
83
75
73
83
71
71
79
75
73
77
77
75
81
89
93
95
87
91
91
99
99
97
101
101
99
105
117
113
115
117
119
117
107
107
105
113
123
123
123
129
135
135
133
143
141
143
145
149
153
159
153
149
157
165
167
169
163
165
161
161
155
151
145
145
155
155
149
149
151
151
155
159
169
175
175
165
167
167
169
169
159
155
155
165
169
171
159
165
161
151
147
151
151
155
145
139
139
139
143
143
141
133
129
127
133
129
133
133
135
147
143
143
143
149
145
157
159
153
153
151
153
169
169
167
173
173
177
187
185
187
185
175
173
173
173
171
167
163
171
165
153
163
165
163
177
185
187
183
185
197
197
201
201
201
203
205
217
207
209
207
207
197
187
185
189
191
195
195
181
175
179
183
189
185
185
181
187
191
189
189
197
189
191
199
201
201
207
209
205
203
201
201
199
203
201
205
205
207
199
205
205
205
197
207
209
207
203
191
187
191
191
193
189
187
181
181
173
173
169
171
171
171
163
165
161
163
167
167
163
169
169
173
177
181
177
173
173
175
177
171
171
163
175
175
179
185
187
187
187
185
185
187
195
195
203
201
201
187
179
187
173
173
163
169
167
155
149
147
147
151
157
153
143
133
133
131
133
145
145
145
137
131
139
143
137
137
137
141
147
147
149
145
149
153
157
157
167
159
159
163
171
177
173
179
187
187
189
191
185
183
179
179
183
177
189
193
195
197
191
197
195
193
187
185
187
189
197
201
191
199
199
199
205
207
207
205
203
201
201
205
201
201
193
201
205
211
209
213
213
205
203
199
205
207
213
209
215
221
213
219
209
205
201
205
197
199
199
203
207
209
209
213
213
217
197
201
203
211
207
209
211
217
213
203
197
205
207
199
209
215
215
219
227
223
227
225
235
229
233
237
227
223
215
221
217
213
215
207
211
209
209
207
203
197
199
199
195
197
203
199
201
205
207
211
207
207
203
207
207
203
207
215
215
215
223
217
215
213
213
219
223
219
223
221
219
211
211
211
211
211
211
211
211
211
209
217
219
227
221
227
231
233
233
233
229
231
241
241
239
243
237
235
231
235
231
217
215
223
221
215
217
219
223
215
215
213
201
201
205
211
209
205
213
215
211
213
207
207
209
217
221
221
233
233
237
243
247
243
241
237
247
251
253
247
245
257
261
261
259
259
253
253
247
241
247
245
245
239
229
237
235
233
229
235
235
225
215
211
213
209
215
213
207
213
209
205
199
191
191
193
197
201
199
197
193
195
201
209
221
215
221
223
223
229
229
223
217
221
219
211
207
215
209
209
207
211
215
221
217
219
223
223
223
219
219
221
217
217
217
215
211
211
215
219
223
233
231
229
239
239
239
241
237
233
233
231
227
231
231
227
215
215
217
223
215
231
227
225
227
239
241
241
241
247
251
251
257
247
245
247
247
247
245
249
251
251
251
255
249
259
261
253
257
257
257
255
251
259
265
263
267
265
259
265
261
265
261
263
265
271
263
265
259
267
271
267
267
265
265
261
261
257
249
249
253
257
257
251
237
235
235
241
237
235
231
235
231
225
217
217
219
219
225
223
217
217
209
205
209
201
199
189
191
191
191
195
193
197
193
199
207
207
217
217
215
211
207
205
197
207
211
215
217
221
227
225
225
237
241
241
235
235
235
219
211
215
213
219
219
225
221
211
211
211
207
201
193
183
193
197
199
195
195
193
191
191
191
201
203
193
195
193
181
173
169
161
161
163
167
165
159
157
155
153
153
153
155
153
159
155
151
151
137
137
135
143
143
145
149
149
157
167
173
175
179
185
185
185
185
189
189
189
193
193
195
189
195
199
197
199
201
203
201
205
205
195
195
201
193
195
205
207
209
199
189
189
189
195
201
209
213
213
209
205
199
191
191
193
193
195
203
197
197
201
203
199
203
207
197
197
203
195
193
199
201
201
191
201
203
197
197
197
197
197
201
201
207
207
195
195
195
187
183
173
169
173
173
169
169
161
169
165
167
169
161
161
157
149
147
151
149
147
149
147
151
153
157
155
161
163
167
169
173
169
171
175
181
181
187
189
197
195
201
195
195
199
199
199
195
191
205
191
197
195
195
197
191
185
193
199
205
195
191
191
199
201
197
201
205
199
195
191
197
189
175
181
185
181
175
175
177
181
189
189
185
193
193
195
189
189
193
195
191
187
193
193
187
191
191
193
201
203
205
201
193
195
201
197
195
199
195
193
197
203
203
207
215
219
219
219
227
227
227
227
225
235
239
237
243
243
239
235
225
225
225
221
231
235
233
243
245
251
253
265
267
265
265
269
265
261
253
251
257
253
265
253
241
235
235
249
247
239
243
241
239
245
253
245
241
241
247
233
229
233
229
235
241
241
243
251
245
235
241
241
233
233
233
231
235
241
225
219
211
211
207
213
219
233
219
211
215
207
209
209
209
211
217
225
227
227
227
225
225
233
239
237
239
245
241
233
237
235
235
245
247
241
245
245
245
241
233
237
233
227
235
233
243
249
251
247
241
249
255
251
247
245
255
259
257
261
263
259
257
253
257
259
257
255
257
257
247
249
251
255
257
267
261
261
261
263
267
257
263
257
255
255
255
265
277
277
275
273
275
279
281
277
271
277
265
271
275
283
271
279
281
271
273
277
273
275
271
275
279
273
273
267
267
271
265
265
265
261
263
257
261
263
263
263
265
259
251
257
257
261
261
263
265
261
267
269
261
265
273
275
271
277
275
277
273
275
277
285
281
277
279
279
277
281
277
273
271
263
257
249
253
247
247
247
247
241
245
243
239
239
239
231
233
231
229
231
243
249
251
251
251
249
247
255
255
253
255
259
255
255
249
245
251
255
253
253
253
253
249
251
239
237
243
241
245
253
259
261
261
255
255
249
249
237
235
235
237
239
247
249
245
237
233
239
229
229
231
237
235
235
233
231
223
215
221
233
235
229
225
227
223
221
221
225
221
229
225
227
227
219
219
213
223
219
217
215
221
231
229
231
231
231
231
235
235
233
233
243
243
241
239
243
243
243
249
251
255
259
247
251
257
255
257
257
247
257
249
251
251
241
241
243
247
251
251
243
243
241
241
231
227
225
225
227
231
231
227
225
225
215
221
229
223
223
227
239
239
239
243
245
253
249
245
253
251
249
245
239
247
241
251
241
239
243
243
245
249
251
249
237
239
237
241
233
231
227
227
231
235
235
237
237
241
237
237
235
237
241
233
233
229
237
225
229
231
229
227
225
233
231
233
221
219
225
225
225
225
223
223
223
219
225
219
219
225
225
233
235
239
243
239
245
249
247
247
249
241
241
241
241
241
243
243
243
237
239
243
239
239
235
249
249
239
239
239
227
223
219
211
205
205
205
195
191
185
193
199
197
193
193
187
187
183
185
195
203
201
203
205
213
221
223
221
219
219
219
223
229
225
225
237
235
235
243
237
237
241
247
247
249
245
249
255
249
251
243
247
251
249
255
253
253
253
253
251
259
251
249
247
251
255
255
253
253
261
255
261
273
275
273
265
261
257
247
239
243
243
245
241
239
239
239
233
233
229
225
219
227
225
225
223
213
207
205
203
205
197
185
193
193
193
195
193
199
199
199
191
185
191
185
181
181
175
163
165
157
163
163
167
165
169
167
171
185
183
183
175
181
185
185
197
207
213
205
209
211
219
219
221
227
231
235
241
243
243
237
237
237
239
243
249
247
245
245
237
235
233
239
239
231
235
235
237
235
237
237
245
245
235
237
231
229
237
237
235
225
217
225
221
215
217
207
219
215
225
219
217
221
225
223
219
209
207
213
213
225
225
237
237
229
237
237
237
241
241
237
229
221
213
205
199
195
191
183
183
179
177
177
181
179
181
175
175
185
175
181
191
191
187
185
175
175
177
179
181
179
191
187
187
193
197
199
205
197
195
187
183
191
189
191
199
207
221
217
217
217
209
211
205
205
199
199
203
209
203
199
191
191
185
187
199
195
207
205
205
197
205
213
213
213
213
207
207
209
201
199
193
189
193
191
187
179
183
183
193
193
199
193
195
191
191
201
197
195
203
201
203
203
205
215
213
213
211
221
221
215
215
215
207
197
197
191
191
199
199
205
199
199
193
187
193
191
195
193
193
193
195
197
187
189
193
183
187
177
173
169
161
163
159
167
171
175
177
179
171
171
173
177
177
183
195
185
189
195
193
195
195
199
197
191
197
197
203
211
219
219
229
237
233
235
233
239
237
237
237
237
235
243
245
249
249
247
243
241
247
251
249
255
259
251
251
251
251
243
237
231
233
235
235
233
237
239
245
241
247
247
245
243
247
241
241
249
249
247
251
253
253
257
255
251
257
269
263
265
265
273
279
281
283
285
277
285
275
275
275
273
273
269
267
263
253
257
255
253
253
251
245
239
245
255
255
251
245
247
247
243
249
255
255
261
261
259
259
257
257
261
257
249
247
243
255
253
249
239
247
255
247
253
261
261
247
251
255
253
253
257
265
265
259
247
247
249
255
257
243
249
249
245
241
245
249
251
251
255
253
253
255
255
255
255
249
249
243
243
247
247
243
247
243
247
251
243
239
241
239
241
251
251
257
255
245
253
247
241
239
235
239
249
257
253
257
263
267
275
267
275
279
281
281
281
291
305
305
303
303
305
313
311
311
313
313
309
315
317
321
313
317
319
321
323
325
323
321
317
313
313
313
309
305
297
297
289
289
289
283
283
283
281
277
273
265
269
271
271
265
271
265
273
277
271
271
275
287
285
285
285
287
281
281
281
279
277
283
291
285
281
273
277
279
279
275
271
271
273
263
269
265
265
269
273
265
263
251
257
251
247
241
235
235
235
241
233
229
223
225
221
213
213
219
221
221
219
227
239
239
231
231
231
227
227
225
221
221
219
221
215
213
219
217
225
229
223
221
223
217
223
227
223
219
223
225
233
239
245
239
245
247
243
239
231
225
233
221
219
215
207
203
209
203
195
195
193
195
183
183
193
189
187
191
193
187
185
185
179
171
173
181
173
167
171
165
157
161
153
155
155
149
145
149
137
137
141
141
143
145
153
145
141
143
141
141
141
149
141
145
145
147
153
151
151
155
159
163
163
163
165
163
163
159
163
167
171
167
173
177
177
171
177
181
185
195
191
189
187
187
183
181
181
181
175
177
177
179
181
181
181
189
191
191
187
199
191
195
195
195
191
187
181
187
183
179
181
181
179
177
187
199
203
201
203
203
205
205
207
197
197
197
203
207
213
223
223
219
227
237
235
235
227
229
227
225
229
231
239
235
233
229
237
245
245
243
243
249
249
251
257
261
259
257
269
265
265
267
265
265
271
275
283
269
265
267
267
265
253
255
253
253
253
245
241
241
239
249
249
249
243
235
237
237
237
235
237
233
237
245
245
243
249
241
241
237
247
249
253
253
247
251
253
255
251
265
267
263
265
263
255
245
247
247
243
253
251
247
243
243
241
237
247
255
257
263
263
265
265
255
247
251
251
251
255
249
251
253
265
271
265
269
267
273
277
273
273
285
287
283
291
293
291
297
289
293
293
297
297
295
295
299
297
305
305
311
305
305
305
309
313
313
319
313
321
327
331
335
333
329
329
329
329
325
321
313
307
315
323
323
325
329
321
331
327
327
313
321
317
311
303
303
289
297
305
311
315
315
305
307
309
319
319
313
311
303
295
293
293
297
301
301
297
303
303
309
309
309
305
305
311
307
309
313
315
323
323
321
319
313
313
313
307
307
303
307
307
307
315
315
317
319
315
315
317
323
315
309
307
303
307
307
315
315
303
301
299
295
297
297
289
289
285
285
285
287
287
285
283
281
289
297
303
305
305
293
293
287
285
287
293
293
289
289
285
291
293
299
305
305
305
307
303
301
301
305
311
315
317
311
315
323
323
315
317
319
315
315
313
311
305
305
309
311
307
305
303
303
295
297
297
301
293
293
295
297
299
299
301
307
307
309
311
311
307
299
301
297
283
287
291
289
281
283
275
275
275
271
273
283
285
289
293
293
289
283
277
285
289
289
287
295
305
305
297
297
289
283
277
277
273
273
277
277
275
275
279
275
279
277
273
277
269
271
267
263
261
259
267
261
267
265
271
271
271
269
267
271
269
263
263
263
259
257
261
265
261
255
251
255
259
259
269
267
263
263
261
267
267
269
273
273
279
271
269
267
273
267
263
253
245
241
241
249
259
265
253
257
263
269
265
267
273
271
271
281
279
279
271
269
269
271
267
273
271
279
279
275
275
277
285
285
281
285
283
283
289
283
285
283
285
285
285
283
285
293
291
289
289
293
283
277
277
265
271
275
273
279
279
281
273
273
269
265
265
265
265
257
259
259
265
267
265
261
263
273
283
289
297
291
281
285
291
291
289
287
293
287
283
283
281
287
293
305
299
295
287
293
301
309
315
319
321
319
319
313
307
313
313
301
301
295
295
295
295
295
295
297
289
289
291
289
295
297
301
299
297
307
307
321
321
321
321
321
317
319
315
309
307
305
301
303
301
315
321
321
329
335
335
341
337
333
333
339
337
343
339
335
327
313
317
323
323
323
325
339
339
343
349
343
337
335
327
321
331
325
323
331
335
343
345
343
331
337
341
335
339
333
333
337
333
333
331
327
331
327
327
317
317
315
313
317
319
315
315
317
321
323
313
309
307
309
309
307
317
321
319
321
317
321
315
313
309
301
295
297
295
293
287
291
299
303
309
309
309
313
307
311
305
303
291
279
271
267
269
267
271
269
263
265
253
237
231
237
237
229
239
239
241
233
235
223
233
237
237
233
241
239
241
241
249
255
255
263
265
275
275
271
277
267
261
255
257
263
271
265
265
261
253
247
245
245
235
235
231
227
229
229
231
227
225
227
235
233
229
225
223
223
235
233
229
223
225
213
215
217
209
217
213
215
209
201
201
195
201
209
217
209
209
213
209
205
215
217
219
227
233
229
235
245
243
245
245
251
251
259
253
253
255
257
259
253
251
257
263
261
269
273
275
261
267
267
263
263
263
259
257
253
253
249
243
241
239
229
231
233
233
235
243
243
247
247
243
243
247
241
233
235
241
251
257
257
255
255
253
253
253
253
249
249
249
251
243
235
235
227
221
227
221
223
221
223
223
225
215
213
221
223
233
229
229
219
215
223
227
227
227
235
229
237
249
255
255
253
253
263
255
251
263
255
259
261
261
253
249
251
261
261
269
267
275
271
275
267
263
269
265
265
261
267
259
251
251
261
259
251
251
251
249
243
243
249
247
243
249
249
253
259
255
253
255
263
263
259
253
247
247
247
245
249
253
249
253
253
243
235
241
229
219
227
225
229
235
231
231
223
221
219
215
219
221
221
219
219
217
221
213
209
207
209
209
203
197
197
195
185
177
179
171
183
193
193
187
183
177
177
177
179
183
183
185
187
189
189
185
193
199
199
197
193
195
197
195
199
201
211
211
223
229
233
241
247
239
245
241
239
237
241
245
245
247
245
247
247
247
247
233
237
243
249
251
243
243
241
245
241
243
247
247
253
253
247
245
247
245
241
241
245
243
251
253
255
247
251
255
255
259
261
263
263
259
255
257
253
241
245
251
251
247
239
241
243
241
247
259
257
251
243
243
235
231
235
233
235
245
237
245
253
253
255
245
245
241
247
249
249
247
255
251
257
257
253
253
261
257
251
249
249
259
257
255
249
249
249
253
247
247
245
243
237
225
229
229
235
231
229
227
237
237
245
239
235
239
239
239
245
241
241
239
233
237
229
225
221
223
227
215
223
229
229
235
229
231
237
231
229
229
227
219
217
205
203
211
211
217
229
231
235
235
235
233
235
225
227
225
221
219
217
221
223
225
221
221
217
227
227
225
225
223
227
227
227
221
227
229
229
227
233
239
239
233
241
239
241
245
239
243
245
241
249
251
253
255
255
247
247
245
251
253
249
249
249
247
245
237
243
243
253
263
253
259
257
255
253
251
255
255
251
251
251
261
257
249
261
251
263
255
245
235
229
231
223
217
221
221
219
213
215
203
195
187
183
179
179
179
173
181
181
175
179
179
179
177
179
195
195
199
193
193
197
189
189
187
183
181
177
179
185
187
187
177
177
173
171
167
165
165
173
173
171
181
179
179
175
175
177
179
171
175
175
175
173
173
177
177
177
183
197
203
203
209
215
209
199
207
211
215
219
215
227
223
223
227
227
227
227
235
239
229
233
229
223
223
217
221
225
223
233
235
237
231
225
227
227
219
221
221
227
229
229
229
233
233
225
227
223
229
223
221
219
217
217
213
205
199
199
199
199
199
201
197
207
209
217
213
213
215
221
229
229
227
217
217
221
227
231
233
243
253
253
257
257
263
265
263
257
251
239
249
249
255
261
273
267
265
269
273
271
269
269
263
263
263
265
277
273
267
265
269
269
269
265
265
255
245
239
239
241
235
237
235
237
239
235
235
223
231
227
221
229
225
233
231
231
237
241
237
233
241
237
229
229
227
231
229
231
225
227
227
227
227
223
233
233
229
231
225
233
231
233
231
233
229
233
231
235
229
223
221
227
229
229
233
229
229
233
235
239
239
239
237
245
241
235
235
239
247
235
229
231
237
247
245
249
257
251
249
251
251
243
237
233
243
247
251
253
257
257
253
245
243
243
241
229
237
235
223
213
217
215
213
199
197
201
197
189
191
193
195
191
191
185
185
193
197
199
211
199
199
195
197
197
187
185
197
205
205
207
215
213
209
209
205
203
203
205
203
203
199
199
205
203
205
205
207
211
223
217
217
217
219
213
219
217
211
211
211
211
217
221
225
225
221
213
213
219
215
207
207
211
211
205
205
203
195
193
191
189
191
187
179
179
181
189
179
169
159
155
155
165
165
165
169
169
163
161
161
169
169
163
155
149
143
135
135
139
143
147
141
147
147
145
153
155
153
155
155
145
145
139
147
145
139
145
145
145
141
137
131
127
131
131
143
139
143
151
147
147
137
135
139
137
135
143
143
147
145
139
131
131
127
125
127
123
117
115
119
127
137
135
133
137
137
137
143
157
169
173
171
175
175
187
191
189
187
183
183
183
181
181
173
165
165
163
173
173
175
175
177
173
173
177
175
175
179
177
173
173
175
181
181
185
185
187
187
189
193
193
199
201
205
199
197
199
199
199
199
201
207
207
211
221
221
225
221
215
211
211
219
219
211
219
219
225
233
229
229
225
229
229
231
237
227
227
225
223
219
223
217
225
229
233
227
223
221
227
223
223
225
229
229
229
229
233
231
221
221
231
221
217
215
225
227
235
237
231
233
237
231
231
227
231
231
237
237
243
245
241
255
257
253
249
253
261
253
253
253
253
249
251
247
249
251
247
247
239
243
245
249
255
257
261
265
263
255
257
255
257
255
253
245
251
243
241
237
239
235
241
241
239
243
259
257
253
247
257
257
257
257
259
265
255
263
251
263
257
251
243
243
243
233
235
229
223
227
215
205
195
193
197
193
195
197
187
187
179
179
179
181
175
175
169
169
165
163
171
179
181
177
185
187
181
183
189
189
195
199
199
201
209
209
207
205
219
217
207
207
205
207
207
209
205
207
211
211
213
221
215
215
209
211
201
197
195
209
215
221
231
233
227
223
225
217
217
223
233
229
237
245
239
247
241
239
241
235
229
229
235
235
235
239
239
241
243
237
227
235
231
235
237
237
251
243
237
239
233
239
239
229
233
231
233
229
225
217
221
223
235
235
241
243
247
251
257
259
251
251
241
249
245
243
241
241
241
239
241
239
247
243
241
249
241
239
235
233
233
233
239
239
235
237
239
239
231
231
233
231
231
237
235
235
235
237
239
231
233
233
233
237
245
243
243
239
243
243
235
227
227
227
221
221
221
215
207
207
203
205
211
221
219
221
229
233
239
237
237
237
235
239
241
243
245
247
249
251
247
247
243
241
241
247
241
241
245
241
243
239
243
251
239
241
243
239
245
243
247
235
235
233
233
233
239
239
245
241
239
241
243
251
251
257
257
267
269
263
271
271
271
279
283
277
279
277
277
269
259
257
251
245
241
251
259
249
241
241
247
251
251
243
247
247
253
247
259
265
271
273
275
279
271
277
271
269
267
263
261
263
263
261
255
249
249
261
261
257
253
251
253
259
265
261
257
265
271
279
283
289
295
293
287
281
279
279
281
283
293
295
291
285
283
287
283
285
293
289
289
291
287
275
281
283
291
297
307
301
293
287
291
287
287
287
291
291
295
297
295
297
289
293
283
281
289
287
279
287
287
291
295
291
285
273
279
269
273
271
261
261
263
257
267
273
271
277
277
283
285
283
275
283
285
291
287
285
281
281
281
279
277
277
287
291
295
291
287
281
279
273
269
269
279
285
289
293
289
285
281
283
287
283
297
305
305
311
311
315
309
311
307
309
309
303
303
303
303
303
295
295
297
303
303
305
301
293
295
293
295
299
297
295
295
295
303
305
295
295
299
299
297
295
291
291
301
301
299
301
305
305
309
311
307
307
295
299
301
301
311
309
305
301
303
301
311
311
311
309
303
293
291
299
307
307
309
297
307
299
307
303
303
301
313
317
311
317
313
319
325
333
333
333
337
335
337
341
341
343
347
353
347
343
341
333
333
327
321
317
317
315
305
301
309
299
309
307
297
293
291
293
297
301
295
305
301
307
309
309
309
309
309
299
301
307
297
297
297
305
313
317
317
313
309
305
295
301
307
311
319
321
319
317
315
319
315
321
327
325
331
339
335
339
343
339
339
337
337
335
345
349
349
351
351
353
345
343
341
341
343
343
337
341
339
343
337
337
335
339
339
341
347
341
347
349
353
355
355
355
357
357
361
359
359
361
361
351
351
359
353
353
363
363
367
367
371
367
355
355
355
357
367
365
353
349
343
345
343
343
343
347
349
341
337
345
351
345
345
355
351
349
347
353
359
355
347
349
351
343
349
343
343
345
341
341
335
335
337
347
345
339
337
327
327
335
323
323
315
309
313
317
315
315
317
313
313
311
313
317
309
315
321
321
317
323
321
321
325
325
325
319
309
307
307
303
295
295
301
301
299
299
295
293
289
293
295
295
295
295
303
309
317
323
329
329
331
331
319
317
323
329
329
325
315
315
315
315
325
341
345
345
351
351
357
357
349
343
345
331
331
345
343
351
355
353
361
371
371
371
373
369
361
357
357
351
351
355
359
365
361
363
363
359
359
367
361
363
365
361
369
375
371
369
369
365
361
353
365
363
353
355
355
361
355
353
355
355
353
347
351
345
347
349
349
349
357
367
359
369
373
371
369
369
377
379
381
381
381
369
379
387
395
393
395
399
399
395
379
379
375
373
373
365
363
359
357
359
359
355
355
365
365
371
369
369
373
375
375
375
381
367
367
369
381
381
375
365
371
367
371
363
359
359
363
359
355
349
351
355
359
359
369
381
385
385
381
373
365
369
369
365
365
369
367
367
365
365
365
363
361
355
347
345
343
341
349
351
347
343
343
343
343
337
331
335
339
335
343
353
347
353
353
351
337
337
329
325
325
321
323
323
325
311
309
305
307
307
303
301
297
299
297
289
291
279
271
273
269
269
273
271
279
271
275
273
271
279
273
275
275
275
275
273
271
269
263
277
285
283
295
293
297
299
295
291
285
287
293
291
291
285
287
287
287
287
287
279
281
279
283
283
283
283
281
273
275
279
281
281
275
285
279
269
271
271
271
267
275
273
279
271
269
269
269
281
275
275
275
281
285
281
285
289
287
295
295
295
295
301
297
289
281
285
287
279
279
277
283
285
279
283
285
281
281
287
283
285
281
289
293
287
287
275
275
279
285
293
285
287
291
295
293
293
293
295
287
285
285
291
297
297
301
309
307
307
307
307
309
309
305
307
311
315
325
327
321
321
329
337
335
337
333
333
333
333
327
323
335
335
337
333
335
335
351
351
345
345
345
345
349
349
347
347
351
353
351
357
365
365
359
355
355
355
357
355
359
357
361
363
375
375
367
375
379
379
375
379
377
385
383
387
383
383
393
393
385
391
389
381
383
389
381
379
379
363
371
369
361
359
359
363
355
361
363
363
359
351
347
345
349
349
345
343
343
339
339
335
339
341
345
339
341
343
345
341
341
337
341
339
339
331
323
327
327
335
335
333
339
343
343
339
345
349
355
351
353
357
357
355
351
347
347
345
353
353
355
351
349
349
345
333
335
333
333
339
337
341
341
341
335
333
333
333
335
325
325
327
327
335
327
331
333
333
333
333
323
315
317
309
307
305
297
297
305
305
309
305
301
303
305
307
311
311
311
309
325
325
315
315
315
315
309
307
303
305
313
311
313
319
321
319
311
307
315
317
313
309
301
301
309
309
309
313
313
305
305
311
313
313
309
311
303
301
307
315
319
321
325
321
333
329
329
325
323
323
317
315
315
317
315
313
313
315
317
321
315
311
321
327
323
317
321
321
319
319
315
305
301
303
307
303
295
299
307
311
311
305
307
307
299
301
299
293
303
303
311
311
305
305
301
301
301
299
299
297
301
301
301
297
303
297
299
303
311
299
305
301
299
297
295
295
305
305
301
301
303
305
291
291
295
301
295
295
285
285
285
291
285
281
297
295
295
295
295
303
295
299
289
291
287
285
283
285
285
281
279
275
275
281
281
271
269
269
265
261
269
267
273
273
273
271
265
257
265
263
265
273
271
271
273
283
283
283
283
277
275
269
261
269
275
279
275
273
267
259
261
261
259
263
251
249
249
249
253
247
237
229
225
219
213
221
223
221
227
225
227
227
235
233
229
223
219
219
213
219
221
219
209
215
223
223
219
225
225
225
213
213
211
219
223
219
221
219
213
213
215
221
225
227
231
225
