-10466
-10466
-10466
-10456
-10456
-10456
-10456
-10456
-10450
-10450
-10454
-10444
-10444
-10444
-10444
-10432
-10422
-10410
-10404
-10404
-10404
-10404
-10396
-10402
-10402
-10402
-10402
-10396
-10396
-10388
-10388
-10388
-10384
-10378
-10364
-10366
-10366
-10362
-10350
-10342
-10336
-10336
-10328
-10328
-10328
-10326
-10322
-10318
-10304
-10298
-10292
-10282
-10282
-10272
-10272
-10262
-10262
-10262
-10252
-10246
-10246
-10236
-10236
-10236
-10236
-10226
-10220
-10206
-10202
-10198
-10198
-10198
-10200
-10192
-10176
-10176
-10176
-10176
-10168
-10166
-10158
-10158
-10158
-10152
-10152
-10152
-10138
-10134
-10134
-10134
-10134
-10128
-10128
-10128
-10120
-10116
-10120
-10120
-10104
-10104
-10104
-10090
-10090
-10084
-10074
-10058
-10052
-10046
-10046
-10046
-10046
-10038
-10038
-10038
-10032
-10026
-10026
-10030
-10024
-10014
-10012
-10004
-10004
-10004
-9998
-9994
-9994
-9992
-9986
-9986
-9986
-9986
-9982
-9982
-9982
-9974
-9964
-9964
-9964
-9958
-9950
-9948
-9940
-9940
-9932
-9924
-9924
-9924
-9922
-9922
-9922
-9922
-9922
-9922
-9922
-9912
-9904
-9908
-9902
-9894
-9894
-9894
-9894
-9892
-9886
-9882
-9882
-9882
-9878
-9878
-9878
-9878
-9878
-9878
-9874
-9874
-9860
-9860
-9860
-9860
-9856
-9860
-9860
-9854
-9854
-9848
-9842
-9842
-9842
-9842
-9842
-9842
-9834
-9822
-9816
-9804
-9804
-9804
-9800
-9800
-9800
-9798
-9792
-9792
-9792
-9784
-9784
-9784
-9774
-9770
-9760
-9760
-9748
-9746
-9746
-9734
-9734
-9734
-9720
-9708
-9702
-9694
-9694
-9682
-9682
-9674
-9660
-9660
-9660
-9660
-9660
-9648
-9644
-9644
-9634
-9634
-9634
-9634
-9634
-9634
-9634
-9622
-9612
-9612
-9612
-9612
-9612
-9612
-9606
-9602
-9598
-9598
-9590
-9590
-9588
-9584
-9578
-9578
-9566
-9562
-9552
-9552
-9542
-9532
-9532
-9532
-9524
-9524
-9524
-9508
-9508
-9496
-9492
-9492
-9492
-9480
-9472
-9466
-9468
-9466
-9466
-9450
-9450
-9444
-9432
-9432
-9432
-9432
-9432
-9432
-9424
-9418
-9418
-9414
-9416
-9410
-9402
-9402
-9402
-9402
-9402
-9392
-9394
-9378
-9368
-9368
-9370
-9370
-9372
-9380
-9380
-9380
-9380
-9380
-9380
-9380
-9376
-9374
-9374
-9374
-9374
-9374
-9374
-9364
-9364
-9358
-9358
-9356
-9352
-9352
-9348
-9344
-9344
-9344
-9344
-9338
-9338
-9328
-9320
-9320
-9312
-9308
-9308
-9296
-9296
-9292
-9292
-9296
-9286
-9286
-9286
-9286
-9286
-9286
-9286
-9286
-9284
-9284
-9282
-9282
-9282
-9282
-9266
-9260
-9256
-9256
-9252
-9252
-9252
-9250
-9250
-9250
-9250
-9250
-9250
-9242
-9242
-9242
-9242
-9236
-9236
-9236
-9236
-9238
-9228
-9220
-9210
-9202
-9202
-9202
-9202
-9202
-9202
-9202
-9202
-9202
-9202
-9202
-9202
-9198
-9198
-9198
-9198
-9196
-9196
-9196
-9196
-9196
-9192
-9192
-9178
-9162
-9162
-9162
-9162
-9162
-9158
-9158
-9148
-9146
-9146
-9138
-9138
-9138
-9138
-9122
-9124
-9124
-9122
-9122
-9122
-9116
-9106
-9096
-9096
-9086
-9086
-9086
-9076
-9064
-9058
-9058
-9058
-9048
-9042
-9038
-9034
-9024
-9012
-9012
-9012
-9012
-9014
-9008
-9008
-9002
-9002
-9002
-8994
-8990
-8984
-8984
-8972
-8972
-8972
-8970
-8964
-8960
-8960
-8956
-8956
-8956
-8956
-8956
-8944
-8948
-8948
-8948
-8948
-8940
-8940
-8940
-8940
-8934
-8932
-8932
-8932
-8932
-8932
-8932
-8922
-8926
-8916
-8908
-8908
-8906
-8900
-8902
-8902
-8902
-8892
-8886
-8884
-8884
-8878
-8878
-8878
-8866
-8852
-8844
-8840
-8832
-8828
-8820
-8820
-8820
-8812
-8804
-8804
-8802
-8786
-8786
-8786
-8782
-8780
-8776
-8774
-8774
-8774
-8774
-8774
-8774
-8776
-8762
-8762
-8762
-8756
-8756
-8758
-8758
-8758
-8758
-8750
-8742
-8736
-8736
-8728
-8716
-8714
-8706
-8704
-8696
-8696
-8696
-8690
-8682
-8682
-8670
-8664
-8660
-8650
-8650
-8650
-8650
-8644
-8638
-8628
-8630
-8630
-8630
-8610
-8606
-8606
-8612
-8612
-8602
-8602
-8602
-8608
-8608
-8608
-8602
-8594
-8582
-8580
-8572
-8566
-8568
-8560
-8560
-8562
-8562
-8560
-8554
-8552
-8546
-8546
-8544
-8536
-8536
-8530
-8526
-8524
-8524
-8520
-8514
-8514
-8506
-8506
-8506
-8502
-8492
-8480
-8480
-8480
-8480
-8474
-8474
-8476
-8476
-8476
-8476
-8476
-8464
-8464
-8464
-8458
-8454
-8454
-8454
-8454
-8454
-8452
-8448
-8448
-8448
-8446
-8440
-8426
-8426
-8420
-8420
-8408
-8408
-8408
-8402
-8402
-8402
-8402
-8392
-8384
-8370
-8362
-8348
-8348
-8350
-8340
-8340
-8340
-8340
-8334
-8334
-8336
-8336
-8332
-8332
-8332
-8326
-8320
-8320
-8320
-8320
-8316
-8312
-8312
-8312
-8302
-8302
-8302
-8302
-8302
-8300
-8292
-8286
-8286
-8282
-8282
-8286
-8286
-8286
-8286
-8286
-8286
-8286
-8280
-8272
-8264
-8264
-8264
-8260
-8260
-8262
-8262
-8252
-8254
-8254
-8254
-8254
-8254
-8242
-8240
-8232
-8232
-8230
-8218
-8218
-8218
-8208
-8208
-8200
-8198
-8198
-8188
-8194
-8186
-8186
-8174
-8174
-8164
-8164
-8158
-8158
-8144
-8148
-8140
-8140
-8140
-8126
-8126
-8126
-8126
-8126
-8122
-8118
-8112
-8104
-8106
-8098
-8098
-8090
-8090
-8090
-8086
-8086
-8086
-8080
-8080
-8084
-8084
-8078
-8070
-8062
-8054
-8054
-8054
-8052
-8052
-8052
-8052
-8042
-8038
-8038
-8024
-8024
-8024
-8024
-8028
-8028
-8026
-8026
-8022
-8022
-8010
-8008
-8008
-8008
-8008
-8008
-8004
-8008
-8008
-7996
-7996
-7996
-7994
-7994
-7996
-7996
-7996
-7994
-7994
-7994
-7994
-7994
-7994
-7994
-7994
-7994
-7994
-7994
-8000
-8000
-7994
-7992
-7998
-7998
-7984
-7974
-7974
-7974
-7974
-7974
-7968
-7968
-7968
-7968
-7970
-7970
-7958
-7958
-7952
-7942
-7938
-7938
-7924
-7920
-7926
-7926
-7926
-7912
-7912
-7912
-7912
-7904
-7904
-7904
-7904
-7898
-7896
-7888
-7884
-7880
-7880
-7880
-7880
-7876
-7876
-7880
-7868
-7868
-7868
-7868
-7854
-7854
-7854
-7848
-7840
-7840
-7836
-7828
-7824
-7824
-7824
-7824
-7818
-7818
-7818
-7818
-7818
-7806
-7806
-7798
-7788
-7788
-7788
-7788
-7790
-7778
-7780
-7780
-7780
-7768
-7768
-7760
-7760
-7748
-7748
-7746
-7734
-7734
-7730
-7728
-7728
-7724
-7724
-7720
-7720
-7720
-7720
-7720
-7710
-7710
-7704
-7700
-7686
-7686
-7680
-7670
-7664
-7654
-7648
-7634
-7634
-7634
-7634
-7626
-7626
-7626
-7626
-7626
-7620
-7612
-7606
-7606
-7606
-7606
-7598
-7594
-7594
-7594
-7584
-7584
-7584
-7572
-7562
-7562
-7554
-7554
-7554
-7542
-7534
-7524
-7528
-7528
-7522
-7518
-7518
-7518
-7518
-7512
-7506
-7498
-7498
-7490
-7484
-7488
-7484
-7466
-7458
-7458
-7458
-7458
-7450
-7448
-7440
-7446
-7446
-7446
-7430
-7426
-7420
-7424
-7424
-7424
-7424
-7422
-7420
-7420
-7420
-7420
-7416
-7396
-7396
-7390
-7390
-7384
-7386
-7386
-7382
-7374
-7372
-7372
-7372
-7368
-7368
-7368
-7368
-7368
-7360
-7360
-7356
-7356
-7352
-7352
-7352
-7352
-7352
-7352
-7352
-7352
-7352
-7342
-7342
-7332
-7328
-7328
-7330
-7330
-7330
-7320
-7320
-7320
-7320
-7316
-7304
-7300
-7296
-7292
-7292
-7286
-7282
-7282
-7282
-7270
-7270
-7260
-7254
-7254
-7242
-7238
-7238
-7238
-7238
-7238
-7238
-7238
-7236
-7236
-7228
-7216
-7216
-7216
-7216
-7206
-7206
-7206
-7196
-7184
-7174
-7172
-7172
-7172
-7172
-7164
-7162
-7162
-7162
-7154
-7152
-7136
-7136
-7136
-7134
-7128
-7128
-7128
-7128
-7122
-7118
-7114
-7114
-7104
-7104
-7106
-7106
-7106
-7096
-7088
-7084
-7074
-7070
-7070
-7070
-7070
-7066
-7058
-7058
-7054
-7054
-7058
-7056
-7056
-7050
-7050
-7040
-7038
-7040
-7042
-7042
-7036
-7036
-7028
-7028
-7028
-7028
-7028
-7028
-7024
-7012
-7012
-7012
-7012
-7002
-7002
-7002
-6998
-6998
-6996
-6986
-6984
-6984
-6986
-6986
-6986
-6986
-6974
-6970
-6960
-6950
-6944
-6940
-6940
-6940
-6940
-6940
-6940
-6934
-6934
-6930
-6930
-6930
-6926
-6926
-6926
-6924
-6918
-6918
-6912
-6912
-6912
-6906
-6906
-6906
-6898
-6898
-6898
-6886
-6886
-6886
-6886
-6886
-6886
-6882
-6874
-6876
-6872
-6870
-6862
-6852
-6852
-6852
-6852
-6852
-6852
-6852
-6842
-6844
-6832
-6838
-6832
-6832
-6822
-6822
-6822
-6822
-6822
-6816
-6816
-6816
-6816
-6816
-6820
-6812
-6812
-6814
-6814
-6814
-6806
-6806
-6802
-6802
-6806
-6796
-6796
-6796
-6796
-6790
-6780
-6780
-6782
-6782
-6782
-6770
-6770
-6770
-6770
-6770
-6758
-6758
-6764
-6764
-6748
-6744
-6744
-6742
-6742
-6742
-6742
-6742
-6742
-6742
-6742
-6738
-6738
-6728
-6716
-6710
-6710
-6700
-6688
-6682
-6680
-6680
-6680
-6680
-6670
-6672
-6672
-6662
-6654
-6660
-6660
-6652
-6652
-6642
-6640
-6638
-6638
-6638
-6638
-6638
-6638
-6626
-6626
-6626
-6626
-6626
-6626
-6618
-6612
-6612
-6608
-6608
-6594
-6592
-6582
-6570
-6562
-6550
-6550
-6550
-6544
-6548
-6550
-6550
-6550
-6548
-6556
-6546
-6530
-6524
-6522
-6522
-6522
-6510
-6496
-6486
-6486
-6486
-6486
-6486
-6486
-6486
-6480
-6476
-6476
-6468
-6468
-6460
-6460
-6450
-6450
-6450
-6450
-6450
-6448
-6448
-6448
-6446
-6434
-6434
-6434
-6434
-6434
-6434
-6432
-6432
-6432
-6432
-6432
-6432
-6432
-6432
-6434
-6430
-6422
-6422
-6422
-6414
-6414
-6414
-6414
-6414
-6402
-6402
-6402
-6392
-6392
-6382
-6382
-6378
-6370
-6374
-6374
-6374
-6374
-6362
-6362
-6358
-6358
-6358
-6354
-6354
-6354
-6354
-6358
-6352
-6346
-6332
-6328
-6324
-6314
-6304
-6306
-6298
-6288
-6272
-6262
-6262
-6262
-6260
-6260
-6260
-6254
-6242
-6248
-6236
-6236
-6226
-6226
-6226
-6226
-6224
-6222
-6220
-6218
-6208
-6208
-6204
-6204
-6200
-6196
-6202
-6202
-6202
-6202
-6202
-6202
-6202
-6192
-6192
-6192
-6184
-6176
-6176
-6176
-6176
-6178
-6178
-6178
-6178
-6164
-6160
-6160
-6160
-6164
-6164
-6164
-6172
-6172
-6166
-6166
-6174
-6162
-6162
-6154
-6154
-6154
-6150
-6150
-6150
-6140
-6138
-6130
-6124
-6124
-6116
-6114
-6116
-6114
-6104
-6104
-6092
-6082
-6086
-6086
-6082
-6072
-6068
-6066
-6066
-6066
-6066
-6066
-6066
-6056
-6056
-6056
-6056
-6056
-6052
-6046
-6046
-6044
-6042
-6036
-6030
-6030
-6034
-6028
-6028
-6028
-6022
-6014
-6012
-6012
-6012
-6006
-6006
-6006
-6002
-6002
-6002
-5994
-5996
-5990
-5990
-5994
-5992
-5992
-5992
-5992
-5992
-5992
-5986
-5986
-5986
-5982
-5978
-5972
-5968
-5968
-5966
-5968
-5968
-5968
-5968
-5974
-5972
-5968
-5968
-5968
-5964
-5962
-5962
-5958
-5958
-5958
-5956
-5946
-5946
-5946
-5946
-5942
-5930
-5922
-5916
-5916
-5916
-5916
-5916
-5916
-5904
-5904
-5904
-5898
-5898
-5882
-5882
-5874
-5874
-5874
-5874
-5872
-5872
-5870
-5870
-5866
-5866
-5866
-5868
-5874
-5874
-5868
-5868
-5868
-5860
-5854
-5858
-5858
-5858
-5848
-5848
-5848
-5836
-5828
-5828
-5820
-5826
-5826
-5826
-5826
-5810
-5810
-5814
-5814
-5806
-5798
-5796
-5786
-5786
-5786
-5786
-5786
-5788
-5788
-5786
-5786
-5786
-5782
-5786
-5786
-5786
-5786
-5786
-5776
-5764
-5764
-5764
-5764
-5764
-5756
-5746
-5746
-5746
-5746
-5738
-5732
-5732
-5732
-5732
-5732
-5722
-5722
-5722
-5728
-5728
-5728
-5724
-5724
-5724
-5724
-5716
-5714
-5714
-5712
-5710
-5710
-5710
-5710
-5696
-5696
-5692
-5692
-5690
-5690
-5690
-5686
-5686
-5686
-5686
-5686
-5686
-5686
-5686
-5686
-5674
-5668
-5666
-5666
-5666
-5666
-5666
-5660
-5660
-5660
-5648
-5638
-5638
-5646
-5642
-5628
-5628
-5622
-5614
-5612
-5610
-5606
-5606
-5608
-5608
-5608
-5604
-5604
-5588
-5594
-5594
-5594
-5594
-5580
-5576
-5576
-5576
-5576
-5576
-5576
-5568
-5568
-5568
-5570
-5566
-5564
-5564
-5564
-5572
-5572
-5564
-5560
-5560
-5552
-5552
-5552
-5542
-5542
-5536
-5536
-5536
-5536
-5536
-5536
-5536
-5524
-5524
-5522
-5526
-5526
-5530
-5526
-5522
-5522
-5522
-5522
-5522
-5522
-5522
-5512
-5512
-5522
-5522
-5508
-5508
-5498
-5492
-5484
-5482
-5482
-5482
-5478
-5470
-5470
-5470
-5470
-5466
-5466
-5466
-5464
-5460
-5454
-5454
-5454
-5448
-5446
-5446
-5436
-5436
-5436
-5436
-5436
-5436
-5436
-5428
-5434
-5434
-5434
-5440
-5438
-5438
-5438
-5434
-5432
-5432
-5432
-5432
-5430
-5420
-5404
-5398
-5394
-5388
-5388
-5394
-5384
-5384
-5384
-5386
-5378
-5386
-5380
-5380
-5372
-5372
-5366
-5370
-5368
-5356
-5356
-5356
-5356
-5354
-5354
-5350
-5350
-5350
-5350
-5350
-5350
-5350
-5350
-5338
-5338
-5338
-5334
-5336
-5336
-5336
-5334
-5334
-5334
-5334
-5334
-5334
-5334
-5338
-5338
-5338
-5338
-5338
-5330
-5324
-5322
-5322
-5316
-5316
-5304
-5300
-5300
-5296
-5288
-5282
-5270
-5268
-5260
-5260
-5260
-5260
-5260
-5254
-5246
-5246
-5240
-5236
-5236
-5224
-5224
-5224
-5214
-5214
-5218
-5212
-5212
-5212
-5212
-5212
-5206
-5206
-5206
-5210
-5206
-5206
-5206
-5204
-5198
-5182
-5172
-5168
-5170
-5170
-5170
-5170
-5170
-5170
-5170
-5170
-5170
-5160
-5160
-5164
-5158
-5158
-5162
-5164
-5164
-5160
-5160
-5156
-5156
-5166
-5166
-5166
-5160
-5154
-5152
-5152
-5142
-5138
-5128
-5130
-5130
-5126
-5126
-5122
-5130
-5130
-5122
-5120
-5112
-5112
-5112
-5112
-5112
-5112
-5112
-5114
-5114
-5112
-5112
-5112
-5112
-5112
-5112
-5104
-5104
-5094
-5084
-5078
-5072
-5070
-5070
-5070
-5070
-5064
-5054
-5050
-5042
-5042
-5044
-5044
-5036
-5036
-5036
-5036
-5032
-5032
-5032
-5032
-5024
-5024
-5028
-5016
-5014
-5006
-4998
-4986
-4988
-4986
-4986
-4986
-4986
-4972
-4972
-4972
-4972
-4972
-4960
-4950
-4944
-4944
-4944
-4938
-4938
-4938
-4938
-4940
-4940
-4928
-4928
-4916
-4916
-4924
-4918
-4910
-4910
-4910
-4906
-4906
-4902
-4900
-4890
-4880
-4880
-4872
-4880
-4880
-4870
-4872
-4866
-4854
-4842
-4842
-4842
-4838
-4826
-4826
-4826
-4826
-4826
-4826
-4826
-4826
-4832
-4820
-4820
-4820
-4820
-4818
-4810
-4798
-4792
-4778
-4778
-4778
-4778
-4780
-4774
-4770
-4772
-4772
-4772
-4772
-4774
-4774
-4774
-4774
-4774
-4768
-4768
-4768
-4768
-4762
-4758
-4750
-4740
-4736
-4732
-4728
-4728
-4716
-4716
-4716
-4710
-4710
-4710
-4702
-4700
-4700
-4698
-4690
-4688
-4688
-4688
-4682
-4682
-4678
-4678
-4672
-4660
-4660
-4658
-4658
-4658
-4658
-4652
-4652
-4656
-4656
-4650
-4652
-4646
-4640
-4644
-4644
-4644
-4638
-4638
-4632
-4632
-4638
-4638
-4638
-4638
-4626
-4626
-4626
-4616
-4616
-4616
-4618
-4618
-4618
-4618
-4624
-4624
-4624
-4624
-4624
-4624
-4622
-4622
-4626
-4618
-4618
-4618
-4612
-4610
-4594
-4588
-4584
-4580
-4572
-4572
-4558
-4558
-4558
-4564
-4566
-4560
-4560
-4550
-4550
-4550
-4548
-4536
-4536
-4532
-4532
-4530
-4532
-4520
-4524
-4512
-4506
-4498
-4492
-4492
-4492
-4492
-4482
-4478
-4478
-4484
-4486
-4486
-4474
-4468
-4468
-4460
-4460
-4454
-4450
-4450
-4454
-4462
-4462
-4458
-4458
-4454
-4448
-4448
-4448
-4456
-4456
-4456
-4456
-4454
-4446
-4446
-4432
-4432
-4432
-4420
-4416
-4408
-4404
-4404
-4394
-4394
-4394
-4400
-4400
-4408
-4408
-4408
-4416
-4410
-4410
-4410
-4410
-4408
-4406
-4406
-4402
-4402
-4402
-4406
-4394
-4394
-4394
-4394
-4392
-4396
-4394
-4390
-4378
-4378
-4378
-4380
-4374
-4374
-4374
-4374
-4374
-4378
-4370
-4370
-4366
-4366
-4368
-4364
-4364
-4364
-4360
-4358
-4352
-4352
-4352
-4344
-4346
-4346
-4340
-4340
-4332
-4332
-4332
-4332
-4330
-4324
-4318
-4318
-4318
-4318
-4318
-4314
-4314
-4312
-4312
-4312
-4312
-4312
-4312
-4312
-4312
-4312
-4304
-4304
-4300
-4300
-4294
-4294
-4288
-4288
-4288
-4288
-4292
-4284
-4284
-4274
-4274
-4262
-4260
-4260
-4260
-4260
-4250
-4246
-4246
-4252
-4246
-4246
-4246
-4238
-4228
-4222
-4230
-4230
-4228
-4222
-4226
-4226
-4222
-4222
-4222
-4222
-4222
-4222
-4220
-4222
-4222
-4216
-4216
-4216
-4216
-4202
-4200
-4200
-4200
-4200
-4200
-4200
-4206
-4206
-4206
-4208
-4208
-4216
-4216
-4220
-4214
-4214
-4210
-4214
-4202
-4200
-4200
-4200
-4200
-4190
-4190
-4188
-4188
-4180
-4182
-4184
-4186
-4184
-4180
-4180
-4176
-4174
-4164
-4164
-4164
-4158
-4152
-4152
-4152
-4152
-4150
-4144
-4144
-4142
-4142
-4136
-4132
-4132
-4132
-4138
-4136
-4124
-4124
-4124
-4120
-4120
-4120
-4110
-4110
-4110
-4106
-4098
-4102
-4102
-4092
-4092
-4082
-4082
-4082
-4078
-4078
-4078
-4078
-4066
-4064
-4064
-4064
-4056
-4056
-4056
-4052
-4056
-4052
-4056
-4050
-4050
-4050
-4050
-4050
-4046
-4050
-4044
-4044
-4044
-4044
-4054
-4054
-4054
-4054
-4052
-4052
-4054
-4064
-4056
-4056
-4050
-4050
-4050
-4038
-4032
-4022
-4010
-4000
-3992
-3992
-3978
-3976
-3978
-3978
-3976
-3976
-3974
-3974
-3974
-3974
-3974
-3962
-3960
-3950
-3950
-3950
-3950
-3950
-3952
-3952
-3946
-3946
-3946
-3946
-3938
-3932
-3932
-3938
-3930
-3926
-3930
-3930
-3926
-3916
-3908
-3908
-3908
-3904
-3904
-3904
-3904
-3902
-3902
-3902
-3902
-3902
-3908
-3904
-3900
-3900
-3900
-3892
-3894
-3894
-3896
-3886
-3876
-3886
-3886
-3886
-3886
-3880
-3880
-3880
-3872
-3872
-3872
-3874
-3874
-3882
-3882
-3882
-3882
-3882
-3882
-3872
-3868
-3860
-3856
-3848
-3848
-3846
-3846
-3846
-3848
-3848
-3848
-3848
-3848
-3838
-3830
-3834
-3834
-3826
-3826
-3828
-3822
-3822
-3822
-3824
-3824
-3824
-3824
-3828
-3832
-3830
-3838
-3838
-3838
-3840
-3840
-3840
-3840
-3838
-3838
-3830
-3830
-3830
-3830
-3830
-3834
-3834
-3846
-3846
-3846
-3846
-3846
-3846
-3846
-3846
-3838
-3830
-3830
-3822
-3822
-3822
-3822
-3822
-3820
-3822
-3826
-3822
-3826
-3826
-3820
-3816
-3808
-3800
-3798
-3798
-3798
-3800
-3800
-3796
-3796
-3796
-3806
-3806
-3802
-3802
-3800
-3798
-3790
-3784
-3772
-3772
-3766
-3766
-3766
-3766
-3766
-3766
-3766
-3766
-3770
-3764
-3764
-3764
-3764
-3766
-3754
-3750
-3748
-3748
-3742
-3736
-3736
-3738
-3734
-3732
-3726
-3726
-3726
-3730
-3730
-3716
-3718
-3712
-3708
-3706
-3706
-3708
-3708
-3708
-3708
-3708
-3708
-3708
-3700
-3694
-3694
-3686
-3686
-3682
-3682
-3684
-3682
-3680
-3674
-3674
-3668
-3672
-3672
-3676
-3676
-3676
-3676
-3676
-3676
-3676
-3676
-3676
-3676
-3676
-3664
-3668
-3660
-3662
-3668
-3656
-3656
-3656
-3656
-3658
-3648
-3648
-3648
-3642
-3642
-3636
-3630
-3636
-3636
-3636
-3624
-3624
-3618
-3608
-3608
-3596
-3596
-3596
-3596
-3588
-3588
-3588
-3588
-3588
-3588
-3580
-3580
-3568
-3568
-3568
-3556
-3556
-3556
-3558
-3566
-3566
-3566
-3560
-3560
-3560
-3560
-3560
-3560
-3558
-3558
-3558
-3558
-3558
-3550
-3550
-3560
-3546
-3546
-3546
-3546
-3546
-3540
-3540
-3540
-3540
-3534
-3534
-3532
-3540
-3540
-3538
-3538
-3538
-3538
-3538
-3524
-3524
-3524
-3524
-3524
-3526
-3520
-3514
-3514
-3512
-3512
-3508
-3508
-3508
-3508
-3508
-3508
-3502
-3502
-3502
-3502
-3508
-3508
-3508
-3492
-3490
-3480
-3478
-3476
-3476
-3476
-3476
-3476
-3470
-3470
-3470
-3470
-3476
-3476
-3476
-3476
-3474
-3470
-3462
-3462
-3468
-3468
-3468
-3478
-3478
-3478
-3486
-3486
-3486
-3490
-3480
-3474
-3484
-3476
-3476
-3476
-3468
-3468
-3466
-3468
-3462
-3464
-3458
-3448
-3448
-3448
-3448
-3444
-3432
-3424
-3416
-3416
-3422
-3410
-3402
-3396
-3396
-3396
-3396
-3396
-3396
-3388
-3382
-3376
-3376
-3384
-3378
-3378
-3378
-3370
-3368
-3372
-3380
-3380
-3380
-3380
-3368
-3372
-3372
-3372
-3372
-3364
-3366
-3362
-3362
-3358
-3358
-3358
-3354
-3354
-3354
-3354
-3354
-3354
-3354
-3350
-3352
-3344
-3350
-3352
-3352
-3348
-3348
-3352
-3344
-3340
-3332
-3332
-3332
-3326
-3326
-3326
-3326
-3320
-3320
-3314
-3314
-3314
-3314
-3314
-3314
-3310
-3320
-3320
-3320
-3328
-3328
-3328
-3320
-3318
-3318
-3318
-3322
-3322
-3316
-3314
-3318
-3322
-3322
-3322
-3318
-3318
-3326
-3326
-3326
-3326
-3326
-3318
-3308
-3308
-3298
-3288
-3292
-3292
-3286
-3286
-3286
-3286
-3286
-3274
-3274
-3274
-3270
-3270
-3270
-3262
-3254
-3254
-3254
-3254
-3254
-3248
-3248
-3250
-3250
-3250
-3248
-3258
-3254
-3254
-3254
-3240
-3240
-3240
-3238
-3238
-3234
-3234
-3234
-3234
-3228
-3218
-3208
-3196
-3198
-3188
-3188
-3178
-3178
-3170
-3170
-3166
-3166
-3166
-3166
-3166
-3166
-3160
-3160
-3162
-3162
-3162
-3162
-3162
-3164
-3164
-3162
-3162
-3162
-3162
-3160
-3160
-3158
-3170
-3154
-3154
-3154
-3154
-3154
-3146
-3148
-3144
-3140
-3140
-3140
-3140
-3136
-3136
-3128
-3128
-3122
-3122
-3122
-3122
-3116
-3116
-3116
-3110
-3110
-3110
-3110
-3108
-3108
-3116
-3116
-3112
-3112
-3110
-3110
-3110
-3110
-3104
-3100
-3098
-3106
-3106
-3106
-3106
-3106
-3106
-3114
-3114
-3114
-3112
-3100
-3100
-3100
-3100
-3094
-3086
-3078
-3078
-3074
-3076
-3076
-3078
-3078
-3072
-3066
-3066
-3066
-3058
-3050
-3050
-3050
-3042
-3042
-3042
-3042
-3042
-3046
-3042
-3038
-3034
-3034
-3032
-3030
-3024
-3024
-3020
-3020
-3020
-3020
-3016
-3010
-3010
-3010
-3010
-3012
-3006
-3006
-3006
-2998
-2996
-2998
-2998
-2998
-3000
-3000
-3000
-3000
-3000
-2994
-2998
-2998
-2996
-2992
-2992
-2992
-2992
-2992
-2992
-2992
-2992
-2986
-2982
-2982
-2972
-2972
-2972
-2970
-2970
-2970
-2966
-2966
-2966
-2968
-2968
-2968
-2968
-2968
-2968
-2970
-2970
-2958
-2958
-2950
-2950
-2950
-2934
-2934
-2930
-2930
-2928
-2928
-2928
-2928
-2928
-2920
-2924
-2924
-2924
-2924
-2924
-2916
-2916
-2916
-2916
-2912
-2912
-2912
-2910
-2908
-2908
-2898
-2904
-2904
-2904
-2904
-2898
-2898
-2898
-2896
-2898
-2898
-2898
-2898
-2906
-2914
-2912
-2908
-2902
-2902
-2902
-2902
-2902
-2902
-2904
-2904
-2902
-2902
-2902
-2902
-2906
-2906
-2914
-2914
-2914
-2914
-2900
-2892
-2892
-2892
-2890
-2878
-2878
-2876
-2876
-2876
-2878
-2878
-2878
-2890
-2890
-2882
-2882
-2882
-2882
-2882
-2882
-2874
-2870
-2872
-2872
-2876
-2876
-2876
-2876
-2872
-2870
-2870
-2862
-2848
-2854
-2854
-2844
-2844
-2840
-2832
-2832
-2836
-2836
-2836
-2834
-2834
-2834
-2834
-2834
-2834
-2832
-2832
-2842
-2846
-2846
-2846
-2846
-2846
-2852
-2852
-2852
-2852
-2852
-2852
-2852
-2846
-2846
-2856
-2848
-2848
-2848
-2842
-2842
-2842
-2846
-2854
-2852
-2860
-2856
-2856
-2854
-2854
-2854
-2854
-2848
-2848
-2848
-2852
-2840
-2840
-2838
-2838
-2830
-2830
-2818
-2822
-2814
-2812
-2812
-2804
-2804
-2804
-2800
-2798
-2798
-2790
-2798
-2788
-2784
-2784
-2784
-2784
-2784
-2784
-2784
-2784
-2784
-2774
-2774
-2776
-2776
-2774
-2774
-2776
-2782
-2782
-2772
-2768
-2768
-2768
-2768
-2768
-2776
-2776
-2770
-2770
-2772
-2772
-2764
-2764
-2750
-2758
-2760
-2760
-2762
-2762
-2754
-2760
-2760
-2758
-2748
-2758
-2752
-2750
-2748
-2752
-2754
-2754
-2750
-2750
-2750
-2742
-2742
-2742
-2742
-2740
-2740
-2740
-2740
-2748
-2748
-2748
-2748
-2750
-2746
-2746
-2744
-2744
-2744
-2744
-2744
-2734
-2722
-2718
-2724
-2724
-2724
-2726
-2726
-2726
-2722
-2714
-2714
-2718
-2714
-2720
-2722
-2712
-2702
-2694
-2694
-2694
-2698
-2698
-2692
-2702
-2702
-2698
-2698
-2708
-2710
-2710
-2716
-2720
-2720
-2720
-2714
-2714
-2714
-2714
-2714
-2714
-2708
-2708
-2708
-2708
-2708
-2706
-2706
-2706
-2706
-2714
-2700
-2700
-2700
-2696
-2696
-2696
-2692
-2696
-2696
-2690
-2690
-2692
-2692
-2700
-2694
-2686
-2694
-2694
-2696
-2704
-2706
-2698
-2698
-2706
-2706
-2706
-2704
-2704
-2698
-2694
-2702
-2694
-2694
-2690
-2700
-2698
-2690
-2688
-2688
-2686
-2686
-2686
-2686
-2688
-2678
-2678
-2678
-2678
-2678
-2682
-2682
-2682
-2682
-2672
-2668
-2656
-2656
-2656
-2656
-2656
-2644
-2644
-2644
-2644
-2644
-2644
-2636
-2636
-2636
-2636
-2636
-2642
-2636
-2642
-2642
-2646
-2642
-2638
-2638
-2638
-2644
-2648
-2644
-2644
-2644
-2644
-2638
-2634
-2634
-2628
-2628
-2622
-2622
-2622
-2622
-2622
-2618
-2618
-2626
-2626
-2624
-2624
-2624
-2624
-2626
-2626
-2626
-2618
-2626
-2626
-2626
-2630
-2630
-2630
-2630
-2638
-2630
-2626
-2626
-2626
-2626
-2626
-2626
-2626
-2626
-2622
-2626
-2626
-2626
-2632
-2632
-2632
-2632
-2618
-2614
-2614
-2616
-2616
-2616
-2620
-2620
-2620
-2616
-2616
-2614
-2614
-2600
-2588
-2588
-2588
-2582
-2570
-2570
-2564
-2564
-2564
-2568
-2568
-2558
-2554
-2558
-2556
-2548
-2546
-2546
-2538
-2536
-2534
-2532
-2532
-2524
-2524
-2516
-2516
-2516
-2512
-2512
-2512
-2512
-2512
-2512
-2512
-2512
-2514
-2506
-2506
-2506
-2506
-2510
-2500
-2500
-2488
-2486
-2482
-2478
-2478
-2478
-2478
-2478
-2478
-2478
-2472
-2478
-2470
-2470
-2470
-2470
-2468
-2456
-2442
-2442
-2438
-2436
-2424
-2414
-2412
-2404
-2404
-2404
-2404
-2404
-2396
-2396
-2396
-2394
-2394
-2390
-2390
-2390
-2390
-2386
-2386
-2386
-2384
-2386
-2378
-2382
-2376
-2376
-2372
-2372
-2372
-2372
-2372
-2372
-2372
-2372
-2356
-2356
-2356
-2356
-2356
-2356
-2354
-2350
-2350
-2356
-2356
-2356
-2356
-2352
-2354
-2350
-2344
-2346
-2346
-2340
-2340
-2332
-2332
-2320
-2320
-2324
-2316
-2310
-2310
-2304
-2300
-2306
-2306
-2310
-2310
-2310
-2298
-2298
-2294
-2294
-2294
-2294
-2294
-2294
-2294
-2286
-2286
-2288
-2292
-2292
-2292
-2286
-2292
-2300
-2300
-2296
-2296
-2296
-2296
-2296
-2284
-2286
-2286
-2284
-2284
-2284
-2284
-2284
-2284
-2284
-2278
-2278
-2278
-2282
-2274
-2274
-2274
-2278
-2286
-2286
-2284
-2284
-2278
-2278
-2278
-2272
-2272
-2274
-2274
-2266
-2266
-2266
-2266
-2266
-2266
-2266
-2260
-2262
-2266
-2266
-2260
-2260
-2260
-2254
-2254
-2252
-2252
-2250
-2246
-2248
-2248
-2248
-2244
-2244
-2244
-2250
-2248
-2248
-2244
-2244
-2234
-2222
-2216
-2216
-2216
-2210
-2208
-2202
-2198
-2198
-2198
-2194
-2194
-2194
-2198
-2196
-2194
-2190
-2188
-2186
-2188
-2192
-2198
-2196
-2196
-2196
-2196
-2196
-2196
-2196
-2196
-2198
-2196
-2196
-2196
-2184
-2188
-2180
-2180
-2184
-2190
-2190
-2190
-2194
-2186
-2186
-2186
-2178
-2172
-2166
-2152
-2152
-2152
-2164
-2164
-2154
-2148
-2148
-2148
-2146
-2146
-2146
-2134
-2134
-2134
-2130
-2126
-2116
-2120
-2116
-2116
-2112
-2112
-2110
-2112
-2112
-2112
-2112
-2112
-2112
-2112
-2112
-2112
-2112
-2112
-2116
-2116
-2106
-2110
-2110
-2110
-2116
-2116
-2116
-2106
-2116
-2116
-2116
-2120
-2116
-2116
-2120
-2120
-2122
-2122
-2108
-2108
-2110
-2118
-2118
-2118
-2118
-2110
-2108
-2098
-2098
-2092
-2092
-2080
-2080
-2080
-2078
-2078
-2078
-2078
-2092
-2092
-2094
-2094
-2094
-2094
-2094
-2094
-2094
-2094
-2094
-2094
-2094
-2094
-2092
-2092
-2096
-2090
-2090
-2090
-2092
-2086
-2082
-2082
-2080
-2080
-2080
-2080
-2076
-2070
-2070
-2066
-2074
-2074
-2076
-2064
-2062
-2062
-2062
-2062
-2062
-2062
-2062
-2062
-2062
-2062
-2062
-2062
-2060
-2060
-2060
-2054
-2054
-2054
-2054
-2054
-2054
-2048
-2048
-2052
-2052
-2052
-2044
-2044
-2044
-2044
-2044
-2056
-2062
-2058
-2058
-2046
-2046
-2040
-2032
-2032
-2032
-2032
-2028
-2022
-2024
-2024
-2024
-2024
-2022
-2022
-2022
-2018
-2012
-2006
-2006
-2006
-2002
-2000
-2000
-2000
-2000
-1992
-1992
-1988
-1988
-1988
-1988
-1992
-1994
-1994
-1994
-1994
-1996
-1996
-1996
-1996
-1988
-1984
-1984
-1980
-1980
-1976
-1976
-1978
-1978
-1978
-1982
-1978
-1978
-1982
-1982
-1978
-1978
-1972
-1972
-1972
-1972
-1968
-1968
-1962
-1966
-1972
-1972
-1970
-1978
-1982
-1982
-1974
-1974
-1970
-1970
-1964
-1968
-1968
-1968
-1962
-1954
-1956
-1956
-1954
-1954
-1942
-1942
-1932
-1928
-1934
-1934
-1938
-1938
-1938
-1938
-1938
-1938
-1938
-1940
-1940
-1940
-1936
-1936
-1938
-1934
-1936
-1936
-1936
-1934
-1934
-1934
-1918
-1918
-1900
-1900
-1896
-1896
-1906
-1896
-1896
-1892
-1892
-1892
-1884
-1884
-1874
-1862
-1862
-1866
-1866
-1858
-1858
-1858
-1862
-1860
-1864
-1850
-1850
-1850
-1840
-1840
-1842
-1846
-1846
-1856
-1856
-1856
-1856
-1850
-1850
-1842
-1842
-1842
-1842
-1842
-1842
-1824
-1818
-1826
-1826
-1830
-1830
-1830
-1818
-1816
-1814
-1814
-1814
-1816
-1808
-1808
-1808
-1808
-1800
-1792
-1784
-1776
-1776
-1776
-1776
-1776
-1770
-1766
-1766
-1766
-1766
-1760
-1760
-1760
-1752
-1750
-1750
-1750
-1750
-1750
-1758
-1758
-1758
-1754
-1740
-1740
-1736
-1726
-1722
-1720
-1720
-1720
-1720
-1720
-1720
-1720
-1724
-1724
-1724
-1724
-1724
-1722
-1708
-1708
-1706
-1706
-1706
-1706
-1706
-1704
-1704
-1704
-1704
-1704
-1708
-1706
-1700
-1700
-1704
-1704
-1704
-1704
-1704
-1706
-1706
-1706
-1700
-1700
-1688
-1688
-1684
-1692
-1692
-1692
-1688
-1688
-1688
-1688
-1692
-1686
-1686
-1686
-1686
-1690
-1680
-1676
-1676
-1664
-1666
-1666
-1666
-1666
-1660
-1660
-1658
-1664
-1664
-1658
-1662
-1658
-1658
-1652
-1652
-1652
-1650
-1648
-1652
-1650
-1652
-1652
-1640
-1632
-1632
-1632
-1632
-1620
-1620
-1620
-1624
-1624
-1628
-1628
-1622
-1630
-1630
-1628
-1634
-1634
-1640
-1636
-1636
-1636
-1632
-1626
-1626
-1616
-1616
-1618
-1618
-1620
-1620
-1612
-1612
-1600
-1600
-1600
-1600
-1606
-1606
-1606
-1612
-1610
-1610
-1610
-1612
-1612
-1620
-1620
-1622
-1622
-1626
-1626
-1624
-1624
-1626
-1626
-1618
-1618
-1612
-1612
-1612
-1612
-1606
-1606
-1606
-1610
-1610
-1602
-1600
-1592
-1584
-1576
-1576
-1566
-1564
-1556
-1556
-1552
-1552
-1552
-1552
-1548
-1548
-1548
-1548
-1548
-1548
-1548
-1548
-1548
-1552
-1546
-1546
-1546
-1542
-1542
-1534
-1534
-1526
-1526
-1526
-1522
-1522
-1522
-1522
-1522
-1516
-1514
-1514
-1514
-1514
-1520
-1520
-1520
-1520
-1508
-1508
-1514
-1514
-1520
-1520
-1520
-1520
-1514
-1510
-1510
-1502
-1502
-1502
-1510
-1510
-1516
-1516
-1518
-1516
-1518
-1522
-1526
-1528
-1516
-1516
-1512
-1512
-1512
-1512
-1510
-1512
-1514
-1508
-1508
-1506
-1506
-1506
-1494
-1488
-1488
-1488
-1488
-1488
-1488
-1488
-1488
-1488
-1488
-1482
-1478
-1474
-1474
-1472
-1472
-1472
-1460
-1462
-1462
-1462
-1462
-1462
-1462
-1462
-1466
-1468
-1468
-1468
-1468
-1468
-1468
-1470
-1470
-1466
-1462
-1464
-1460
-1450
-1450
-1450
-1444
-1444
-1442
-1432
-1432
-1432
-1432
-1432
-1432
-1432
-1432
-1432
-1426
-1426
-1424
-1424
-1424
-1418
-1418
-1418
-1416
-1416
-1408
-1398
-1398
-1396
-1396
-1400
-1400
-1400
-1400
-1400
-1400
-1398
-1398
-1398
-1404
-1402
-1400
-1400
-1406
-1406
-1406
-1396
-1396
-1396
-1396
-1396
-1402
-1402
-1398
-1398
-1398
-1398
-1398
-1388
-1388
-1392
-1386
-1386
-1378
-1368
-1368
-1368
-1368
-1368
-1378
-1378
-1378
-1378
-1378
-1372
-1372
-1370
-1370
-1370
-1378
-1378
-1382
-1382
-1382
-1382
-1380
-1382
-1382
-1382
-1374
-1380
-1364
-1364
-1364
-1364
-1360
-1360
-1360
-1356
-1356
-1346
-1340
-1340
-1340
-1332
-1332
-1332
-1324
-1324
-1324
-1324
-1324
-1324
-1324
-1318
-1318
-1318
-1318
-1318
-1308
-1308
-1308
-1322
-1328
-1328
-1328
-1328
-1328
-1328
-1328
-1330
-1330
-1328
-1328
-1328
-1324
-1324
-1318
-1318
-1322
-1318
-1318
-1324
-1324
-1324
-1328
-1328
-1328
-1328
-1336
-1338
-1334
-1330
-1330
-1330
-1332
-1326
-1326
-1330
-1328
-1330
-1330
-1330
-1332
-1332
-1326
-1322
-1322
-1322
-1322
-1322
-1318
-1318
-1318
-1318
-1318
-1318
-1318
-1318
-1326
-1326
-1326
-1326
-1326
-1332
-1330
-1330
-1330
-1322
-1328
-1328
-1330
-1324
-1330
-1328
-1328
-1332
-1332
-1338
-1340
-1340
-1340
-1340
-1340
-1350
-1338
-1338
-1342
-1340
-1340
-1344
-1348
-1342
-1342
-1350
-1350
-1350
-1350
-1350
-1342
-1340
-1340
-1340
-1340
-1342
-1340
-1336
-1336
-1336
-1336
-1336
-1336
-1332
-1332
-1332
-1334
-1330
-1330
-1330
-1330
-1330
-1330
-1332
-1340
-1334
-1334
-1334
-1334
-1334
-1334
-1334
-1332
-1340
-1340
-1340
-1336
-1336
-1324
-1324
-1324
-1324
-1336
-1336
-1336
-1342
-1342
-1346
-1350
-1346
-1346
-1348
-1346
-1346
-1346
-1346
-1342
-1344
-1344
-1336
-1336
-1336
-1334
-1332
-1332
-1326
-1324
-1324
-1324
-1330
-1330
-1332
-1332
-1326
-1326
-1320
-1320
-1316
-1316
-1316
-1306
-1306
-1304
-1296
-1296
-1296
-1300
-1296
-1296
-1286
-1284
-1284
-1284
-1284
-1284
-1284
-1284
-1284
-1284
-1280
-1284
-1284
-1286
-1286
-1286
-1286
-1282
-1282
-1282
-1282
-1276
-1266
-1266
-1266
-1262
-1260
-1260
-1260
-1252
-1260
-1256
-1258
-1266
-1266
-1266
-1266
-1270
-1270
-1272
-1272
-1272
-1272
-1268
-1264
-1254
-1254
-1254
-1254
-1242
-1242
-1242
-1242
-1248
-1244
-1242
-1242
-1242
-1244
-1244
-1244
-1244
-1240
-1236
-1232
-1232
-1232
-1236
-1236
-1224
-1224
-1224
-1222
-1216
-1216
-1220
-1214
-1216
-1216
-1216
-1214
-1214
-1214
-1214
-1214
-1214
-1216
-1220
-1220
-1220
-1220
-1220
-1218
-1218
-1216
-1210
-1210
-1210
-1210
-1210
-1208
-1206
-1206
-1206
-1204
-1204
-1204
-1204
-1204
-1198
-1198
-1196
-1196
-1196
-1200
-1200
-1196
-1204
-1200
-1196
-1190
-1182
-1182
-1174
-1180
-1180
-1186
-1174
-1174
-1174
-1174
-1174
-1174
-1178
-1178
-1174
-1174
-1174
-1166
-1166
-1166
-1166
-1170
-1172
-1164
-1170
-1170
-1170
-1170
-1170
-1162
-1162
-1158
-1158
-1160
-1160
-1160
-1160
-1158
-1166
-1166
-1160
-1160
-1168
-1168
-1168
-1168
-1172
-1178
-1178
-1178
-1178
-1176
-1168
-1168
-1168
-1168
-1160
-1160
-1160
-1156
-1154
-1152
-1152
-1146
-1150
-1146
-1142
-1156
-1160
-1160
-1160
-1164
-1154
-1148
-1148
-1146
-1146
-1150
-1150
-1150
-1150
-1140
-1140
-1140
-1140
-1140
-1140
-1142
-1144
-1138
-1130
-1130
-1122
-1116
-1114
-1114
-1108
-1106
-1094
-1094
-1094
-1094
-1094
-1088
-1088
-1088
-1086
-1086
-1082
-1082
-1082
-1082
-1082
-1082
-1082
-1082
-1086
-1086
-1086
-1086
-1080
-1082
-1082
-1076
-1078
-1076
-1074
-1080
-1082
-1082
-1082
-1082
-1082
-1082
-1082
-1082
-1082
-1082
-1086
-1086
-1086
-1078
-1080
-1080
-1072
-1072
-1072
-1072
-1072
-1074
-1086
-1086
-1092
-1080
-1078
-1086
-1086
-1098
-1096
-1092
-1092
-1082
-1078
-1078
-1082
-1082
-1082
-1076
-1076
-1074
-1068
-1068
-1074
-1074
-1078
-1076
-1076
-1068
-1068
-1062
-1062
-1062
-1062
-1066
-1066
-1066
-1066
-1066
-1066
-1072
-1064
-1060
-1058
-1058
-1058
-1058
-1058
-1054
-1054
-1054
-1064
-1064
-1064
-1064
-1066
-1066
-1066
-1072
-1072
-1072
-1068
-1068
-1068
-1064
-1064
-1064
-1064
-1068
-1068
-1068
-1068
-1068
-1068
-1062
-1062
-1064
-1064
-1064
-1058
-1060
-1058
-1054
-1054
-1054
-1054
-1044
-1044
-1046
-1046
-1048
-1044
-1044
-1050
-1050
-1044
-1044
-1044
-1050
-1050
-1050
-1050
-1036
-1036
-1036
-1036
-1036
-1036
-1028
-1028
-1024
-1024
-1020
-1020
-1010
-1010
-1010
-1008
-1010
-1008
-1008
-1008
-1008
-1008
-1008
-1008
-996
-996
-990
-990
-994
-994
-986
-986
-986
-986
-986
-986
-974
-974
-980
-984
-984
-984
-984
-984
-984
-984
-984
-984
-978
-966
-962
-958
-958
-954
-954
-954
-966
-968
-968
-968
-962
-962
-962
-956
-956
-948
-948
-940
-940
-942
-950
-950
-950
-950
-950
-960
-952
-952
-950
-942
-944
-950
-948
-948
-944
-944
-944
-944
-944
-944
-940
-940
-940
-940
-940
-944
-944
-942
-942
-942
-942
-944
-942
-942
-956
-956
-952
-952
-952
-952
-950
-948
-948
-948
-944
-946
-944
-944
-944
-944
-944
-948
-942
-942
-936
-932
-938
-938
-938
-928
-924
-930
-930
-928
-928
-926
-926
-926
-926
-926
-926
-932
-932
-932
-932
-932
-932
-940
-940
-940
-940
-946
-946
-946
-938
-930
-926
-926
-926
-920
-916
-898
-906
-894
-894
-894
-884
-884
-878
-878
-878
-878
-884
-878
-882
-872
-876
-876
-876
-868
-872
-872
-872
-870
-870
-870
-870
-864
-850
-850
-850
-850
-846
-852
-846
-846
-842
-842
-842
-846
-846
-846
-846
-838
-838
-838
-838
-838
-838
-838
-826
-826
-830
-830
-834
-834
-838
-840
-834
-834
-834
-830
-830
-840
-840
-840
-840
-844
-844
-844
-840
-840
-840
-840
-840
-840
-840
-844
-844
-844
-846
-838
-852
-852
-854
-854
-854
-844
-844
-856
-856
-860
-868
-866
-868
-868
-868
-864
-856
-860
-854
-846
-844
-844
-836
-836
-838
-838
-836
-838
-830
-818
-818
-822
-814
-818
-812
-812
-812
-804
-804
-804
-798
-798
-790
-790
-790
-790
-790
-794
-794
-794
-792
-792
-788
-788
-788
-792
-788
-792
-786
-786
-786
-778
-778
-778
-778
-790
-790
-780
-780
-780
-780
-772
-766
-766
-766
-766
-766
-762
-764
-756
-756
-760
-760
-748
-742
-738
-744
-744
-744
-738
-734
-734
-728
-728
-730
-730
-730
-730
-726
-726
-726
-730
-724
-718
-716
-710
-706
-712
-712
-712
-714
-712
-702
-702
-702
-694
-686
-686
-686
-686
-686
-686
-686
-686
-682
-686
-684
-684
-684
-680
-678
-678
-678
-672
-666
-666
-666
-664
-666
-668
-668
-668
-660
-660
-658
-658
-658
-658
-646
-638
-650
-650
-660
-662
-656
-650
-650
-656
-656
-662
-664
-666
-660
-660
-666
-654
-654
-654
-654
-654
-654
-654
-646
-642
-656
-662
-662
-662
-662
-662
-662
-662
-662
-662
-662
-662
-662
-662
-662
-662
-662
-668
-668
-664
-664
-664
-664
-664
-666
-664
-664
-666
-668
-668
-668
-668
-668
-668
-668
-670
-660
-660
-660
-660
-660
-660
-660
-660
-664
-664
-664
-664
-664
-662
-672
-672
-674
-684
-694
-700
-704
-704
-702
-698
-698
-692
-692
-680
-680
-680
-680
-680
-672
-680
-682
-682
-684
-684
-678
-678
-680
-680
-680
-682
-690
-690
-690
-686
-682
-682
-686
-694
-694
-694
-686
-686
-688
-688
-688
-680
-682
-670
-656
-664
-660
-660
-652
-648
-648
-648
-648
-648
-648
-646
-646
-646
-646
-644
-648
-648
-648
-652
-640
-636
-640
-634
-640
-640
-640
-640
-642
-642
-642
-642
-648
-648
-648
-648
-648
-648
-652
-652
-652
-656
-656
-656
-656
-656
-646
-646
-652
-652
-658
-660
-650
-650
-650
-650
-648
-648
-650
-662
-664
-668
-666
-666
-666
-666
-670
-670
-666
-666
-672
-672
-672
-680
-680
-680
-680
-674
-674
-674
-674
-670
-668
-668
-668
-668
-668
-662
-650
-652
-652
-652
-660
-660
-660
-660
-666
-666
-666
-662
-658
-656
-656
-656
-664
-666
-666
-670
-670
-670
-666
-666
-664
-664
-660
-660
-660
-660
-670
-670
-666
-666
-654
-654
-654
-654
-650
-650
-648
-648
-650
-650
-648
-644
-644
-644
-644
-644
-644
-644
-644
-644
-634
-634
-634
-634
-634
-634
-634
-640
-652
-650
-650
-650
-646
-646
-646
-646
-646
-650
-650
-650
-650
-650
-648
-648
-648
-648
-632
-632
-632
-636
-636
-636
-636
-636
-636
-636
-628
-624
-612
-612
-612
-612
-612
-612
-612
-612
-616
-616
-616
-602
-602
-602
-602
-602
-602
-606
-606
-602
-604
-608
-602
-602
-602
-594
-594
-594
-594
-594
-596
-596
-594
-594
-586
-586
-586
-588
-578
-578
-582
-588
-588
-588
-584
-584
-584
-584
-584
-586
-590
-584
-586
-574
-574
-574
-570
-564
-564
-564
-574
-574
-576
-576
-576
-572
-576
-576
-576
-572
-572
-576
-570
-570
-576
-576
-576
-576
-576
-564
-564
-576
-576
-576
-576
-576
-586
-586
-586
-588
-578
-578
-574
-574
-574
-574
-574
-570
-568
-568
-572
-572
-574
-574
-566
-566
-568
-568
-574
-574
-586
-578
-570
-576
-578
-578
-574
-570
-566
-566
-566
-558
-564
-558
-554
-548
-548
-546
-546
-546
-546
-544
-542
-542
-540
-542
-542
-542
-534
-534
-534
-534
-534
-534
-534
-534
-534
-528
-526
-526
-518
-514
-514
-514
-518
-516
-516
-524
-524
-524
-524
-524
-518
-514
-514
-506
-494
-494
-494
-496
-490
-490
-490
-492
-492
-492
-498
-498
-496
-492
-490
-492
-492
-488
-482
-482
-478
-478
-478
-478
-472
-472
-472
-472
-476
-482
-482
-474
-474
-474
-472
-476
-476
-476
-476
-476
-462
-462
-462
-468
-468
-472
-472
-472
-472
-478
-478
-478
-490
-490
-492
-492
-492
-484
-484
-478
-478
-480
-480
-478
-478
-480
-474
-474
-474
-478
-478
-470
-462
-466
-468
-458
-458
-450
-442
-436
-430
-420
-422
-424
-424
-424
-426
-434
-436
-436
-436
-436
-436
-442
-448
-448
-446
-442
-442
-452
-452
-452
-452
-444
-438
-444
-444
-444
-438
-438
-438
-438
-438
-438
-430
-430
-424
-420
-420
-420
-420
-420
-428
-416
-428
-426
-414
-406
-406
-404
-404
-404
-404
-394
-400
-396
-394
-394
-384
-388
-392
-392
-392
-392
-392
-392
-390
-390
-398
-398
-398
-402
-402
-404
-404
-404
-404
-404
-404
-412
-410
-410
-410
-406
-400
-400
-400
-400
-400
-400
-400
-400
-400
-400
-400
-396
-396
-388
-388
-388
-392
-392
-392
-392
-396
-396
-402
-402
-402
-398
-398
-398
-402
-404
-404
-404
-404
-404
-406
-406
-406
-406
-406
-406
-406
-406
-406
-402
-402
-392
-398
-398
-394
-394
-394
-394
-394
-394
-394
-392
-388
-388
-398
-406
-408
-408
-408
-398
-398
-398
-388
-376
-376
-378
-380
-386
-386
-386
-394
-394
-390
-388
-388
-388
-390
-402
-408
-412
-398
-404
-404
-404
-408
-402
-402
-404
-404
-406
-406
-406
-406
-406
-406
-406
-406
-394
-394
-394
-402
-402
-402
-402
-400
-400
-400
-398
-404
-404
-388
-388
-396
-400
-408
-400
-402
-402
-406
-406
-406
-406
-406
-406
-406
-406
-408
-402
-402
-402
-402
-398
-394
-378
-372
-374
-368
-368
-378
-378
-374
-372
-372
-372
-372
-372
-372
-372
-372
-372
-372
-372
-372
-372
-382
-390
-388
-382
-380
-380
-380
-376
-376
-376
-376
-376
-374
-372
-374
-378
-378
-378
-374
-374
-374
-372
-372
-374
-374
-374
-378
-378
-378
-378
-384
-384
-380
-374
-374
-364
-364
-364
-364
-364
-360
-358
-358
-358
-364
-354
-346
-346
-346
-346
-340
-340
-340
-336
-336
-342
-342
-342
-342
-338
-330
-328
-328
-328
-328
-318
-318
-318
-316
-312
-312
-312
-316
-326
-326
-326
-324
-324
-324
-334
-332
-332
-332
-332
-332
-326
-320
-324
-322
-320
-322
-322
-316
-316
-314
-314
-298
-292
-292
-292
-292
-292
-292
-282
-282
-282
-278
-278
-282
-282
-282
-282
-278
-278
-276
-276
-276
-276
-276
-282
-282
-282
-282
-282
-282
-284
-284
-284
-284
-284
-286
-286
-286
-284
-288
-288
-290
-290
-292
-292
-292
-292
-294
-296
-294
-300
-300
-300
-300
-300
-298
-298
-310
-310
-300
-292
-292
-294
-300
-300
-302
-302
-302
-302
-294
-294
-296
-304
-312
-312
-310
-312
-312
-312
-322
-324
-324
-324
-322
-324
-324
-322
-326
-328
-330
-318
-308
-308
-308
-308
-308
-300
-296
-296
-300
-304
-300
-306
-302
-302
-300
-304
-304
-304
-310
-304
-304
-312
-316
-308
-308
-302
-302
-302
-302
-302
-306
-304
-300
-298
-298
-298
-298
-290
-298
-290
-290
-290
-280
-280
-280
-280
-278
-278
-278
-278
-278
-278
-278
-274
-272
-272
-272
-270
-266
-266
-264
-264
-264
-266
-278
-280
-280
-280
-280
-278
-278
-278
-278
-278
-278
-278
-272
-270
-276
-276
-272
-272
-272
-256
-256
-256
-254
-258
-258
-258
-258
-258
-260
-268
-272
-272
-266
-264
-264
-264
-264
-264
-264
-260
-260
-260
-260
-258
-256
-264
-274
-274
-274
-278
-278
-278
-286
-290
-292
-296
-296
-300
-300
-304
-292
-292
-296
-296
-296
-296
-298
-298
-304
-298
-298
-298
-296
-290
-290
-282
-284
-284
-286
-286
-286
-286
-280
-276
-276
-270
-272
-272
-274
-272
-276
-280
-280
-280
-280
-280
-282
-280
-274
-266
-266
-266
-268
-268
-268
-274
-280
-280
-288
-278
-278
-284
-280
-280
-274
-274
-274
-266
-268
-268
-270
-270
-270
-270
-270
-270
-272
-272
-272
-272
-274
-270
-274
-274
-274
-274
-274
-276
-278
-276
-272
-272
-272
-270
-270
-270
-270
-270
-276
-280
-280
-268
-268
-278
-274
-268
-276
-276
-270
-266
-266
-266
-254
-252
-252
-252
-252
-248
-248
-248
-250
-250
-250
-250
-250
-250
-250
-250
-256
-256
-256
-256
-256
-254
-254
-254
-254
-254
-244
-244
-244
-244
-244
-244
-244
-236
-236
-240
-240
-240
-246
-246
-246
-236
-236
-234
-234
-236
-236
-226
-226
-224
-224
-220
-210
-224
-224
-222
-222
-222
-232
-228
-228
-228
-242
-236
-240
-236
-242
-236
-234
-234
-234
-234
-234
-234
-230
-230
-230
-236
-244
-244
-244
-254
-258
-258
-262
-262
-270
-258
-254
-254
-254
-246
-246
-246
-246
-236
-234
-234
-232
-230
-220
-216
-224
-224
-226
-222
-220
-224
-222
-222
-224
-224
-224
-216
-220
-218
-214
-214
-210
-208
-214
-214
-220
-220
-226
-226
-226
-218
-218
-218
-210
-198
-198
-202
-198
-196
-196
-196
-196
-204
-204
-198
-198
-194
-194
-198
-190
-198
-192
-184
-184
-184
-190
-196
-194
-194
-200
-200
-196
-196
-198
-186
-186
-186
-188
-188
-186
-186
-186
-200
-200
-200
-200
-198
-198
-198
-198
-198
-198
-198
-208
-218
-214
-214
-216
-216
-216
-214
-214
-222
-226
-224
-224
-222
-222
-216
-216
-230
-230
-230
-220
-218
-226
-226
-226
-226
-232
-232
-232
-234
-234
-242
-242
-234
-232
-232
-232
-232
-224
-224
-214
-210
-210
-210
-210
-206
-206
-202
-194
-194
-200
-194
-198
-190
-190
-190
-196
-196
-196
-196
-196
-198
-198
-198
-198
-194
-186
-186
-178
-178
-170
-170
-174
-174
-170
-170
-166
-166
-166
-166
-166
-168
-162
-162
-162
-162
-158
-158
-146
-146
-140
-140
-130
-132
-132
-132
-132
-132
-134
-138
-138
-146
-152
-148
-148
-148
-150
-148
-148
-148
-142
-136
-134
-128
-124
-124
-124
-122
-122
-118
-118
-116
-116
-108
-108
-112
-112
-100
-94
-94
-98
-98
-112
-120
-120
-124
-124
-124
-122
-122
-126
-126
-122
-124
-124
-116
-116
-118
-120
-120
-118
-114
-116
-116
-116
-116
-116
-116
-126
-124
-122
-110
-106
-106
-112
-112
-112
-118
-120
-112
-112
-102
-102
-96
-100
-94
-94
-94
-106
-106
-106
-106
-106
-106
-106
-106
-106
-108
-116
-106
-114
-110
-110
-120
-130
-130
-130
-130
-126
-126
-136
-134
-134
-138
-132
-132
-132
-128
-134
-132
-132
-126
-122
-114
-112
-112
-112
-112
-112
-112
-112
-110
-110
-104
-96
-98
-98
-96
-92
-94
-94
-96
-94
-96
-96
-96
-96
-96
-96
-102
-102
-102
-102
-92
-92
-88
-88
-88
-88
-86
-86
-86
-76
-70
-68
-68
-72
-68
-68
-68
-64
-60
-60
-66
-68
-74
-74
-62
-62
-62
-54
-48
-48
-48
-60
-60
-66
-66
-66
-66
-66
-66
-66
-66
-66
-66
-58
-68
-78
-78
-76
-78
-78
-78
-78
-78
-86
-86
-82
-82
-82
-82
-82
-76
-76
-76
-74
-74
-70
-70
-72
-74
-74
-74
-78
-74
-74
-74
-74
-74
-74
-74
-74
-74
-78
-78
-78
-84
-84
-86
-96
-96
-96
-96
-98
-94
-94
-94
-94
-94
-94
-102
-102
-100
-86
-86
-92
-88
-88
-88
-88
-80
-80
-80
-80
-84
-84
-80
-82
-86
-84
-84
-88
-94
-94
-92
-92
-92
-92
-88
-88
-88
-88
-80
-80
-82
-84
-80
-80
-88
-88
-80
-90
-88
-86
-82
-86
-102
-102
-102
-104
-104
-104
-100
-94
-94
-100
-96
-96
-92
-86
-74
-68
-70
-70
-66
-66
-68
-68
-68
-58
-62
-62
-56
-56
-56
-56
-56
-58
-58
-58
-60
-60
-60
-60
-62
-52
-52
-58
-56
-56
-62
-66
-70
-70
-70
-70
-70
-70
-70
-78
-80
-80
-80
-84
-88
-88
-90
-90
-90
-94
-94
-106
-106
-106
-108
-108
-108
-108
-102
-102
-102
-102
-92
-92
-82
-82
-82
-86
-88
-88
-94
-92
-92
-92
-88
-88
-86
-92
-92
-86
-80
-80
-80
-90
-90
-92
-94
-94
-94
-96
-96
-96
-96
-96
-96
-96
-96
-98
-98
-98
-98
-100
-100
-100
-92
-92
-92
-96
-96
-96
-96
-96
-96
-96
-100
-100
-100
-110
-110
-110
-114
-114
-112
-112
-112
-106
-108
-104
-96
-104
-102
-102
-92
-92
-92
-98
-98
-98
-108
-116
-116
-116
-116
-120
-110
-104
-104
-108
-108
-108
-108
-102
-102
-100
-100
-100
-108
-108
-108
-108
-108
-108
-110
-108
-108
-108
-108
-114
-114
-120
-114
-114
-112
-104
-104
-102
-102
-100
-92
-92
-92
-92
-92
-92
-92
-88
-88
-84
-86
-86
-86
-86
-96
-96
-96
-96
-96
-96
-96
-96
-96
-98
-96
-98
-98
-98
-98
-98
-98
-96
-96
-92
-92
-104
-104
-100
-100
-100
-100
-92
-92
-92
-92
-86
-84
-90
-90
-90
-90
-96
-96
-98
-98
-98
-98
-108
-110
-104
-104
-104
-104
-108
-116
-116
-126
-132
-132
-132
-132
-132
-132
-120
-128
-132
-132
-132
-132
-128
-128
-126
-124
-124
-120
-120
-124
-124
-124
-124
-124
-116
-118
-104
-98
-96
-92
-92
-92
-92
-90
-90
-92
-92
-92
-102
-102
-102
-102
-102
-102
-102
-102
-102
-96
-96
-96
-96
-96
-96
-96
-88
-92
-92
-92
-92
-92
-92
-88
-92
-90
-90
-98
-96
-96
-96
-90
-88
-88
-94
-94
-84
-84
-86
-86
-86
-78
-80
-82
-86
-86
-86
-86
-80
-80
-80
-80
-86
-86
-86
-86
-88
-82
-82
-90
-90
-90
-92
-92
-92
-92
-92
-90
-90
-90
-90
-90
-94
-102
-104
-104
-98
-88
-90
-88
-88
-88
-78
-84
-92
-92
-92
-92
-98
-100
-100
-100
-100
-102
-96
-96
-92
-92
-100
-92
-88
-86
-86
-90
-98
-98
-98
-98
-102
-102
-102
-98
-94
-94
-86
-86
-86
-90
-90
-90
-88
-88
-90
-90
-92
-94
-94
-94
-94
-92
-88
-88
-88
-88
-88
-88
-88
-88
-88
-88
-86
-86
-86
-86
-84
-80
-80
-74
-78
-78
-78
-78
-78
-78
-78
-78
-78
-72
-60
-60
-58
-58
-60
-62
-58
-48
-54
-54
-60
-60
-62
-62
-60
-68
-74
-74
-74
-74
-72
-72
-72
-72
-68
-68
-68
-78
-78
-78
-78
-78
-82
-86
-86
-86
-84
-84
-84
-84
-84
-84
-80
-80
-70
-76
-76
-82
-82
-82
-80
-80
-88
-88
-88
-88
-82
-86
-78
-70
-70
-70
-70
-66
-66
-60
-56
-56
-56
-62
-62
-62
-66
-62
-62
-62
-68
-68
-68
-72
-72
-74
-74
-74
-74
-74
-74
-74
-74
-78
-82
-82
-82
-80
-74
-82
-82
-82
-86
-102
-100
-98
-96
-100
-100
-104
-104
-104
-98
-110
-110
-114
-114
-114
-116
-118
-118
-112
-112
-112
-118
-118
-116
-116
-114
-114
-114
-114
-114
-114
-120
-120
-120
-120
-120
-116
-116
-114
-114
-104
-100
-98
-102
-106
-94
-98
-100
-92
-92
-86
-86
-86
-82
-78
-78
-78
-80
-80
-80
-80
-80
-82
-82
-90
-96
-96
-86
-86
-86
-86
-88
-88
-90
-90
-86
-94
-94
-94
-94
-90
-94
-86
-86
-84
-84
-84
-82
-82
-82
-92
-92
-98
