-2619
-2609
-2599
-2591
-2583
-2575
-2567
-2567
-2563
-2551
-2545
-2539
-2527
-2519
-2513
-2507
-2511
-2501
-2499
-2487
-2483
-2475
-2469
-2457
-2453
-2455
-2449
-2443
-2437
-2429
-2421
-2413
-2405
-2395
-2393
-2379
-2363
-2355
-2343
-2339
-2335
-2327
-2317
-2311
-2305
-2297
-2285
-2271
-2261
-2261
-2257
-2253
-2233
-2221
-2213
-2199
-2193
-2179
-2173
-2173
-2167
-2159
-2151
-2151
-2143
-2137
-2135
-2123
-2115
-2117
-2117
-2109
-2115
-2105
-2097
-2093
-2085
-2085
-2075
-2073
-2065
-2065
-2061
-2057
-2039
-2035
-2035
-2035
-2037
-2031
-2021
-2021
-2011
-2005
-1997
-1989
-1991
-1991
-1985
-1973
-1959
-1953
-1945
-1939
-1933
-1927
-1923
-1923
-1913
-1911
-1903
-1901
-1891
-1887
-1879
-1873
-1871
-1873
-1867
-1861
-1847
-1839
-1835
-1827
-1821
-1817
-1805
-1799
-1783
-1773
-1769
-1763
-1759
-1747
-1745
-1741
-1743
-1739
-1741
-1735
-1733
-1717
-1707
-1711
-1717
-1709
-1693
-1691
-1685
-1673
-1665
-1651
-1645
-1643
-1647
-1643
-1635
-1641
-1633
-1623
-1619
-1617
-1609
-1599
-1587
-1589
-1585
-1577
-1579
-1569
-1569
-1559
-1551
-1543
-1543
-1533
-1523
-1523
-1529
-1517
-1509
-1495
-1485
-1487
-1477
-1469
-1453
-1453
-1453
-1457
-1455
-1441
-1431
-1419
-1423
-1415
-1411
-1417
-1417
-1413
-1409
-1401
-1397
-1387
-1387
-1389
-1379
-1375
-1369
-1365
-1353
-1343
-1339
-1337
-1329
-1319
-1311
-1307
-1305
-1297
-1289
-1291
-1281
-1271
-1269
-1259
-1265
-1253
-1249
-1247
-1243
-1237
-1243
-1231
-1233
-1231
-1231
-1229
-1229
-1217
-1211
-1213
-1213
-1211
-1201
-1199
-1197
-1193
-1181
-1183
-1189
-1187
-1185
-1183
-1175
-1165
-1159
-1151
-1137
-1127
-1131
-1131
-1131
-1117
-1117
-1115
-1099
-1101
-1105
-1099
-1105
-1111
-1111
-1111
-1103
-1103
-1103
-1107
-1097
-1091
-1083
-1083
-1095
-1107
-1099
-1097
-1097
-1091
-1093
-1097
-1101
-1109
-1101
-1103
-1099
-1091
-1081
-1073
-1063
-1055
-1055
-1051
-1045
-1047
-1051
-1045
-1037
-1033
-1031
-1029
-1023
-1019
-1011
-1005
-1011
-1017
-1025
-1019
-1003
-999
-995
-989
-987
-973
-975
-977
-975
-969
-961
-959
-961
-951
-939
-939
-933
-931
-933
-923
-911
-911
-905
-905
-899
-903
-899
-889
-897
-895
-889
-881
-875
-867
-869
-865
-869
-871
-875
-873
-871
-865
-871
-873
-865
-871
-871
-871
-863
-865
-857
-845
-839
-839
-845
-847
-841
-839
-825
-827
-831
-819
-813
-817
-813
-813
-809
-803
-797
-793
-801
-791
-793
-789
-787
-777
-777
-771
-773
-769
-773
-761
-755
-753
-741
-741
-731
-731
-737
-727
-731
-731
-735
-725
-719
-719
-713
-707
-711
-705
-695
-691
-691
-685
-683
-677
-687
-683
-685
-683
-677
-671
-669
-673
-677
-677
-673
-669
-659
-661
-651
-639
-627
-623
-613
-605
-601
-593
-587
-587
-585
-585
-589
-583
-581
-581
-573
-573
-563
-557
-555
-549
-553
-543
-545
-533
-533
-543
-545
-539
-541
-547
-547
-541
-539
-541
-539
-545
-545
-549
-545
-537
-535
-519
-509
-509
-513
-499
-487
-481
-485
-483
-489
-489
-483
-471
-465
-465
-457
-455
-453
-443
-439
-443
-445
-449
-445
-447
-437
-439
-435
-437
-429
-419
-409
-401
-393
-389
-395
-385
-383
-381
-381
-373
-373
-381
-383
-375
-375
-377
-373
-371
-377
-373
-375
-363
-363
-359
-361
-355
-351
-351
-343
-341
-341
-335
-335
-349
-355
-355
-347
-351
-349
-355
-361
-357
-359
-357
-349
-351
-355
-353
-343
-355
-343
-339
-337
-339
-335
-333
-331
-339
-331
-333
-333
-329
-317
-317
-317
-309
-301
-307
-311
-309
-303
-301
-295
-289
-291
-283
-283
-291
-287
-289
-279
-275
-281
-281
-281
-279
-275
-283
-291
-279
-271
-275
-283
-287
-289
-279
-273
-261
-263
-257
-241
-241
-247
-247
-243
-247
-243
-239
-237
-245
-247
-247
-247
-247
-247
-251
-249
-239
-229
-231
-221
-213
-221
-215
-217
-211
-201
-201
-189
-191
-201
-201
-199
-203
-197
-205
-207
-211
-205
-205
-207
-201
-201
-207
-213
-209
-205
-199
-189
-199
-197
-203
-199
-189
-189
-187
-189
-187
-187
-187
-187
-179
-177
-175
-179
-175
-181
-173
-169
-163
-151
-155
-155
-157
-151
-153
-157
-157
-157
-151
-147
-145
-143
-145
-145
-145
-147
-139
-135
-133
-129
-133
-131
-131
-127
-133
-127
-119
-113
-115
-117
-127
-129
-131
-119
-119
-109
-101
-95
-95
-91
-91
-73
-71
-75
-77
-93
-99
-105
-97
-93
-95
-89
-91
-97
-91
-83
-79
-75
-75
-77
-73
-69
-71
-71
-77
-75
-73
-71
-65
-63
-49
-47
-47
-47
-51
-39
-31
-37
-35
-39
-27
-33
-33
-33
-45
-39
-31
-43
-41
-45
-35
-47
-41
-51
-51
-55
-57
-59
-53
-49
-53
-55
-55
-49
-51
-43
-43
-55
-53
-53
-51
-51
-47
-49
-53
-51
-45
-39
-43
-43
-35
-35
-35
-39
-35
-23
-23
-29
-27
-29
-33
-35
-43
-37
-35
-37
-27
-29
-25
-21
-21
-27
-23
-31
-29
-29
-29
-27
-29
-31
-33
-33
-23
-25
-31
-29
-37
-29
-31
-25
-21
-19
-23
-29
-41
-43
-45
-51
-45
-37
-31
-31
-27
-19
-17
-11
-3
1
5
7
1
3
5
9
11
9
9
1
5
15
13
15
15
15
27
29
23
23
19
13
9
3
3
-5
-3
-3
5
19
29
31
31
37
39
41
43
41
41
35
37
39
45
49
45
45
41
45
47
51
59
57
59
59
57
55
59
67
69
75
69
71
77
81
81
85
93
101
105
97
91
87
87
81
89
99
101
107
103
103
97
99
97
103
109
105
107
103
103
105
113
111
107
121
121
129
133
137
135
139
139
141
145
145
145
141
137
143
149
147
151
151
151
151
149
153
149
143
151
149
141
141
133
135
129
121
123
121
119
119
115
105
105
105
105
105
103
111
113
113
115
121
117
111
107
115
107
111
115
117
117
119
117
119
129
123
117
113
107
101
107
105
113
105
99
97
101
105
107
101
101
107
105
115
119
119
125
113
117
119
109
103
107
107
109
115
113
113
117
115
113
105
105
111
105
103
99
109
111
111
103
111
119
111
97
101
89
93
91
77
83
89
81
81
83
77
81
87
81
81
71
79
85
85
87
81
85
89
95
89
99
99
101
109
111
111
111
107
107
113
113
115
115
115
121
127
117
129
139
133
129
129
127
131
125
131
137
141
145
149
149
149
157
149
147
137
133
139
141
143
137
133
133
137
129
131
137
147
147
145
137
135
141
135
141
137
129
129
133
127
125
131
117
119
117
117
109
115
123
125
125
129
123
121
123
123
127
123
127
127
125
133
121
117
123
117
125
123
125
117
117
111
121
123
127
115
113
121
107
105
99
103
101
99
95
101
91
91
91
85
73
69
65
63
71
77
77
77
85
87
89
95
95
97
95
85
83
87
85
91
87
97
99
99
97
89
97
97
93
91
87
83
87
81
81
85
87
87
81
93
99
103
103
91
95
87
83
75
71
65
65
69
77
79
73
79
87
99
103
99
105
99
97
101
105
99
99
103
103
93
87
95
105
101
107
109
101
89
89
89
87
95
97
101
99
91
99
99
99
99
97
91
93
101
113
111
121
117
123
127
127
119
119
125
127
131
121
121
121
113
109
111
117
123
133
125
121
121
123
127
119
107
105
109
103
113
119
115
113
117
115
119
109
99
93
95
97
103
103
111
117
121
121
123
127
129
131
127
129
131
129
131
123
127
121
115
107
103
105
107
113
109
101
105
109
111
117
121
133
129
129
129
129
127
121
117
117
123
127
127
131
129
129
117
121
129
137
145
149
161
155
151
147
141
133
135
135
145
151
151
155
151
145
145
147
151
139
145
151
157
155
163
159
157
171
167
183
183
185
183
183
177
183
179
189
185
191
195
197
195
201
201
199
207
205
199
195
193
197
199
205
213
219
207
205
199
207
209
205
201
199
197
207
207
203
199
203
215
223
217
215
229
239
243
241
237
245
237
239
239
239
243
237
235
235
235
233
239
251
247
249
259
253
247
255
255
255
257
269
273
277
281
275
269
269
271
273
271
267
271
277
269
261
263
261
269
277
281
281
279
275
277
269
271
277
275
269
265
263
267
263
265
251
251
257
257
257
257
259
265
279
281
283
285
297
299
307
315
317
311
315
317
313
305
309
303
295
295
289
289
279
285
279
279
283
269
269
267
263
261
259
257
259
253
249
251
253
251
253
257
251
255
259
259
259
257
253
245
239
237
241
239
235
233
231
229
229
235
231
233
237
245
239
239
233
229
231
235
241
237
241
235
243
247
247
253
253
255
257
259
259
261
253
257
257
253
247
243
241
243
243
241
249
255
251
251
249
239
235
239
233
227
229
229
233
233
227
229
219
209
205
203
205
211
215
209
203
203
205
203
219
217
223
215
211
215
221
219
229
233
227
219
221
215
223
223
217
219
225
217
207
205
209
213
213
209
207
211
209
217
221
217
211
217
221
219
221
219
213
217
219
221
235
231
225
229
237
237
239
233
227
231
233
243
237
235
241
239
231
233
237
237
237
231
227
221
215
213
215
221
215
213
211
209
217
213
211
209
207
219
215
215
207
207
217
205
203
205
215
211
209
207
207
213
211
215
211
217
219
223
225
229
231
225
227
225
213
217
209
207
209
209
211
217
211
211
217
219
225
221
227
219
219
217
219
213
211
219
223
229
229
235
237
227
223
227
233
233
231
219
227
231
239
239
239
239
235
233
229
233
225
217
221
231
233
237
249
253
243
253
257
255
251
255
253
245
243
245
243
251
253
253
255
263
263
265
265
255
255
251
253
249
243
247
247
251
251
253
255
255
253
247
251
247
249
253
267
269
267
271
265
265
255
247
249
243
251
255
251
245
241
243
241
245
257
257
259
253
253
255
255
253
263
271
271
271
265
259
263
267
279
285
283
289
291
295
293
301
303
305
305
305
303
297
299
307
311
307
307
309
315
299
309
309
307
301
297
295
295
295
297
305
305
311
307
311
315
317
307
317
315
321
321
317
323
313
315
313
311
311
311
317
317
317
317
317
317
313
313
323
315
319
321
309
305
299
297
303
301
303
301
305
301
303
309
307
305
299
301
295
301
303
305
303
315
315
321
319
313
307
311
311
309
323
327
319
317
317
317
317
321
321
319
313
315
325
313
315
313
319
321
317
321
321
321
315
311
315
313
301
295
299
297
297
297
293
295
301
303
301
297
301
303
307
307
307
303
303
297
301
293
281
275
267
265
269
267
261
261
261
263
259
253
259
257
251
255
269
281
293
289
291
291
283
287
293
293
293
289
291
299
299
299
299
299
303
301
299
301
309
307
307
307
313
305
305
303
299
299
299
295
289
289
291
301
301
299
291
283
287
287
291
289
293
289
289
287
283
289
297
293
287
301
297
293
301
301
305
317
317
313
321
317
319
305
303
305
307
299
305
309
309
313
307
311
309
307
301
311
303
307
303
303
291
299
293
291
289
289
291
295
293
293
285
273
277
281
275
275
275
283
291
287
287
293
305
311
307
309
311
309
311
303
301
309
307
307
315
311
305
307
311
315
321
325
333
335
335
341
345
347
345
345
343
331
329
335
329
331
331
335
333
335
339
335
331
327
321
327
329
325
331
327
331
339
329
331
331
335
327
325
331
323
331
331
341
337
339
331
323
333
335
339
345
347
347
353
347
341
341
333
337
345
333
333
341
345
339
333
333
333
329
333
343
353
345
345
359
359
365
363
359
363
361
351
349
345
353
357
365
365
369
373
375
365
359
359
355
355
351
349
351
355
345
343
333
329
333
327
331
331
333
337
341
337
339
345
345
343
351
349
351
367
375
371
375
369
365
361
371
363
357
367
361
361
363
369
377
379
381
379
379
373
371
371
369
375
377
377
375
379
373
381
381
381
369
375
371
369
367
373
373
371
373
377
373
375
375
377
373
373
379
383
383
377
387
391
395
401
401
405
411
415
409
403
401
397
399
395
391
387
397
397
395
395
395
389
389
393
393
387
391
387
397
393
393
395
403
411
409
417
417
413
423
429
419
417
419
425
425
429
429
433
425
417
415
411
405
407
403
405
405
405
407
411
411
419
421
407
405
411
423
425
415
413
415
419
407
407
409
407
413
413
405
395
393
389
393
395
387
393
395
397
401
391
385
385
381
379
373
377
383
383
379
375
375
375
375
379
387
385
389
389
383
387
395
395
399
391
399
389
383
381
381
391
389
383
385
387
383
385
381
381
387
391
377
369
369
373
375
371
369
363
363
359
353
357
355
355
359
351
351
353
357
357
353
351
353
355
357
347
335
331
331
325
321
325
321
315
319
309
305
305
301
299
295
289
287
293
293
289
285
281
275
279
287
279
273
281
283
289
295
307
307
305
303
303
309
303
315
319
313
315
313
307
307
307
303
307
301
307
305
299
299
291
285
277
277
281
285
289
289
283
275
271
265
267
267
267
267
269
265
267
271
269
259
255
251
257
265
263
261
247
241
237
235
229
227
217
223
227
229
227
235
231
231
223
223
225
221
221
223
217
215
213
203
203
207
205
197
207
203
203
199
203
201
199
199
199
195
195
199
201
201
201
201
199
197
195
185
191
191
185
185
189
193
185
181
183
185
183
189
181
177
175
177
169
179
175
173
177
175
167
157
155
151
157
157
161
165
159
163
165
161
169
175
171
161
159
153
143
131
131
127
111
105
113
117
117
123
125
121
121
117
113
117
129
127
129
125
129
127
127
129
133
135
131
131
133
131
125
127
127
133
137
135
127
127
129
135
137
133
125
119
117
121
127
123
123
129
139
141
137
133
133
133
129
127
125
123
119
119
113
109
107
111
107
111
103
95
99
103
107
113
111
111
99
95
99
105
103
103
103
95
91
89
91
95
91
85
87
91
83
81
81
89
93
101
107
109
119
115
115
105
95
93
91
93
93
83
75
81
77
77
77
89
83
77
85
81
81
77
83
83
73
79
73
69
71
71
75
79
75
75
83
81
93
95
99
95
87
85
79
71
67
63
55
57
69
67
75
79
79
71
73
85
91
97
97
95
95
85
91
95
95
95
93
95
93
93
95
93
95
95
91
83
81
81
83
93
91
87
91
93
87
91
79
87
77
83
83
75
65
57
69
69
85
95
97
91
91
85
87
81
81
69
65
59
57
53
57
51
59
61
57
63
61
67
67
61
53
57
63
65
73
69
69
69
73
75
75
75
75
73
79
71
73
73
67
67
63
63
61
61
75
75
79
79
85
87
81
75
87
97
105
109
109
109
117
109
113
109
107
111
107
115
119
123
119
119
135
135
129
131
133
133
133
139
131
129
131
139
141
147
153
155
155
159
163
161
157
141
141
139
145
143
137
133
123
129
133
131
141
133
125
123
133
131
127
123
123
133
129
133
139
133
125
123
123
127
131
141
133
131
127
133
141
141
137
129
127
137
145
141
141
125
119
121
117
127
119
111
117
115
115
109
109
111
111
113
117
115
117
113
119
119
123
121
113
107
109
111
115
111
119
119
115
117
113
101
105
107
105
105
103
111
119
117
119
113
113
119
125
131
129
121
125
121
113
113
115
109
121
125
123
131
129
127
133
129
117
121
123
125
121
119
125
121
109
115
115
109
109
115
109
111
109
103
105
105
105
103
107
113
111
107
115
121
121
117
115
107
103
105
103
111
105
101
105
109
105
111
117
107
117
125
129
131
131
125
123
127
123
125
125
127
127
135
141
147
149
151
155
153
159
161
165
169
173
165
169
171
173
173
171
173
171
171
169
169
159
159
161
163
159
159
167
163
171
165
155
141
143
147
155
157
161
163
167
159
159
165
159
157
159
153
157
161
161
163
165
157
155
155
155
157
159
161
157
153
155
157
155
163
159
157
155
161
147
141
141
149
149
135
137
133
151
155
161
165
175
183
187
189
195
189
193
185
193
199
195
193
183
175
171
175
179
177
175
175
169
165
173
179
185
185
181
177
173
167
165
159
163
159
167
165
165
169
167
171
175
181
173
173
175
177
171
165
169
165
167
171
165
167
167
161
159
163
165
163
165
169
179
175
181
183
189
191
197
193
197
199
193
201
207
205
197
197
195
199
193
183
175
171
175
169
175
171
169
171
169
171
169
169
163
171
175
183
181
177
175
173
165
173
179
181
183
193
189
189
185
185
191
193
193
191
187
193
199
197
193
201
203
203
203
197
195
195
197
201
197
199
207
213
213
215
217
219
231
227
225
225
227
227
233
231
233
231
227
227
221
229
233
223
231
233
239
229
239
249
249
253
249
263
259
255
257
269
265
259
253
257
265
257
251
263
263
253
253
255
261
267
267
277
285
293
287
293
297
301
309
313
309
307
305
299
295
303
303
307
301
299
303
313
307
297
291
297
307
303
303
313
311
319
321
315
315
323
331
343
331
323
329
329
329
323
323
325
317
313
313
315
319
317
317
317
307
309
311
303
299
293
297
291
295
287
291
283
287
283
285
285
283
289
281
279
275
279
283
275
283
281
277
279
279
271
269
263
263
265
273
279
267
279
281
269
261
255
249
253
257
259
263
261
271
267
261
265
263
261
265
259
257
261
269
267
269
275
277
271
269
273
275
275
273
265
273
271
279
287
283
277
277
275
285
297
293
289
287
275
275
277
279
275
265
253
261
269
261
253
241
247
237
243
239
243
245
245
245
249
251
247
249
259
255
257
261
259
273
273
271
277
279
283
289
289
289
285
283
275
277
277
285
283
287
285
291
299
297
299
303
303
303
315
329
323
313
299
295
295
289
289
295
301
301
299
301
311
311
305
307
303
305
299
285
295
293
293
293
299
295
283
283
287
301
303
301
307
313
311
297
305
301
303
305
313
305
307
311
305
305
309
319
315
317
311
305
305
301
295
297
307
321
315
315
317
317
313
315
317
317
319
317
313
311
317
319
325
323
321
315
313
299
291
287
291
289
285
289
293
287
289
291
285
279
277
279
277
269
267
263
265
255
247
247
245
249
259
259
265
257
257
263
261
269
275
281
281
279
267
265
269
263
261
261
261
263
259
257
255
263
259
255
255
255
251
259
259
261
269
265
261
261
265
269
267
267
273
267
271
267
269
265
271
269
257
257
259
259
261
247
237
225
215
217
211
223
223
211
199
193
195
205
197
199
193
193
197
195
199
203
207
207
207
209
215
217
221
219
219
221
225
223
223
223
221
221
221
223
219
217
213
221
221
229
225
225
227
217
221
225
217
217
219
211
207
213
209
209
209
221
223
215
205
205
205
201
197
197
197
201
203
213
211
201
197
191
191
189
191
179
185
183
179
181
181
189
187
189
197
197
199
201
199
203
209
207
217
215
203
197
203
201
207
203
201
197
201
199
195
205
197
203
197
197
195
191
191
197
201
203
203
205
193
185
189
183
179
187
187
185
185
185
185
191
183
173
173
177
183
181
175
179
179
179
195
205
201
209
217
215
217
207
199
199
205
199
201
195
189
183
179
181
183
183
179
181
187
183
185
183
177
187
181
177
171
171
167
165
167
173
175
167
165
169
165
167
161
165
165
173
169
175
173
181
173
177
187
187
187
179
175
187
175
173
183
189
189
201
197
193
187
191
187
185
183
171
171
165
167
159
159
159
157
163
167
173
173
175
177
169
175
171
179
173
165
161
161
167
171
173
169
165
171
165
165
163
169
173
175
177
167
157
159
157
155
153
163
159
161
167
163
157
157
155
159
161
171
175
187
187
181
181
175
173
169
169
169
177
179
183
193
195
199
193
197
191
203
201
193
185
197
199
201
193
199
205
201
189
195
201
201
207
207
207
207
221
221
223
219
217
221
217
209
205
205
199
205
205
205
205
205
205
203
209
213
217
211
211
217
215
211
225
229
227
225
227
215
209
209
211
209
217
219
235
229
229
217
215
215
219
221
229
239
245
249
249
249
251
257
249
243
251
259
253
249
251
251
257
259
261
265
269
273
281
291
289
291
293
303
295
297
299
305
303
309
301
315
307
317
313
309
311
315
313
309
317
317
315
311
311
307
313
313
317
315
311
317
321
327
319
327
315
323
329
327
321
315
307
299
303
297
295
291
283
285
281
269
265
267
269
263
259
259
253
249
245
251
251
251
239
253
249
257
265
261
261
269
265
261
255
263
255
259
253
251
259
259
255
247
241
235
237
231
223
213
207
209
213
211
223
229
231
225
237
247
251
251
255
253
251
249
251
251
253
253
257
253
261
255
255
243
253
267
261
261
261
259
249
249
245
247
257
255
259
265
263
253
263
261
255
247
239
239
237
237
237
233
233
239
239
243
243
239
247
249
251
257
245
251
247
239
231
233
237
229
231
231
239
251
249
251
251
255
261
257
251
255
257
257
267
271
277
283
285
283
289
295
291
291
291
285
287
289
295
297
287
287
289
289
289
289
287
295
297
299
299
295
289
291
299
293
299
297
299
307
307
311
309
309
307
305
305
313
319
323
317
325
321
317
319
319
319
315
317
323
317
317
317
313
307
307
301
299
301
301
305
301
303
303
299
293
293
291
293
295
293
293
295
297
293
301
293
287
291
283
277
281
277
273
275
265
273
285
285
283
289
289
291
287
293
277
285
285
279
279
281
281
287
281
285
293
287
279
273
275
275
281
277
283
283
277
275
269
267
261
261
259
261
255
261
259
261
267
271
269
267
269
267
263
257
251
251
257
255
247
245
241
247
245
257
249
247
247
253
267
271
271
273
265
265
265
271
269
269
263
277
273
277
281
275
273
271
271
267
267
265
273
281
277
275
273
273
277
273
273
277
283
279
281
277
263
267
261
265
263
267
271
269
265
271
267
275
281
281
275
279
277
279
281
281
275
271
259
265
263
261
257
259
251
249
251
255
259
255
265
265
271
273
263
267
255
251
249
245
253
247
255
251
247
249
253
249
239
235
243
249
245
251
239
233
229
227
227
233
241
251
249
253
251
243
251
247
247
243
243
235
239
237
233
231
231
231
231
231
227
219
217
221
221
223
217
217
221
221
213
211
207
205
211
217
225
233
237
229
229
233
237
237
237
241
245
251
245
245
251
251
257
247
245
237
235
243
245
247
247
247
259
255
251
259
255
265
263
267
269
253
255
263
259
251
241
241
233
231
233
231
229
225
225
225
237
239
243
249
259
265
277
285
285
279
281
289
289
293
289
273
277
267
257
251
247
241
251
253
247
257
255
247
239
241
235
229
227
219
227
223
227
225
231
233
229
235
237
241
247
247
245
245
247
247
237
233
239
247
239
245
245
241
237
239
235
233
233
229
229
233
229
227
227
219
225
235
239
237
239
251
259
257
265
271
267
273
273
267
261
269
265
269
281
293
289
295
289
287
277
285
277
271
279
267
269
269
277
271
271
269
273
277
269
275
277
271
273
271
263
263
273
257
265
273
269
261
255
263
267
263
267
269
281
287
293
281
281
291
289
295
287
281
295
295
291
301
305
297
295
301
295
303
295
289
289
289
279
271
273
279
275
271
267
275
267
263
267
273
265
275
269
253
253
253
247
245
239
239
233
233
239
245
251
243
247
245
243
243
251
259
261
247
243
247
247
241
237
227
215
217
219
217
205
193
203
195
195
197
201
199
191
197
197
201
197
211
217
217
209
213
209
201
195
199
207
209
209
213
215
213
217
225
209
209
209
211
207
205
205
207
211
209
209
215
209
201
199
209
215
221
213
211
217
215
217
221
231
233
233
231
239
241
235
235
237
231
229
225
227
223
219
221
219
221
225
221
219
215
215
203
195
185
187
193
185
183
181
185
193
199
205
205
201
193
193
195
191
189
179
175
173
179
181
171
171
167
157
155
145
139
145
145
155
159
157
163
171
169
157
159
171
171
173
167
173
165
165
165
159
165
161
169
171
167
167
167
171
183
183
169
165
167
165
161
159
157
157
155
165
163
163
159
163
169
169
171
171
177
177
181
181
193
195
191
187
193
185
185
183
195
197
199
207
207
209
205
205
203
191
187
187
185
195
197
205
199
203
219
219
227
217
215
205
205
209
205
209
213
209
203
203
197
189
187
181
179
185
187
183
177
173
165
171
161
161
159
151
151
145
139
137
135
135
137
147
141
139
143
139
141
139
143
147
151
153
155
153
155
163
161
165
161
155
165
177
175
161
169
167
165
175
179
179
179
179
183
179
183
185
189
183
187
181
181
181
181
185
187
185
189
193
201
203
201
189
195
201
197
205
207
203
197
205
207
215
213
209
205
207
203
203
203
199
205
201
209
209
207
197
199
197
205
209
207
211
209
209
205
201
195
187
183
183
185
179
177
173
179
181
181
183
193
199
203
203
203
203
213
221
225
229
227
227
219
211
207
215
215
217
213
221
229
227
233
231
235
239
241
243
241
249
253
255
255
261
251
261
261
253
259
259
265
273
279
281
283
277
273
269
269
263
263
259
263
263
261
263
265
271
269
265
267
273
273
271
275
267
271
263
273
275
279
287
275
275
273
271
267
267
263
261
269
267
275
265
261
273
273
275
279
277
269
265
271
267
273
275
267
273
271
269
269
265
263
255
255
257
245
245
239
239
231
235
241
245
249
253
253
251
251
257
261
261
267
261
265
269
263
245
249
247
245
247
257
253
251
257
255
253
253
255
249
247
247
259
257
265
261
257
253
253
255
259
261
265
267
261
261
271
279
291
285
291
285
279
271
271
271
275
291
291
285
281
273
279
269
271
267
271
277
271
275
267
263
275
275
275
271
275
283
287
289
287
283
289
287
299
287
291
285
287
283
283
279
273
277
275
279
269
269
269
265
265
269
255
255
259
259
245
247
241
239
247
243
235
239
243
241
241
239
241
241
245
245
241
235
231
231
237
233
233
231
241
233
229
227
233
227
231
233
239
241
233
243
241
245
249
255
247
253
253
257
247
251
251
249
241
237
233
235
235
239
231
233
229
239
245
251
251
259
257
263
261
273
273
263
263
263
261
253
251
253
251
251
253
247
251
247
245
245
247
241
237
235
237
231
231
229
233
233
235
233
231
225
223
229
223
227
227
217
217
217
217
209
215
211
207
205
203
193
193
181
179
183
189
187
181
185
187
187
187
191
191
195
195
191
199
189
185
185
187
183
171
173
179
175
171
173
173
167
167
175
167
157
163
157
157
151
163
165
165
161
167
161
159
163
167
161
157
159
159
153
165
161
157
155
153
151
161
163
155
151
139
143
135
135
131
139
133
143
143
141
135
143
143
141
143
133
137
139
141
127
131
141
143
143
141
133
131
125
133
137
143
147
145
147
141
145
151
151
145
151
147
139
139
135
139
141
137
131
137
137
133
129
137
149
153
149
157
157
147
153
157
157
159
151
155
159
157
165
171
167
169
167
163
177
175
177
181
171
181
177
181
179
179
175
173
171
171
173
179
181
177
179
179
181
181
191
195
185
177
179
171
167
175
175
169
175
169
171
175
177
187
191
189
199
193
197
191
197
189
189
187
193
195
191
191
191
185
179
191
191
185
183
193
195
197
193
189
181
185
185
179
181
177
177
183
187
183
189
199
205
199
205
205
211
215
203
191
197
201
209
211
205
199
193
191
185
185
187
179
177
177
173
177
177
175
173
183
177
183
189
189
187
193
199
203
201
201
201
191
191
191
197
199
201
189
193
197
203
205
199
211
217
219
217
215
219
217
219
227
227
229
229
227
229
233
231
233
243
245
245
241
231
233
235
229
227
217
209
209
215
219
221
233
229
221
219
213
217
207
211
215
225
225
225
221
211
223
215
215
215
213
211
205
197
205
207
209
205
197
187
191
195
197
201
199
201
201
201
211
211
215
221
227
231
231
235
239
235
237
241
237
239
241
243
247
253
249
253
255
257
253
249
247
247
249
257
249
251
243
249
259
255
249
251
251
245
237
233
231
225
223
223
217
223
221
225
221
229
235
221
217
215
215
215
213
215
217
227
227
229
235
237
237
237
237
231
233
229
221
215
211
217
217
221
227
229
229
229
237
229
237
245
251
255
253
253
251
251
245
255
255
251
253
247
243
245
247
247
247
247
239
245
251
247
251
247
245
237
245
249
253
249
245
241
245
241
241
231
225
229
231
227
231
231
233
229
227
229
219
223
227
221
225
221
229
231
233
231
231
235
241
241
245
247
253
249
255
257
255
249
255
249
253
243
239
245
247
245
243
241
241
245
259
253
255
255
253
251
259
253
249
255
255
257
259
263
255
255
259
267
273
277
279
285
279
283
289
289
293
291
293
297
295
307
307
305
303
299
297
297
299
293
289
275
275
277
279
279
279
267
261
261
261
265
267
265
265
261
267
275
281
275
275
277
287
293
295
305
297
301
305
307
307
315
317
321
313
315
307
317
317
325
331
325
315
311
305
309
301
303
301
299
299
309
307
303
307
299
291
293
283
285
279
287
281
277
283
289
281
283
281
281
279
277
277
279
281
269
269
267
265
275
273
271
273
269
267
267
269
273
265
263
259
253
249
249
255
255
255
263
259
259
251
259
257
265
271
273
275
279
283
283
273
271
277
279
271
267
275
277
273
269
265
253
255
255
259
249
243
231
231
231
235
241
235
231
229
227
231
229
231
231
237
239
239
237
229
239
231
227
223
227
215
211
211
199
201
189
185
183
183
187
189
191
201
195
201
199
201
201
197
193
197
203
199
207
209
207
207
213
215
207
203
207
209
205
203
199
201
199
189
185
183
191
191
197
197
205
207
209
201
201
207
207
213
219
209
209
215
215
215
217
211
207
207
211
217
217
207
205
197
201
191
187
183
181
177
175
173
177
175
169
171
165
163
165
165
161
149
145
147
151
159
157
149
145
145
143
145
147
149
155
153
149
149
159
161
155
145
151
157
159
151
153
155
165
167
171
161
163
165
169
177
185
187
191
195
189
189
185
193
193
187
185
189
195
197
197
195
197
191
191
199
193
197
191
197
197
201
207
209
209
203
195
187
187
191
187
173
175
169
169
157
151
143
143
143
141
143
135
143
141
147
147
143
137
137
139
133
131
133
141
139
137
137
149
145
145
145
153
143
139
147
153
149
151
145
147
151
155
151
155
155
161
159
157
151
153
147
149
153
147
151
153
153
153
155
153
149
153
155
167
169
175
171
173
171
171
175
169
167
171
169
169
171
177
175
173
173
169
167
167
171
171
179
179
179
189
197
199
199
201
213
215
215
215
217
217
225
229
227
215
219
211
197
195
193
187
181
185
185
173
171
173
177
183
177
185
195
189
189
189
187
187
187
179
183
177
167
163
145
141
139
141
141
137
131
127
133
143
143
141
155
159
157
161
153
153
149
147
147
151
149
143
143
143
149
149
147
139
135
133
135
131
125
133
137
141
143
141
147
143
143
141
137
137
139
135
143
149
151
151
155
153
153
153
153
151
149
153
149
141
143
147
141
141
137
141
139
141
147
149
143
141
145
139
135
135
133
139
135
127
123
123
119
127
127
139
143
149
145
149
147
149
153
151
157
157
161
159
149
149
149
161
161
159
155
157
159
151
149
157
167
169
169
177
177
171
171
161
169
167
171
167
169
177
187
195
199
199
205
215
217
221
229
225
217
217
209
209
215
215
209
215
215
213
213
223
223
227
223
217
223
223
221
221
219
217
217
225
233
229
235
223
229
229
245
249
245
255
257
247
235
241
247
251
257
265
263
265
255
257
251
257
257
253
247
243
239
235
239
235
239
239
235
233
233
227
223
213
203
203
207
207
213
211
215
219
211
221
215
219
217
207
207
205
203
209
209
211
213
213
221
227
229
229
227
231
231
225
229
231
223
233
235
229
223
217
211
203
197
199
199
191
187
177
169
169
163
165
163
155
163
173
161
161
157
155
151
151
151
149
149
147
145
143
153
157
155
155
159
157
157
149
155
151
151
161
157
161
171
169
169
169
159
163
159
159
159
167
163
159
159
155
159
161
153
153
159
153
145
147
141
143
131
129
127
125
115
123
125
119
125
131
119
123
115
115
113
111
111
103
101
107
97
103
95
95
97
105
107
103
97
93
85
89
89
95
99
101
103
99
105
107
117
117
121
121
127
127
127
139
141
135
137
135
137
135
133
133
123
129
125
127
131
135
149
145
145
143
143
147
147
139
139
141
143
145
145
145
145
137
129
129
131
131
131
135
137
135
131
131
125
123
119
121
129
133
127
127
133
133
131
131
129
123
129
133
129
133
147
153
147
161
161
167
177
183
183
189
189
181
185
191
189
185
177
179
171
177
169
173
181
187
189
185
185
183
189
193
191
201
203
203
199
197
189
185
187
187
193
199
191
191
191
189
191
187
175
177
177
179
183
183
185
197
199
191
195
195
209
205
203
201
203
207
209
205
209
211
205
205
207
215
211
197
211
219
223
223
229
231
227
227
219
215
219
211
205
207
211
211
219
217
213
209
211
201
193
197
197
197
193
193
201
207
205
217
213
217
219
213
209
213
217
221
215
203
209
217
213
213
207
209
207
215
211
209
209
213
215
211
207
201
205
205
213
219
225
221
223
229
233
231
231
229
237
229
233
231
223
223
217
235
239
241
243
243
243
249
249
247
255
255
261
255
255
269
275
269
269
271
273
281
279
275
277
281
285
283
279
289
295
289
287
287
283
279
297
295
297
307
303
307
299
301
293
287
281
287
293
281
281
281
283
281
277
279
279
285
275
281
275
275
271
271
269
263
263
259
253
255
261
267
263
267
267
265
271
279
285
283
283
283
281
281
281
281
273
271
265
281
271
269
259
259
259
253
253
247
253
249
251
247
247
253
249
257
257
261
265
261
259
257
267
275
273
271
277
279
275
273
283
291
293
295
287
287
279
273
283
277
273
273
277
271
269
265
271
265
259
263
251
253
249
249
253
263
265
255
261
261
257
255
247
241
247
259
263
261
259
253
251
245
245
245
243
253
259
263
271
269
267
267
269
265
267
275
277
277
273
277
273
281
283
283
281
269
273
281
279
279
285
271
265
255
251
245
245
247
255
265
267
263
259
269
269
261
261
263
263
253
261
263
263
269
271
273
269
271
275
279
275
281
281
289
283
285
283
291
297
289
291
279
281
285
283
291
293
285
277
285
287
285
287
285
287
281
275
275
275
277
281
277
273
275
285
291
289
283
283
275
285
287
279
277
279
279
271
275
281
287
287
291
291
283
279
283
293
299
303
303
303
299
291
285
289
277
271
269
259
257
257
251
253
259
259
263
255
259
259
263
261
263
265
279
275
271
273
273
275
273
269
273
277
277
285
291
307
307
315
301
297
295
287
275
273
277
275
273
273
267
261
255
247
247
249
251
255
257
249
251
255
263
259
263
267
271
267
263
269
267
259
267
265
259
253
255
265
269
265
277
265
261
265
271
273
273
277
273
269
273
267
269
271
267
267
273
269
263
255
249
247
243
239
235
235
239
233
225
217
215
203
201
205
199
199
199
203
201
201
203
209
211
211
211
211
217
221
231
229
219
221
221
225
221
213
211
203
197
191
193
209
211
219
211
211
213
213
211
211
213
221
223
231
223
229
221
223
221
221
229
223
217
209
209
213
219
213
213
207
211
219
221
229
225
219
219
229
239
237
231
239
251
251
255
257
251
251
253
245
241
235
231
231
221
225
223
227
227
223
223
229
233
233
229
217
213
211
213
217
209
205
199
205
209
201
211
203
201
199
197
199
191
191
185
191
187
189
195
183
177
169
173
173
171
171
169
169
173
171
165
169
157
153
165
165
163
165
167
175
187
187
177
177
173
175
169
175
177
181
181
183
179
181
179
183
179
177
171
171
173
173
169
165
169
181
187
189
187
193
195
201
203
209
223
217
205
201
209
213
215
217
215
215
213
219
221
235
227
223
215
217
211
213
217
207
213
223
215
213
219
215
213
209
217
209
213
207
209
211
213
205
205
197
201
205
211
209
219
219
215
221
215
217
211
215
209
201
203
205
193
191
189
199
201
203
205
211
217
221
217
215
219
211
209
199
197
193
193
195
201
197
195
197
211
217
217
219
215
217
213
209
211
211
209
211
207
201
207
209
207
203
197
197
205
211
219
217
223
221
221
219
219
217
217
209
207
209
209
213
209
211
211
215
201
207
205
205
203
215
211
213
213
223
217
217
205
205
207
207
205
197
197
195
193
195
195
203
201
199
195
199
197
185
187
177
163
159
161
155
153
163
145
149
149
139
135
121
131
139
145
145
137
135
135
145
139
137
141
133
145
145
137
133
135
137
133
133
133
137
137
137
131
123
131
131
129
135
135
139
139
139
147
147
147
143
141
131
133
131
139
147
147
149
149
153
153
157
161
159
159
163
165
159
167
169
169
159
163
169
169
167
157
155
151
157
155
157
159
159
143
143
149
151
153
147
137
143
139
147
145
153
153
155
161
159
155
145
153
155
161
161
169
165
159
157
157
155
151
143
145
143
139
147
137
129
133
133
133
137
143
157
161
157
153
159
147
141
147
139
133
137
133
137
135
141
151
155
161
153
161
163
167
167
175
175
183
179
171
165
157
163
157
163
169
173
173
189
195
193
199
199
193
181
181
179
175
177
171
175
165
163
157
161
167
165
163
161
159
153
151
155
151
159
163
161
167
169
171
183
183
181
193
201
201
193
205
209
209
213
215
211
207
207
209
219
217
219
227
233
231
227
233
233
233
225
219
233
233
231
235
231
231
235
241
249
253
251
245
241
241
243
237
241
245
251
247
245
249
243
241
243
245
249
241
241
239
229
229
227
213
211
211
207
209
211
209
203
193
201
199
193
201
203
205
207
209
211
215
217
211
205
203
203
197
199
199
199
199
