-2621
-2625
-2613
-2609
-2609
-2605
-2595
-2593
-2589
-2583
-2581
-2573
-2573
-2563
-2553
-2553
-2541
-2529
-2529
-2525
-2521
-2517
-2517
-2511
-2507
-2503
-2503
-2493
-2487
-2477
-2469
-2463
-2463
-2455
-2453
-2447
-2445
-2443
-2443
-2441
-2439
-2429
-2429
-2429
-2431
-2427
-2427
-2423
-2415
-2415
-2403
-2403
-2403
-2395
-2385
-2385
-2375
-2369
-2359
-2359
-2357
-2357
-2347
-2347
-2339
-2339
-2341
-2331
-2317
-2315
-2311
-2305
-2303
-2293
-2285
-2285
-2283
-2289
-2291
-2285
-2277
-2277
-2269
-2267
-2255
-2243
-2227
-2231
-2229
-2223
-2223
-2213
-2215
-2211
-2203
-2201
-2191
-2179
-2169
-2155
-2141
-2139
-2129
-2123
-2117
-2111
-2107
-2105
-2105
-2099
-2099
-2099
-2089
-2087
-2083
-2069
-2063
-2057
-2057
-2057
-2053
-2059
-2059
-2049
-2049
-2047
-2037
-2035
-2041
-2033
-2029
-2023
-2009
-2005
-1997
-1991
-1979
-1969
-1957
-1963
-1953
-1943
-1935
-1927
-1933
-1933
-1939
-1935
-1927
-1923
-1917
-1921
-1919
-1909
-1905
-1899
-1893
-1889
-1889
-1881
-1881
-1881
-1877
-1873
-1873
-1871
-1863
-1863
-1853
-1847
-1839
-1837
-1829
-1829
-1827
-1821
-1807
-1807
-1805
-1805
-1805
-1803
-1795
-1795
-1787
-1781
-1775
-1767
-1765
-1773
-1773
-1767
-1763
-1761
-1757
-1761
-1767
-1759
-1751
-1751
-1747
-1747
-1757
-1747
-1749
-1749
-1747
-1741
-1737
-1731
-1723
-1719
-1715
-1709
-1709
-1713
-1701
-1701
-1701
-1697
-1683
-1683
-1683
-1673
-1667
-1661
-1661
-1661
-1651
-1643
-1639
-1639
-1633
-1627
-1625
-1621
-1619
-1621
-1617
-1601
-1601
-1593
-1583
-1565
-1557
-1565
-1559
-1559
-1557
-1551
-1549
-1551
-1543
-1535
-1525
-1519
-1511
-1515
-1511
-1511
-1499
-1499
-1507
-1503
-1493
-1493
-1485
-1485
-1483
-1483
-1477
-1477
-1469
-1467
-1465
-1455
-1451
-1451
-1441
-1437
-1441
-1437
-1437
-1441
-1445
-1437
-1427
-1421
-1421
-1413
-1407
-1411
-1401
-1393
-1387
-1377
-1377
-1373
-1363
-1367
-1367
-1361
-1355
-1353
-1343
-1341
-1337
-1337
-1337
-1331
-1331
-1325
-1317
-1317
-1305
-1305
-1307
-1301
-1291
-1291
-1291
-1291
-1287
-1283
-1277
-1277
-1277
-1277
-1261
-1259
-1251
-1251
-1249
-1245
-1241
-1241
-1241
-1235
-1229
-1227
-1227
-1225
-1211
-1207
-1201
-1191
-1185
-1175
-1179
-1179
-1171
-1159
-1159
-1159
-1159
-1153
-1153
-1141
-1133
-1133
-1125
-1127
-1127
-1119
-1111
-1109
-1109
-1109
-1109
-1111
-1107
-1103
-1107
-1101
-1095
-1093
-1091
-1085
-1091
-1089
-1085
-1085
-1085
-1085
-1085
-1083
-1081
-1071
-1073
-1069
-1061
-1059
-1059
-1055
-1055
-1059
-1053
-1053
-1051
-1043
-1033
-1029
-1023
-1017
-1015
-1011
-1009
-1005
-1005
-1009
-999
-999
-991
-985
-989
-985
-985
-983
-977
-977
-967
-963
-959
-951
-951
-947
-933
-929
-935
-925
-925
-925
-931
-927
-933
-927
-919
-911
-917
-923
-913
-913
-915
-903
-893
-897
-895
-893
-889
-887
-881
-883
-873
-861
-869
-859
-857
-859
-853
-847
-843
-845
-841
-829
-841
-843
-839
-833
-833
-831
-835
-831
-837
-833
-823
-827
-821
-817
-813
-805
-797
-797
-799
-791
-787
-773
-761
-761
-757
-763
-763
-759
-743
-741
-741
-735
-729
-735
-731
-731
-733
-733
-737
-741
-733
-737
-733
-733
-733
-735
-747
-763
-759
-753
-753
-763
-763
-763
-763
-767
-773
-773
-773
-761
-759
-759
-749
-731
-729
-723
-723
-723
-717
-721
-715
-715
-727
-735
-731
-719
-709
-705
-703
-701
-695
-695
-693
-693
-687
-687
-689
-691
-691
-691
-699
-707
-707
-711
-705
-699
-699
-695
-695
-689
-689
-681
-679
-667
-661
-667
-675
-679
-685
-669
-661
-655
-653
-657
-651
-645
-649
-647
-647
-647
-643
-643
-643
-639
-629
-629
-631
-631
-629
-629
-625
-623
-621
-617
-617
-623
-621
-623
-615
-623
-613
-613
-607
-595
-585
-587
-589
-589
-589
-585
-575
-571
-573
-585
-585
-581
-579
-581
-577
-579
-571
-573
-569
-569
-571
-567
-569
-575
-579
-585
-585
-599
-595
-599
-607
-607
-603
-587
-581
-587
-579
-581
-573
-577
-565
-563
-553
-551
-553
-553
-553
-553
-557
-559
-555
-543
-545
-547
-555
-559
-553
-563
-555
-555
-553
-555
-557
-565
-565
-563
-561
-553
-541
-545
-543
-541
-541
-547
-539
-539
-539
-531
-515
-523
-525
-517
-517
-511
-515
-509
-509
-509
-509
-515
-515
-513
-513
-505
-497
-493
-489
-489
-483
-483
-479
-477
-483
-475
-471
-473
-469
-459
-471
-471
-479
-479
-479
-477
-477
-477
-467
-461
-459
-459
-447
-451
-453
-453
-451
-451
-447
-445
-449
-441
-437
-429
-425
-409
-409
-409
-401
-401
-401
-401
-405
-401
-401
-387
-391
-383
-391
-391
-387
-379
-379
-375
-373
-369
-369
-373
-377
-377
-377
-371
-361
-363
-357
-365
-365
-359
-359
-359
-359
-365
-365
-365
-367
-355
-349
-351
-343
-339
-343
-339
-345
-339
-337
-341
-333
-333
-335
-327
-325
-327
-327
-327
-319
-319
-323
-321
-325
-321
-313
-309
-305
-313
-305
-301
-295
-283
-277
-275
-273
-275
-275
-275
-267
-267
-263
-261
-257
-249
-253
-245
-261
-265
-259
-259
-265
-255
-259
-267
-265
-261
-265
-265
-261
-259
-255
-249
-257
-251
-259
-259
-265
-261
-257
-259
-267
-261
-263
-261
-267
-269
-269
-271
-271
-277
-269
-263
-259
-259
-251
-243
-243
-235
-227
-223
-217
-219
-217
-219
-219
-223
-229
-235
-239
-239
-233
-229
-229
-229
-227
-227
-223
-219
-213
-217
-225
-225
-237
-233
-233
-235
-235
-237
-237
-237
-243
-247
-255
-257
-261
-265
-265
-269
-285
-283
-275
-281
-275
-275
-277
-277
-269
-275
-265
-267
-259
-265
-265
-265
-271
-267
-267
-265
-269
-263
-263
-263
-263
-263
-261
-263
-267
-271
-273
-275
-269
-271
-271
-263
-269
-273
-265
-263
-263
-257
-251
-251
-261
-261
-257
-261
-253
-255
-245
-243
-247
-245
-251
-249
-253
-249
-247
-245
-251
-247
-255
-249
-249
-247
-255
-239
-237
-237
-229
-227
-227
-227
-227
-227
-225
-225
-231
-237
-231
-225
-229
-229
-227
-231
-233
-237
-245
-239
-235
-223
-221
-219
-223
-223
-221
-213
-213
-211
-211
-205
-205
-209
-211
-213
-213
-213
-213
-211
-217
-213
-225
-223
-221
-229
-235
-227
-227
-231
-225
-225
-221
-215
-207
-221
-225
-225
-225
-219
-221
-213
-215
-219
-213
-213
-211
-205
-213
-211
-213
-207
-217
-225
-215
-215
-215
-219
-219
-207
-205
-195
-199
-197
-195
-195
-195
-197
-199
-197
-185
-179
-179
-167
-171
-171
-167
-167
-175
-171
-167
-171
-167
-167
-163
-159
-165
-173
-163
-169
-177
-181
-181
-171
-171
-175
-173
-169
-163
-163
-161
-165
-165
-165
-171
-163
-163
-163
-159
-155
-163
-169
-169
-171
-171
-169
-165
-157
-157
-157
-159
-161
-165
-155
-149
-149
-149
-149
-155
-155
-149
-151
-143
-139
-135
-137
-139
-137
-129
-129
-123
-123
-123
-125
-117
-125
-125
-125
-121
-121
-117
-125
-135
-127
-125
-137
-129
-125
-123
-123
-127
-127
-121
-117
-125
-125
-121
-119
-117
-125
-123
-125
-125
-115
-117
-117
-115
-113
-115
-115
-119
-119
-115
-115
-113
-109
-97
-97
-95
-89
-87
-69
-63
-65
-65
-67
-67
-71
-71
-73
-75
-69
-63
-63
-69
-53
-53
-53
-53
-45
-35
-39
-51
-51
-51
-59
-57
-49
-43
-43
-37
-27
-29
-33
-37
-39
-41
-41
-47
-41
-37
-29
-29
-27
-29
-33
-35
-39
-39
-31
-35
-35
-29
-31
-31
-37
-35
-35
-37
-37
-33
-39
-43
-45
-43
-49
-49
-53
-53
-53
-53
-53
-53
-49
-53
-49
-51
-53
-53
-53
-51
-45
-45
-49
-47
-47
-41
-45
-45
-43
-47
-49
-55
-63
-63
-67
-63
-59
-67
-65
-57
-55
-55
-55
-61
-67
-63
-73
-73
-81
-73
-73
-73
-69
-63
-67
-57
-59
-47
-39
-37
-29
-29
-29
-27
-25
-25
-33
-31
-35
-43
-41
-51
-51
-53
-49
-55
-55
-47
-47
-45
-45
-45
-43
-45
-37
-37
-35
-43
-45
-41
-41
-43
-41
-41
-43
-37
-41
-35
-31
-25
-23
-19
-25
-27
-21
-17
-35
-31
-35
-27
-23
-17
-15
-15
-7
-9
-9
-9
-7
-5
1
1
-1
7
11
3
1
1
9
19
23
31
35
39
37
43
33
29
31
25
21
21
17
17
27
25
27
27
27
31
29
29
33
25
37
33
27
27
25
31
35
35
41
45
41
29
29
29
19
27
29
37
39
49
53
53
57
59
59
61
65
65
65
65
65
59
61
61
53
59
67
55
49
51
57
59
59
59
59
57
47
51
49
47
47
43
43
43
47
47
45
45
45
47
53
53
43
47
51
59
53
55
45
41
35
39
37
35
35
37
33
25
35
37
31
29
25
21
23
27
31
33
43
31
31
31
27
33
37
31
31
29
25
23
19
13
9
9
11
11
13
13
1
5
5
1
-1
-1
-1
-11
-17
-17
-3
-3
-5
-13
-17
-11
-9
-9
-11
-11
-5
-1
-1
1
-7
-3
3
3
1
7
9
13
13
-3
-9
-11
-5
-9
-13
-17
-15
-17
-27
-25
-25
-25
-21
-29
-17
-15
-17
-7
-5
-13
-23
-25
-19
-19
-19
-19
-19
-17
-17
-25
-25
-21
-19
-19
-15
-13
-11
-13
-7
-1
-1
-5
-5
1
-3
-1
1
5
7
7
5
3
3
11
9
5
5
5
11
13
21
29
27
17
17
11
13
1
3
7
1
1
1
1
-1
7
13
13
7
15
25
29
29
35
29
27
23
29
31
35
37
35
35
35
35
37
41
45
41
47
51
57
59
67
59
53
51
51
59
51
59
57
59
63
53
51
49
49
41
35
35
33
35
35
31
31
29
33
33
33
25
31
19
23
29
29
29
37
45
45
43
43
37
41
43
49
55
55
55
57
65
59
59
63
55
65
71
73
73
77
77
69
67
69
73
75
73
63
59
59
61
61
61
63
55
51
49
51
57
59
63
63
67
69
67
63
65
65
65
73
67
55
57
57
67
59
59
59
59
65
69
69
71
69
71
67
69
75
75
79
79
81
81
77
81
83
79
75
77
85
85
85
75
85
77
65
73
77
77
75
83
85
83
81
71
65
63
61
65
63
61
65
65
65
59
65
63
59
59
61
65
65
67
67
65
67
63
63
63
63
63
63
71
73
65
59
57
51
43
43
45
47
47
47
43
43
45
51
47
49
59
55
55
61
53
43
45
49
49
39
43
43
57
67
65
65
69
69
69
71
71
67
65
55
51
55
53
53
53
51
53
53
39
41
33
25
21
23
27
35
33
37
37
35
33
41
41
41
33
43
41
47
45
53
63
67
67
63
53
55
53
49
45
43
49
39
41
41
41
41
43
37
39
43
43
35
33
25
31
31
27
37
41
45
43
43
37
49
49
53
53
45
41
39
31
31
25
35
35
47
47
49
51
51
45
47
49
63
61
61
59
59
57
53
61
63
55
55
53
51
53
53
47
47
43
45
43
47
47
53
51
59
65
65
65
63
63
63
63
61
59
65
63
63
63
67
67
71
79
81
81
93
91
97
93
89
89
97
101
97
105
93
97
97
89
91
91
79
83
83
83
81
85
85
91
89
85
85
79
79
81
85
85
85
87
81
81
71
67
71
75
85
89
79
77
77
77
83
83
89
87
97
89
87
87
97
97
97
89
89
89
103
93
93
99
99
97
99
101
103
103
111
117
123
123
123
123
123
119
119
119
117
113
105
99
99
99
99
97
93
87
95
99
97
91
85
95
99
95
95
95
89
87
77
69
71
65
65
65
53
45
47
49
55
55
51
57
57
55
53
51
51
55
53
47
47
47
41
49
51
51
47
47
41
41
41
43
39
47
47
57
57
49
51
41
43
53
47
43
37
41
41
41
41
35
37
45
49
57
57
63
67
67
65
69
67
67
65
65
65
67
67
71
63
63
63
63
59
51
53
55
45
47
49
55
73
79
71
79
73
63
67
77
81
85
87
93
95
97
93
93
87
87
83
89
87
75
71
71
75
71
71
71
67
65
67
57
63
55
55
45
45
45
39
35
33
25
29
25
23
23
19
29
29
27
19
21
19
19
21
33
25
27
25
23
17
13
11
13
17
7
-3
-1
-5
-9
-3
-7
-7
-11
-15
-9
-7
-9
-11
-7
-11
-7
-9
-9
-5
-3
9
9
1
3
11
13
13
13
9
11
5
11
13
21
17
17
21
19
13
13
11
11
9
7
13
7
5
9
15
23
21
19
19
13
13
23
15
17
11
11
11
3
11
7
7
15
21
23
31
27
37
43
43
41
37
41
37
33
37
41
45
35
35
31
19
25
25
25
25
29
29
25
27
37
29
17
9
15
7
13
19
25
25
19
27
33
37
35
21
27
21
21
23
23
27
29
33
33
35
33
37
39
41
47
43
43
51
53
59
59
55
55
57
47
45
45
49
49
55
53
49
51
47
53
53
39
31
29
31
21
17
17
13
3
1
5
3
-1
11
9
9
15
-1
-1
3
3
-5
-9
-15
-15
-9
-9
1
9
17
19
17
23
19
29
33
39
39
35
35
31
35
29
25
23
13
23
21
25
29
29
25
31
23
25
21
17
21
31
27
25
25
25
21
15
15
15
13
11
3
1
1
-5
-11
-11
-11
-3
-11
-13
-13
-11
-3
3
-1
-5
-1
-1
-7
-3
-9
-9
-9
3
9
5
3
9
11
7
7
-1
9
7
13
11
7
1
5
9
-1
5
5
9
11
5
3
7
7
7
5
-1
1
9
-3
1
-1
-5
-9
-9
-5
-11
-13
-9
-5
-1
-3
-5
-11
-17
-19
-1
13
13
13
15
17
11
7
9
9
13
5
7
11
9
3
5
19
7
11
11
11
15
7
7
15
11
13
11
5
5
3
-3
-3
-3
3
-3
-3
-9
-9
-13
-17
-17
-19
-25
-29
-29
-25
-27
-23
-15
-15
-17
-11
-15
-17
-19
-11
-9
-7
-3
3
-7
5
11
15
13
13
19
25
17
9
9
3
3
3
-3
5
3
3
7
1
9
1
1
1
-1
-11
-15
-23
-27
-13
-9
-3
-3
-1
-1
-5
1
-1
-5
-15
-15
-5
-7
-7
5
9
3
3
9
5
3
-3
1
-7
-19
-19
-23
-19
-13
-19
-19
-25
-25
-21
-13
-15
-19
-29
-31
-37
-33
-41
-41
-33
-35
-39
-37
-33
-33
-33
-33
-33
-33
-33
-35
-29
-21
-19
-27
-19
-19
-29
-43
-39
-33
-39
-39
-53
-59
-65
-73
-73
-73
-73
-77
-71
-71
-67
-67
-65
-65
-73
-67
-71
-69
-67
-73
-73
-75
-69
-59
-65
-73
-75
-75
-75
-75
-69
-73
-75
-69
-69
-77
-75
-77
-67
-65
-69
-67
-67
-75
-77
-79
-73
-65
-73
-63
-69
-69
-57
-55
-55
-57
-57
-47
-41
-39
-37
-39
-37
-33
-27
-27
-25
-25
-21
-15
-15
-19
-23
-23
-25
-31
-25
-25
-25
-33
-33
-37
-39
-45
-35
-43
-47
-39
-39
-43
-39
-31
-23
-15
-13
-13
-13
-21
-21
-19
-17
-21
-13
-25
-13
-15
-15
-21
-25
-25
-25
-21
-21
-11
-15
-15
-9
-13
-13
-15
-23
-31
-27
-31
-23
-21
-21
-13
-19
-15
-17
-9
-13
-13
-17
-11
-9
-9
-7
3
-5
-1
-5
-13
-13
-9
-9
-15
-13
-11
-15
-25
-27
-27
-21
-19
-19
-19
-23
-21
-21
-13
-3
-7
-7
-13
-13
-19
-17
-17
-21
-25
-19
-17
-13
-9
-7
-5
-5
-7
3
7
3
3
9
11
15
23
29
27
29
19
23
23
21
19
19
17
19
27
27
33
35
31
31
29
39
47
39
45
51
51
49
61
67
69
63
59
59
59
53
51
59
59
59
69
69
69
69
71
81
81
79
79
75
81
83
75
83
85
91
95
107
109
103
105
105
109
109
103
103
107
103
109
105
101
111
113
97
103
107
107
113
123
119
119
121
119
111
115
109
109
109
111
115
121
129
129
137
143
147
147
149
149
149
153
153
157
147
145
143
151
151
159
165
165
165
167
167
167
167
167
167
161
161
167
167
165
165
169
159
159
161
161
159
165
157
149
147
153
153
161
157
159
159
159
159
155
157
157
157
155
151
151
143
143
139
145
145
145
149
149
155
151
147
145
131
139
145
143
149
155
155
143
135
141
151
153
159
153
161
169
169
169
177
175
165
173
169
169
169
167
167
171
171
159
163
175
173
191
189
195
193
205
205
197
193
189
189
181
173
169
169
161
165
177
173
179
179
173
175
179
175
171
177
179
179
179
173
169
175
171
171
177
181
175
175
179
179
181
181
179
175
173
173
169
171
175
179
191
197
195
187
177
171
161
161
159
159
159
159
151
157
159
159
159
155
151
143
151
147
151
145
145
151
147
149
153
149
149
159
147
145
145
145
145
153
145
145
143
135
137
133
137
147
151
151
151
149
145
153
157
167
167
165
161
165
163
159
157
153
159
159
165
159
159
161
159
159
165
167
175
173
175
175
175
181
179
181
181
175
185
191
185
183
181
177
175
163
175
179
177
171
169
173
171
175
173
171
177
177
179
179
181
183
189
189
195
205
197
197
195
193
193
199
203
203
203
207
213
209
223
229
225
213
209
205
205
205
211
213
217
221
225
223
217
217
217
229
229
225
225
213
207
211
219
223
233
219
209
207
201
201
205
209
209
207
209
219
221
225
235
229
227
227
213
213
217
231
229
229
235
239
241
247
241
235
235
231
235
235
235
233
237
235
229
229
237
237
227
221
225
229
235
237
245
245
245
243
251
247
247
247
247
243
241
253
257
255
255
259
259
263
267
273
271
265
261
267
265
265
261
255
255
247
243
241
241
237
237
233
231
241
241
241
241
237
237
237
237
239
241
239
241
241
253
257
261
257
247
247
247
241
229
233
235
227
221
209
211
215
205
201
201
197
197
201
201
199
205
205
201
203
203
203
197
195
195
189
197
193
195
195
191
193
187
199
195
195
191
193
193
193
201
199
199
199
199
201
207
207
209
199
203
197
193
193
191
189
187
187
197
191
191
195
195
191
189
197
197
197
197
189
195
201
209
201
201
195
193
185
185
173
161
153
149
145
139
141
143
151
163
169
171
173
181
183
191
189
197
195
183
185
181
183
181
181
187
177
183
185
175
179
189
185
183
191
199
201
199
199
195
197
187
185
185
187
187
189
193
185
187
187
191
193
193
185
181
185
181
177
171
173
179
173
173
163
169
167
167
179
183
183
185
189
191
197
197
195
199
209
197
189
195
195
199
197
195
203
207
211
215
229
217
213
217
217
223
217
223
223
229
225
231
215
227
237
237
239
235
229
229
223
235
245
235
239
233
235
225
223
221
229
229
225
223
219
209
201
197
197
183
181
177
175
171
165
171
179
179
175
181
179
173
173
169
177
169
171
175
173
165
163
157
147
143
135
141
141
133
133
131
123
125
121
121
117
117
121
121
121
121
115
119
119
127
133
125
117
119
113
109
121
129
131
131
131
129
125
123
121
117
131
141
143
143
137
131
135
141
145
147
155
153
157
161
157
163
163
159
163
165
167
167
151
147
145
153
149
147
147
143
153
145
147
151
151
151
153
153
145
149
143
155
155
155
147
157
157
147
159
159
161
161
161
169
173
173
173
177
183
183
187
187
177
183
173
167
161
161
159
163
159
159
159
155
157
157
153
153
153
153
155
149
155
151
155
155
163
157
157
157
161
161
153
157
155
151
151
151
151
149
153
157
153
153
153
155
151
147
147
145
147
145
135
125
125
121
127
123
115
121
119
123
123
127
127
117
115
115
109
95
95
93
93
101
95
97
105
105
107
113
113
109
109
105
113
113
121
131
127
127
125
127
139
137
137
129
129
131
139
139
129
131
131
125
131
129
131
129
125
125
127
125
125
123
113
113
105
103
101
97
93
101
109
107
113
117
117
119
127
125
123
125
115
115
115
113
109
109
109
101
101
109
109
103
103
103
105
111
103
113
105
107
105
105
103
105
119
119
119
117
123
123
123
131
125
121
117
117
119
117
125
119
123
133
137
135
137
133
133
133
133
143
145
145
143
143
137
143
143
155
161
169
169
169
175
173
177
181
181
187
185
181
181
179
179
179
175
173
175
179
181
197
193
203
209
207
201
205
205
205
215
215
215
207
205
221
221
223
227
227
231
231
229
239
235
229
235
227
231
231
237
237
237
235
247
247
241
241
243
245
243
237
241
241
249
245
243
245
247
247
249
241
243
233
237
239
233
235
233
225
227
225
227
225
215
211
203
201
209
209
211
215
221
225
227
223
221
213
205
207
203
211
213
217
213
217
215
215
207
213
217
217
213
211
211
205
199
197
197
197
195
193
197
191
185
187
173
161
165
165
173
169
171
163
157
151
143
145
139
141
133
119
129
129
133
139
139
145
149
143
147
139
147
147
143
147
147
147
147
147
147
139
141
147
143
141
143
143
147
147
147
143
147
145
147
139
147
155
147
145
143
139
145
145
143
135
145
145
137
139
143
143
143
147
151
149
155
157
159
159
155
153
153
151
153
155
155
153
151
147
151
153
151
149
143
143
137
133
119
121
123
121
119
121
117
113
121
113
115
115
125
125
125
135
131
131
131
131
131
125
127
117
117
127
131
131
129
131
135
135
135
131
133
131
129
135
151
157
159
151
151
155
155
155
155
155
155
145
137
133
137
137
139
135
141
145
147
149
153
153
147
141
151
151
155
157
159
159
151
143
145
155
153
153
163
159
147
145
141
137
137
137
131
127
125
121
123
123
117
119
121
121
127
127
129
135
145
149
145
147
147
155
155
157
151
153
155
155
155
155
149
153
153
153
153
153
153
153
153
155
159
149
153
157
157
153
147
145
149
157
165
165
163
161
169
163
159
157
165
165
165
163
155
159
147
141
137
141
143
141
139
135
139
151
163
167
177
179
181
171
171
163
161
155
159
151
157
169
167
167
171
171
163
163
159
171
171
171
173
171
171
183
175
171
171
171
171
165
155
161
157
157
157
155
159
153
153
163
167
171
173
163
153
149
139
149
149
157
157
161
147
147
147
149
149
149
151
147
155
151
143
141
153
155
143
143
145
155
153
157
157
153
149
141
139
149
149
147
147
147
141
133
135
127
125
125
121
113
115
107
123
127
129
135
139
139
145
141
141
143
153
153
147
143
137
137
129
141
131
129
127
125
129
119
115
115
121
117
117
117
115
117
115
115
115
123
123
123
115
115
119
119
117
117
117
123
129
129
127
117
117
107
107
113
121
115
105
101
107
103
105
107
109
111
105
107
105
107
105
109
113
107
105
111
115
119
119
127
131
141
129
139
141
141
139
139
133
121
125
123
125
129
135
127
119
121
131
125
127
125
131
129
135
133
133
129
129
139
147
141
143
147
145
149
155
171
175
181
187
187
193
201
199
203
203
209
209
197
199
209
209
209
209
207
209
205
203
195
195
195
199
201
209
205
199
197
195
193
197
197
199
199
209
207
207
207
207
203
209
205
197
199
197
195
203
197
187
191
199
195
185
177
183
185
189
193
205
203
211
211
219
219
217
223
219
219
225
217
215
213
207
211
209
207
201
203
209
211
213
217
217
223
219
223
215
215
211
211
205
207
209
213
213
213
207
207
203
201
203
195
203
203
201
205
211
207
203
201
203
197
197
197
191
193
191
189
187
187
183
181
177
175
165
163
153
147
141
141
133
133
127
133
127
127
125
119
115
113
107
109
113
117
113
117
109
107
113
107
115
107
107
107
95
93
87
75
73
69
61
63
59
65
73
81
77
69
81
81
77
85
69
79
87
91
105
101
101
97
101
105
103
101
97
97
101
105
105
97
97
89
83
91
95
103
109
107
107
107
107
115
111
99
99
103
97
95
91
91
91
101
105
105
107
109
113
119
119
119
119
113
103
95
103
99
99
99
93
101
95
103
105
103
105
97
105
111
107
115
121
113
113
115
115
113
117
119
115
115
109
113
115
113
113
101
95
99
109
105
103
103
97
101
103
101
101
103
97
103
103
103
103
117
121
121
113
111
107
95
95
95
87
87
87
85
81
93
95
103
107
113
121
125
127
125
121
117
117
125
131
137
145
147
147
139
139
147
149
149
151
151
147
147
147
147
149
163
161
157
157
163
169
169
173
173
177
179
177
177
173
163
175
173
169
171
173
173
167
169
171
185
185
189
193
193
201
201
205
205
213
213
205
203
205
209
217
211
215
215
207
205
209
209
209
197
197
189
189
197
197
199
197
197
197
197
203
193
193
187
191
191
191
195
193
193
193
197
199
197
203
203
203
207
211
207
207
203
209
203
197
195
197
199
205
207
209
209
209
209
205
197
187
177
173
173
173
173
177
191
195
195
195
189
179
169
177
177
169
171
175
183
183
181
185
195
195
193
191
197
197
197
189
193
193
183
181
183
191
191
187
181
179
187
191
185
185
183
183
183
177
179
181
187
195
197
193
187
187
191
191
197
201
197
197
193
195
203
203
197
195
199
185
183
175
171
167
169
169
167
167
173
183
187
187
187
187
183
179
177
187
181
181
185
189
205
197
195
199
201
203
201
211
209
215
219
219
229
221
221
223
233
239
241
245
245
245
243
251
251
247
243
243
243
243
243
239
245
243
243
237
237
237
233
239
235
229
237
241
241
241
239
237
237
237
243
245
245
247
241
245
245
239
229
237
241
235
243
249
249
239
239
235
235
233
231
225
219
225
223
221
225
213
221
221
211
215
207
203
207
203
211
197
201
203
199
193
195
199
199
205
209
221
213
217
217
217
219
219
215
215
217
225
233
231
235
233
233
227
227
231
225
229
225
219
205
205
201
201
191
191
187
193
199
199
197
205
213
211
215
217
203
205
199
205
199
195
195
189
185
187
193
191
187
195
197
197
197
197
197
197
195
199
193
203
209
211
217
219
217
219
223
217
225
215
219
219
223
229
225
225
225
225
221
223
231
231
239
243
243
245
241
231
227
227
229
227
229
225
229
235
237
233
231
231
227
215
219
231
221
221
221
221
221
215
221
225
223
223
219
217
223
223
219
217
221
221
231
237
229
225
219
219
231
237
241
243
245
249
249
249
253
251
235
231
235
231
231
233
227
223
235
235
235
237
243
241
243
237
235
239
249
253
253
265
265
267
259
261
261
257
253
253
249
253
251
257
265
265
263
251
251
249
249
247
241
241
243
245
245
245
245
245
243
245
239
235
233
237
237
237
241
239
247
245
245
233
237
241
233
233
227
221
213
213
211
215
207
213
215
211
209
209
217
213
211
217
227
219
221
213
213
223
229
213
215
215
215
213
213
213
219
219
221
221
221
223
233
231
239
249
247
247
253
253
253
253
241
239
241
239
235
239
237
235
239
235
235
233
233
241
239
239
231
235
233
229
229
235
235
235
235
227
231
223
225
227
227
233
233
245
255
255
255
255
257
251
253
245
245
239
241
233
231
229
235
235
235
235
243
241
241
247
245
245
249
241
249
251
247
247
249
243
243
251
247
243
241
237
231
241
243
239
239
239
249
241
241
239
233
233
233
241
239
241
247
255
259
247
239
237
233
233
225
221
215
225
217
223
229
227
223
221
211
209
209
209
201
195
179
187
183
179
179
179
173
171
171
173
173
173
177
181
179
187
187
185
189
189
181
183
185
183
187
189
179
179
179
177
177
173
183
179
175
169
169
169
179
179
181
181
191
195
183
189
189
189
185
185
177
181
181
181
189
197
203
207
213
207
193
197
195
193
195
195
195
201
195
193
195
199
197
199
201
195
197
205
203
209
217
217
229
237
233
233
229
227
235
239
239
249
257
243
251
249
249
263
263
257
257
257
255
251
251
251
253
253
251
257
259
257
261
261
261
259
259
261
257
265
257
261
255
253
245
255
257
261
265
263
263
267
271
267
265
269
271
275
273
279
279
289
293
293
293
289
299
295
291
291
287
277
277
265
261
259
265
257
253
243
237
239
245
241
247
253
253
253
253
253
249
247
237
235
233
233
235
235
237
237
247
241
241
243
241
237
231
231
227
213
207
207
211
211
213
225
225
231
231
233
229
231
229
217
217
225
229
227
221
225
225
215
215
219
221
227
227
221
223
223
233
237
247
249
253
259
255
257
257
259
259
263
251
251
253
255
255
259
259
249
257
255
255
253
253
263
269
267
271
277
267
265
265
265
267
261
267
261
257
257
263
263
263
257
255
255
255
253
257
257
257
257
257
259
261
257
261
263
267
269
269
277
283
283
289
289
281
285
281
285
283
279
277
287
285
281
275
285
293
289
301
313
307
307
303
299
299
293
289
289
285
285
293
293
295
297
295
285
285
283
283
281
281
279
277
277
275
281
281
279
281
291
291
291
297
309
313
313
315
311
303
309
297
295
291
289
291
289
301
301
301
299
295
307
307
301
297
287
291
281
287
287
291
285
285
285
277
277
273
271
271
263
263
269
269
265
261
257
255
247
235
223
225
227
227
227
231
235
235
237
237
239
249
245
251
253
247
247
249
237
235
229
235
225
223
223
223
215
213
209
207
207
207
209
209
203
209
217
209
219
221
211
201
211
207
203
203
197
191
193
197
205
193
189
189
189
185
187
197
187
187
181
181
187
187
177
175
165
151
147
133
139
143
145
151
155
155
153
153
157
157
159
155
155
153
141
141
141
139
143
141
147
147
143
143
147
141
139
135
139
147
149
143
149
135
137
135
135
137
133
133
131
131
135
135
135
141
139
129
119
123
121
115
115
115
127
119
127
137
137
143
143
143
137
121
123
125
133
133
145
145
143
135
127
123
133
125
121
123
133
127
127
129
127
127
123
123
127
119
127
131
139
129
131
131
137
137
133
131
135
133
133
127
127
137
145
143
135
129
131
131
139
139
143
139
149
147
155
155
159
161
161
163
159
159
167
163
165
165
169
173
171
173
181
177
169
173
169
169
173
173
167
165
167
171
165
165
161
161
165
165
153
143
149
147
133
131
127
127
113
109
99
97
99
99
99
101
101
101
103
107
119
119
115
113
113
117
111
105
105
107
119
107
107
99
99
95
95
95
89
89
79
79
73
63
63
63
63
71
73
69
65
65
69
67
63
65
71
63
61
65
69
73
69
69
67
71
69
65
61
61
57
61
59
61
53
49
55
53
53
59
59
73
69
71
61
57
53
49
51
57
57
63
59
57
59
59
65
53
55
55
63
71
69
59
59
61
53
53
51
45
49
43
43
43
43
43
43
41
51
45
39
43
49
47
41
41
47
41
35
31
27
33
31
15
9
3
11
5
-3
-3
-1
13
11
13
17
17
13
13
5
13
5
13
3
-13
-17
-17
-7
-17
-15
-21
-21
-27
-27
-23
-25
-31
-31
-19
-17
-11
-7
-13
-21
-15
-13
-13
-5
-11
-5
-7
-5
-7
-7
-1
-5
-5
-3
-3
-3
-3
-3
-1
3
7
11
5
11
9
1
11
17
13
17
13
9
15
19
23
23
31
33
43
47
41
43
31
43
43
41
49
53
49
49
43
39
39
41
35
31
31
37
45
39
37
37
47
55
55
63
63
65
73
71
73
67
71
69
75
71
69
57
51
43
39
39
33
41
51
49
51
33
37
41
45
49
43
43
39
31
43
53
55
57
61
61
63
69
77
77
77
79
73
73
71
65
69
69
69
77
77
73
71
81
79
69
71
71
71
67
69
69
67
71
73
67
67
67
61
59
53
45
57
57
67
67
67
67
67
73
73
73
69
69
65
61
63
65
59
61
63
67
71
69
71
71
65
65
59
63
59
59
61
69
61
61
59
57
57
43
53
69
79
83
81
81
85
89
85
95
91
91
87
89
89
91
89
89
91
89
85
87
77
75
77
77
71
67
65
73
81
81
85
79
71
69
75
75
81
79
75
75
81
83
75
65
65
67
61
59
57
59
53
55
57
43
47
53
57
53
55
65
65
75
79
81
81
81
81
85
85
85
81
81
87
87
89
85
85
87
87
91
87
87
87
95
99
99
109
105
99
93
89
87
89
85
81
81
79
75
85
83
77
87
99
89
87
95
97
99
93
93
93
89
83
81
81
73
73
75
75
77
73
71
65
71
69
69
67
63
57
59
61
61
67
69
63
63
69
69
69
75
73
73
73
81
77
77
75
75
79
75
75
75
81
83
87
91
95
91
91
87
85
87
79
79
85
83
83
77
75
79
79
79
77
69
73
71
69
77
89
89
87
87
81
75
77
73
77
75
83
85
85
81
89
93
93
95
95
105
103
97
99
99
91
85
93
103
93
101
101
105
105
101
103
111
107
109
109
113
113
107
97
95
99
99
101
89
89
93
99
101
103
107
109
113
115
119
115
107
109
99
97
101
101
95
95
107
103
109
109
111
117
119
111
111
103
101
95
87
79
81
77
75
85
83
79
85
81
87
87
87
89
89
91
83
81
91
99
101
97
101
101
95
95
95
99
107
103
103
103
97
97
97
91
91
95
95
87
87
81
87
93
91
101
93
83
83
85
81
79
77
71
71
71
83
77
77
77
77
77
79
69
77
75
69
73
77
79
79
77
87
93
93
89
101
97
103
93
87
87
87
87
87
81
71
67
71
67
63
63
63
63
63
63
57
57
67
63
69
69
63
71
77
79
75
71
73
71
67
67
67
69
73
75
75
67
65
73
69
69
71
81
89
85
81
75
77
83
83
95
95
91
91
87
89
89
83
79
71
77
85
69
69
77
85
79
93
95
95
93
87
99
107
109
105
105
109
109
111
111
111
115
107
115
123
123
123
123
131
133
143
135
137
141
141
141
139
137
135
145
145
143
141
145
145
137
135
123
135
129
123
117
111
113
111
113
113
107
111
111
111
119
121
117
125
125
127
135
137
133
143
143
137
139
133
133
131
133
133
137
139
135
137
135
127
127
127
127
121
119
119
127
133
131
131
135
131
135
135
137
133
133
133
129
129
133
135
135
127
131
139
139
131
123
127
127
143
139
127
125
129
127
123
119
125
121
123
121
119
119
125
127
125
119
125
119
107
99
95
91
91
97
93
95
97
91
93
93
99
97
97
103
103
103
97
93
97
91
91
83
85
77
81
85
85
87
97
97
97
97
97
97
97
99
99
97
97
97
99
103
101
101
97
101
103
97
99
95
93
99
97
105
105
89
85
85
83
81
81
81
83
89
81
83
83
83
85
79
79
79
79
87
91
93
87
83
83
85
81
81
79
81
87
87
89
97
97
89
89
87
95
95
95
103
103
103
101
107
107
107
113
113
123
119
117
117
117
117
121
117
127
125
119
111
115
115
119
119
113
103
103
103
105
115
119
123
131
139
129
129
123
129
139
141
149
149
149
149
149
139
141
131
131
135
135
137
137
141
143
157
157
145
149
143
145
143
137
137
127
123
129
129
127
131
131
131
133
131
139
139
137
131
119
129
123
125
127
127
127
115
113
119
123
115
119
119
113
115
109
115
103
101
95
95
89
91
91
95
91
91
87
91
81
89
99
105
103
109
103
113
115
117
121
121
127
131
133
135
145
145
145
149
147
143
139
143
147
139
145
139
139
139
139
139
145
149
155
151
157
163
171
171
169
181
179
179
173
173
171
171
173
175
175
181
189
187
187
193
191
191
189
199
199
193
199
199
193
189
191
191
195
195
199
191
185
179
181
181
185
181
189
189
191
191
195
191
189
195
205
203
189
193
205
207
205
211
211
215
211
207
201
203
203
197
201
207
211
207
207
213
203
203
197
203
203
215
213
213
209
203
199
195
195
201
203
213
207
213
213
219
219
219
219
217
217
217
217
227
237
241
241
251
263
265
261
261
259
255
255
257
251
243
245
245
241
243
239
239
243
243
249
255
255
255
249
257
255
261
259
259
259
259
269
271
273
277
271
269
257
259
261
259
259
255
255
255
245
247
253
253
255
261
255
245
243
237
235
239
247
243
239
229
229
229
219
211
213
211
211
207
207
211
213
225
223
227
233
235
231
229
239
249
253
247
247
251
245
249
255
249
247
247
249
249
251
251
245
249
251
255
255
249
251
251
247
241
251
249
245
245
245
239
235
237
241
247
247
249
249
251
247
245
235
239
243
241
243
247
243
237
233
241
247
231
237
245
245
247
251
257
257
255
259
259
263
265
267
263
259
253
247
257
261
261
255
255
255
249
253
247
245
233
237
237
241
241
241
237
245
249
241
241
241
235
235
229
225
219
221
211
215
217
221
225
221
221
217
217
213
213
209
213
213
213
217
209
215
213
213
213
209
205
205
205
207
207
205
205
221
213
227
229
225
227
227
227
215
215
213
213
217
217
221
223
223
237
231
231
225
223
225
229
231
231
231
229
231
233
241
251
255
257
263
265
267
263
263
259
253
255
247
247
247
247
247
241
245
241
243
243
241
243
237
239
245
245
233
231
227
229
227
227
229
227
227
227
217
221
221
221
221
217
217
223
225
223
227
223
229
231
223
219
213
205
209
205
209
219
221
221
229
233
227
231
225
225
225
225
217
215
217
225
223
219
219
219
211
213
213
215
223
223
221
221
221
221
223
239
249
253
245
247
237
237
237
237
243
241
245
251
251
253
251
255
263
267
267
269
273
271
271
265
269
265
267
269
265
253
261
257
263
261
267
267
265
261
267
261
259
251
253
247
255
257
257
251
251
251
247
239
243
239
235
241
235
235
243
243
239
227
225
223
225
225
231
225
219
219
219
223
229
225
227
215
213
213
215
209
207
209
207
209
207
197
197
203
205
205
207
209
211
203
199
197
193
195
195
193
193
199
195
189
187
185
181
175
175
177
177
179
173
167
167
161
155
161
173
171
171
171
171
161
161
159
155
153
153
157
157
159
159
151
155
147
147
147
151
147
155
165
163
153
151
145
153
155
157
157
165
165
153
141
139
137
131
143
147
143
141
135
129
131
131
129
125
129
137
133
137
151
145
145
149
149
153
149
151
151
153
151
145
145
145
145
143
145
145
149
145
139
135
135
139
137
127
133
135
143
145
145
145
139
137
145
155
159
159
163
161
163
163
169
169
171
171
173
171
177
171
175
167
167
167
161
159
157
153
147
141
141
147
153
153
155
151
153
155
155
161
163
159
171
169
163
167
169
163
161
161
171
165
165
169
161
167
177
171
171
161
163
159
157
153
161
159
159
159
169
169
165
167
163
163
171
179
179
189
185
183
187
187
191
195
197
197
199
187
189
191
189
189
187
187
185
187
187
195
187
185
185
185
189
187
193
193
199
195
187
185
193
193
191
191
187
177
169
163
163
157
155
153
143
143
143
141
147
147
151
161
169
159
161
163
161
161
173
173
175
189
185
185
185
183
183
171
181
181
189
179
179
179
185
187
183
187
181
181
181
185
185
187
187
191
199
199
197
201
201
201
201
189
193
187
185
185
183
181
183
183
185
187
189
187
183
181
171
161
159
165
165
161
169
175
185
195
191
191
191
191
189
191
191
187
185
183
187
177
177
