-2625
-2615
-2615
-2611
-2601
-2601
-2601
-2591
-2579
-2569
-2557
-2555
-2547
-2545
-2539
-2533
-2525
-2511
-2511
-2501
-2501
-2489
-2475
-2465
-2463
-2453
-2457
-2449
-2443
-2443
-2435
-2427
-2423
-2415
-2411
-2411
-2405
-2401
-2395
-2387
-2375
-2375
-2375
-2367
-2363
-2355
-2355
-2357
-2349
-2341
-2337
-2325
-2327
-2327
-2319
-2307
-2297
-2285
-2279
-2277
-2267
-2263
-2259
-2253
-2241
-2235
-2225
-2215
-2203
-2203
-2193
-2193
-2197
-2189
-2187
-2187
-2175
-2163
-2165
-2165
-2153
-2153
-2145
-2139
-2127
-2113
-2107
-2107
-2107
-2107
-2103
-2103
-2103
-2099
-2103
-2095
-2095
-2089
-2089
-2089
-2069
-2065
-2061
-2061
-2061
-2049
-2039
-2035
-2035
-2035
-2025
-2019
-2009
-2007
-2003
-2003
-1997
-1997
-1993
-1993
-1981
-1979
-1967
-1963
-1963
-1965
-1957
-1945
-1945
-1943
-1937
-1931
-1929
-1917
-1915
-1911
-1911
-1915
-1919
-1919
-1903
-1903
-1903
-1905
-1905
-1901
-1895
-1891
-1885
-1879
-1879
-1879
-1877
-1877
-1867
-1863
-1865
-1865
-1865
-1857
-1855
-1855
-1857
-1857
-1855
-1847
-1851
-1837
-1829
-1817
-1811
-1811
-1801
-1797
-1793
-1785
-1781
-1775
-1763
-1763
-1763
-1757
-1749
-1749
-1745
-1745
-1745
-1737
-1743
-1743
-1743
-1743
-1741
-1737
-1735
-1729
-1727
-1723
-1711
-1711
-1707
-1705
-1703
-1703
-1685
-1683
-1681
-1675
-1673
-1671
-1661
-1661
-1657
-1657
-1657
-1653
-1645
-1631
-1627
-1627
-1627
-1627
-1623
-1613
-1613
-1605
-1595
-1599
-1595
-1589
-1597
-1593
-1593
-1593
-1593
-1583
-1569
-1567
-1571
-1569
-1563
-1565
-1555
-1557
-1557
-1557
-1561
-1561
-1561
-1555
-1547
-1537
-1535
-1533
-1533
-1529
-1515
-1515
-1515
-1515
-1515
-1507
-1495
-1495
-1495
-1481
-1483
-1475
-1463
-1463
-1449
-1455
-1445
-1445
-1437
-1437
-1435
-1437
-1435
-1435
-1435
-1435
-1433
-1429
-1417
-1419
-1419
-1413
-1409
-1411
-1401
-1401
-1393
-1393
-1387
-1385
-1385
-1377
-1369
-1363
-1363
-1373
-1361
-1357
-1349
-1349
-1343
-1341
-1337
-1331
-1331
-1325
-1325
-1325
-1321
-1323
-1315
-1311
-1311
-1311
-1311
-1311
-1311
-1305
-1303
-1303
-1299
-1297
-1293
-1293
-1283
-1275
-1267
-1267
-1261
-1261
-1257
-1251
-1245
-1245
-1245
-1237
-1231
-1235
-1235
-1225
-1213
-1201
-1197
-1203
-1205
-1207
-1193
-1193
-1179
-1169
-1159
-1147
-1147
-1147
-1147
-1135
-1127
-1129
-1127
-1127
-1119
-1119
-1121
-1107
-1103
-1107
-1105
-1105
-1105
-1089
-1075
-1075
-1079
-1085
-1085
-1079
-1069
-1059
-1057
-1057
-1057
-1051
-1043
-1037
-1035
-1031
-1031
-1021
-1021
-1017
-1017
-1009
-1001
-1001
-993
-993
-993
-999
-997
-995
-991
-991
-983
-983
-981
-987
-977
-979
-969
-969
-965
-963
-963
-965
-957
-957
-949
-949
-949
-939
-929
-923
-923
-923
-919
-919
-915
-907
-903
-909
-901
-899
-887
-881
-869
-869
-875
-875
-873
-873
-867
-863
-863
-853
-853
-853
-859
-859
-855
-849
-849
-845
-845
-837
-837
-833
-821
-821
-815
-815
-813
-803
-799
-803
-795
-783
-779
-779
-777
-783
-777
-781
-779
-787
-787
-793
-799
-799
-793
-791
-791
-791
-791
-789
-791
-791
-781
-781
-777
-777
-771
-777
-763
-759
-769
-753
-751
-751
-755
-755
-749
-751
-751
-751
-747
-751
-751
-751
-747
-753
-747
-737
-737
-747
-743
-743
-739
-735
-735
-735
-733
-723
-713
-713
-705
-703
-709
-709
-705
-701
-701
-701
-699
-685
-685
-689
-693
-685
-685
-683
-681
-673
-673
-681
-675
-675
-669
-665
-659
-659
-659
-659
-655
-659
-663
-671
-677
-677
-677
-679
-679
-677
-677
-677
-673
-669
-665
-661
-657
-663
-663
-655
-655
-657
-651
-649
-651
-647
-653
-663
-663
-663
-653
-653
-653
-645
-645
-633
-629
-627
-623
-613
-613
-601
-593
-589
-589
-589
-581
-567
-567
-565
-565
-553
-559
-565
-551
-539
-543
-543
-541
-541
-541
-537
-545
-545
-549
-549
-549
-547
-549
-549
-549
-549
-555
-553
-553
-553
-553
-549
-541
-541
-537
-541
-533
-533
-531
-531
-539
-531
-529
-525
-525
-529
-529
-523
-523
-523
-523
-523
-523
-523
-523
-523
-525
-531
-527
-519
-519
-517
-513
-511
-511
-511
-511
-511
-509
-509
-499
-487
-483
-477
-477
-471
-465
-465
-467
-467
-455
-457
-457
-455
-455
-453
-459
-461
-471
-467
-465
-449
-453
-447
-451
-447
-451
-451
-451
-457
-453
-453
-447
-443
-443
-437
-429
-427
-427
-429
-421
-419
-415
-415
-415
-415
-417
-421
-415
-411
-411
-417
-409
-409
-411
-421
-417
-417
-409
-409
-409
-405
-407
-405
-409
-409
-405
-407
-399
-395
-395
-393
-387
-379
-375
-369
-369
-361
-355
-355
-355
-351
-349
-353
-351
-351
-351
-347
-347
-341
-343
-351
-347
-335
-335
-329
-321
-317
-311
-305
-305
-305
-305
-309
-307
-297
-297
-285
-285
-285
-285
-277
-275
-271
-271
-267
-257
-253
-249
-259
-257
-257
-255
-259
-259
-251
-257
-257
-255
-255
-263
-263
-263
-267
-267
-267
-267
-267
-267
-267
-267
-267
-265
-273
-273
-271
-271
-271
-281
-275
-279
-275
-271
-263
-263
-255
-257
-259
-261
-257
-257
-257
-253
-253
-257
-267
-267
-267
-265
-267
-263
-265
-259
-251
-251
-261
-255
-255
-265
-259
-261
-267
-267
-273
-271
-269
-261
-261
-253
-247
-247
-241
-235
-235
-235
-235
-227
-229
-231
-231
-229
-237
-237
-237
-235
-225
-223
-221
-205
-209
-211
-209
-209
-201
-201
-197
-199
-199
-199
-203
-197
-193
-185
-175
-169
-171
-171
-165
-173
-177
-177
-177
-169
-169
-173
-179
-179
-169
-169
-169
-173
-165
-159
-159
-155
-157
-153
-153
-151
-155
-155
-157
-165
-153
-155
-151
-145
-145
-145
-147
-149
-159
-159
-159
-163
-171
-173
-177
-173
-171
-165
-159
-159
-159
-153
-147
-147
-137
-131
-123
-119
-121
-127
-127
-129
-129
-129
-129
-125
-125
-129
-129
-135
-133
-133
-127
-123
-123
-129
-137
-143
-141
-139
-143
-143
-141
-145
-151
-153
-153
-149
-149
-151
-151
-151
-159
-169
-171
-171
-171
-171
-171
-169
-171
-171
-171
-177
-177
-187
-175
-175
-171
-165
-165
-165
-169
-169
-165
-161
-161
-163
-163
-167
-167
-171
-173
-179
-179
-179
-177
-173
-165
-173
-173
-173
-171
-173
-165
-161
-155
-149
-149
-149
-145
-151
-155
-157
-157
-153
-153
-155
-149
-149
-149
-151
-145
-145
-143
-145
-141
-133
-133
-131
-131
-131
-131
-131
-137
-137
-137
-135
-135
-135
-145
-149
-139
-137
-137
-139
-139
-133
-129
-129
-129
-131
-133
-121
-117
-115
-115
-107
-97
-101
-93
-93
-93
-95
-91
-85
-85
-73
-73
-69
-69
-61
-67
-67
-69
-69
-71
-77
-77
-77
-65
-65
-65
-65
-61
-75
-79
-89
-83
-83
-83
-73
-73
-71
-57
-57
-59
-55
-55
-49
-39
-35
-37
-37
-27
-21
-29
-33
-23
-31
-31
-25
-25
-17
-17
-13
-13
-13
-17
-25
-33
-33
-19
-11
-11
-3
-5
-9
-23
-17
-17
-13
-19
-19
-19
-7
-5
-11
-17
-23
-23
-21
-19
-19
-19
-15
-15
-11
-11
-9
-5
-17
-5
3
-1
1
3
1
15
15
23
23
21
21
15
15
15
19
21
21
27
27
25
33
25
25
25
25
31
31
33
29
33
41
47
47
41
45
43
47
57
63
71
69
75
75
71
77
73
83
87
87
89
93
97
103
103
103
103
99
103
105
105
103
101
107
107
103
105
105
105
105
105
109
109
109
103
103
103
103
105
105
105
105
105
105
109
109
111
111
115
117
117
117
117
117
123
115
115
115
117
119
117
117
115
119
119
129
135
147
155
151
151
143
143
143
155
155
155
151
141
141
145
139
141
143
143
137
137
137
139
139
129
129
133
137
133
141
137
135
145
159
159
167
173
179
181
183
189
185
185
185
185
185
185
185
173
161
159
159
159
155
155
149
151
163
163
177
179
177
171
167
175
179
173
167
155
155
161
161
157
155
157
157
155
155
149
153
153
153
157
157
153
155
153
155
161
159
159
159
169
169
169
173
173
181
177
177
177
177
177
175
169
169
173
169
155
151
151
151
155
151
153
151
157
167
167
167
153
151
155
145
147
153
153
161
159
159
167
161
159
163
151
151
151
151
163
163
171
171
171
177
189
193
189
189
189
185
185
183
187
187
191
197
203
213
213
209
223
211
213
219
213
213
213
215
219
223
213
205
197
187
193
199
199
197
197
197
195
189
189
191
191
197
201
199
205
199
191
197
197
201
197
203
209
209
203
203
201
201
207
215
213
211
201
201
201
205
207
221
207
201
199
201
199
199
199
203
207
207
207
207
207
207
203
195
201
201
207
213
203
203
207
207
207
199
197
191
183
171
171
171
169
167
169
169
169
179
177
165
163
165
167
167
167
167
163
165
171
171
171
175
175
175
169
169
173
173
173
177
179
179
179
179
179
179
169
169
161
163
155
155
153
151
149
153
153
153
163
159
161
161
159
159
169
181
177
173
173
173
173
177
187
187
187
195
195
195
193
201
201
207
209
209
207
197
197
197
193
197
213
211
207
207
207
207
203
209
209
207
211
211
211
211
211
211
211
219
217
217
221
221
225
229
225
231
233
233
241
247
245
251
251
259
259
259
271
271
267
269
277
275
275
275
275
275
279
283
277
283
285
285
285
285
285
295
293
293
285
287
293
299
305
311
321
321
325
313
313
311
307
307
307
299
303
305
301
291
277
275
277
285
283
289
293
295
297
289
297
301
301
301
303
303
303
295
289
287
291
293
281
269
275
273
283
283
279
279
275
275
269
267
265
257
249
249
249
253
253
251
259
259
247
251
261
261
265
259
257
257
257
253
255
257
249
243
241
241
243
243
239
237
229
225
227
225
225
229
229
229
233
227
229
223
223
215
215
225
225
221
217
225
219
211
203
201
201
201
193
193
201
195
197
199
203
203
203
201
199
195
195
197
195
193
189
189
195
191
201
203
203
203
199
201
201
197
193
193
187
191
183
179
177
179
179
179
181
181
167
169
175
175
175
175
173
177
179
181
181
187
187
187
183
181
183
177
173
173
187
187
195
191
193
197
201
201
189
189
191
189
187
191
189
189
193
181
185
187
183
183
187
187
189
189
181
179
179
187
193
201
195
193
187
185
185
185
183
183
185
181
187
185
187
189
193
193
201
199
203
203
203
205
209
203
209
215
227
231
229
229
231
237
249
249
247
245
249
253
261
261
257
255
255
253
253
259
259
271
271
271
265
265
265
263
265
265
265
265
265
273
273
273
273
275
275
267
267
275
281
287
291
295
303
307
309
307
303
297
293
293
299
291
291
291
291
301
301
309
317
317
309
309
315
315
327
325
325
329
323
323
327
327
333
333
333
331
337
337
337
337
327
333
333
335
339
339
337
339
327
331
337
341
331
331
329
329
329
329
323
317
325
319
319
319
319
333
333
333
333
335
341
343
337
339
339
339
337
337
337
337
341
345
359
349
357
357
361
357
361
359
359
363
359
353
359
365
369
365
355
361
361
367
369
365
375
375
381
385
379
369
375
377
383
379
379
375
367
369
373
377
377
371
379
377
377
377
377
373
373
373
375
385
379
379
359
361
361
363
353
353
353
341
337
339
339
337
347
347
343
341
343
351
349
351
351
355
355
365
361
363
353
347
351
343
353
345
353
353
353
359
349
353
345
347
355
355
353
351
349
349
349
349
349
345
343
351
361
371
375
375
367
365
367
361
357
359
359
359
347
347
347
347
347
349
341
341
341
335
331
331
331
339
349
351
347
347
347
355
363
363
363
363
357
357
369
369
361
361
361
351
351
349
351
353
347
351
347
347
347
347
347
349
349
345
347
345
345
345
345
343
343
349
353
347
335
339
339
339
339
331
335
335
333
329
335
335
339
339
343
341
343
347
349
347
343
343
345
345
339
341
331
331
329
333
333
333
321
321
329
331
333
333
333
333
333
333
335
333
331
331
331
331
331
325
317
317
317
317
317
317
317
313
319
325
323
327
321
323
319
327
329
329
329
335
337
337
337
337
341
339
339
345
349
351
357
357
357
363
363
363
363
363
357
355
353
357
363
357
357
349
349
345
345
353
359
359
363
359
355
355
355
351
341
345
345
345
353
353
349
349
345
345
345
345
349
349
351
351
355
347
345
349
349
345
349
345
341
339
335
335
337
337
337
335
345
345
345
339
347
347
361
363
353
345
349
349
349
349
341
345
337
341
337
335
337
335
341
341
341
343
343
341
345
353
347
347
349
355
355
347
345
353
357
357
353
355
347
347
345
341
329
329
329
335
335
337
339
335
323
317
319
319
327
321
315
315
323
323
323
331
327
327
323
327
327
323
327
337
335
331
327
319
319
309
309
303
295
299
297
297
299
295
295
299
299
305
305
311
297
297
291
295
289
293
295
289
287
295
293
293
293
293
299
301
303
297
295
295
295
295
295
295
293
293
293
297
301
301
295
295
299
299
301
307
297
291
291
291
303
303
303
301
301
307
307
309
311
317
313
309
305
305
307
309
305
305
309
319
319
311
311
319
313
315
315
309
311
311
311
313
309
305
299
297
289
279
279
281
275
273
271
267
273
277
271
271
281
279
273
273
285
283
283
277
287
283
279
277
277
273
275
275
273
273
275
279
279
279
281
281
273
275
281
281
281
281
281
281
279
271
271
277
279
269
271
267
273
273
273
267
267
267
265
263
259
259
259
259
257
251
253
253
255
261
265
275
275
277
263
263
267
273
273
273
275
269
265
259
259
257
257
255
253
243
237
237
237
239
241
245
243
237
241
243
245
245
245
243
239
241
243
239
239
241
241
253
259
253
253
253
253
257
261
255
247
247
255
251
243
247
253
253
249
245
251
247
251
243
243
243
251
251
245
245
245
245
243
241
237
247
247
257
249
253
253
261
261
257
263
261
265
265
263
253
253
251
253
257
261
263
267
259
261
263
261
259
259
259
261
263
267
267
273
263
263
275
267
261
271
263
263
267
267
277
277
277
277
279
279
279
285
285
285
289
289
287
287
275
275
275
275
275
277
289
287
287
281
277
277
271
271
269
269
269
265
265
265
265
265
271
287
291
299
295
295
295
301
301
299
299
291
291
293
289
287
291
289
289
289
285
285
285
293
295
295
295
295
295
297
297
303
305
307
307
307
317
325
323
323
323
329
343
345
349
349
349
349
349
345
353
359
359
359
353
353
361
355
353
359
367
367
369
363
363
359
359
355
359
363
349
349
355
355
353
353
353
353
349
341
341
341
341
341
341
335
333
333
335
333
329
329
329
329
331
337
333
333
329
333
333
339
337
335
335
341
345
341
337
333
321
321
309
301
301
301
291
299
297
297
297
293
289
297
297
301
299
295
291
295
297
297
297
305
301
301
305
305
301
301
311
307
307
313
317
317
309
305
305
301
303
299
299
303
303
299
299
299
305
301
295
295
295
303
303
297
295
293
293
287
283
279
277
269
269
265
265
267
269
261
257
259
259
253
241
237
233
227
227
231
229
235
245
241
247
251
255
251
251
255
253
263
263
263
267
259
259
251
255
259
259
257
253
257
259
265
261
263
275
277
271
277
275
281
285
285
285
285
285
285
283
285
285
285
281
281
275
269
275
269
267
267
263
253
265
269
281
281
281
277
277
277
271
271
273
273
279
279
279
279
279
275
271
279
279
271
273
273
269
269
253
259
263
261
267
267
267
275
277
277
277
277
277
279
279
279
281
281
277
277
275
289
285
287
279
277
269
269
271
267
275
275
279
279
279
273
277
271
271
265
275
275
275
275
281
279
279
275
273
273
273
261
261
251
251
251
247
245
245
245
241
249
251
251
253
253
251
251
251
237
231
231
231
233
239
241
247
241
243
247
247
243
243
243
233
223
219
221
229
229
227
223
221
221
221
219
219
209
209
211
207
199
199
199
197
203
207
207
207
217
217
221
221
221
221
217
213
215
217
223
221
219
217
217
221
217
217
217
219
219
219
225
225
225
223
223
223
219
219
219
219
213
213
217
223
229
233
233
235
235
239
235
229
227
227
227
227
223
215
215
217
213
215
213
213
217
217
205
211
225
235
235
233
227
229
221
209
209
211
217
221
221
221
219
233
227
229
219
223
219
219
219
217
223
235
235
235
233
233
235
237
239
241
241
247
251
257
255
249
249
249
251
249
249
241
241
247
247
241
237
229
231
231
231
229
233
225
217
217
217
215
213
211
221
221
217
217
223
235
235
241
241
243
233
231
231
233
227
233
231
233
225
225
225
225
231
235
229
219
219
223
227
223
223
223
213
211
209
213
209
205
211
215
215
215
213
213
211
215
217
221
221
223
223
223
227
227
237
237
245
243
239
245
251
257
265
261
269
269
263
263
261
265
265
265
259
259
257
257
253
261
261
267
271
277
287
287
285
289
289
297
297
297
297
297
297
291
291
281
281
281
287
287
287
279
277
271
271
261
261
267
267
259
259
261
261
265
261
261
261
273
285
285
281
277
283
269
269
273
275
275
275
281
283
279
275
277
277
281
279
279
279
271
265
265
267
273
277
283
287
285
285
293
295
295
295
295
301
303
303
307
301
301
293
297
297
289
289
289
287
287
287
291
291
291
291
299
297
297
299
299
303
307
309
313
313
311
309
305
309
307
311
311
311
311
307
307
307
301
305
305
301
299
301
297
301
295
299
303
305
305
305
305
301
301
301
301
307
317
325
321
321
321
327
323
323
317
323
323
323
325
321
321
321
321
325
323
323
323
327
319
319
319
321
311
309
293
301
301
301
301
301
315
321
321
325
331
333
331
331
333
337
333
333
339
339
339
329
321
325
325
325
329
329
323
323
329
325
321
319
313
313
311
315
315
319
317
309
317
321
315
319
315
315
315
315
315
319
319
319
317
321
321
321
321
325
321
321
321
321
319
325
323
323
325
327
325
329
335
333
333
337
341
337
335
335
327
327
327
323
329
331
327
325
325
325
329
325
325
335
333
333
343
343
337
343
343
339
341
341
335
335
341
341
335
335
339
333
333
333
331
331
333
325
333
337
337
337
339
339
343
345
343
343
341
341
333
335
327
331
329
331
331
329
327
331
331
339
331
335
339
339
341
331
331
335
335
335
343
345
349
349
343
349
343
343
341
337
337
337
337
341
339
349
355
357
359
359
365
369
381
375
363
355
355
353
345
337
337
345
329
327
333
333
327
327
327
329
335
327
313
313
313
323
319
319
319
331
333
333
333
329
323
323
325
325
325
327
321
321
323
321
321
325
323
323
333
337
351
355
349
337
323
321
309
311
321
329
323
307
307
307
307
299
297
295
301
305
299
299
299
291
291
291
295
295
293
291
299
303
295
299
301
299
303
303
295
297
297
301
305
309
313
303
311
313
325
325
319
323
331
331
333
333
339
349
347
337
337
349
351
345
353
355
357
365
365
365
365
361
361
361
355
355
355
349
337
339
339
339
341
351
351
351
347
345
345
345
355
361
361
361
361
357
359
359
349
349
347
349
345
345
345
345
347
347
337
337
339
329
321
315
315
315
315
315
317
303
303
303
303
297
297
293
293
281
293
297
287
291
285
279
289
289
287
293
293
295
293
291
291
287
287
287
279
275
277
273
273
271
263
257
257
259
263
263
263
263
261
267
267
265
265
267
267
271
271
267
271
271
277
277
277
277
273
273
269
261
261
261
251
251
251
237
237
249
249
249
239
239
237
241
239
249
249
247
247
247
249
251
253
255
255
259
255
247
245
249
249
247
259
249
253
253
259
269
261
265
269
269
281
279
285
281
287
289
281
281
277
285
283
285
285
277
277
279
275
283
283
291
295
297
297
297
297
307
303
309
309
309
301
301
301
301
307
307
303
303
301
293
293
293
297
297
297
299
301
295
301
303
303
297
297
311
309
303
307
307
311
311
315
315
315
315
315
323
323
323
323
327
327
335
335
337
335
323
323
323
319
315
327
327
327
333
333
333
343
347
355
361
361
353
365
365
373
373
373
365
365
371
377
371
371
365
367
369
375
373
367
363
363
369
365
361
363
363
363
371
367
369
365
365
365
365
363
367
361
361
359
359
367
381
381
381
381
381
391
391
395
385
377
369
365
363
369
359
367
367
365
365
357
351
351
355
355
357
353
357
357
357
359
363
373
373
371
377
377
379
393
393
399
399
399
399
399
399
401
401
393
385
393
389
393
393
383
377
371
371
371
365
365
363
361
361
361
365
361
361
359
365
357
351
353
359
363
363
363
361
357
361
361
361
367
361
357
361
357
357
353
349
349
357
355
361
363
349
347
331
331
325
319
319
325
321
325
325
325
325
333
331
323
323
323
327
329
327
327
327
319
313
313
313
313
313
313
303
307
307
307
313
317
309
309
309
301
301
299
299
293
293
291
295
295
293
297
303
303
303
301
301
301
295
295
307
307
311
311
323
323
319
311
307
311
315
317
317
319
319
313
313
325
325
323
323
329
335
347
347
353
351
349
343
331
337
333
327
327
315
319
323
323
321
317
309
305
305
305
305
307
313
319
321
317
319
319
319
319
319
327
333
327
327
327
313
307
313
313
309
311
311
311
311
311
309
303
303
297
299
299
299
301
295
297
295
291
291
289
289
291
295
295
289
287
291
291
291
283
283
283
285
285
291
283
285
287
287
283
283
285
297
303
305
301
303
299
295
291
285
283
273
273
273
279
275
281
279
271
265
271
271
269
263
265
271
271
279
283
279
279
285
283
283
283
279
275
275
275
277
273
277
277
279
277
279
281
285
291
287
287
283
269
269
267
257
257
251
257
257
257
257
257
255
255
267
255
255
255
255
261
261
269
269
267
265
281
281
277
279
281
275
271
277
277
273
269
267
257
263
263
261
263
263
263
263
263
261
261
265
267
267
265
265
265
263
263
269
269
267
267
271
265
269
269
267
275
269
271
275
273
277
277
277
269
263
263
265
263
267
271
273
273
271
277
275
279
279
269
261
265
271
271
273
277
283
289
289
285
289
297
297
297
297
301
301
309
313
313
305
305
307
311
311
311
313
319
327
323
323
323
323
323
317
321
321
321
307
313
307
303
301
295
289
283
277
283
289
295
295
293
293
293
293
299
301
307
307
305
305
309
311
321
319
323
325
325
325
323
313
321
321
325
325
325
325
325
319
325
327
323
321
321
321
321
319
321
317
319
323
317
309
313
313
315
319
315
315
309
315
315
315
311
311
319
319
319
319
319
319
319
325
321
321
321
331
337
337
337
335
337
333
335
335
333
333
327
323
323
323
321
311
311
305
301
297
287
275
277
277
275
271
267
257
253
253
261
267
267
267
261
255
251
245
237
239
239
251
251
251
251
243
243
243
251
251
255
259
259
263
259
257
257
255
255
245
233
237
235
233
237
237
241
241
241
241
237
235
235
249
249
253
263
263
263
263
261
263
267
265
263
263
257
257
255
255
249
239
231
231
231
225
223
233
237
249
237
243
241
237
227
223
223
225
227
227
235
237
237
237
237
243
245
235
237
239
239
245
237
243
251
251
243
245
239
245
245
247
257
257
259
257
257
257
261
261
253
247
241
233
233
231
227
223
223
223
223
223
223
223
223
223
225
225
225
229
229
227
227
227
225
225
229
229
229
227
227
239
243
245
239
239
245
245
245
239
239
245
247
255
251
251
251
245
241
241
239
243
243
243
235
229
225
225
225
233
233
233
239
243
247
249
249
245
253
247
257
259
259
265
267
267
273
277
273
273
273
285
285
287
287
287
287
287
285
287
285
289
285
281
283
283
281
281
277
269
269
271
267
263
275
279
279
275
271
271
265
255
249
249
249
253
253
253
251
245
241
237
241
241
241
239
237
235
235
233
233
225
223
223
223
219
219
223
223
227
235
237
237
235
239
239
239
239
239
239
241
241
241
237
239
239
233
233
229
229
227
229
231
229
223
227
229
229
229
229
229
227
227
221
223
231
231
233
231
233
227
223
223
219
219
215
201
201
205
209
213
213
207
205
205
207
207
207
207
205
203
209
207
203
207
205
201
195
199
199
197
195
195
191
195
197
197
191
191
197
193
201
195
189
191
187
183
183
183
179
183
181
179
175
175
177
171
169
165
159
157
163
163
167
173
173
173
175
177
175
175
175
175
159
155
155
157
145
145
147
153
169
161
159
159
159
159
159
155
149
149
143
143
141
135
139
139
135
133
133
137
131
131
131
129
123
125
119
119
117
115
125
125
131
139
139
143
143
153
153
147
147
131
131
131
131
131
121
121
113
113
113
113
109
113
107
107
107
101
91
85
81
81
81
81
73
81
81
85
83
89
91
83
87
87
89
81
81
71
71
77
81
83
83
77
89
87
81
81
81
87
95
95
95
93
91
79
81
75
75
75
65
67
63
55
63
71
77
79
77
77
77
77
67
75
79
79
87
87
93
93
93
103
103
107
107
105
105
97
97
103
97
99
99
101
101
95
99
103
99
109
105
109
117
117
119
115
123
125
121
117
111
111
119
125
135
143
133
137
137
141
141
141
137
139
135
133
135
125
125
125
129
141
139
137
137
137
139
145
145
145
145
145
133
133
133
129
133
131
131
131
135
141
141
151
149
147
149
145
147
139
139
131
123
115
117
117
113
113
115
117
121
121
119
119
107
117
117
121
115
117
113
125
125
125
125
125
125
125
121
121
117
117
117
119
119
125
121
121
121
111
105
95
97
91
83
81
93
93
95
95
99
103
115
121
125
125
123
121
119
121
123
119
117
123
125
121
117
113
113
121
121
123
123
131
125
127
127
127
125
121
119
123
127
127
129
129
135
137
137
137
135
135
129
123
123
119
125
125
127
127
129
129
133
139
133
131
131
131
129
117
111
113
115
113
113
113
119
119
119
127
127
127
133
139
141
145
135
137
147
147
141
141
151
151
151
151
151
151
147
147
149
149
149
149
153
161
161
159
159
165
175
173
173
173
173
169
161
161
163
163
161
159
153
151
153
149
149
143
149
153
153
153
155
145
147
155
163
165
165
165
161
153
147
145
149
159
147
141
143
143
141
143
145
145
141
141
141
141
145
143
143
143
147
141
141
145
141
133
133
133
137
145
145
151
159
159
157
157
151
151
151
151
151
151
147
153
149
149
143
145
157
165
163
155
155
155
151
151
151
157
151
155
153
151
157
157
161
161
171
175
171
171
167
159
163
173
179
167
167
159
155
153
159
159
163
163
153
153
143
141
149
147
147
145
149
153
155
155
159
149
149
153
145
145
145
145
147
147
147
143
145
145
145
143
143
143
139
145
147
151
155
155
159
153
153
155
151
151
149
149
147
147
147
147
153
153
149
159
153
153
149
149
155
157
161
167
173
171
169
165
169
169
169
167
169
169
167
167
167
171
171
171
163
163
167
169
159
159
165
169
169
179
175
171
167
165
167
167
167
157
161
161
165
165
161
161
161
159
161
155
157
159
159
159
161
159
169
165
161
153
149
157
155
155
151
157
155
157
157
165
159
155
147
147
143
139
145
135
135
127
127
131
135
139
129
135
135
131
137
137
125
135
135
141
141
141
133
133
127
115
103
103
99
89
83
85
87
93
93
89
91
91
91
81
81
83
83
89
95
101
111
107
95
103
103
113
113
119
125
129
129
125
129
129
119
119
123
117
115
115
115
115
123
119
121
115
111
111
119
119
117
119
119
121
119
115
119
109
109
113
113
113
115
113
113
113
113
111
101
99
93
89
85
85
79
79
79
79
79
77
77
77
71
71
57
59
65
61
75
77
73
79
79
83
85
85
85
93
91
93
89
97
95
95
93
93
101
95
95
91
89
83
83
77
77
83
83
77
81
81
81
81
81
85
91
93
85
85
85
79
71
71
67
67
69
75
83
81
81
81
83
83
77
85
85
93
103
99
109
113
111
107
107
107
107
107
113
113
121
121
121
121
121
119
117
111
111
111
111
107
111
109
115
109
111
117
115
113
111
111
105
103
109
109
103
111
111
115
115
123
127
131
125
111
111
107
93
89
89
95
105
101
109
111
111
109
103
95
91
99
99
105
97
97
97
97
91
91
93
83
85
85
93
101
105
105
101
109
109
99
95
95
93
95
95
93
83
85
85
85
75
73
65
67
63
61
57
69
63
57
57
55
63
63
63
61
55
55
57
57
61
61
55
55
57
49
47
49
47
45
45
43
37
37
31
17
17
15
13
13
15
13
13
-3
-3
-5
5
1
-1
3
3
5
13
13
15
17
19
11
15
21
21
11
7
11
5
5
9
9
17
13
7
7
7
7
13
15
9
9
9
5
3
1
-1
3
5
5
11
21
21
27
31
31
35
35
39
43
41
33
25
27
23
21
23
21
29
29
31
33
29
29
25
35
35
35
39
45
47
53
55
47
41
41
37
37
35
35
35
31
31
31
27
17
13
13
15
15
15
15
13
13
11
11
5
9
13
13
13
5
-7
-9
-13
-19
-19
-19
-19
-19
-17
-27
-27
-19
-19
-27
-21
-21
-21
-11
-11
-11
-11
-7
-9
-15
-1
-1
-1
-9
-21
-23
-23
-23
-27
-25
-19
-19
-21
-13
-15
-15
-11
-13
-13
-15
-21
-21
-19
-17
-15
-15
-13
-9
-13
-13
-13
-15
-15
-11
-11
-15
-15
-23
-15
-15
-7
-11
-9
-9
-9
-15
-25
-27
-27
-31
-29
-37
-31
-37
-33
-35
-45
-49
-49
-53
-51
-47
-55
-57
-51
-51
-53
-57
-57
-57
-45
-39
-37
-31
-25
-19
-15
-13
-23
-17
-9
-7
-5
-3
-3
-3
3
3
11
11
11
9
9
7
9
19
23
27
33
33
33
25
21
19
15
13
11
3
9
9
9
9
7
9
11
11
27
33
37
35
31
31
37
37
29
35
35
33
35
37
39
47
43
45
43
43
37
33
27
33
39
49
39
45
49
49
57
51
51
51
55
43
45
49
49
55
55
55
49
51
57
57
51
49
49
49
49
47
43
43
43
37
33
29
27
23
19
31
43
37
33
33
37
31
31
31
31
31
31
37
37
37
37
25
21
27
19
19
13
19
19
19
23
23
23
29
29
33
21
19
19
19
15
15
19
19
15
15
7
7
13
13
9
7
7
7
15
3
3
-1
-1
-1
3
13
13
9
-1
5
3
3
-3
-5
3
1
3
-5
3
5
1
7
7
11
11
11
13
3
3
3
-1
-9
-11
-11
-13
-15
-7
-7
-5
-5
-1
-9
-17
-11
-19
-9
-1
-1
-1
-3
13
13
13
7
7
11
23
23
23
23
27
21
21
19
15
13
13
19
19
19
19
13
13
21
9
9
5
1
3
5
9
13
7
7
17
23
29
29
31
31
31
21
33
27
27
29
29
25
21
13
13
13
7
7
7
11
15
21
21
29
23
23
13
13
5
3
3
7
7
15
17
25
19
25
19
17
13
7
9
11
11
7
3
7
3
1
1
1
1
5
9
9
5
5
-7
-1
-1
-1
-1
-5
-5
7
17
17
17
27
31
31
27
29
29
29
37
37
29
29
39
47
47
39
35
27
27
17
17
23
23
23
31
31
35
37
45
43
43
53
55
57
57
51
51
47
47
43
49
47
45
49
49
55
55
59
57
61
67
67
69
75
77
83
83
75
75
75
81
81
81
81
87
85
87
87
87
87
83
79
81
91
87
87
87
87
83
83
87
87
89
97
93
95
103
107
105
105
101
99
93
91
87
83
73
63
63
65
63
65
57
57
57
53
55
49
45
47
45
41
39
43
53
61
67
65
65
67
63
67
67
69
69
67
67
67
71
73
83
83
87
89
87
91
91
95
89
97
97
91
83
91
87
91
85
89
85
85
97
93
97
101
105
105
109
109
109
109
109
109
103
107
103
105
101
93
83
81
81
81
85
85
87
87
75
71
71
75
75
79
85
83
83
83
83
83
83
83
79
75
69
69
63
57
57
57
57
65
65
59
55
55
57
57
59
59
49
49
55
65
67
73
77
71
75
77
79
85
87
89
85
81
77
79
79
79
85
81
81
73
71
79
73
69
67
67
67
67
67
77
81
85
85
81
77
79
79
79
83
79
77
85
81
81
75
75
75
75
67
75
63
65
55
47
47
53
53
53
53
53
49
49
49
43
43
37
39
37
37
39
39
39
39
39
39
39
27
43
43
39
37
37
41
41
51
49
41
41
43
41
41
43
43
33
37
39
35
51
51
39
37
37
43
43
41
35
35
35
29
33
33
33
33
31
29
31
35
35
25
19
23
33
39
39
31
19
21
21
17
17
23
29
37
39
43
35
35
39
39
39
39
35
35
35
35
45
49
51
53
53
47
47
49
43
53
53
51
51
51
39
39
45
45
39
43
47
53
55
51
43
33
31
39
45
45
49
43
37
31
31
31
33
31
43
41
43
37
37
37
43
45
39
39
37
35
33
31
31
27
27
33
33
29
19
19
11
17
15
7
7
7
13
13
13
3
9
5
11
5
1
-1
5
3
1
5
13
13
13
17
17
3
7
7
13
11
11
15
21
23
23
23
25
13
17
9
9
9
11
11
11
9
17
17
25
25
9
11
11
11
11
13
13
11
11
11
11
13
13
15
21
21
11
17
17
15
17
17
19
19
25
25
25
15
13
11
7
19
19
9
9
11
11
1
-1
-3
1
9
11
13
11
19
25
29
23
29
23
23
23
23
27
27
25
25
17
25
25
25
29
27
21
29
31
31
31
35
35
37
37
21
29
31
31
27
27
27
25
33
39
35
37
27
33
33
33
31
37
43
43
39
41
47
55
67
73
67
77
75
73
73
75
71
77
77
77
77
77
77
67
65
65
71
79
75
77
81
87
87
83
81
89
93
97
95
95
95
95
95
95
99
99
103
99
105
111
107
107
109
109
113
117
111
109
103
103
105
103
105
97
97
97
99
97
93
93
89
91
99
103
103
89
89
95
95
91
77
75
75
75
75
69
69
75
65
59
53
53
53
47
55
57
61
61
69
73
73
71
65
65
57
69
71
63
63
63
67
61
65
61
57
57
63
63
63
49
51
55
55
53
57
49
53
59
59
65
65
71
71
75
81
83
81
73
73
79
75
85
95
103
105
97
101
101
97
99
103
101
91
91
91
99
103
111
113
105
107
101
117
119
117
113
117
111
107
99
105
107
107
111
119
117
123
125
117
117
115
105
99
101
105
105
113
121
123
119
119
119
115
113
113
115
121
131
127
113
121
121
129
125
119
119
115
115
119
119
119
113
113
115
115
111
115
113
109
109
109
109
117
109
109
121
123
119
113
107
97
101
101
101
101
109
111
113
121
123
123
123
123
123
121
131
125
125
125
131
121
127
129
129
129
127
119
129
127
127
131
131
119
119
119
125
125
125
121
127
129
129
129
131
133
127
127
127
129
129
127
129
131
137
131
131
121
117
117
115
117
127
135
127
133
131
131
135
143
147
147
147
147
147
141
139
139
135
135
131
131
131
139
133
135
135
137
137
139
139
137
137
137
137
145
149
149
159
159
167
171
171
171
165
165
165
165
153
147
147
147
147
143
143
143
147
147
147
145
141
143
139
139
139
139
131
131
125
117
117
109
103
101
95
95
95
95
95
95
87
91
91
83
79
81
83
83
85
95
95
95
101
101
97
97
87
87
83
79
75
71
69
69
65
69
69
61
61
63
63
59
65
65
65
63
59
51
51
53
51
51
51
49
49
47
45
37
41
41
49
49
51
45
45
49
57
55
55
65
59
63
67
61
65
65
65
63
67
65
65
67
67
59
59
63
59
63
65
63
67
65
65
65
73
73
73
69
69
75
73
85
85
87
85
91
99
97
97
97
105
105
97
97
91
91
91
97
99
99
99
103
101
105
105
113
115
113
105
103
97
99
109
107
103
101
99
99
101
105
111
111
103
103
103
115
115
113
117
113
113
115
113
109
109
115
125
125
123
113
113
113
105
105
105
103
97
91
95
99
99
97
99
97
93
93
93
95
95
101
103
103
103
103
105
113
111
107
109
109
109
113
105
101
111
103
117
119
111
113
107
109
109
109
109
117
117
117
123
123
127
123
121
119
111
111
111
109
111
123
127
131
139
137
127
123
129
131
135
135
141
141
145
153
157
163
163
153
151
151
147
147
149
145
145
145
137
131
129
131
133
133
135
139
145
141
141
141
141
137
133
133
133
141
145
145
133
127
137
127
127
127
127
127
127
127
141
141
137
137
137
141
135
139
135
135
127
125
121
121
121
117
105
111
117
119
119
117
113
115
115
115
107
105
99
93
93
97
97
97
85
81
89
89
89
89
101
107
107
105
105
119
123
123
125
125
119
119
119
109
109
101
99
101
107
107
103
105
103
93
89
83
81
81
81
85
79
79
75
67
71
71
69
73
77
85
79
71
77
75
71
71
67
67
51
61
63
63
73
65
65
61
71
71
71
65
65
71
71
73
73
71
69
65
65
65
63
63
63
63
67
55
55
59
57
59
55
55
55
55
55
55
55
57
51
51
57
69
71
69
61
61
51
51
45
47
49
61
61
61
61
59
67
77
71
73
75
75
85
85
85
89
89
89
91
93
77
69
65
63
57
57
59
55
55
59
59
53
55
53
53
53
53
53
53
55
55
61
69
73
79
73
73
73
73
73
73
77
71
65
65
61
61
57
57
59
65
65
65
57
61
61
61
59
63
63
63
61
69
65
67
65
65
59
59
55
61
61
61
65
65
73
73
79
79
79
89
95
91
95
93
97
87
87
85
89
95
81
89
93
97
93
91
95
91
87
87
95
99
101
101
101
101
103
105
117
121
121
119
119
117
113
109
115
117
125
115
115
109
109
109
109
111
105
105
107
107
111
103
113
101
109
105
105
105
107
117
121
117
123
121
123
123
113
113
115
121
127
129
133
135
135
131
129
133
133
129
129
129
133
131
131
131
125
115
123
119
119
125
123
135
137
141
143
143
151
151
147
147
147
147
147
151
151
157
151
149
143
145
145
145
155
161
159
153
155
145
145
143
143
143
143
143
151
153
153
159
161
165
165
165
169
171
169
169
177
169
169
169
165
165
159
157
157
157
157
157
157
157
155
159
161
161
155
155
161
161
161
157
151
155
163
163
155
155
161
163
163
163
167
175
169
161
157
153
159
157
143
143
133
133
125
127
121
123
129
137
143
143
147
145
149
155
155
161
161
161
161
161
163
