-2627
-2627
-2621
-2623
-2615
-2607
-2595
-2595
-2583
-2583
-2573
-2573
-2561
-2557
-2549
-2549
-2551
-2549
-2547
-2535
-2531
-2525
-2519
-2515
-2515
-2503
-2497
-2495
-2493
-2483
-2473
-2473
-2473
-2463
-2453
-2449
-2441
-2441
-2435
-2439
-2439
-2437
-2439
-2433
-2423
-2419
-2413
-2403
-2397
-2393
-2381
-2375
-2369
-2365
-2359
-2355
-2355
-2351
-2347
-2343
-2337
-2333
-2325
-2313
-2313
-2311
-2303
-2303
-2295
-2291
-2287
-2279
-2283
-2277
-2267
-2259
-2249
-2249
-2245
-2235
-2227
-2223
-2213
-2207
-2199
-2191
-2183
-2173
-2175
-2173
-2157
-2151
-2149
-2137
-2127
-2117
-2117
-2111
-2109
-2095
-2087
-2081
-2071
-2059
-2057
-2049
-2049
-2047
-2043
-2041
-2031
-2029
-2021
-2013
-2011
-2011
-2001
-1995
-1995
-1991
-1979
-1967
-1959
-1959
-1953
-1957
-1953
-1941
-1935
-1921
-1909
-1905
-1899
-1891
-1879
-1867
-1859
-1849
-1841
-1827
-1827
-1825
-1827
-1827
-1827
-1817
-1797
-1781
-1769
-1761
-1755
-1749
-1745
-1745
-1737
-1733
-1733
-1727
-1723
-1727
-1727
-1727
-1729
-1719
-1713
-1713
-1713
-1713
-1715
-1705
-1705
-1703
-1695
-1703
-1689
-1675
-1665
-1661
-1647
-1633
-1627
-1625
-1625
-1619
-1617
-1617
-1623
-1613
-1609
-1609
-1599
-1589
-1589
-1579
-1579
-1573
-1567
-1559
-1553
-1551
-1551
-1545
-1541
-1539
-1539
-1539
-1539
-1543
-1547
-1539
-1539
-1539
-1531
-1523
-1517
-1511
-1517
-1517
-1517
-1503
-1497
-1497
-1487
-1485
-1485
-1475
-1471
-1475
-1473
-1473
-1467
-1467
-1461
-1461
-1463
-1451
-1451
-1445
-1439
-1445
-1447
-1447
-1435
-1441
-1439
-1433
-1433
-1433
-1421
-1413
-1405
-1409
-1405
-1401
-1401
-1391
-1387
-1381
-1373
-1381
-1385
-1385
-1385
-1369
-1367
-1367
-1363
-1359
-1351
-1347
-1341
-1331
-1323
-1325
-1335
-1331
-1337
-1339
-1333
-1337
-1337
-1335
-1335
-1335
-1333
-1321
-1317
-1317
-1315
-1311
-1299
-1293
-1289
-1293
-1285
-1279
-1277
-1265
-1267
-1267
-1263
-1263
-1255
-1251
-1251
-1243
-1233
-1225
-1227
-1227
-1231
-1231
-1225
-1221
-1205
-1203
-1205
-1207
-1193
-1189
-1189
-1179
-1177
-1177
-1163
-1147
-1147
-1145
-1153
-1149
-1147
-1151
-1139
-1137
-1133
-1129
-1117
-1111
-1111
-1113
-1105
-1095
-1097
-1091
-1085
-1081
-1077
-1071
-1071
-1071
-1067
-1069
-1063
-1059
-1047
-1051
-1057
-1061
-1057
-1059
-1059
-1059
-1059
-1057
-1053
-1053
-1045
-1051
-1045
-1039
-1035
-1029
-1041
-1033
-1033
-1033
-1033
-1025
-1025
-1021
-1013
-1007
-1003
-997
-997
-1003
-1005
-991
-991
-989
-985
-977
-977
-977
-983
-981
-979
-979
-971
-971
-963
-961
-959
-963
-963
-959
-959
-957
-957
-961
-951
-945
-945
-945
-953
-953
-947
-947
-937
-925
-919
-913
-903
-897
-897
-889
-877
-877
-877
-875
-869
-867
-863
-851
-851
-845
-835
-829
-831
-823
-825
-825
-831
-833
-835
-825
-825
-813
-811
-811
-807
-811
-811
-811
-811
-811
-811
-797
-797
-797
-787
-787
-787
-775
-773
-773
-763
-763
-751
-743
-729
-725
-721
-721
-711
-711
-719
-713
-705
-705
-703
-701
-697
-699
-691
-689
-681
-681
-681
-687
-689
-683
-673
-665
-655
-649
-649
-655
-655
-655
-651
-651
-655
-651
-649
-645
-639
-635
-623
-623
-613
-609
-611
-607
-613
-615
-615
-613
-617
-623
-625
-619
-605
-601
-597
-591
-583
-579
-583
-585
-579
-573
-573
-579
-579
-585
-583
-575
-575
-575
-573
-575
-571
-563
-553
-543
-539
-541
-535
-521
-525
-519
-519
-527
-527
-521
-527
-529
-529
-527
-519
-517
-523
-523
-519
-513
-507
-509
-509
-507
-503
-499
-499
-499
-509
-509
-521
-519
-519
-519
-511
-501
-499
-503
-511
-517
-509
-505
-497
-495
-501
-499
-491
-491
-491
-495
-495
-495
-499
-499
-503
-507
-509
-515
-503
-503
-505
-505
-509
-519
-513
-509
-501
-501
-501
-497
-491
-487
-493
-497
-497
-503
-501
-503
-507
-505
-505
-511
-511
-501
-501
-505
-507
-503
-495
-501
-507
-501
-501
-501
-503
-503
-497
-489
-489
-483
-477
-483
-483
-483
-477
-477
-483
-479
-477
-469
-461
-461
-459
-463
-453
-443
-435
-437
-437
-433
-433
-433
-437
-431
-431
-429
-421
-417
-411
-407
-409
-405
-395
-397
-397
-397
-397
-399
-399
-399
-399
-405
-411
-415
-423
-419
-419
-419
-425
-425
-431
-427
-419
-425
-425
-423
-425
-417
-417
-417
-417
-413
-409
-409
-407
-407
-401
-403
-407
-405
-401
-395
-395
-393
-393
-387
-383
-383
-383
-375
-375
-377
-377
-375
-375
-379
-383
-385
-389
-397
-395
-391
-391
-399
-401
-405
-413
-403
-403
-403
-401
-399
-393
-385
-387
-387
-383
-395
-393
-395
-387
-389
-389
-383
-381
-383
-375
-375
-381
-375
-371
-371
-371
-369
-367
-359
-359
-359
-353
-349
-345
-339
-337
-331
-333
-335
-321
-321
-319
-325
-315
-319
-321
-321
-315
-313
-309
-301
-303
-303
-299
-295
-297
-299
-289
-279
-275
-273
-269
-269
-271
-265
-265
-269
-277
-273
-273
-261
-253
-253
-243
-247
-239
-239
-225
-229
-229
-227
-227
-223
-223
-217
-217
-217
-225
-231
-235
-235
-233
-239
-229
-229
-233
-227
-221
-215
-217
-219
-223
-215
-219
-219
-219
-213
-213
-211
-215
-215
-219
-223
-223
-217
-217
-227
-229
-233
-231
-225
-237
-241
-241
-239
-237
-237
-237
-231
-229
-223
-223
-217
-217
-219
-227
-225
-227
-223
-223
-233
-233
-229
-221
-221
-221
-213
-207
-215
-223
-213
-223
-221
-213
-213
-215
-217
-207
-197
-201
-199
-189
-187
-189
-189
-179
-175
-187
-189
-183
-173
-171
-167
-171
-175
-167
-167
-159
-151
-147
-149
-149
-149
-151
-151
-155
-167
-177
-179
-179
-181
-175
-175
-185
-185
-187
-185
-185
-187
-187
-191
-191
-191
-187
-181
-181
-177
-177
-167
-167
-163
-155
-161
-159
-153
-153
-155
-153
-157
-161
-161
-167
-163
-163
-157
-159
-159
-157
-157
-151
-153
-151
-145
-139
-145
-145
-145
-145
-145
-137
-137
-137
-137
-133
-131
-131
-135
-139
-139
-139
-141
-137
-141
-147
-145
-151
-145
-141
-151
-143
-147
-153
-153
-153
-151
-151
-151
-151
-151
-151
-149
-151
-149
-149
-145
-143
-149
-141
-141
-137
-137
-141
-131
-121
-113
-113
-107
-107
-103
-105
-101
-93
-93
-91
-95
-91
-91
-99
-97
-89
-91
-81
-81
-81
-83
-75
-77
-79
-79
-69
-69
-69
-63
-65
-61
-69
-67
-61
-63
-63
-67
-73
-77
-71
-81
-73
-77
-75
-75
-71
-75
-83
-81
-87
-83
-75
-77
-77
-79
-77
-81
-75
-83
-81
-85
-81
-83
-81
-83
-79
-71
-71
-71
-67
-59
-59
-61
-59
-59
-57
-65
-65
-59
-53
-53
-47
-41
-47
-43
-39
-41
-41
-37
-37
-27
-31
-25
-25
-25
-25
-23
-23
-21
-33
-25
-31
-31
-27
-39
-39
-39
-39
-33
-21
-21
-15
-13
-5
-1
-1
3
7
5
1
-13
-9
-9
-7
-7
-3
1
7
3
7
3
11
7
1
-7
-7
-13
-11
-5
-3
-1
7
17
23
13
1
3
3
7
7
1
1
-1
5
5
3
3
-1
-3
-3
3
-1
-11
-11
-9
-13
-9
-15
-15
-9
-9
-15
-13
-13
-13
-23
-23
-27
-33
-37
-31
-23
-23
-17
-13
-15
-13
-13
-3
-3
-11
-7
-7
-9
-5
-9
1
5
1
-5
-5
-5
-5
1
3
7
11
7
11
9
13
13
15
19
17
17
17
15
13
9
5
1
1
-3
-11
-9
-9
-1
7
7
1
-5
-13
-15
-11
-17
-17
-13
-13
-5
-13
-15
-15
-17
-21
-27
-29
-23
-19
-27
-19
-17
-11
-7
-13
-25
-19
-13
-1
-9
-7
-5
-1
-1
-1
-7
5
17
13
13
11
9
13
11
11
11
11
3
-3
-9
-7
-17
-13
-23
-17
-19
-21
-25
-21
-19
-23
-25
-25
-23
-31
-31
-39
-41
-41
-37
-43
-39
-43
-37
-37
-33
-27
-27
-27
-17
-15
-11
-21
-17
-17
-17
-23
-23
-21
-17
-13
-3
-9
-11
-11
-5
5
3
3
7
5
5
3
-5
-7
-13
-13
-9
-5
-5
-7
-5
-3
-15
-7
-7
-19
-13
-15
-15
-13
-5
-7
-11
-11
-5
-1
1
-3
-3
-5
-1
-1
-7
-3
-1
-7
-15
-9
-1
-1
-1
1
-5
-9
-9
-7
-1
-5
-5
-5
-13
-21
-25
-27
-23
-13
-5
-1
-1
3
-1
-3
-5
-5
-9
-7
-3
-3
-3
-3
-3
-3
1
-1
-1
5
5
-1
7
7
7
7
11
7
7
9
7
1
9
5
9
9
9
13
13
13
19
19
19
19
19
19
15
11
11
11
11
15
11
13
13
3
9
3
-3
-3
-1
-1
5
7
19
19
31
29
31
21
21
15
3
3
-1
-5
-3
3
-5
-1
1
1
1
-3
-3
-7
-11
-7
3
7
5
5
11
11
23
31
33
31
33
21
21
21
15
25
25
19
15
15
9
7
9
11
9
9
1
5
17
17
17
9
9
7
-5
-7
-9
-9
-3
5
9
1
-7
-7
-7
-3
9
13
17
27
25
29
35
35
27
23
17
25
15
15
11
13
15
15
13
19
15
11
5
1
-3
11
19
19
15
15
7
19
19
21
17
21
29
37
39
27
27
21
27
37
29
33
29
39
41
35
25
19
19
25
27
27
35
31
31
45
43
37
37
35
45
45
45
41
45
47
49
55
47
53
53
51
47
47
49
55
55
55
65
65
73
73
73
75
75
77
75
73
67
71
71
71
67
65
67
67
57
51
51
53
53
47
37
43
47
55
57
57
55
59
55
59
65
57
53
61
63
59
59
61
67
67
67
65
67
67
63
65
63
61
59
55
69
75
77
71
71
61
59
67
67
67
67
67
71
61
65
65
67
71
69
73
73
79
71
73
83
91
91
99
99
91
85
95
103
103
103
103
103
91
91
97
97
91
85
87
91
89
95
89
89
79
73
73
81
81
89
95
95
99
101
91
93
97
95
91
89
93
95
89
93
103
97
95
107
113
109
109
109
121
127
117
121
117
121
115
111
103
97
105
105
103
103
109
109
113
111
105
93
89
89
87
83
81
77
69
75
75
77
79
79
85
77
79
79
71
69
77
77
77
73
71
71
77
77
85
91
91
93
93
97
93
93
89
81
69
71
79
75
81
73
79
79
81
73
69
71
87
83
87
87
87
99
99
107
111
107
107
113
113
101
111
107
109
107
107
101
115
117
111
111
113
113
113
123
127
125
123
121
119
111
111
111
115
109
111
111
105
97
97
97
95
95
91
99
99
97
93
83
85
85
75
75
75
75
69
69
67
73
73
73
69
69
67
69
57
55
47
45
49
53
47
43
45
53
63
59
51
57
53
57
51
55
53
53
49
47
53
51
49
55
55
59
55
65
69
63
57
59
57
57
57
57
61
59
59
61
61
53
53
57
55
39
39
39
39
41
43
45
43
43
43
43
53
43
49
57
71
65
65
61
53
57
57
61
53
47
47
55
59
61
67
67
63
57
71
73
75
69
67
61
61
59
67
79
79
85
83
89
85
95
93
85
75
75
69
75
79
77
81
89
89
85
83
75
75
75
79
81
79
81
79
87
87
99
99
103
111
113
113
115
121
129
143
143
143
147
159
159
151
145
151
151
149
157
165
165
167
167
169
175
175
179
177
179
179
185
189
191
185
181
179
181
183
183
189
185
189
185
187
183
181
179
175
173
173
179
179
181
185
185
181
183
185
185
185
185
191
187
179
179
193
197
203
205
205
205
201
197
199
201
209
209
215
213
211
221
219
215
225
219
223
221
213
215
215
215
215
215
217
213
215
221
221
221
219
223
225
223
223
225
219
219
223
219
211
213
213
213
213
209
207
207
213
207
205
211
205
203
201
203
199
205
211
211
213
217
215
213
209
213
205
203
201
203
195
195
201
191
201
201
201
195
195
191
189
185
181
177
169
171
171
167
173
163
155
153
145
139
139
137
137
151
151
151
149
151
151
139
145
137
137
137
137
133
129
133
129
127
127
131
145
143
141
153
149
141
145
143
143
141
149
157
149
149
151
161
161
163
163
157
153
143
145
137
137
137
137
137
131
139
135
135
135
135
141
147
137
137
137
137
129
125
119
115
115
111
115
119
119
119
117
125
117
113
113
103
99
95
95
93
91
93
93
91
91
91
101
99
99
99
99
103
105
101
91
85
91
79
77
75
71
75
69
73
73
77
77
71
73
73
71
67
69
69
65
63
61
61
63
67
55
51
47
47
45
45
45
39
43
39
39
45
49
51
53
53
47
51
53
51
61
55
61
69
63
51
49
43
43
43
49
55
47
53
53
53
51
47
55
61
67
55
59
65
63
63
63
63
67
65
71
71
77
81
81
85
91
99
101
113
117
125
125
125
135
135
125
125
125
133
145
147
147
155
157
165
169
169
171
181
175
175
175
179
177
175
179
185
193
199
201
201
203
203
203
211
203
189
189
191
197
203
195
201
199
191
193
193
195
195
195
191
189
181
183
183
185
185
181
171
165
159
157
161
163
159
149
147
147
139
137
141
139
143
147
159
165
159
147
143
151
149
153
141
139
143
143
143
143
149
149
145
143
143
157
149
151
145
145
149
143
143
143
147
155
153
155
153
157
157
155
155
149
151
155
171
179
179
177
187
187
185
189
191
191
189
187
181
179
185
185
181
173
173
175
171
171
169
159
167
161
161
161
163
159
159
163
165
157
165
173
175
169
173
169
175
175
183
179
173
169
169
163
163
169
157
165
165
175
171
175
175
173
169
181
175
165
171
163
161
165
159
153
151
151
149
153
151
159
161
163
167
171
167
159
159
147
155
161
157
155
149
149
149
151
147
151
159
155
149
149
153
147
157
159
151
151
155
161
157
157
155
169
167
157
159
167
167
167
159
153
153
153
149
141
145
145
135
137
133
137
133
145
145
145
145
143
151
143
147
145
145
141
147
143
141
139
135
135
129
127
129
127
141
141
147
147
151
159
165
163
167
163
163
163
167
155
159
157
151
149
157
163
163
163
165
165
171
171
181
177
175
177
185
183
191
189
189
193
183
193
195
195
195
193
193
197
197
203
211
213
205
207
215
209
205
207
207
205
195
189
191
183
175
177
177
173
163
157
161
165
165
167
167
157
159
163
175
171
175
175
167
169
177
183
187
199
195
195
195
201
205
203
201
201
199
189
203
205
209
219
223
227
237
229
231
239
237
229
231
229
231
233
227
233
229
223
217
221
221
219
215
215
225
227
229
229
237
237
237
241
245
247
251
247
253
251
251
251
247
249
257
245
249
243
243
241
243
239
247
243
245
239
239
239
239
241
233
229
229
231
225
217
223
223
217
217
217
225
223
221
221
221
223
229
231
223
225
225
219
221
217
219
205
195
193
201
201
201
207
195
189
199
195
195
191
187
189
179
177
179
187
191
195
195
187
179
189
195
199
187
175
169
173
171
169
173
167
169
175
175
175
175
175
179
175
185
183
183
185
187
189
193
203
193
201
207
209
223
223
223
211
221
217
217
211
211
209
211
221
227
223
219
225
231
227
233
233
235
237
241
233
237
235
243
243
245
243
239
241
239
245
247
249
245
245
247
253
253
251
249
249
243
241
241
237
235
235
237
241
239
247
257
245
239
239
243
239
247
251
261
257
265
267
265
265
273
257
253
255
265
263
265
269
267
277
287
295
287
283
273
275
283
275
275
267
261
261
271
273
271
277
281
285
283
277
283
283
283
277
275
273
271
265
267
261
261
269
265
255
253
245
245
241
241
249
257
263
265
269
269
263
265
263
263
263
263
261
259
259
261
261
263
259
259
265
271
283
289
293
293
293
293
297
303
299
295
285
281
281
283
283
285
285
279
285
287
289
295
291
301
307
317
315
315
315
305
305
305
301
299
293
299
295
295
295
293
289
293
293
293
293
289
281
281
277
279
271
263
267
267
267
269
269
259
261
257
259
255
249
249
249
245
257
257
251
253
253
261
263
271
269
273
269
269
265
261
245
241
239
243
239
251
249
249
249
249
249
255
257
261
255
249
249
247
241
231
231
231
229
225
227
229
227
233
227
221
231
227
231
233
237
231
225
223
217
217
217
215
211
205
205
205
217
211
211
209
209
223
217
205
197
193
193
197
193
185
187
181
191
197
197
193
193
179
181
183
183
177
173
175
183
179
175
181
181
185
187
179
171
179
181
189
189
183
183
183
181
179
169
167
165
157
151
151
151
159
169
165
165
165
165
169
171
173
173
169
171
171
181
187
189
185
191
191
197
193
193
191
191
191
193
193
199
199
203
203
211
211
209
203
207
217
217
217
213
213
209
209
221
231
233
231
231
231
225
225
221
227
239
235
231
235
227
223
229
229
219
219
219
213
219
209
201
201
189
193
191
197
195
193
187
189
189
189
187
191
177
179
175
167
173
173
165
169
167
171
171
181
181
183
183
183
177
177
173
165
157
155
165
161
161
167
161
165
165
169
167
167
165
169
163
165
171
171
183
187
187
191
185
183
183
189
193
195
191
195
197
203
203
193
195
193
193
189
191
185
193
193
193
189
187
187
181
181
177
177
177
181
179
187
181
191
187
187
195
191
197
193
193
185
189
177
177
177
179
181
183
183
191
187
189
189
187
201
205
199
203
199
197
197
191
183
191
193
199
213
213
221
231
227
233
227
227
227
231
231
233
225
221
221
219
219
219
207
205
197
197
197
195
197
195
191
185
189
191
185
187
179
187
189
195
195
197
201
203
203
201
201
201
199
197
197
197
193
193
189
197
197
197
191
193
191
189
191
183
179
181
177
181
179
179
185
183
179
177
175
175
165
177
181
183
191
191
189
189
189
199
197
197
201
205
197
191
185
181
181
177
185
187
187
189
201
207
203
201
213
219
219
221
225
229
229
227
219
221
225
221
219
215
205
201
201
201
201
201
207
207
207
211
217
217
217
225
225
231
231
229
233
227
213
217
215
209
207
207
209
209
209
219
215
215
215
223
221
221
215
215
211
213
221
225
229
229
233
231
223
229
229
237
247
245
247
241
251
251
255
263
255
255
259
251
253
259
259
259
255
255
245
251
245
241
233
233
227
235
227
227
233
233
233
233
237
227
217
217
213
217
215
215
223
223
225
225
227
229
235
237
243
237
237
231
243
247
247
249
243
245
245
247
251
251
259
259
259
261
261
265
261
261
257
257
251
251
249
245
237
233
235
241
241
241
239
243
237
245
249
255
251
239
237
243
243
237
237
229
219
213
223
225
221
227
231
227
227
229
229
225
225
225
225
219
225
225
225
233
229
233
229
223
223
223
221
221
221
229
229
229
233
233
243
251
249
257
257
255
267
263
267
267
269
283
277
283
287
291
295
301
307
311
303
303
311
303
307
307
311
313
307
307
313
319
321
321
315
305
305
309
309
313
311
315
315
311
301
301
301
293
289
297
293
297
297
293
289
287
287
279
283
281
287
289
285
279
273
275
277
269
271
269
265
265
265
273
269
271
271
265
265
265
269
267
263
263
263
261
257
259
259
257
255
259
265
271
263
263
263
263
263
259
259
259
257
257
255
253
255
255
255
259
261
263
263
263
265
265
265
265
257
257
257
255
255
263
263
265
265
261
261
265
265
259
255
251
251
247
241
239
241
237
233
229
223
223
211
209
211
209
213
219
215
215
227
225
225
221
225
221
227
231
231
229
237
235
235
231
229
229
229
231
231
229
225
219
219
221
225
219
219
217
221
217
219
217
213
211
205
203
205
193
197
199
195
199
193
199
197
205
211
215
209
211
205
205
195
195
187
195
189
191
193
197
193
193
193
191
195
195
193
187
187
185
191
191
191
185
187
185
179
185
179
181
181
179
181
181
189
189
183
189
189
185
191
197
193
195
187
195
201
207
213
213
213
219
219
225
227
227
225
227
219
219
215
217
225
223
223
225
215
215
211
211
211
205
205
209
205
207
209
213
213
215
221
217
209
209
209
203
207
209
209
207
209
207
225
215
209
201
203
201
201
207
207
203
201
191
191
185
185
179
183
185
191
191
185
181
187
189
191
205
203
207
203
203
203
201
201
203
189
185
187
185
181
179
185
179
185
189
189
185
185
177
171
163
181
181
179
181
179
181
185
189
185
191
191
187
181
177
181
179
175
167
167
167
173
171
173
175
171
177
185
193
187
195
201
197
201
201
199
201
201
201
197
197
195
195
187
193
187
187
181
185
183
189
187
187
187
193
187
197
195
203
207
205
201
201
199
207
207
207
207
197
193
193
201
199
197
195
199
203
211
213
215
209
213
207
213
215
203
203
213
219
219
225
225
221
227
227
213
221
223
219
219
215
219
223
227
227
227
227
231
239
233
231
235
237
233
233
237
237
243
239
237
237
239
245
255
255
259
253
245
241
251
253
259
263
251
247
239
239
247
237
241
251
261
251
255
253
255
255
253
255
249
261
257
253
249
257
257
257
257
255
255
255
259
259
265
261
255
257
261
267
257
257
267
269
281
273
281
275
277
277
285
289
289
287
287
287
285
285
287
285
289
279
275
281
275
275
275
271
275
275
275
279
279
289
293
295
295
293
303
293
287
287
289
287
279
285
287
291
281
285
287
287
279
281
285
293
287
287
285
287
279
273
277
273
275
259
255
257
255
253
249
245
245
253
257
253
253
259
261
257
257
257
265
269
279
275
269
269
261
271
277
275
275
273
277
275
271
263
255
249
249
253
255
259
263
269
261
261
257
255
251
243
243
243
243
239
231
235
235
235
239
243
243
247
253
253
253
241
241
241
239
245
245
249
253
251
251
251
251
247
253
253
249
247
247
249
247
249
243
235
247
247
243
247
249
259
259
265
257
253
251
245
253
253
255
249
251
259
259
265
259
257
257
271
275
269
257
253
259
265
269
269
267
279
281
281
281
279
265
263
263
263
263
267
273
273
267
271
277
275
265
265
263
263
259
261
267
267
269
267
267
265
265
257
255
249
241
237
241
241
241
241
241
239
239
229
237
235
247
249
249
247
255
251
251
253
247
253
263
261
257
253
255
255
249
247
251
251
255
253
245
241
239
239
249
245
251
247
239
235
227
225
229
241
233
227
229
221
221
219
217
213
209
209
205
197
209
213
213
217
209
209
209
209
221
213
211
211
217
211
213
213
213
213
215
223
229
229
223
215
219
223
227
221
211
215
209
211
209
205
201
205
199
195
195
195
195
201
197
199
199
199
199
193
187
189
183
187
191
205
211
207
197
201
209
201
199
209
207
213
211
201
199
185
183
183
187
187
187
193
205
207
219
213
211
221
219
225
225
235
235
241
241
243
239
247
247
247
247
247
243
249
251
243
241
237
229
241
245
245
245
235
239
229
225
225
227
221
221
219
219
217
217
221
221
227
229
221
217
221
225
227
223
221
227
229
231
227
223
219
223
219
215
213
205
205
209
213
201
201
205
207
213
217
223
219
217
221
229
235
235
235
239
241
241
243
233
227
237
239
231
225
225
225
213
205
209
205
207
209
213
209
205
205
213
219
213
211
203
195
197
193
195
193
193
197
197
189
189
193
191
191
193
195
189
185
185
187
195
195
193
189
185
183
175
183
185
191
189
193
193
197
197
201
201
195
201
207
207
209
213
221
225
221
221
219
217
219
227
223
225
227
231
227
229
227
209
199
197
201
203
197
201
197
209
209
209
199
201
197
195
191
189
183
183
185
185
185
179
179
179
179
181
185
185
185
191
197
203
203
199
195
203
203
207
205
207
207
213
209
209
201
195
197
195
195
207
215
209
211
211
209
205
207
211
201
193
195
191
191
187
195
195
203
201
199
193
185
189
199
199
193
187
189
189
189
189
195
193
191
189
185
181
181
179
179
177
177
165
155
157
161
155
153
153
149
151
149
149
145
137
141
141
141
147
143
135
129
125
127
131
133
133
133
125
125
123
123
123
127
133
141
137
133
133
133
137
135
135
131
131
131
141
141
133
121
125
131
131
135
129
129
127
131
123
117
113
123
125
131
131
133
129
127
131
127
127
127
119
117
111
111
115
111
111
111
115
113
113
111
113
117
113
113
113
109
111
111
113
115
109
109
103
103
105
105
101
103
97
95
95
99
107
99
99
101
101
101
103
105
105
107
103
99
105
107
111
119
119
113
105
109
109
117
115
111
109
119
121
121
121
125
125
131
129
129
129
129
129
141
143
147
147
137
137
139
137
127
125
119
125
127
123
123
117
119
113
113
117
101
99
105
105
103
105
119
123
113
111
109
109
101
103
105
103
105
105
107
111
115
115
115
117
113
111
107
105
105
103
97
99
95
85
83
83
87
83
81
81
79
79
91
97
91
97
91
97
97
97
93
99
101
101
105
109
105
105
103
109
107
103
109
111
111
111
111
101
93
85
81
89
93
101
99
109
105
93
99
103
103
101
103
113
115
115
113
113
109
103
107
107
109
109
101
105
103
109
111
103
105
105
117
103
109
111
105
99
89
85
85
81
89
93
93
89
85
79
87
87
89
89
93
93
103
109
121
117
123
137
133
125
125
133
137
129
131
137
139
131
141
141
145
143
143
147
151
151
151
149
145
151
149
147
145
145
143
151
151
155
161
157
157
159
149
157
159
157
159
157
155
161
159
171
177
167
167
161
165
167
165
165
167
169
175
185
187
189
185
185
191
203
205
205
221
217
229
225
227
223
223
223
229
223
223
221
227
227
223
227
227
233
233
237
237
243
245
245
255
259
247
247
247
235
239
239
249
249
249
249
249
249
259
249
245
243
239
241
243
243
237
233
247
253
255
251
245
237
229
233
233
233
223
227
227
227
227
233
241
239
247
239
239
239
241
247
243
231
223
223
227
225
231
243
243
249
255
249
243
245
239
231
235
233
227
227
227
229
229
231
237
241
245
251
255
255
251
253
251
243
235
237
241
235
237
239
235
233
237
237
239
239
233
227
233
231
233
237
239
243
243
243
243
249
249
241
241
243
239
251
255
249
247
247
237
243
253
253
259
255
259
253
253
245
249
249
251
247
237
229
231
235
229
231
235
227
227
227
227
215
211
215
225
227
227
233
235
225
233
233
239
229
221
221
221
217
221
221
225
233
231
233
219
213
207
201
201
191
187
191
187
187
189
193
193
193
187
187
187
189
187
195
197
197
191
189
191
187
177
175
167
159
159
161
169
171
177
177
179
177
177
171
177
171
165
163
167
163
159
161
161
163
163
161
157
157
157
165
165
165
165
165
169
177
177
177
181
187
187
181
181
179
177
177
171
169
177
177
173
165
169
165
175
175
183
187
183
183
183
181
187
185
185
187
197
191
199
201
207
201
215
219
217
223
223
223
223
225
225
227
223
223
217
225
227
225
237
247
249
249
241
247
241
253
247
255
261
261
261
255
257
265
263
257
261
259
271
271
275
271
271
271
273
263
261
261
261
267
271
269
271
285
285
279
275
273
273
273
273
273
267
259
263
261
261
261
259
259
263
265
269
263
267
265
265
273
277
275
269
271
271
265
265
263
261
261
273
263
257
257
253
253
263
267
271
271
281
287
291
283
281
283
277
275
279
279
279
279
275
277
277
273
275
271
279
283
271
269
265
265
271
273
277
263
263
261
261
261
269
263
255
245
255
245
239
231
235
231
227
227
225
229
235
233
233
237
241
233
229
235
233
235
235
225
231
235
229
235
235
225
231
235
235
245
239
237
243
247
251
249
245
241
239
233
221
219
215
219
223
223
229
229
213
215
215
221
221
221
229
225
221
217
219
219
227
231
229
225
233
233
233
233
233
235
237
243
247
251
249
241
233
227
233
233
221
225
225
225
213
223
225
225
235
235
235
231
227
225
231
231
241
241
241
237
235
235
235
235
235
235
235
233
233
227
223
225
225
219
213
221
221
227
223
215
223
211
221
223
223
223
229
229
229
231
241
237
233
227
225
225
231
225
225
217
219
227
227
227
225
219
217
219
219
219
211
211
211
211
211
209
211
205
199
197
189
183
175
177
179
177
177
173
169
167
167
177
171
167
167
171
179
173
179
179
179
179
175
179
181
179
173
171
171
169
171
173
173
167
169
175
175
175
177
183
187
187
199
199
209
209
207
205
213
219
217
213
209
209
209
209
217
217
217
215
211
211
211
215
213
209
209
211
211
209
215
225
229
231
223
205
205
207
207
199
197
199
203
205
191
197
203
201
197
189
195
201
207
207
207
207
207
207
209
199
203
203
207
207
209
197
197
207
207
203
207
211
217
215
213
207
205
203
191
189
191
193
179
177
177
177
179
183
191
193
203
211
211
213
219
215
215
215
219
227
229
225
227
219
221
215
215
211
215
215
215
213
203
207
211
205
205
203
207
207
209
213
211
217
227
233
233
241
235
233
237
237
237
237
245
239
247
255
265
267
267
267
267
275
271
265
265
265
255
261
263
261
257
255
255
255
255
251
245
243
245
249
249
239
239
243
243
239
243
247
247
249
241
231
229
229
235
233
227
227
227
233
233
233
233
237
243
243
247
247
253
249
243
239
243
241
237
235
233
241
243
243
233
235
235
235
241
239
243
239
227
231
231
231
231
241
237
233
233
227
231
237
227
225
221
219
213
211
211
215
209
203
195
197
201
201
205
203
205
215
215
213
219
209
209
203
205
211
205
215
217
225
219
213
215
223
227
213
209
205
207
219
219
217
211
207
207
203
207
205
199
197
211
207
209
209
205
203
199
199
195
189
189
191
195
199
199
201
193
201
203
203
207
205
207
209
211
215
215
217
205
207
205
209
211
213
217
203
205
201
199
197
207
213
209
207
207
213
217
205
217
219
215
207
205
201
201
201
197
191
199
201
195
199
199
187
187
187
181
181
185
189
183
183
173
177
175
171
161
163
155
161
169
163
159
165
181
183
179
179
171
167
175
175
171
171
169
177
171
167
167
173
175
173
179
179
177
179
177
185
179
177
177
173
165
157
157
153
149
149
139
127
115
117
125
127
133
137
141
141
141
141
139
145
141
147
147
151
155
149
159
151
157
157
157
159
155
163
165
159
165
167
159
159
153
159
167
175
177
179
171
177
183
189
189
189
183
175
173
175
175
175
167
171
175
183
183
197
201
205
211
217
211
213
223
223
221
223
231
239
239
249
243
253
259
259
259
261
255
245
247
249
235
239
239
239
245
237
223
223
227
225
219
221
223
223
213
213
217
223
221
221
223
221
225
221
221
221
225
233
233
233
239
245
245
249
243
251
251
255
251
255
253
253
255
247
237
225
233
223
211
207
205
215
219
229
237
235
239
241
235
239
239
241
245
243
241
241
241
247
249
249
251
249
247
251
247
247
253
251
255
255
255
253
261
271
271
263
259
265
271
273
269
269
279
273
277
271
273
265
267
273
265
265
263
265
261
263
255
247
245
235
231
229
231
231
243
243
249
249
247
251
243
243
243
235
233
231
233
241
237
239
253
257
245
233
231
231
231
233
233
229
221
229
235
237
235
233
235
227
219
219
219
223
221
221
217
217
215
211
213
213
207
207
199
189
187
175
171
169
169
163
161
171
171
173
171
165
165
161
165
181
179
181
183
189
185
189
195
195
199
205
201
207
215
219
217
217
219
223
221
221
217
211
207
207
209
209
213
215
215
221
211
211
215
215
217
219
221
221
225
215
215
213
211
217
217
217
219
219
211
213
215
217
217
211
211
205
195
193
191
185
181
173
167
157
165
171
167
167
167
175
181
183
183
183
181
183
187
171
165
165
161
159
157
165
165
163
157
157
153
149
151
153
153
153
151
165
169
163
163
163
163
163
163
159
153
151
155
145
141
137
139
143
145
143
151
149
151
145
149
155
159
153
143
139
139
135
141
141
141
139
139
141
141
139
141
141
137
137
139
137
141
141
145
141
137
143
143
151
145
135
133
133
137
143
143
149
155
161
161
161
161
155
149
159
157
155
153
151
155
159
155
155
155
161
163
157
157
155
161
153
149
149
153
153
151
151
161
161
159
163
157
167
159
153
141
143
137
141
139
137
135
129
137
137
135
135
137
129
129
131
121
121
121
121
125
135
147
137
131
133
127
125
125
125
121
115
115
113
113
113
117
109
117
117
121
121
115
127
123
113
117
129
125
125
119
115
123
121
117
109
103
103
89
93
85
85
83
79
75
81
79
83
83
83
77
77
71
69
69
73
65
69
69
75
75
71
85
85
89
97
97
99
105
105
101
101
107
109
107
107
99
99
101
101
105
103
93
95
101
101
105
103
99
99
93
93
93
87
85
85
83
73
73
71
71
71
71
73
77
83
91
91
89
89
89
81
85
87
91
91
95
91
85
87
87
85
73
73
67
59
67
63
59
71
75
87
83
81
77
77
85
77
81
83
85
83
85
85
75
77
71
73
71
71
67
63
63
63
69
73
77
71
71
69
69
69
75
71
73
73
73
73
75
75
73
67
73
79
83
79
79
69
71
59
69
69
69
69
73
73
73
71
71
63
69
77
79
79
69
67
67
67
67
65
77
85
83
85
79
77
71
67
63
53
55
55
57
65
61
61
61
61
59
65
57
57
55
53
57
49
53
53
53
63
53
49
49
59
59
55
51
45
55
53
45
45
49
57
61
71
75
75
83
81
73
67
61
65
69
61
59
59
59
59
59
51
49
47
45
49
45
45
43
49
49
55
55
49
53
49
51
47
53
45
45
49
49
49
45
43
43
37
37
37
41
41
33
31
37
33
29
31
31
31
27
31
35
35
39
33
41
39
41
43
45
43
45
45
51
47
49
49
55
51
43
59
57
57
55
59
59
65
65
63
65
63
63
73
71
73
83
73
71
75
79
79
83
87
83
77
75
79
71
77
71
79
83
71
69
67
73
73
67
67
65
65
69
65
59
57
53
61
53
55
61
61
61
59
59
59
57
59
59
59
59
67
65
63
63
63
71
75
75
73
73
71
71
79
79
79
81
85
85
81
69
67
67
75
81
77
77
69
63
75
79
79
79
69
77
75
79
75
67
71
73
71
73
71
67
63
63
67
63
63
67
61
55
53
49
49
49
57
49
49
45
45
51
55
55
59
65
69
75
71
67
59
63
59
59
67
55
57
55
55
57
51
59
59
61
65
65
67
51
49
53
51
49
43
47
45
39
29
25
23
29
27
29
17
17
17
17
13
13
15
19
21
21
13
11
11
5
1
-1
-3
5
9
11
19
17
15
15
15
15
17
23
23
17
29
31
29
33
33
23
25
29
33
29
23
27
33
33
29
29
27
27
19
31
35
35
37
33
41
41
47
43
47
57
55
55
47
53
49
53
55
59
57
57
61
69
69
67
67
69
61
65
67
65
61
51
51
41
39
39
43
49
49
59
55
55
57
65
65
65
67
71
67
69
75
81
87
87
89
83
83
75
73
73
71
71
71
71
71
69
69
59
57
59
65
67
63
69
67
57
57
57
55
61
61
63
63
69
79
75
77
69
71
73
73
73
67
77
83
81
81
75
79
81
79
79
75
75
75
75
75
71
73
73
71
69
61
59
53
47
57
63
59
61
61
57
65
65
71
61
63
69
67
55
49
53
53
51
51
51
53
53
59
57
73
77
77
89
83
81
85
85
89
87
91
99
101
103
105
109
119
117
115
115
115
117
125
117
123
115
107
111
115
113
111
105
105
103
99
95
93
93
95
99
99
103
107
117
109
111
103
105
105
109
111
115
113
109
111
107
105
97
101
103
95
95
97
103
103
107
107
105
97
97
97
97
103
97
97
89
79
79
83
77
85
79
85
87
87
93
99
99
99
99
97
91
79
77
77
89
93
91
91
83
79
73
73
73
61
67
57
61
55
61
63
57
57
59
59
61
59
59
57
67
63
67
57
55
55
55
47
45
59
63
57
61
57
57
65
61
63
63
63
65
61
65
59
57
57
61
57
53
51
51
45
49
49
51
51
55
57
61
61
63
55
39
41
43
43
43
43
45
45
59
59
59
55
55
55
59
63
63
77
77
77
67
63
67
67
67
75
75
75
65
67
73
77
77
77
85
89
87
93
81
85
71
73
67
69
61
57
65
73
75
73
71
67
73
73
75
75
73
73
75
67
67
65
63
63
63
67
61
61
71
71
73
71
71
73
81
77
85
77
69
77
83
87
101
107
111
111
109
111
119
129
137
137
143
143
135
133
133
139
141
143
149
151
151
153
153
153
157
151
153
151
151
153
151
147
149
147
137
137
133
133
137
135
139
143
143
143
137
135
143
139
133
133
127
121
117
117
111
101
97
105
105
103
101
93
99
99
101
97
97
97
97
99
101
99
91
89
83
83
83
75
75
67
73
75
67
71
75
79
91
87
93
95
85
91
97
93
93
79
87
89
89
81
77
77
77
77
83
79
81
79
79
83
77
77
79
83
83
73
65
69
65
67
73
65
65
63
69
71
69
71
71
71
73
75
83
77
75
75
79
81
83
85
87
87
97
105
105
111
115
123
125
121
121
113
115
115
115
115
115
115
113
115
119
127
121
115
107
109
103
109
117
123
115
113
109
117
121
121
127
123
123
123
119
119
121
119
119
119
125
139
143
153
157
155
155
155
155
147
147
147
139
133
133
133
135
145
145
133
135
127
133
131
131
125
133
137
137
139
135
141
139
125
127
119
115
115
111
107
107
107
105
111
111
117
123
125
125
117
127
119
123
131
129
131
127
127
125
131
119
117
115
125
115
115
117
115
105
99
93
93
91
95
91
91
97
97
93
97
97
101
91
103
109
109
105
103
107
103
107
109
107
103
111
115
117
117
115
111
111
113
113
119
119
121
125
125
129
131
135
135
135
143
147
139
137
139
139
137
135
133
141
133
137
137
139
143
141
137
137
137
139
139
139
151
153
155
141
139
147
149
155
155
153
155
155
155
155
155
155
147
149
157
149
155
163
153
157
157
155
169
167
171
175
181
179
181
183
185
187
191
195
195
183
189
189
189
187
195
191
181
181
181
177
177
181
179
179
171
165
165
157
163
169
173
165
171
171
171
161
159
159
159
163
161
157
157
169
159
161
163
173
173
177
185
185
191
187
183
189
197
191
201
197
191
199
195
195
185
185
179
177
173
179
185
175
175
175
169
183
181
195
193
191
191
193
195
191
199
207
213
211
211
207
203
211
215
217
223
223
221
211
219
221
219
225
219
215
203
203
199
195
195
