-2621
-2609
-2601
-2597
-2597
-2589
-2587
-2579
-2567
-2561
-2553
-2549
-2547
-2541
-2539
-2531
-2527
-2519
-2513
-2509
-2505
-2507
-2499
-2495
-2489
-2487
-2481
-2475
-2469
-2463
-2457
-2447
-2437
-2437
-2435
-2423
-2421
-2415
-2403
-2401
-2399
-2393
-2383
-2379
-2377
-2373
-2361
-2357
-2353
-2343
-2337
-2327
-2317
-2311
-2293
-2279
-2277
-2265
-2259
-2255
-2243
-2233
-2221
-2211
-2209
-2203
-2195
-2193
-2185
-2173
-2163
-2163
-2151
-2147
-2141
-2129
-2113
-2101
-2093
-2091
-2085
-2073
-2065
-2065
-2063
-2057
-2049
-2037
-2041
-2031
-2031
-2021
-2013
-2011
-1995
-1987
-1977
-1975
-1967
-1963
-1955
-1943
-1929
-1929
-1919
-1921
-1913
-1907
-1897
-1891
-1887
-1881
-1881
-1877
-1869
-1865
-1857
-1853
-1853
-1851
-1845
-1835
-1829
-1823
-1815
-1799
-1797
-1785
-1777
-1771
-1767
-1765
-1757
-1759
-1759
-1745
-1745
-1751
-1743
-1749
-1739
-1735
-1731
-1743
-1739
-1737
-1731
-1727
-1727
-1723
-1727
-1735
-1729
-1723
-1711
-1709
-1701
-1703
-1695
-1693
-1689
-1683
-1681
-1673
-1671
-1665
-1653
-1655
-1655
-1647
-1637
-1631
-1633
-1627
-1627
-1631
-1637
-1633
-1631
-1627
-1629
-1633
-1627
-1621
-1625
-1615
-1609
-1597
-1597
-1591
-1593
-1587
-1579
-1575
-1573
-1573
-1563
-1569
-1557
-1555
-1549
-1549
-1533
-1535
-1527
-1527
-1517
-1517
-1513
-1507
-1501
-1501
-1499
-1493
-1491
-1499
-1491
-1489
-1483
-1481
-1471
-1473
-1467
-1459
-1449
-1443
-1439
-1435
-1423
-1427
-1415
-1403
-1395
-1389
-1385
-1381
-1373
-1371
-1365
-1369
-1365
-1365
-1359
-1353
-1353
-1343
-1343
-1335
-1327
-1317
-1315
-1317
-1315
-1315
-1315
-1311
-1317
-1317
-1307
-1307
-1305
-1301
-1301
-1295
-1287
-1285
-1287
-1287
-1283
-1277
-1265
-1255
-1253
-1257
-1261
-1255
-1239
-1235
-1229
-1217
-1215
-1209
-1213
-1215
-1211
-1205
-1203
-1199
-1203
-1193
-1193
-1185
-1183
-1181
-1177
-1181
-1171
-1173
-1173
-1159
-1161
-1147
-1143
-1149
-1143
-1147
-1135
-1137
-1131
-1131
-1129
-1127
-1115
-1113
-1107
-1101
-1097
-1105
-1087
-1087
-1083
-1091
-1093
-1089
-1095
-1091
-1087
-1081
-1083
-1081
-1081
-1071
-1069
-1059
-1055
-1055
-1043
-1045
-1041
-1045
-1033
-1031
-1025
-1013
-1007
-1001
-1007
-1013
-1019
-1015
-1005
-1001
-1003
-999
-995
-991
-995
-987
-975
-963
-961
-951
-943
-943
-947
-939
-941
-945
-937
-941
-937
-927
-919
-913
-901
-889
-875
-865
-861
-857
-857
-863
-853
-853
-861
-853
-855
-859
-849
-855
-853
-855
-843
-835
-835
-829
-827
-823
-815
-815
-809
-801
-793
-793
-791
-783
-773
-775
-773
-775
-767
-771
-777
-771
-777
-775
-777
-781
-781
-773
-773
-769
-777
-769
-773
-763
-763
-763
-761
-753
-753
-747
-739
-725
-719
-713
-707
-709
-707
-707
-699
-689
-687
-695
-687
-683
-673
-665
-657
-649
-659
-657
-655
-661
-661
-673
-663
-659
-671
-673
-667
-671
-673
-667
-659
-659
-659
-657
-657
-651
-643
-643
-639
-635
-633
-623
-617
-607
-615
-615
-629
-625
-633
-639
-645
-651
-647
-655
-647
-647
-653
-655
-649
-647
-643
-647
-651
-643
-645
-641
-631
-639
-637
-625
-617
-613
-617
-619
-613
-613
-611
-601
-597
-595
-585
-589
-585
-587
-585
-587
-583
-591
-585
-579
-569
-567
-575
-577
-575
-571
-577
-579
-581
-577
-569
-573
-569
-567
-563
-567
-563
-565
-565
-569
-565
-569
-563
-569
-567
-567
-567
-565
-563
-555
-555
-547
-549
-543
-533
-529
-531
-531
-529
-537
-531
-527
-541
-533
-535
-537
-529
-521
-505
-505
-501
-489
-493
-483
-485
-485
-485
-485
-491
-483
-479
-473
-465
-463
-471
-471
-467
-465
-465
-461
-457
-455
-453
-457
-451
-455
-447
-445
-433
-429
-427
-421
-419
-415
-417
-411
-419
-415
-413
-405
-405
-397
-393
-387
-379
-379
-377
-375
-379
-389
-389
-385
-385
-379
-387
-379
-377
-381
-389
-379
-377
-375
-381
-375
-379
-381
-385
-385
-393
-395
-387
-389
-397
-405
-405
-397
-399
-399
-389
-399
-395
-401
-393
-393
-401
-397
-403
-401
-387
-387
-387
-379
-381
-373
-365
-353
-353
-357
-357
-351
-349
-359
-353
-339
-341
-345
-333
-327
-325
-323
-325
-331
-329
-331
-329
-343
-341
-335
-333
-331
-325
-327
-323
-319
-325
-317
-319
-317
-323
-325
-317
-309
-309
-305
-299
-291
-291
-291
-283
-291
-297
-293
-295
-289
-287
-293
-293
-285
-293
-293
-289
-297
-297
-295
-303
-297
-287
-287
-289
-291
-285
-281
-271
-277
-271
-269
-265
-265
-269
-259
-257
-253
-249
-249
-251
-245
-245
-245
-243
-241
-241
-239
-231
-227
-221
-211
-219
-219
-221
-221
-215
-213
-213
-213
-209
-203
-193
-201
-199
-201
-195
-199
-197
-201
-199
-199
-189
-189
-179
-177
-181
-181
-185
-185
-193
-199
-201
-197
-195
-191
-189
-189
-193
-203
-201
-201
-203
-203
-197
-187
-183
-185
-187
-185
-185
-179
-183
-183
-183
-183
-173
-183
-183
-181
-177
-179
-177
-187
-177
-177
-175
-169
-173
-183
-187
-185
-185
-175
-167
-161
-153
-155
-145
-145
-149
-145
-145
-149
-151
-141
-141
-135
-135
-145
-143
-139
-145
-145
-145
-141
-131
-129
-117
-119
-119
-131
-127
-133
-125
-127
-129
-121
-119
-115
-111
-107
-97
-93
-83
-79
-83
-87
-83
-75
-83
-75
-67
-67
-71
-69
-65
-65
-57
-55
-43
-49
-43
-39
-35
-27
-29
-19
-21
-11
-7
-1
-1
5
7
5
3
9
15
7
11
7
15
15
9
1
-1
-1
-3
-3
-7
-9
-13
-15
-15
-21
-21
-33
-25
-19
-21
-23
-21
-19
-17
-7
-11
-17
-15
-15
-27
-25
-25
-19
-21
-27
-27
-27
-35
-49
-51
-49
-41
-37
-31
-41
-41
-45
-43
-43
-49
-49
-47
-51
-47
-43
-55
-47
-55
-55
-59
-51
-53
-47
-37
-35
-33
-41
-43
-41
-37
-25
-25
-25
-29
-21
-17
-19
-19
-21
-23
-39
-35
-31
-29
-21
-17
-15
-15
-19
-13
-13
-11
-19
-11
-15
-19
-13
-15
-15
-15
-11
-3
-11
-15
-19
-19
-19
-19
-29
-27
-33
-29
-37
-39
-35
-39
-39
-31
-15
-13
-7
-11
-11
-7
-5
3
3
9
19
15
15
15
19
19
19
15
19
21
19
21
23
25
21
29
29
23
13
-3
-1
-3
1
-5
-5
1
-3
-1
-5
-7
-5
-5
-13
-17
-13
-17
-11
-15
-15
-15
-17
-21
-17
-17
-21
-19
-19
-13
-9
-7
-7
-13
-15
-27
-29
-29
-29
-29
-37
-39
-31
-25
-17
-17
-23
-33
-31
-33
-37
-31
-27
-13
-13
-17
-11
-13
-7
-17
-23
-17
-17
-21
-17
-13
-9
-9
-13
-13
-15
-17
-13
-5
3
7
11
19
15
19
13
15
27
17
27
29
23
29
33
29
27
27
21
21
17
11
11
13
13
15
11
7
11
13
17
23
21
27
31
31
37
37
33
31
27
23
21
27
27
21
13
21
21
23
15
19
23
25
25
23
23
17
17
19
25
31
29
35
37
33
37
27
23
19
27
23
21
19
15
15
11
13
21
23
21
15
21
19
9
13
17
13
5
5
3
5
5
11
9
11
7
11
9
11
13
11
17
13
9
7
3
3
3
-3
-7
-3
1
1
1
-1
-3
-11
-11
-15
-9
-15
-13
-7
-3
-7
-7
-9
-1
-1
-3
5
-3
-7
-7
-3
-7
-13
-17
-27
-33
-47
-51
-59
-61
-63
-63
-67
-69
-65
-63
-67
-71
-73
-65
-65
-63
-55
-51
-43
-41
-41
-37
-29
-27
-31
-37
-35
-43
-49
-43
-45
-47
-39
-47
-49
-37
-37
-37
-33
-33
-29
-27
-29
-29
-27
-23
-15
-17
-13
-7
1
5
5
5
-3
-9
-5
-7
-11
-11
-9
-11
-5
-5
-13
-3
-11
-13
-13
-9
-7
-7
-1
7
5
15
15
13
15
13
13
13
3
5
9
7
5
15
19
17
19
23
25
25
27
29
29
27
27
31
37
33
29
21
19
15
7
-1
-9
-9
3
5
-1
-5
-1
-7
-9
-3
-3
1
3
7
9
3
1
-1
-5
-11
-13
-9
-17
-17
-9
-1
-7
-17
-9
-15
-11
-9
-11
-11
1
1
-3
1
1
5
7
23
19
13
19
15
15
9
7
7
3
3
1
-11
-9
-13
-5
5
3
11
21
21
23
21
27
31
33
39
47
47
51
51
47
53
49
47
47
53
53
55
63
55
57
61
57
67
63
71
73
67
57
55
63
69
65
71
67
71
75
69
71
61
63
65
71
67
71
73
79
79
75
77
77
81
83
81
87
101
103
97
105
113
121
135
133
135
135
133
141
137
135
131
129
125
127
129
125
133
139
135
139
145
145
137
141
135
135
139
141
135
131
129
135
139
139
139
141
141
141
139
131
121
121
119
119
123
125
115
119
117
117
115
119
111
113
113
107
109
107
107
109
109
115
115
115
121
123
125
135
127
127
135
133
141
135
143
141
133
133
139
143
151
149
145
147
145
145
147
143
143
147
151
145
147
145
141
145
145
141
131
139
139
137
133
133
139
133
141
141
149
159
161
159
163
163
159
165
157
163
155
151
137
145
145
153
149
153
157
151
157
155
151
151
149
153
147
147
147
147
147
137
131
139
139
143
145
149
143
139
141
141
133
137
145
147
139
139
139
139
133
127
123
117
125
129
133
139
151
151
147
153
147
145
153
155
153
147
145
149
141
139
139
145
147
149
149
151
157
151
143
143
141
139
145
141
137
145
147
143
147
157
161
161
161
165
163
167
171
185
187
187
171
171
177
183
183
175
177
179
173
177
183
183
189
185
189
195
191
191
199
207
207
203
201
209
203
199
199
193
199
205
209
215
219
223
217
231
235
235
233
241
233
233
227
215
219
213
221
215
213
203
211
219
217
227
227
225
227
229
231
225
221
219
233
237
237
245
245
241
251
251
247
245
233
231
227
227
239
241
239
239
241
249
241
241
241
245
253
249
253
245
245
243
249
245
257
265
257
251
251
255
263
263
265
261
259
251
259
267
263
267
259
255
251
245
237
237
239
243
241
241
239
241
235
237
227
233
241
251
251
257
261
255
257
255
253
253
245
245
239
243
241
251
253
257
255
255
253
253
243
243
235
241
239
245
251
245
251
245
253
243
243
235
233
227
225
219
221
223
221
223
227
227
227
225
225
219
225
227
235
241
253
259
255
253
251
247
245
241
251
249
253
251
259
259
267
267
267
271
273
271
267
261
255
255
261
257
257
259
259
257
245
251
249
245
245
245
249
247
257
257
259
265
261
249
255
257
261
259
267
265
259
259
261
257
263
261
271
273
265
273
273
271
273
259
255
259
263
259
259
257
251
253
255
261
271
259
253
257
257
245
245
249
253
253
245
241
237
243
249
253
249
249
249
251
249
235
233
233
227
221
217
219
223
219
225
223
217
217
223
221
219
221
227
231
225
231
235
237
233
239
237
237
239
233
233
233
235
235
243
241
237
233
241
241
245
237
235
237
233
225
225
225
213
211
209
215
215
217
209
207
201
197
191
193
195
187
187
177
187
177
185
173
169
165
161
153
151
155
161
165
167
167
165
151
155
151
151
139
131
141
153
149
149
143
145
143
139
141
139
141
139
135
137
141
139
137
137
125
125
133
137
135
135
143
149
157
167
163
157
145
133
133
141
141
141
137
129
137
137
133
123
117
129
125
123
117
121
119
117
117
123
129
129
129
129
125
133
135
139
139
127
125
133
135
129
135
137
135
147
145
139
143
149
149
155
153
167
167
163
157
147
147
141
137
135
139
141
135
143
141
147
149
139
135
129
135
143
137
137
145
133
125
131
131
131
135
133
127
129
127
119
111
107
111
105
115
115
119
115
117
111
107
101
103
107
117
107
105
103
105
105
103
105
111
111
109
101
103
97
97
97
99
91
83
81
77
83
75
81
87
85
93
95
95
101
103
109
107
103
103
107
111
111
113
111
107
107
109
111
107
103
105
101
107
103
99
97
99
93
101
99
95
95
97
97
97
103
103
97
95
91
93
87
91
89
93
87
87
81
77
79
87
85
91
93
85
73
73
81
77
73
73
69
67
75
79
75
79
79
81
75
77
83
79
77
83
77
73
71
75
79
79
79
79
71
65
57
61
59
65
67
71
71
61
61
59
57
61
63
65
77
81
81
77
75
77
81
85
81
83
81
83
77
73
77
73
73
77
83
79
85
87
83
85
81
83
83
83
79
81
79
81
87
87
81
79
75
81
81
77
71
71
81
81
85
75
83
85
91
83
85
81
77
75
71
73
71
67
65
61
65
69
65
71
69
67
71
71
65
63
61
67
61
65
69
65
63
59
49
47
51
47
53
57
57
69
75
65
67
63
53
57
59
63
61
65
61
67
65
67
67
65
69
73
73
71
73
71
65
65
57
55
55
61
65
69
75
77
69
71
73
63
59
57
63
65
67
67
67
63
65
67
69
75
69
71
69
53
45
47
51
55
61
53
49
45
35
35
35
33
31
31
33
29
31
27
23
25
23
21
21
19
21
21
19
15
17
17
21
19
11
13
13
9
7
-1
1
-5
-1
1
3
5
7
9
13
21
21
21
21
21
19
15
15
15
23
23
25
19
21
25
29
29
27
21
29
25
19
25
15
13
11
23
31
25
25
29
39
27
27
29
27
19
17
23
15
17
11
15
13
13
11
5
-1
7
7
13
23
7
7
7
17
27
19
13
7
3
11
1
1
5
3
3
13
17
17
11
11
7
19
21
25
29
29
31
37
45
45
39
33
35
33
33
27
23
23
25
25
29
33
33
19
13
17
11
13
21
13
17
19
15
19
21
17
19
17
17
17
21
21
25
17
19
25
31
29
27
31
37
45
41
39
31
37
39
51
57
61
61
61
61
69
65
67
65
69
71
73
75
69
69
73
67
75
77
85
85
79
85
91
91
85
77
71
65
69
69
63
57
55
59
55
61
73
65
65
55
53
53
55
53
53
53
57
55
67
71
75
81
95
95
91
87
87
91
89
81
83
83
85
87
95
99
97
97
109
117
111
113
115
117
117
113
107
101
101
97
97
97
95
103
113
117
119
117
117
113
107
99
97
99
105
115
121
121
119
113
111
113
115
103
97
89
95
101
103
103
99
99
89
79
87
87
93
91
99
101
93
101
99
97
105
101
101
99
93
89
89
85
87
91
91
101
99
89
77
75
73
73
73
61
63
71
73
81
85
79
81
85
81
81
81
93
93
83
77
67
71
67
65
63
61
63
53
41
35
31
35
47
45
45
49
49
51
53
57
53
61
67
69
59
61
67
69
63
63
67
63
65
67
69
71
75
79
81
65
69
65
69
69
69
69
73
63
67
75
85
89
87
91
91
99
107
95
105
111
117
121
117
107
117
125
121
119
131
127
125
121
117
125
127
131
133
127
131
139
147
145
137
131
125
117
119
131
135
137
131
127
123
127
125
133
139
135
137
129
125
123
135
129
129
131
129
121
125
121
113
111
113
119
109
121
121
131
127
127
121
117
107
107
95
99
95
101
107
113
115
117
123
131
129
129
129
117
127
125
131
121
117
121
121
125
129
141
143
145
141
153
147
149
141
143
149
155
157
149
149
161
151
153
153
155
149
155
153
147
147
145
133
141
129
119
115
119
115
119
123
129
131
133
133
135
133
135
135
143
147
153
157
157
157
157
163
161
163
153
151
147
151
141
141
143
139
141
135
125
119
115
119
123
125
121
109
109
103
99
99
95
95
103
109
117
125
113
115
125
119
117
115
117
121
135
135
137
145
149
159
163
169
171
173
173
183
181
181
173
173
165
161
169
167
175
183
181
183
185
197
187
193
199
197
193
201
201
197
195
193
193
193
191
189
181
183
181
177
181
185
179
171
171
177
175
179
169
159
159
153
151
147
139
133
135
131
131
131
123
115
125
121
127
139
139
141
131
131
133
127
127
131
131
127
127
131
129
133
133
135
133
133
139
151
153
159
153
159
163
163
163
161
163
157
147
145
141
131
119
115
119
123
125
137
141
141
141
141
133
131
139
145
143
145
143
145
143
149
143
147
147
149
147
145
149
157
169
165
173
169
159
169
169
169
165
163
163
159
163
165
159
165
171
171
179
179
179
175
179
183
189
183
181
177
177
175
169
167
169
167
163
155
157
157
157
153
151
151
151
153
161
169
161
163
157
145
141
129
127
127
127
123
133
131
129
131
135
127
133
137
137
137
141
147
139
135
141
129
139
135
139
141
137
125
131
123
123
133
135
137
145
145
147
149
149
149
153
151
155
159
163
169
175
173
161
153
165
159
159
153
157
163
161
171
177
169
167
171
175
185
181
183
181
181
183
183
181
183
173
171
173
179
179
175
167
171
179
173
177
175
173
169
169
167
179
171
167
165
159
157
153
143
145
137
149
151
157
155
147
141
133
129
127
131
131
131
133
133
135
133
135
135
123
125
117
117
117
111
117
107
113
117
117
123
127
123
125
119
111
115
111
111
115
119
119
119
125
131
139
145
143
137
139
137
131
139
143
141
133
125
113
113
121
109
111
109
125
123
125
113
117
127
129
127
137
141
145
151
139
131
143
139
141
135
131
129
125
135
143
147
139
143
137
139
135
135
135
129
123
125
121
123
125
119
119
121
107
105
103
99
97
101
103
99
107
115
111
117
111
107
113
105
111
105
105
105
107
99
105
103
91
91
95
105
109
119
115
129
125
115
119
115
117
115
105
101
101
107
109
107
105
105
101
97
93
91
81
79
77
65
57
59
55
53
69
69
67
71
71
71
73
73
75
71
75
75
71
71
79
73
67
67
67
67
67
71
71
77
79
79
75
79
83
83
89
83
87
89
77
77
77
79
87
95
101
101
101
109
111
109
111
107
103
101
97
93
97
99
99
93
93
87
81
73
67
59
55
57
47
53
55
61
61
63
71
71
63
63
59
49
53
59
55
59
59
69
77
79
71
77
79
83
81
85
77
77
77
69
65
67
69
69
67
65
61
57
57
57
57
57
47
55
53
61
55
53
61
65
55
55
55
57
51
53
55
47
47
53
49
53
51
39
39
43
43
43
35
29
37
37
43
35
31
31
43
45
37
39
43
41
41
43
39
47
53
53
41
41
41
41
49
37
35
43
39
49
57
51
59
57
57
49
51
59
71
69
71
71
71
83
79
81
81
77
73
75
83
85
85
71
67
73
71
79
79
85
83
89
85
91
91
101
97
97
95
91
91
93
101
105
103
97
109
115
115
109
105
115
125
129
135
129
121
121
119
131
129
135
139
135
141
141
141
151
139
129
135
135
139
137
139
141
147
143
141
137
137
129
129
131
127
131
135
133
133
133
137
129
135
133
127
135
141
141
137
135
131
139
145
153
153
169
173
179
175
175
185
185
189
185
187
179
175
163
169
175
169
175
175
175
181
181
185
183
183
179
179
179
179
177
177
175
183
193
197
199
201
201
193
197
207
215
221
221
221
225
219
219
215
219
223
223
223
225
223
219
219
223
237
243
251
249
249
253
253
255
261
253
253
253
253
251
249
255
265
261
261
259
267
269
255
253
261
263
273
275
273
275
269
275
273
271
265
257
253
251
257
257
253
257
261
255
251
249
247
241
231
229
229
235
241
241
241
251
247
251
251
241
235
229
231
235
239
241
249
251
255
243
249
257
259
251
245
247
247
253
253
251
259
267
259
265
265
273
273
279
273
273
279
279
279
279
279
285
271
265
277
283
275
271
269
259
259
259
257
257
267
271
275
271
273
277
267
267
267
261
269
261
263
265
265
263
259
257
257
271
267
269
267
271
275
277
279
271
273
275
273
289
295
287
287
287
283
287
289
291
299
307
297
301
303
297
293
291
293
285
293
287
293
293
293
283
279
279
279
281
279
277
281
279
287
281
281
283
279
291
291
299
293
289
289
279
271
269
271
281
283
275
275
283
281
283
277
287
297
289
287
285
287
285
281
291
299
303
297
299
301
303
299
297
283
289
289
287
285
283
281
275
281
279
285
289
293
287
289
285
281
277
271
263
257
253
255
251
251
253
257
257
255
265
263
269
269
261
257
251
249
243
243
233
233
225
227
225
215
215
223
209
199
203
209
199
207
211
207
203
199
201
203
209
225
237
229
227
231
235
241
241
251
243
247
241
247
247
247
245
237
245
247
253
249
245
245
243
237
249
247
255
253
253
253
261
257
255
259
251
249
253
243
239
237
229
233
241
257
253
253
247
253
245
243
237
233
233
235
235
235
231
231
239
239
235
231
223
233
223
213
213
221
223
229
223
225
219
223
227
227
221
211
213
217
221
221
219
217
215
227
227
215
207
215
209
211
221
225
229
233
229
235
235
239
233
229
223
227
215
231
239
233
239
235
235
233
235
233
231
231
227
233
243
245
237
237
231
227
229
237
239
245
247
251
251
245
243
245
243
235
237
241
241
245
241
237
233
231
219
227
221
233
233
235
237
229
225
233
241
239
241
241
237
227
231
229
223
229
233
235
233
233
237
241
235
231
225
219
211
207
209
211
217
211
209
211
217
217
213
213
211
215
215
211
213
213
217
219
215
215
213
211
209
205
217
219
215
217
213
211
215
221
217
209
209
215
221
225
223
219
215
217
219
227
233
231
225
235
237
239
241
239
243
241
243
247
253
247
247
245
245
251
253
249
255
261
257
249
249
253
259
261
253
253
243
243
237
237
251
245
247
241
245
251
249
243
243
243
247
241
241
245
251
255
253
249
251
251
249
245
245
233
235
233
233
235
237
241
241
235
237
229
231
241
247
243
235
229
229
237
237
241
241
239
233
237
239
233
239
233
235
231
233
231
237
243
247
255
255
253
251
255
259
255
253
261
259
267
271
275
271
267
261
263
251
249
245
247
257
255
267
261
267
273
281
281
279
279
273
279
283
283
291
299
299
303
299
303
307
307
297
305
305
313
313
311
307
313
313
309
307
309
309
317
305
311
297
291
295
295
287
285
289
283
285
289
281
277
273
283
289
297
299
297
303
305
299
303
303
307
307
307
311
309
307
299
295
299
303
305
301
305
301
297
299
295
289
293
299
307
317
311
307
309
305
303
299
287
293
293
293
285
283
295
291
301
291
289
277
283
289
281
283
277
275
279
283
285
277
277
277
271
267
267
265
263
263
269
271
267
263
251
259
257
265
259
265
265
257
255
253
255
247
247
247
245
249
257
257
263
265
255
255
255
251
251
255
253
255
257
253
263
269
267
269
273
273
269
269
267
273
281
287
291
289
291
291
291
299
295
295
291
291
297
291
297
291
291
297
289
287
289
293
285
285
289
289
291
289
279
283
289
281
277
283
283
281
277
267
277
277
271
269
271
277
275
287
287
285
295
301
309
307
311
315
307
303
295
295
299
301
301
305
311
321
321
323
315
319
313
307
303
301
297
295
297
301
299
293
297
301
303
303
315
321
327
333
341
333
333
329
329
329
333
327
327
331
323
325
317
317
317
317
315
313
307
295
297
295
293
287
281
281
287
283
289
291
287
295
297
303
301
297
295
301
307
307
307
305
311
313
313
325
329
339
329
327
327
319
319
331
327
323
329
333
337
341
329
333
345
337
335
335
327
331
337
329
337
339
341
339
335
331
323
323
327
325
325
323
319
325
325
325
325
317
325
333
335
339
337
345
337
339
343
349
345
345
341
335
337
337
329
337
337
337
343
347
343
335
331
325
323
315
311
303
301
303
293
299
293
289
287
279
287
283
273
277
277
273
277
269
261
257
249
255
247
243
243
235
229
225
231
231
225
219
223
219
217
221
221
221
229
225
227
223
217
221
223
223
219
215
209
209
203
209
203
209
205
205
205
209
205
209
213
217
215
213
203
199
195
191
193
187
193
193
189
185
187
203
199
205
199
199
207
211
217
225
223
215
213
211
207
203
199
193
191
195
205
213
215
211
219
207
215
213
217
225
225
223
219
221
227
229
227
223
215
215
217
207
203
207
205
195
191
189
181
181
183
171
163
167
153
149
139
141
141
137
141
133
133
133
137
141
141
141
141
149
161
165
167
163
167
165
173
177
173
179
177
177
179
191
199
203
205
203
205
209
201
207
205
209
205
205
205
199
195
199
207
213
213
209
207
197
197
205
211
215
215
219
215
213
209
209
209
209
211
211
209
209
211
209
213
219
225
229
225
223
231
237
237
247
243
249
245
245
239
243
233
227
231
227
227
231
239
227
227
233
231
223
229
233
225
213
215
219
215
217
217
217
205
207
205
207
205
197
197
203
205
205
209
199
197
189
193
183
183
185
179
183
183
189
193
193
191
185
181
175
171
173
165
165
157
165
163
159
159
159
159
169
171
167
179
179
177
173
173
177
177
183
179
187
187
189
195
197
207
207
205
211
205
217
217
225
227
229
233
239
231
219
215
207
203
213
209
217
221
227
233
217
227
231
221
225
221
227
219
223
219
225
225
217
217
209
213
207
207
213
213
211
213
209
221
225
225
223
233
231
233
229
233
237
237
235
229
223
229
227
225
223
225
225
237
241
239
233
237
231
233
237
231
231
237
229
223
221
213
203
203
199
195
199
191
191
199
189
189
191
191
191
195
189
193
195
199
195
197
199
203
201
197
197
195
201
211
207
201
201
199
201
203
199
199
199
211
211
219
219
225
227
223
217
217
217
215
223
217
219
211
211
219
219
221
221
221
225
229
229
229
225
227
219
219
223
219
219
219
215
211
211
217
205
205
209
209
207
209
201
189
177
177
167
165
167
165
165
163
159
163
165
167
165
165
161
153
157
161
157
151
155
159
153
155
157
157
159
151
165
173
173
175
181
181
175
169
173
177
183
183
189
185
181
185
183
183
179
169
171
171
169
175
169
163
163
165
177
183
177
181
179
187
197
195
189
191
197
191
195
195
195
191
199
205
201
207
211
199
193
193
193
181
183
183
179
183
179
175
165
165
159
159
157
155
161
169
173
181
179
181
183
187
177
181
181
193
197
195
191
193
183
177
187
195
197
193
199
197
205
203
201
195
193
193
199
203
205
195
195
189
189
181
181
181
179
171
169
163
163
161
157
161
157
159
161
161
161
169
171
169
171
167
171
157
163
159
159
167
175
173
181
173
171
175
171
167
179
187
193
193
191
189
177
177
185
193
191
191
183
177
187
189
201
209
219
215
209
197
203
207
209
211
211
215
225
225
219
217
207
205
197
201
203
197
201
201
201
203
197
187
177
173
179
187
189
195
189
185
175
183
179
175
175
171
165
165
165
165
175
163
163
159
165
163
159
165
161
153
151
149
139
151
153
157
153
153
145
145
149
143
147
149
155
145
137
143
145
137
133
131
125
125
129
129
129
131
139
149
155
155
157
151
165
159
159
153
149
151
163
161
161
157
161
165
165
165
171
165
161
159
155
151
153
147
155
163
163
163
169
169
171
173
177
175
177
175
171
169
169
173
169
165
163
163
163
167
171
169
163
163
159
159
161
161
163
169
173
165
171
175
165
173
167
163
157
147
151
153
151
147
155
155
151
159
159
165
163
169
175
167
165
169
173
177
175
177
175
177
177
179
183
185
179
185
181
185
183
185
185
177
177
173
169
169
169
173
173
181
185
175
165
169
173
179
181
177
179
189
185
187
183
185
187
187
179
179
185
181
177
179
185
187
193
193
191
189
199
189
189
181
193
191
191
199
201
197
191
195
199
193
197
207
203
213
203
207
207
213
215
219
211
211
209
207
203
199
199
193
197
197
195
201
201
203
201
207
207
217
217
219
219
223
229
235
233
237
233
225
235
237
237
239
237
241
253
251
251
255
253
247
231
233
229
231
233
237
233
235
239
239
229
231
227
225
233
233
235
235
235
243
233
227
221
221
223
219
217
217
211
211
219
207
205
201
205
207
209
209
207
203
209
209
207
207
215
211
215
215
221
223
229
223
223
219
217
219
219
225
233
235
229
219
221
229
233
233
219
219
219
213
211
211
221
227
227
227
221
217
213
213
217
221
219
217
209
217
217
213
213
221
213
209
211
211
213
213
215
213
213
213
217
211
197
189
195
199
209
207
207
203
201
201
199
199
195
203
203
205
199
201
203
197
197
191
183
183
177
181
173
177
171
181
183
183
177
175
161
155
151
153
153
147
147
145
149
153
151
153
153
157
151
149
147
145
141
147
145
139
139
151
147
145
147
143
143
129
129
135
131
141
155
157
157
159
163
171
173
171
171
163
161
163
167
171
171
165
175
171
169
167
167
169
171
169
165
155
147
139
143
151
153
147
139
129
143
139
141
139
139
141
141
141
143
139
139
139
141
145
143
139
143
145
147
147
157
157
161
155
161
157
155
151
153
159
149
149
137
131
137
127
121
119
119
117
121
115
119
119
115
113
113
103
93
95
87
83
85
87
83
85
73
75
79
75
71
73
81
97
99
95
99
103
99
99
99
103
109
105
105
99
99
103
93
99
97
97
107
111
111
107
109
103
103
93
83
87
95
101
105
101
105
115
117
111
109
115
105
107
107
115
107
107
111
115
111
111
113
123
125
125
119
125
127
125
131
133
139
139
139
135
135
133
131
133
129
131
133
133
137
143
143
133
131
139
131
139
143
145
153
151
157
157
167
171
165
159
163
163
167
173
167
163
161
167
163
159
167
167
165
161
167
161
155
149
153
155
159
161
167
171
183
179
181
181
187
189
193
193
189
183
179
187
187
193
181
183
173
163
165
157
155
151
147
139
127
131
131
123
127
127
135
123
119
121
117
119
119
111
113
107
95
89
89
93
85
93
89
89
99
99
107
109
111
109
109
115
121
125
117
113
113
115
117
115
115
109
111
111
111
111
111
105
107
107
99
99
97
93
95
99
95
93
95
101
95
87
89
89
83
79
83
93
101
109
107
109
109
113
111
105
99
97
87
81
67
77
69
75
75
83
87
91
93
93
93
93
91
99
103
97
99
97
97
99
95
83
81
87
89
91
89
89
95
95
93
89
85
87
89
93
85
95
103
107
105
107
117
111
109
99
97
93
101
95
99
89
95
107
103
101
97
97
93
95
97
105
91
85
83
79
81
93
99
99
99
93
93
93
87
87
89
79
79
81
77
81
77
73
77
69
57
65
57
49
51
55
61
59
55
51
51
59
53
53
57
55
55
57
65
65
65
65
71
69
71
71
85
85
81
83
93
85
85
87
79
79
71
67
69
63
65
59
69
75
77
85
91
95
95
95
91
89
85
85
87
83
81
85
87
77
77
89
89
93
95
97
105
111
107
105
109
105
109
109
105
105
115
117
113
115
115
119
119
119
125
125
125
133
131
131
129
129
125
119
113
115
117
117
125
123
127
127
135
133
129
137
139
129
127
117
119
125
121
125
129
131
131
139
129
133
125
117
109
107
107
109
107
107
97
95
101
99
93
97
105
105
113
107
101
89
91
93
87
95
99
105
111
109
103
101
111
107
105
115
121
121
111
107
107
99
99
103
101
105
107
107
111
107
107
97
97
93
89
85
85
85
97
101
97
97
95
105
109
117
127
127
131
135
131
133
137
135
129
129
125
125
131
133
139
137
137
135
145
147
149
143
133
127
129
133
137
131
129
129
131
139
135
145
139
139
151
151
151
151
149
155
149
143
149
145
135
145
139
143
137
139
143
145
149
151
161
157
147
147
155
155
149
153
143
145
153
165
167
173
173
167
159
165
161
161
149
153
151
149
153
151
151
157
159
157
153
157
169
175
181
179
183
175
165
161
159
159
161
157
157
159
151
149
147
151
145
149
149
147
147
147
155
159
157
143
147
143
135
143
139
131
135
133
125
119
119
115
121
119
115
125
125
125
127
127
131
131
131
129
129
127
125
129
123
121
121
121
131
131
133
121
121
117
107
93
95
105
103
111
107
113
123
127
127
127
141
141
145
153
161
161
159
175
167
167
167
167
175
175
175
167
165
173
175
181
177
181
177
177
177
179
183
175
179
183
179
177
175
177
181
181
191
195
197
197
193
191
193
199
195
193
187
175
175
175
177
175
177
185
195
189
185
185
185
185
193
197
189
189
205
215
221
231
227
229
221
223
223
227
235
245
251
243
243
241
247
249
253
255
243
243
249
247
251
255
257
255
257
253
257
261
277
279
273
279
277
271
265
267
271
263
267
265
271
275
273
273
275
269
271
271
269
275
271
267
257
251
251
255
251
239
245
251
245
247
239
235
239
235
233
233
231
243
251
251
251
243
247
241
245
247
245
237
235
233
231
229
235
235
237
237
241
245
253
249
249
247
249
249
241
237
235
229
223
221
225
225
221
221
223
215
213
211
211
207
207
205
205
209
213
211
207
203
205
205
203
195
195
191
191
195
197
199
197
197
191
189
189
179
183
189
191
189
189
191
185
183
187
189
191
195
187
193
199
203
203
205
205
211
211
209
205
209
205
195
193
185
181
173
165
163
167
165
159
155
161
159
165
165
167
165
165
165
161
167
161
167
161
169
177
169
165
171
169
179
187
187
183
193
189
189
183
191
195
195
197
203
203
203
203
203
203
209
213
217
221
217
219
219
213
223
227
235
229
231
227
227
231
225
223
227
225
231
231
231
243
239
241
235
241
243
243
233
237
241
247
241
239
237
231
221
225
227
229
229
233
225
225
235
239
245
245
235
235
243
243
239
229
223
219
215
215
209
213
223
225
225
231
225
227
221
227
229
223
227
235
233
231
225
223
221
225
221
217
227
223
215
221
219
211
205
211
213
215
207
209
207
215
219
221
221
221
221
227
225
221
215
215
207
211
213
207
209
217
223
217
209
213
199
197
191
191
189
183
189
187
187
187
195
197
191
203
191
191
195
205
211
219
219
225
231
235
235
239
253
253
247
251
255
247
241
237
249
253
253
263
265
265
259
261
259
261
265
265
259
255
251
249
245
239
233
233
241
245
247
249
249
243
245
251
265
265
263
257
257
251
253
263
265
265
265
263
261
259
259
261
263
259
267
257
255
255
271
265
269
259
275
265
263
265
263
259
261
267
279
277
277
271
271
271
273
279
279
283
289
291
293
293
291
279
279
279
275
273
277
281
281
289
291
293
289
283
275
279
285
285
273
273
269
269
269
261
251
259
263
259
267
273
277
277
271
273
269
265
265
251
249
251
263
269
265
265
263
255
257
255
253
251
247
247
249
251
257
251
247
243
243
239
245
245
241
241
241
241
239
243
241
247
251
251
243
243
239
239
245
239
235
243
233
241
243
239
235
243
253
253
255
259
265
267
263
271
277
273
265
265
269
265
277
285
279
283
289
289
293
295
299
297
293
297
301
301
307
295
291
299
301
303
303
293
299
297
303
303
307
313
305
297
291
301
301
297
307
309
313
309
319
317
317
315
321
315
307
313
313
309
305
299
291
295
291
283
285
289
293
293
285
277
285
279
289
289
291
299
299
295
295
295
287
279
287
281
287
287
279
283
285
283
289
291
293
287
279
285
279
279
273
273
263
261
263
267
271
269
273
273
271
277
281
275
271
269
265
263
259
257
257
259
255
257
265
257
249
245
241
239
243
255
251
245
245
245
241
237
233
227
223
215
217
215
207
211
219
219
219
221
225
225
225
235
237
243
245
237
237
243
235
233
227
225
213
207
207
211
205
209
207
209
207
209
207
211
207
211
207
191
193
199
199
199
205
207
205
213
205
199
199
201
199
205
217
215
199
191
199
189
185
195
199
199
195
191
193
191
189
201
201
201
193
199
197
199
203
209
211
209
207
209
213
215
215
221
229
235
239
233
233
243
235
237
243
247
245
237
241
241
241
245
241
243
239
245
247
247
247
247
239
233
241
233
229
231
223
223
223
219
227
221
211
207
209
207
199
203
193
199
211
209
201
193
193
187
177
173
177
177
175
177
173
169
169
165
175
171
173
173
167
161
167
159
165
153
143
141
143
143
143
153
157
155
151
145
147
141
143
147
153
159
153
157
155
151
143
143
139
143
141
143
147
147
143
135
129
123
123
129
123
131
131
125
127
123
127
131
139
141
137
127
131
131
141
141
141
141
133
133
135
131
131
133
135
131
139
135
131
131
133
135
131
127
127
125
117
119
123
119
113
111
117
119
121
117
123
123
131
137
143
145
149
147
137
133
131
129
137
141
143
143
147
149
151
153
159
159
159
165
165
167
175
183
183
187
181
177
175
173
169
157
163
165
161
165
171
171
161
159
153
145
145
143
131
121
115
119
119
123
131
135
141
133
133
143
149
147
155
161
159
159
165
167
157
161
159
161
159
163
165
165
163
173
173
165
171
171
173
167
171
179
181
177
163
159
173
177
181
177
175
165
167
171
167
167
179
179
175
173
161
161
165
159
163
175
185
185
193
191
195
207
205
195
185
185
189
189
185
179
183
179
173
173
175
173
185
185
181
187
183
179
179
173
177
181
181
185
189
189
189
179
177
177
177
175
171
165
165
167
153
165
165
171
173
167
167
165
167
171
171
177
179
189
183
185
191
187
175
169
167
175
171
171
175
173
175
173
173
177
173
169
165
181
189
181
187
189
187
187
189
193
191
205
203
199
197
195
201
207
209
209
211
215
215
221
223
221
225
229
225
225
217
211
213
207
207
199
195
183
191
189
187
183
185
185
187
185
175
177
189
183
183
187
197
205
209
215
209
211
205
197
203
197
205
197
199
199
203
207
201
209
207
217
211
215
209
205
197
201
207
207
209
219
213
213
217
217
217
225
223
223
229
235
237
241
245
241
241
243
247
247
249
247
249
247
235
229
233
231
233
237
229
229
231
237
225
215
223
227
235
231
241
247
249
239
231
233
221
213
213
221
221
223
221
223
223
225
221
221
221
223
221
223
223
227
227
235
239
247
247
251
245
243
243
243
243
247
247
251
255
255
253
253
257
253
261
255
247
235
239
243
243
243
237
231
231
237
237
241
235
229
229
235
241
249
253
253
249
255
257
255
253
243
239
237
245
249
257
261
259
259
259
257
245
247
241
243
237
243
247
249
245
249
255
247
247
239
237
239
239
243
243
243
239
241
233
231
225
213
209
213
217
211
203
199
201
199
197
