-2621
-2621
-2619
-2611
-2601
-2595
-2585
-2577
-2567
-2559
-2549
-2553
-2543
-2537
-2533
-2525
-2521
-2515
-2515
-2505
-2497
-2489
-2479
-2475
-2467
-2461
-2461
-2461
-2459
-2451
-2451
-2439
-2435
-2421
-2417
-2415
-2409
-2395
-2395
-2383
-2379
-2377
-2373
-2365
-2365
-2361
-2357
-2355
-2347
-2347
-2345
-2343
-2337
-2329
-2321
-2313
-2303
-2289
-2283
-2283
-2267
-2269
-2269
-2263
-2263
-2253
-2241
-2241
-2235
-2235
-2235
-2229
-2225
-2217
-2213
-2201
-2189
-2181
-2169
-2163
-2157
-2157
-2153
-2155
-2147
-2153
-2147
-2137
-2137
-2145
-2141
-2141
-2135
-2123
-2119
-2119
-2107
-2091
-2083
-2079
-2083
-2087
-2075
-2069
-2059
-2047
-2047
-2037
-2037
-2035
-2025
-2017
-2005
-2003
-1995
-1995
-1987
-1987
-1977
-1971
-1975
-1973
-1971
-1959
-1951
-1943
-1951
-1941
-1935
-1927
-1927
-1925
-1929
-1929
-1921
-1915
-1911
-1901
-1901
-1897
-1897
-1897
-1891
-1885
-1885
-1879
-1869
-1869
-1869
-1863
-1851
-1849
-1849
-1849
-1843
-1837
-1825
-1819
-1807
-1807
-1813
-1807
-1801
-1801
-1793
-1791
-1783
-1793
-1783
-1777
-1773
-1773
-1761
-1751
-1753
-1747
-1733
-1729
-1727
-1719
-1723
-1713
-1709
-1709
-1693
-1685
-1675
-1669
-1669
-1657
-1649
-1643
-1641
-1635
-1629
-1623
-1625
-1607
-1607
-1599
-1595
-1589
-1589
-1581
-1577
-1577
-1565
-1563
-1555
-1551
-1549
-1539
-1527
-1531
-1525
-1531
-1525
-1525
-1523
-1519
-1515
-1507
-1503
-1499
-1493
-1493
-1485
-1477
-1467
-1461
-1461
-1453
-1453
-1441
-1445
-1443
-1447
-1439
-1447
-1437
-1439
-1439
-1435
-1433
-1433
-1433
-1433
-1429
-1431
-1421
-1411
-1411
-1411
-1409
-1397
-1391
-1395
-1387
-1373
-1375
-1377
-1367
-1357
-1353
-1349
-1335
-1335
-1335
-1333
-1331
-1325
-1321
-1323
-1315
-1317
-1309
-1297
-1295
-1289
-1289
-1281
-1281
-1275
-1273
-1277
-1277
-1275
-1275
-1263
-1253
-1243
-1247
-1245
-1247
-1241
-1241
-1237
-1233
-1233
-1225
-1229
-1221
-1207
-1211
-1207
-1203
-1205
-1197
-1195
-1191
-1191
-1195
-1185
-1187
-1189
-1179
-1177
-1167
-1165
-1163
-1157
-1165
-1155
-1145
-1145
-1155
-1153
-1141
-1139
-1139
-1139
-1139
-1149
-1145
-1143
-1147
-1147
-1143
-1141
-1145
-1143
-1141
-1139
-1135
-1137
-1127
-1117
-1121
-1119
-1111
-1115
-1105
-1105
-1097
-1097
-1089
-1087
-1089
-1085
-1085
-1085
-1079
-1073
-1079
-1061
-1057
-1049
-1037
-1037
-1023
-1023
-1019
-1019
-1019
-1009
-1009
-1009
-1009
-999
-987
-981
-981
-989
-979
-967
-961
-961
-957
-953
-955
-957
-955
-945
-941
-943
-929
-925
-913
-913
-907
-907
-907
-909
-911
-907
-903
-903
-903
-907
-909
-905
-915
-903
-895
-895
-891
-883
-885
-883
-885
-881
-881
-883
-871
-873
-875
-867
-871
-877
-863
-861
-859
-853
-843
-843
-833
-829
-835
-833
-831
-825
-821
-817
-817
-813
-803
-807
-805
-799
-801
-793
-787
-781
-783
-783
-785
-781
-791
-789
-779
-779
-771
-767
-761
-759
-753
-753
-743
-731
-731
-725
-725
-721
-721
-719
-723
-721
-721
-719
-723
-717
-709
-709
-705
-703
-697
-693
-699
-699
-701
-697
-689
-695
-693
-701
-705
-705
-699
-699
-705
-705
-705
-707
-703
-691
-693
-693
-693
-683
-673
-679
-673
-671
-671
-665
-661
-659
-651
-649
-643
-647
-649
-641
-637
-627
-615
-615
-611
-617
-611
-605
-605
-601
-601
-595
-595
-597
-589
-587
-591
-583
-583
-573
-581
-581
-573
-567
-575
-569
-569
-569
-569
-567
-569
-569
-573
-573
-575
-575
-567
-567
-563
-561
-561
-557
-553
-549
-545
-543
-541
-541
-537
-533
-529
-537
-533
-533
-531
-531
-531
-531
-531
-529
-517
-509
-515
-515
-509
-509
-509
-511
-507
-489
-481
-483
-477
-477
-477
-477
-473
-473
-475
-473
-467
-475
-473
-465
-467
-461
-459
-457
-457
-459
-449
-459
-457
-461
-455
-455
-457
-447
-447
-453
-451
-455
-457
-449
-449
-437
-429
-427
-425
-435
-427
-419
-419
-405
-399
-397
-397
-397
-399
-393
-403
-405
-403
-405
-405
-399
-389
-393
-391
-389
-377
-385
-385
-383
-371
-367
-373
-361
-355
-359
-353
-349
-343
-339
-339
-349
-363
-359
-351
-351
-353
-353
-351
-349
-349
-349
-351
-351
-355
-353
-351
-345
-349
-351
-351
-353
-349
-353
-343
-337
-335
-323
-335
-333
-333
-329
-329
-327
-331
-339
-339
-339
-335
-331
-327
-319
-317
-307
-307
-301
-305
-305
-301
-301
-305
-315
-307
-309
-317
-313
-315
-307
-305
-305
-301
-301
-301
-299
-301
-293
-285
-291
-289
-287
-289
-293
-293
-287
-289
-297
-297
-291
-291
-293
-287
-287
-279
-285
-283
-285
-285
-273
-277
-277
-263
-265
-265
-261
-261
-257
-257
-255
-243
-235
-233
-237
-233
-229
-225
-221
-221
-219
-225
-229
-229
-223
-219
-213
-213
-211
-203
-193
-193
-195
-195
-199
-199
-201
-209
-205
-205
-207
-197
-201
-201
-207
-213
-205
-205
-209
-209
-203
-195
-189
-199
-199
-195
-191
-189
-179
-179
-179
-185
-187
-187
-177
-175
-175
-175
-179
-179
-169
-181
-185
-185
-181
-173
-175
-171
-181
-175
-181
-177
-175
-167
-169
-171
-167
-169
-169
-157
-165
-159
-155
-155
-157
-153
-153
-155
-163
-151
-137
-133
-131
-137
-137
-137
-139
-135
-135
-131
-131
-131
-117
-117
-127
-117
-117
-117
-121
-121
-125
-125
-121
-125
-111
-113
-121
-113
-105
-101
-93
-91
-89
-89
-85
-83
-81
-89
-93
-91
-91
-89
-77
-69
-77
-85
-83
-83
-81
-85
-83
-83
-87
-81
-77
-81
-79
-83
-77
-77
-71
-69
-71
-69
-61
-57
-57
-57
-57
-61
-61
-59
-55
-53
-61
-51
-37
-47
-43
-35
-33
-25
-27
-23
-27
-23
-23
-25
-35
-31
-33
-35
-35
-39
-41
-37
-41
-43
-47
-47
-55
-61
-55
-61
-59
-65
-63
-63
-55
-55
-61
-53
-49
-49
-49
-51
-49
-37
-37
-37
-35
-45
-39
-37
-37
-39
-39
-43
-41
-35
-31
-31
-23
-23
-19
-19
-9
-5
3
3
15
15
3
5
5
11
7
13
19
29
33
35
35
35
43
55
55
49
57
59
55
55
51
51
47
37
25
21
31
27
21
23
29
31
31
33
37
35
29
29
39
31
31
37
33
25
25
25
33
35
29
27
25
27
13
11
13
13
19
19
23
21
7
7
5
5
9
7
13
11
11
11
13
13
5
9
17
25
25
25
25
33
33
27
27
23
23
23
27
19
3
13
7
-1
3
9
9
17
17
15
15
27
25
35
39
37
31
35
33
45
37
35
33
37
35
29
31
29
37
39
39
29
25
21
19
19
23
29
33
33
31
31
37
37
43
41
37
45
47
47
37
35
35
39
39
29
35
21
25
27
35
31
25
17
19
9
1
-5
-9
-13
-11
-7
-3
5
-1
-3
-7
-9
-9
-19
-31
-29
-29
-25
-17
-25
-25
-27
-31
-25
-11
-11
-15
-3
-7
-7
-5
-3
7
13
7
3
-7
-5
-3
7
7
11
15
-1
13
23
29
35
37
35
25
23
23
19
25
25
19
13
13
23
19
7
9
7
9
11
15
11
13
19
19
19
29
19
19
27
29
25
25
25
23
27
21
21
27
35
39
37
37
55
55
63
59
55
59
61
59
61
61
61
63
69
71
67
67
63
63
55
49
61
59
57
57
59
65
63
59
59
59
49
59
55
53
53
55
55
47
43
41
47
55
61
69
63
61
63
63
69
63
63
65
63
57
65
69
63
59
55
55
49
51
51
45
43
37
29
27
23
29
25
11
13
11
11
17
11
15
23
21
15
27
21
25
29
31
33
29
27
27
29
25
33
35
41
41
49
53
43
43
49
49
57
57
57
55
51
43
47
47
43
41
37
41
41
47
47
37
29
33
33
27
23
19
17
15
7
3
-5
-9
-15
-15
-15
1
1
1
3
5
3
3
3
5
15
15
15
15
15
23
15
7
13
9
5
-5
-11
-11
-11
-5
-5
1
1
13
13
13
5
5
9
13
7
11
13
13
9
9
3
9
9
5
-3
-7
-7
-19
-13
-21
-17
-17
-13
-13
-13
-1
5
-1
-1
3
5
13
15
17
25
21
13
27
35
35
43
39
41
37
37
31
31
33
31
31
29
23
19
25
25
21
21
31
45
41
41
39
41
59
57
55
51
53
61
53
67
69
73
71
63
61
57
67
67
55
59
61
69
69
63
59
45
37
39
53
61
67
65
67
77
75
77
79
81
71
67
67
63
65
75
77
81
85
81
77
73
73
75
73
71
73
73
73
83
83
79
79
77
89
89
85
93
105
101
103
103
105
105
105
103
95
95
93
91
79
79
75
75
75
77
77
73
75
81
81
65
71
71
77
89
93
95
91
83
83
85
89
93
85
73
67
69
61
57
53
47
47
47
55
43
41
47
41
43
53
55
47
45
43
47
45
41
41
41
41
35
41
39
37
39
39
51
43
49
57
57
57
49
39
35
35
39
45
43
43
47
47
57
57
55
57
55
55
47
43
51
43
43
37
37
43
49
53
55
47
53
53
53
63
63
59
57
67
75
75
81
83
87
87
89
89
97
105
103
101
97
91
93
97
103
101
99
91
91
93
93
93
91
91
97
109
109
115
111
113
107
103
111
109
107
105
105
99
99
109
113
117
123
123
125
115
119
127
129
123
123
121
115
123
113
117
121
123
119
127
121
123
131
133
133
141
141
141
153
157
161
167
165
151
139
147
149
149
153
153
149
149
147
145
145
151
147
159
155
167
165
177
185
191
195
195
191
191
187
191
195
203
211
209
203
197
193
183
181
185
181
183
183
185
177
173
175
171
175
175
175
177
173
163
159
167
169
169
163
165
161
161
159
157
157
157
155
169
169
169
159
157
163
165
157
153
151
163
163
161
151
151
151
143
151
163
155
149
149
141
131
129
123
121
121
119
117
117
123
121
119
131
139
139
151
155
145
139
133
129
125
135
139
131
125
123
131
131
129
131
127
137
137
137
135
145
135
143
141
149
151
149
143
147
143
141
139
139
137
121
117
113
115
121
125
129
133
131
139
135
137
133
127
123
119
125
123
129
129
127
117
121
123
115
117
117
117
111
109
111
113
105
107
115
105
103
103
103
103
97
101
89
85
93
107
111
101
111
115
115
115
113
109
109
109
109
107
99
101
101
93
95
109
109
111
109
109
109
109
109
107
105
111
109
109
109
109
109
111
111
103
97
97
95
93
93
95
91
91
103
105
111
109
109
109
117
119
119
119
115
105
111
101
97
105
109
107
103
105
105
113
113
113
103
101
101
113
117
123
119
113
113
107
113
113
113
109
105
105
101
105
95
93
97
101
93
107
101
103
103
99
99
95
99
101
91
85
85
73
73
71
71
71
65
65
63
55
53
49
47
55
57
57
59
57
57
59
57
61
63
55
63
55
49
57
53
41
39
39
39
35
47
51
43
41
51
43
51
49
49
53
53
63
65
69
69
81
81
71
79
79
87
87
93
89
89
97
85
83
79
73
71
69
63
59
57
53
53
55
63
61
55
57
57
59
55
55
55
65
71
73
79
79
75
83
79
75
73
75
71
75
75
77
79
79
85
85
79
75
75
85
85
71
69
71
73
61
59
65
67
63
63
61
65
65
67
65
49
55
55
55
49
49
49
43
47
55
65
65
71
77
81
79
81
83
87
85
91
83
83
87
85
79
75
75
71
71
73
69
69
69
67
75
73
75
75
73
73
73
73
69
73
77
83
75
75
83
79
83
93
95
91
83
95
99
95
95
89
89
87
97
95
93
107
103
109
109
107
111
113
117
121
125
133
135
139
143
143
135
125
125
129
121
115
111
113
113
105
113
105
103
101
115
121
125
123
115
115
109
109
105
105
97
97
99
93
101
99
103
97
83
93
93
93
93
99
103
97
97
93
99
97
101
87
87
93
93
99
99
109
119
125
121
123
123
125
125
129
121
121
125
121
127
127
127
127
123
117
119
121
127
129
135
137
135
133
137
137
139
139
135
135
141
145
145
137
129
119
117
115
115
111
125
113
109
101
97
99
97
93
85
77
85
75
61
61
55
55
51
53
45
51
55
53
55
53
67
69
59
63
61
67
55
71
65
65
59
55
53
51
65
59
57
57
57
57
47
49
53
43
55
55
67
65
69
69
69
77
69
69
67
67
63
67
63
63
65
63
67
59
65
67
77
77
75
71
63
71
71
67
63
65
61
61
65
53
55
61
55
55
57
57
53
55
51
47
47
49
37
37
29
29
17
11
7
5
3
3
-3
-3
-7
-11
-9
-7
-9
-5
-7
3
-1
-1
1
7
11
17
17
13
13
9
23
13
15
11
11
11
19
23
23
33
33
29
27
27
31
41
41
41
37
35
33
29
37
39
29
23
31
31
25
27
27
27
35
39
37
45
45
41
41
47
49
53
53
63
63
59
59
63
65
77
73
81
93
93
95
99
101
109
111
115
111
107
111
119
131
139
145
155
159
163
165
165
159
163
171
177
171
163
165
161
161
167
167
165
151
161
153
145
147
151
155
147
145
147
139
143
143
135
135
143
143
139
139
135
133
149
149
139
135
135
141
137
131
127
127
131
135
135
133
135
147
141
141
143
145
143
139
135
141
147
137
141
147
153
149
153
153
153
153
155
161
161
161
159
161
153
157
159
159
159
159
159
161
165
169
169
173
181
189
195
197
193
195
191
183
181
183
177
177
177
169
169
157
153
155
151
151
157
157
159
153
153
159
161
171
179
175
181
181
181
185
189
189
193
187
187
183
185
183
189
185
191
187
183
191
189
187
185
185
187
191
195
199
191
189
189
189
183
183
173
179
177
175
169
175
175
171
171
167
161
173
183
175
179
173
179
179
181
181
167
173
175
177
179
171
169
165
165
167
167
177
185
179
189
193
203
207
219
219
211
217
219
215
215
221
217
219
209
215
215
215
207
207
207
207
197
203
203
205
209
213
221
213
211
219
221
227
229
219
217
221
217
209
207
207
207
209
209
209
209
207
209
211
213
205
205
211
219
219
211
217
217
219
221
219
219
213
205
203
209
217
213
211
213
217
215
215
215
217
215
215
211
211
213
215
209
209
205
205
205
203
199
213
213
207
213
211
213
219
223
217
225
235
243
237
227
223
213
213
219
231
233
225
235
231
233
235
235
237
237
237
237
247
243
245
245
245
235
239
235
243
243
231
231
223
223
223
221
221
225
223
219
215
215
209
217
215
215
219
225
227
233
233
221
221
221
223
219
225
219
219
223
219
213
213
217
217
221
221
219
215
215
215
213
211
211
215
221
221
221
221
219
225
225
223
223
225
223
223
217
223
223
225
225
229
239
237
239
247
251
255
249
251
255
255
263
257
251
253
253
245
239
239
239
245
243
245
243
243
241
233
227
239
233
239
243
241
243
247
253
247
247
245
245
251
257
253
257
253
245
253
257
253
257
257
249
251
249
257
267
269
273
273
273
287
285
283
283
291
287
285
283
283
275
279
289
289
301
301
301
299
305
305
311
305
301
289
297
301
293
285
283
289
285
275
275
279
269
269
269
277
273
273
277
273
273
277
285
281
275
283
277
271
267
271
277
275
275
277
281
295
295
297
303
295
297
287
291
295
293
297
297
299
301
301
307
309
307
307
313
313
305
309
299
295
285
285
279
277
277
275
267
265
261
265
265
267
265
267
273
267
271
267
273
255
257
243
257
251
253
249
249
259
259
255
259
249
251
245
253
253
253
253
245
241
241
231
229
229
229
221
225
221
221
225
217
221
223
221
221
233
233
237
235
231
231
229
229
229
229
233
233
229
239
229
235
241
241
253
251
245
255
261
261
263
261
261
257
257
263
265
275
275
279
283
289
295
289
291
303
303
305
301
307
307
307
307
303
297
301
301
303
303
295
299
295
283
281
281
281
279
277
277
275
263
259
257
253
255
247
245
247
247
255
259
257
261
261
265
259
255
269
269
269
269
267
269
269
273
277
283
289
283
283
291
283
281
285
287
299
297
299
303
307
307
307
305
307
297
301
305
311
311
313
313
325
323
327
335
329
331
335
331
327
317
315
307
307
309
309
297
299
299
309
307
303
309
313
311
311
309
313
315
317
313
315
315
317
311
311
311
313
313
313
313
321
317
317
323
329
331
331
331
335
337
331
335
335
341
347
351
347
341
341
355
355
355
361
351
351
345
345
341
347
343
343
339
335
335
335
335
327
325
327
331
331
327
331
331
347
343
341
343
349
343
349
357
357
363
369
375
375
377
379
385
379
379
371
375
377
377
377
379
375
373
377
381
379
379
379
369
379
383
377
371
355
353
353
349
337
337
335
343
331
337
337
337
337
337
341
341
333
333
335
343
337
335
335
325
323
319
319
315
323
335
335
335
331
333
327
335
341
339
347
351
349
345
343
347
339
335
335
323
323
317
315
311
313
309
307
299
295
303
305
313
305
299
299
289
281
269
269
267
267
267
265
265
269
277
277
279
279
281
285
291
295
289
295
295
295
285
275
275
269
261
265
263
265
261
265
267
277
275
275
273
271
273
277
279
283
283
285
279
287
283
279
281
281
293
293
295
291
285
285
285
281
279
277
267
275
275
271
275
275
277
281
281
271
265
271
273
275
269
265
257
255
251
257
261
261
261
257
259
261
255
239
233
223
223
223
221
223
223
223
227
229
235
231
235
233
235
233
231
223
225
221
213
221
221
215
219
213
207
211
209
209
207
205
211
211
215
215
231
235
229
229
229
235
241
231
237
229
229
227
227
219
221
231
235
235
235
235
235
235
239
243
239
239
239
239
235
235
241
241
235
231
233
229
231
231
231
237
237
239
233
231
237
233
235
239
233
229
235
229
235
233
233
229
233
235
239
239
235
231
235
233
239
243
243
245
247
253
247
255
253
245
251
247
241
241
241
235
231
235
237
235
227
229
229
229
241
251
241
245
247
249
243
241
241
231
237
231
223
227
227
221
221
233
231
231
229
233
223
225
235
233
233
231
239
237
237
237
237
233
227
233
229
219
213
213
207
217
213
207
207
207
207
211
205
201
195
189
185
185
189
195
195
193
193
195
195
191
195
191
191
191
187
193
197
195
187
181
179
181
179
175
173
165
165
175
169
169
169
173
173
175
171
171
171
171
177
181
181
179
185
187
187
183
185
191
191
193
189
189
191
197
201
205
199
197
197
199
197
197
205
201
207
205
201
211
211
213
207
207
207
213
207
207
201
195
185
179
189
187
195
195
201
201
213
215
219
223
221
227
237
235
227
229
231
231
225
219
211
213
213
217
225
229
229
229
235
229
229
237
241
243
237
231
239
235
239
233
233
225
223
221
225
233
235
235
233
231
237
251
253
263
261
255
253
253
251
251
251
251
255
265
259
255
251
251
247
251
249
251
241
237
239
243
245
245
249
249
243
243
243
251
251
249
249
251
257
253
251
253
259
257
257
265
267
263
267
267
275
271
265
269
257
265
269
271
263
257
257
253
253
251
249
237
237
243
241
237
237
237
235
225
229
221
229
219
219
215
215
215
217
211
215
209
205
205
205
209
215
219
221
219
215
225
217
223
225
225
225
219
223
225
233
235
239
237
237
231
243
241
239
239
231
227
233
243
245
249
257
263
265
265
265
269
269
267
271
275
269
263
265
271
275
275
275
281
281
277
269
267
267
263
261
255
259
263
263
253
253
249
249
249
243
237
235
237
241
241
239
239
239
241
241
233
235
239
237
243
245
251
251
249
249
253
251
253
253
257
255
261
261
263
257
245
247
247
243
235
231
227
237
231
241
239
245
251
249
245
243
247
257
259
259
255
243
245
251
251
251
245
245
249
247
241
243
243
231
225
217
211
211
207
211
209
211
215
215
219
215
219
219
219
221
221
221
223
223
223
223
223
223
217
219
213
217
227
227
221
225
217
219
227
231
229
235
239
243
247
249
249
249
243
239
247
241
235
239
239
235
231
233
235
237
231
231
233
233
241
241
241
241
239
239
239
237
239
235
235
229
225
229
233
229
229
233
225
219
213
215
217
217
227
221
225
227
235
241
243
241
235
231
225
225
233
239
241
245
245
241
235
235
235
235
227
227
235
229
233
243
237
235
233
231
225
221
215
207
205
201
207
201
205
209
207
207
211
217
217
211
221
217
219
209
205
205
203
209
213
217
223
225
225
223
223
221
227
223
223
221
225
217
209
209
207
207
207
207
207
219
217
211
205
213
207
207
209
213
221
217
217
207
205
207
207
197
201
199
197
193
199
199
199
199
193
191
189
189
189
193
197
187
183
185
185
193
193
187
197
193
185
193
195
197
195
193
197
197
197
203
211
211
199
197
199
195
197
207
207
207
199
203
209
211
207
209
209
213
213
221
219
213
217
217
211
221
221
213
215
219
223
221
209
203
201
199
205
201
195
203
203
211
215
217
221
221
221
231
223
229
229
233
229
229
231
231
235
237
241
247
243
249
243
235
239
239
239
239
239
239
239
239
241
245
245
241
243
251
249
249
251
251
259
247
249
243
243
235
225
237
237
239
239
229
229
229
225
229
229
229
233
241
245
247
249
249
251
261
257
261
265
271
265
275
273
271
269
269
269
261
257
265
265
273
273
267
265
259
263
265
275
277
283
287
275
283
287
287
285
291
295
291
299
303
301
293
297
291
291
293
289
279
273
273
267
267
263
263
269
271
267
271
265
265
267
271
269
269
269
279
287
287
285
285
285
283
281
281
283
273
271
269
263
273
273
265
271
279
279
273
265
265
265
265
265
269
275
267
261
261
253
261
255
251
255
251
245
247
251
255
261
259
259
263
263
259
255
259
263
255
263
261
257
257
259
259
259
259
247
241
239
239
239
239
243
241
241
241
237
239
239
251
251
251
253
253
265
261
273
275
277
277
277
267
263
263
249
249
245
243
249
249
249
241
241
235
239
233
231
227
221
221
221
221
221
229
233
227
229
219
223
217
213
205
203
207
207
205
209
213
205
203
209
201
195
191
201
199
199
199
201
201
201
197
195
193
199
197
191
195
195
199
199
199
191
191
199
199
205
219
217
213
215
209
211
209
207
199
201
203
191
185
185
185
189
185
187
177
177
175
179
175
177
177
175
165
167
161
149
145
149
157
153
157
165
163
161
161
157
159
161
165
165
171
167
167
177
183
191
191
193
187
185
185
191
193
191
195
197
195
191
195
199
201
193
207
201
195
201
203
205
205
195
189
189
189
197
201
207
215
221
213
219
219
209
213
207
205
201
201
201
199
203
201
189
189
181
181
181
179
181
185
185
179
173
177
181
181
173
173
171
181
175
175
175
173
183
187
185
173
177
171
171
187
193
189
185
191
187
187
191
189
189
181
181
183
181
179
173
173
177
179
173
179
169
163
159
161
171
165
163
163
159
155
159
155
153
149
149
151
155
155
159
159
149
153
143
139
149
143
137
125
125
125
139
137
133
147
141
149
143
143
143
143
143
143
147
153
153
157
151
149
143
143
147
147
147
149
161
167
167
169
167
167
165
179
183
193
191
181
177
187
191
191
199
199
193
193
193
191
187
175
175
173
171
171
171
179
173
169
169
165
163
169
177
181
195
201
197
189
193
199
203
209
211
199
207
203
207
207
203
195
203
195
183
171
169
169
183
193
205
209
205
207
215
219
227
239
235
241
237
241
245
245
233
233
227
219
227
229
217
211
207
207
209
203
201
199
205
207
197
187
189
191
195
205
211
207
203
203
203
207
211
217
213
209
215
209
209
205
207
203
211
207
215
209
215
221
239
239
229
223
223
223
229
223
223
217
217
217
221
223
225
235
237
239
237
237
237
241
243
243
249
251
247
239
251
251
249
253
253
245
243
241
243
241
249
253
261
261
255
255
255
247
239
241
233
233
237
241
235
231
233
229
235
227
227
235
227
225
225
225
227
227
225
215
217
227
225
221
227
235
235
223
221
227
227
235
231
231
233
225
221
221
233
235
239
239
247
247
233
233
229
229
227
231
233
243
241
251
249
241
241
241
239
233
233
231
235
235
231
227
229
229
233
235
237
241
237
241
237
237
241
241
249
239
229
227
235
237
229
221
225
229
223
219
217
217
209
203
213
213
225
219
219
229
235
241
241
245
243
243
241
243
241
241
237
231
227
223
219
225
227
221
229
229
229
221
225
219
219
219
219
219
219
219
217
219
211
211
211
211
211
209
205
205
209
201
201
199
203
203
195
195
195
203
199
207
211
211
201
199
199
205
205
211
211
217
207
207
213
207
203
201
199
201
201
201
201
199
209
209
213
215
207
195
201
201
201
193
185
187
185
189
195
197
193
185
191
179
177
179
181
181
173
171
183
189
183
183
183
185
181
183
183
187
189
189
185
181
185
195
203
199
211
219
223
223
221
223
225
223
223
217
217
213
211
205
211
201
203
195
195
189
183
183
185
169
171
167
161
165
161
173
175
173
173
173
165
165
169
169
169
161
157
155
145
145
149
149
145
145
147
151
147
145
147
145
151
145
145
137
143
139
125
117
113
113
119
125
119
129
137
137
135
129
119
119
109
105
103
97
95
95
95
89
89
91
97
97
99
99
103
91
83
81
91
103
95
91
87
89
93
95
95
97
97
97
97
101
107
109
109
109
109
109
113
107
121
121
121
121
131
131
123
127
131
137
143
143
141
141
149
147
151
153
153
155
157
159
165
165
175
187
175
173
173
173
165
167
157
159
159
165
165
165
171
171
175
181
185
195
197
197
193
181
187
181
189
191
189
185
177
189
177
185
189
193
193
195
195
197
201
205
201
195
203
197
207
201
201
197
197
193
199
205
205
205
201
209
211
223
225
225
231
225
225
219
215
205
205
203
211
201
205
207
201
201
211
217
213
213
219
223
211
209
199
199
187
191
187
187
185
193
205
205
211
203
201
203
193
189
193
181
179
179
179
169
169
163
169
165
159
159
163
159
161
163
163
155
149
153
155
157
157
145
151
151
153
157
159
157
151
151
137
143
137
133
133
125
127
123
127
123
123
117
121
127
131
143
153
143
139
137
149
151
147
151
149
149
149
151
149
153
147
145
139
147
149
149
145
153
149
147
137
131
139
133
137
137
145
133
127
127
127
127
127
127
127
129
125
123
119
115
127
121
121
121
125
131
135
147
153
161
161
155
151
163
157
153
159
159
157
159
163
159
161
159
159
155
165
167
167
163
165
171
169
175
177
169
163
163
165
167
163
177
179
187
183
179
171
173
177
157
155
153
157
145
145
141
141
143
143
143
149
151
151
153
153
155
155
151
151
151
155
143
147
149
155
155
153
149
149
155
153
149
153
153
149
149
159
165
163
157
165
167
165
167
167
165
167
167
167
167
171
173
179
173
173
171
167
167
167
167
167
171
171
173
177
177
181
185
189
183
187
195
203
197
203
205
209
207
209
209
201
193
191
193
199
199
199
199
195
195
189
197
197
195
189
193
197
197
199
199
205
207
209
213
219
225
225
225
221
231
235
219
217
215
209
209
209
207
205
203
203
201
201
197
195
191
193
187
195
195
191
185
189
181
185
187
193
193
193
189
193
193
185
193
197
193
185
185
185
191
195
199
201
207
201
205
215
201
209
209
209
221
227
231
235
237
241
231
235
233
231
231
229
233
229
221
221
219
215
213
217
213
215
221
225
219
219
219
215
211
221
211
211
199
195
195
199
201
193
195
193
189
189
195
193
193
185
185
177
183
181
183
179
179
179
165
165
171
171
175
177
171
171
175
179
179
177
177
185
187
189
187
181
175
171
179
167
167
167
167
159
149
155
147
143
143
151
149
157
165
171
165
175
171
165
167
163
159
159
165
153
147
159
165
157
161
165
161
163
163
167
169
181
177
177
175
175
183
183
181
179
183
187
187
193
197
193
197
189
189
183
183
185
179
175
175
181
185
191
191
191
187
191
197
191
189
181
185
185
185
185
179
179
175
165
165
165
163
155
155
159
163
165
165
167
159
155
155
157
157
165
165
165
165
165
163
157
159
161
159
163
163
159
167
169
173
173
169
173
179
185
187
197
201
195
183
181
189
183
185
189
189
197
197
197
203
203
199
209
213
223
223
227
231
231
229
229
233
239
241
241
231
233
225
223
221
235
229
239
237
245
245
249
247
247
249
257
257
251
251
253
249
233
235
245
247
255
255
259
259
263
269
263
261
257
257
265
269
271
265
269
279
281
277
271
271
271
259
259
247
243
243
229
223
229
229
229
235
251
245
235
235
231
231
237
241
239
245
249
257
255
251
255
249
253
257
253
249
245
245
241
241
251
249
243
243
241
243
243
243
247
247
241
251
245
245
239
239
239
237
243
243
237
245
247
241
245
243
239
241
241
239
243
249
253
261
259
257
257
255
257
257
259
259
259
255
257
253
253
253
257
255
259
271
269
265
259
259
269
267
273
269
267
269
271
271
271
267
267
257
253
249
251
255
245
251
243
237
239
233
221
219
221
215
211
215
209
193
197
205
195
185
181
177
183
177
177
177
179
181
181
179
179
183
199
207
211
211
217
221
229
225
217
215
225
221
219
225
219
217
229
229
227
231
233
225
231
231
237
231
235
229
221
221
221
221
217
217
209
203
213
213
207
219
221
221
223
219
223
221
223
233
233
237
241
241
253
259
259
259
259
257
263
265
269
277
265
263
255
259
259
261
267
263
265
269
269
269
275
283
293
287
283
293
299
299
299
299
303
299
299
301
297
301
301
295
289
291
283
285
295
299
301
301
297
305
297
299
303
305
315
307
305
307
305
297
297
297
287
283
269
273
269
269
275
279
277
279
271
275
279
285
285
279
279
281
277
275
271
267
275
275
269
263
265
265
259
263
255
259
263
253
253
245
245
245
251
247
245
239
249
251
255
257
253
251
251
251
247
241
231
237
239
241
253
259
261
261
261
253
253
251
241
243
243
237
245
245
247
239
243
241
241
239
241
239
247
241
239
231
229
231
233
239
233
237
235
235
239
231
219
209
217
219
219
221
219
223
215
215
215
213
213
203
203
199
199
201
205
207
217
219
227
223
227
221
209
209
209
211
209
211
213
207
207
213
225
225
225
227
231
225
231
233
229
241
243
229
227
227
227
225
221
217
225
225
227
227
225
217
219
215
215
215
227
225
221
215
213
221
229
221
227
227
231
241
243
247
247
247
241
235
233
227
225
223
235
235
225
229
229
229
231
225
225
235
235
237
239
239
237
241
241
235
235
239
241
241
231
235
235
235
235
237
239
231
227
237
237
239
241
241
239
239
237
237
235
237
235
243
237
235
235
237
247
247
245
241
241
239
231
231
235
237
229
229
233
235
233
225
217
213
215
215
211
211
209
205
195
195
191
191
189
183
185
195
195
193
189
195
199
199
205
209
197
197
197
201
207
207
209
209
203
201
195
197
205
201
191
187
189
187
181
183
179
175
177
173
175
173
167
165
177
193
191
199
203
213
209
211
211
207
211
221
225
223
229
235
245
245
245
253
255
257
259
255
253
253
261
271
261
259
265
261
259
259
263
265
257
261
265
265
269
269
279
279
275
277
279
281
279
283
287
279
277
275
277
283
285
291
289
289
277
269
267
277
283
283
293
293
291
285
285
285
293
307
307
303
299
299
293
291
291
279
279
285
283
283
289
273
273
269
269
273
269
269
269
271
267
269
273
275
275
279
279
281
279
273
275
267
269
269
263
253
255
253
259
263
259
257
257
243
257
257
259
267
267
267
261
259
259
249
253
253
251
247
251
245
245
241
241
241
237
227
229
237
237
243
239
237
229
227
225
235
231
233
231
227
223
223
221
223
233
233
231
225
221
221
221
221
221
229
231
243
251
257
245
247
241
237
229
235
237
243
243
243
243
237
231
239
237
245
239
243
243
247
239
239
239
243
239
239
229
231
237
229
223
219
217
217
217
213
221
225
227
229
215
213
209
209
205
205
205
205
211
207
215
221
221
219
219
221
221
219
217
215
217
221
215
225
223
223
235
223
213
227
227
227
227
223
227
219
219
219
215
215
211
209
211
215
221
231
233
227
219
217
217
217
227
235
235
233
233
233
235
233
233
231
219
221
213
221
217
217
229
219
211
209
209
209
209
209
209
209
199
203
203
201
203
203
199
199
201
201
195
195
187
193
187
191
191
187
185
175
169
169
163
155
155
155
153
153
161
167
161
159
159
165
169
169
171
183
183
179
179
185
187
199
201
193
191
187
187
189
189
193
187
181
181
181
179
177
177
169
161
155
155
155
145
149
145
139
141
141
139
141
139
139
133
129
125
129
133
135
135
147
147
149
149
147
147
145
139
139
131
131
123
125
129
123
127
125
127
129
127
127
127
119
113
117
123
125
123
121
123
135
129
129
129
139
145
145
149
147
141
149
141
141
143
147
155
161
157
159
155
163
163
163
169
165
163
173
179
177
189
185
185
185
183
189
187
185
185
191
195
187
197
197
199
201
203
203
207
219
219
215
219
225
225
215
213
217
209
197
195
203
203
211
211
211
217
221
219
219
223
217
217
229
229
217
213
213
209
199
201
203
203
199
195
207
201
201
205
205
209
217
217
215
215
215
219
219
223
219
217
225
225
219
229
237
245
247
259
269
273
265
267
259
259
257
261
255
249
247
259
261
261
253
257
263
263
259
255
265
275
279
289
293
285
285
283
285
287
287
291
291
293
297
291
281
281
281
281
279
275
265
263
269
273
273
281
291
283
287
279
279
275
279
281
267
255
259
255
257
257
257
265
269
269
269
271
269
273
279
279
279
277
275
269
261
259
263
265
265
267
267
267
259
267
263
263
263
261
265
265
261
263
267
255
259
253
241
235
229
219
221
225
227
227
229
227
229
229
223
227
227
227
225
225
227
229
229
227
235
235
229
233
227
225
225
217
221
233
227
231
219
221
221
223
229
221
219
221
227
225
225
223
223
229
237
247
253
251
253
251
253
255
255
255
259
273
269
267
281
283
281
273
275
269
275
281
275
273
275
279
281
275
281
283
277
281
277
285
289
295
295
287
289
289
293
291
295
293
297
295
295
293
285
285
287
287
287
287
283
285
291
291
291
291
291
289
285
285
285
285
285
287
291
283
281
281
283
275
275
277
275
273
269
273
277
279
269
269
277
283
281
281
283
275
275
277
281
289
295
287
291
293
293
291
297
297
301
299
311
317
311
317
317
323
323
315
315
315
317
305
307
307
307
303
303
295
293
287
281
281
283
287
303
303
303
307
297
289
295
285
287
291
289
289
291
287
281
281
281
277
263
265
269
269
269
269
269
269
267
267
269
265
273
275
281
281
277
271
271
267
267
273
281
281
285
289
303
303
303
307
305
307
307
301
309
301
301
291
295
297
303
311
307
313
313
301
297
303
291
293
295
289
293
293
291
295
293
289
287
287
279
289
277
281
287
289
291
299
299
301
301
301
301
295
301
301
297
289
287
287
289
293
289
303
309
309
297
303
303
313
309
309
321
323
321
317
309
307
309
311
311
317
317
315
313
317
317
311
319
329
329
331
339
343
331
333
335
333
331
335
327
327
329
333
339
341
337
337
349
345
339
337
337
337
335
333
333
337
335
335
329
331
337
329
317
315
309
305
311
319
327
325
315
311
317
317
315
309
309
317
319
319
319
321
323
335
339
331
327
333
335
335
333
327
329
329
321
335
335
335
339
347
361
365
359
359
353
353
353
363
367
367
371
371
369
371
361
361
369
361
367
375
379
377
385
385
379
381
379
379
371
371
373
371
369
365
373
371
365
367
367
367
367
369
367
367
365
361
355
357
357
357
349
341
345
345
351
349
349
345
337
341
335
325
319
313
311
315
315
315
309
311
313
315
317
315
313
319
319
319
319
317
317
327
327
327
333
333
331
331
335
329
329
333
331
333
337
335
343
337
339
335
335
333
335
323
315
313
303
301
303
295
307
309
309
311
311
309
299
299
291
285
283
293
293
299
307
313
317
311
311
303
311
311
313
319
319
321
313
315
325
325
327
327
319
321
323
315
311
313
309
309
309
313
313
309
311
307
313
315
313
313
317
317
317
313
313
305
309
301
301
307
301
297
289
287
293
287
287
291
287
291
285
289
291
285
283
279
271
265
265
263
265
273
267
263
261
267
273
271
269
269
265
271
269
273
273
275
275
279
273
273
275
273
275
277
291
291
291
289
283
291
287
287
293
293
291
291
291
287
285
285
289
287
283
287
293
285
283
273
273
267
275
269
269
263
271
271
275
269
275
281
279
283
277
285
285
283
287
295
287
291
285
279
277
275
273
275
269
267
267
267
271
273
277
263
261
261
263
261
263
263
269
257
263
263
271
271
267
267
265
271
269
261
263
249
253
249
247
241
245
245
245
237
237
235
233
233
239
239
237
237
237
247
245
237
237
227
227
227
235
235
245
247
245
243
235
229
229
229
227
231
231
231
233
231
223
229
217
219
221
217
217
217
217
217
217
213
213
207
203
201
209
207
213
213
207
211
207
205
205
195
195
187
181
189
195
195
183
179
175
173
169
167
167
175
175
167
167
167
167
167
177
177
185
193
187
191
191
193
193
193
191
193
211
205
209
209
203
215
209
203
203
219
217
213
209
205
205
197
193
199
199
203
203
201
203
203
203
201
207
207
207
199
207
211
207
209
209
215
213
203
197
203
197
197
197
203
215
211
205
195
195
189
187
189
185
185
179
179
183
187
183
187
187
183
183
183
183
179
179
177
185
177
175
177
171
171
183
191
183
183
183
193
183
183
183
185
191
195
193
199
203
197
203
193
193
189
181
187
191
185
185
185
185
187
177
173
173
169
167
157
157
157
151
149
143
143
145
147
145
153
153
149
153
159
161
157
157
155
153
153
143
143
145
149
139
133
133
137
145
141
139
137
137
133
127
127
131
125
119
129
131
127
115
129
121
111
117
115
119
117
125
125
119
123
127
123
129
129
133
129
135
125
127
129
133
129
125
135
135
127
131
127
127
117
113
