-10472
-10464
-10454
-10446
-10436
-10428
-10426
-10428
-10426
-10418
-10416
-10416
-10408
-10402
-10396
-10394
-10390
-10376
-10360
-10360
-10354
-10342
-10328
-10318
-10314
-10306
-10302
-10296
-10286
-10286
-10276
-10272
-10270
-10258
-10252
-10248
-10238
-10226
-10222
-10216
-10202
-10194
-10182
-10176
-10166
-10158
-10156
-10146
-10140
-10128
-10120
-10118
-10104
-10094
-10084
-10072
-10066
-10070
-10060
-10062
-10054
-10054
-10044
-10036
-10024
-10022
-10018
-10010
-10002
-9990
-9978
-9970
-9966
-9978
-9970
-9962
-9950
-9934
-9926
-9918
-9914
-9916
-9912
-9908
-9896
-9892
-9886
-9886
-9878
-9872
-9866
-9858
-9854
-9848
-9836
-9832
-9830
-9828
-9828
-9814
-9808
-9796
-9788
-9782
-9774
-9768
-9768
-9762
-9762
-9758
-9750
-9744
-9738
-9732
-9724
-9720
-9714
-9708
-9700
-9686
-9682
-9676
-9672
-9666
-9656
-9648
-9634
-9632
-9624
-9618
-9612
-9596
-9596
-9592
-9590
-9586
-9580
-9574
-9566
-9558
-9548
-9536
-9528
-9520
-9512
-9506
-9494
-9484
-9466
-9466
-9452
-9444
-9440
-9428
-9422
-9418
-9416
-9418
-9418
-9410
-9404
-9394
-9386
-9374
-9366
-9354
-9350
-9344
-9344
-9340
-9334
-9324
-9324
-9314
-9316
-9308
-9308
-9302
-9290
-9282
-9280
-9270
-9264
-9266
-9254
-9258
-9252
-9248
-9248
-9244
-9232
-9222
-9222
-9212
-9202
-9194
-9186
-9176
-9176
-9172
-9168
-9170
-9168
-9162
-9152
-9140
-9142
-9138
-9138
-9136
-9132
-9126
-9126
-9118
-9110
-9098
-9090
-9084
-9082
-9070
-9062
-9056
-9054
-9048
-9040
-9030
-9020
-9012
-9008
-9002
-8994
-8986
-8974
-8966
-8960
-8956
-8952
-8946
-8942
-8936
-8920
-8914
-8918
-8910
-8898
-8896
-8888
-8880
-8878
-8868
-8860
-8854
-8854
-8852
-8848
-8834
-8830
-8826
-8820
-8812
-8804
-8802
-8796
-8790
-8792
-8784
-8774
-8770
-8756
-8746
-8736
-8730
-8730
-8726
-8726
-8724
-8722
-8720
-8714
-8702
-8708
-8704
-8698
-8700
-8700
-8702
-8692
-8692
-8682
-8680
-8678
-8684
-8674
-8668
-8662
-8658
-8652
-8646
-8640
-8636
-8634
-8632
-8624
-8610
-8610
-8600
-8596
-8596
-8588
-8580
-8576
-8568
-8564
-8558
-8546
-8550
-8546
-8538
-8530
-8520
-8512
-8510
-8504
-8512
-8512
-8502
-8502
-8496
-8490
-8492
-8488
-8478
-8480
-8472
-8476
-8470
-8462
-8452
-8456
-8452
-8446
-8446
-8440
-8450
-8434
-8430
-8428
-8418
-8414
-8404
-8400
-8394
-8390
-8390
-8378
-8376
-8376
-8378
-8368
-8370
-8356
-8342
-8334
-8326
-8326
-8326
-8320
-8310
-8306
-8302
-8294
-8294
-8292
-8290
-8288
-8292
-8284
-8270
-8262
-8256
-8248
-8246
-8244
-8236
-8224
-8214
-8202
-8190
-8180
-8170
-8168
-8162
-8160
-8160
-8162
-8150
-8142
-8132
-8124
-8110
-8104
-8094
-8086
-8082
-8078
-8070
-8070
-8064
-8064
-8064
-8058
-8050
-8040
-8038
-8028
-8018
-8008
-8002
-7998
-7992
-7978
-7978
-7974
-7976
-7966
-7964
-7966
-7962
-7950
-7948
-7942
-7938
-7930
-7924
-7912
-7906
-7906
-7894
-7886
-7874
-7860
-7858
-7858
-7856
-7856
-7844
-7832
-7830
-7832
-7830
-7824
-7816
-7810
-7818
-7808
-7796
-7796
-7788
-7780
-7776
-7768
-7766
-7750
-7750
-7752
-7756
-7748
-7748
-7738
-7740
-7730
-7730
-7730
-7736
-7740
-7738
-7734
-7732
-7732
-7732
-7726
-7720
-7712
-7702
-7692
-7694
-7680
-7678
-7666
-7658
-7650
-7644
-7642
-7634
-7630
-7626
-7616
-7610
-7592
-7582
-7588
-7584
-7582
-7570
-7570
-7570
-7562
-7564
-7560
-7554
-7542
-7536
-7524
-7522
-7516
-7508
-7510
-7508
-7504
-7500
-7490
-7492
-7492
-7484
-7476
-7464
-7468
-7460
-7454
-7450
-7448
-7444
-7444
-7436
-7434
-7422
-7418
-7416
-7410
-7402
-7404
-7396
-7396
-7394
-7394
-7402
-7400
-7392
-7380
-7372
-7370
-7368
-7366
-7356
-7354
-7338
-7334
-7330
-7342
-7338
-7340
-7332
-7318
-7308
-7300
-7292
-7288
-7286
-7282
-7276
-7270
-7264
-7258
-7250
-7236
-7232
-7220
-7216
-7216
-7204
-7200
-7190
-7180
-7174
-7168
-7166
-7170
-7170
-7170
-7162
-7154
-7140
-7136
-7134
-7126
-7126
-7126
-7116
-7118
-7118
-7118
-7114
-7098
-7094
-7088
-7086
-7074
-7074
-7066
-7062
-7056
-7054
-7056
-7054
-7042
-7038
-7028
-7014
-7006
-6998
-6992
-6984
-6976
-6972
-6972
-6962
-6950
-6950
-6938
-6930
-6932
-6938
-6934
-6934
-6928
-6920
-6908
-6902
-6898
-6894
-6886
-6876
-6872
-6868
-6862
-6858
-6846
-6840
-6834
-6828
-6834
-6820
-6814
-6808
-6806
-6798
-6790
-6782
-6780
-6774
-6770
-6764
-6758
-6752
-6742
-6748
-6750
-6746
-6746
-6736
-6724
-6720
-6724
-6722
-6710
-6706
-6712
-6704
-6712
-6710
-6706
-6708
-6708
-6710
-6704
-6702
-6714
-6710
-6712
-6702
-6694
-6692
-6680
-6682
-6668
-6672
-6670
-6666
-6654
-6650
-6648
-6652
-6660
-6656
-6648
-6646
-6646
-6644
-6650
-6642
-6644
-6634
-6628
-6618
-6614
-6606
-6594
-6592
-6586
-6582
-6582
-6574
-6564
-6562
-6564
-6546
-6540
-6536
-6534
-6528
-6522
-6514
-6508
-6510
-6504
-6490
-6496
-6484
-6486
-6474
-6476
-6470
-6470
-6464
-6456
-6448
-6442
-6438
-6434
-6444
-6432
-6436
-6430
-6416
-6412
-6408
-6402
-6396
-6390
-6390
-6390
-6382
-6374
-6374
-6380
-6380
-6368
-6370
-6358
-6362
-6356
-6342
-6338
-6328
-6318
-6306
-6306
-6308
-6294
-6294
-6282
-6276
-6276
-6270
-6264
-6262
-6250
-6246
-6238
-6236
-6222
-6212
-6206
-6200
-6192
-6186
-6186
-6174
-6168
-6158
-6158
-6148
-6146
-6144
-6138
-6130
-6124
-6118
-6112
-6100
-6084
-6080
-6072
-6066
-6056
-6056
-6058
-6042
-6034
-6034
-6024
-6018
-6012
-6006
-6000
-5996
-5984
-5984
-5972
-5968
-5972
-5970
-5970
-5964
-5962
-5954
-5938
-5928
-5934
-5928
-5922
-5916
-5924
-5914
-5916
-5916
-5910
-5908
-5908
-5906
-5914
-5910
-5912
-5908
-5904
-5896
-5884
-5886
-5886
-5880
-5880
-5874
-5874
-5872
-5872
-5864
-5866
-5858
-5858
-5856
-5850
-5852
-5842
-5836
-5824
-5814
-5814
-5806
-5806
-5806
-5798
-5802
-5790
-5798
-5786
-5778
-5778
-5764
-5756
-5756
-5754
-5748
-5746
-5738
-5732
-5726
-5724
-5726
-5724
-5720
-5720
-5718
-5716
-5712
-5702
-5688
-5686
-5682
-5668
-5674
-5664
-5662
-5656
-5654
-5652
-5642
-5634
-5630
-5620
-5614
-5608
-5602
-5600
-5588
-5576
-5574
-5564
-5560
-5548
-5536
-5528
-5532
-5522
-5520
-5514
-5510
-5504
-5492
-5488
-5476
-5474
-5466
-5464
-5460
-5456
-5460
-5450
-5448
-5442
-5438
-5432
-5428
-5416
-5406
-5404
-5400
-5402
-5402
-5394
-5388
-5380
-5370
-5368
-5362
-5362
-5366
-5362
-5366
-5374
-5374
-5370
-5372
-5370
-5364
-5360
-5362
-5354
-5352
-5348
-5344
-5340
-5342
-5338
-5342
-5334
-5334
-5338
-5336
-5324
-5324
-5328
-5322
-5316
-5314
-5310
-5312
-5314
-5310
-5302
-5304
-5296
-5296
-5284
-5280
-5278
-5272
-5258
-5246
-5238
-5228
-5228
-5220
-5222
-5212
-5204
-5200
-5202
-5206
-5198
-5192
-5180
-5186
-5184
-5176
-5174
-5160
-5156
-5160
-5156
-5150
-5148
-5142
-5132
-5126
-5118
-5112
-5114
-5110
-5114
-5114
-5110
-5110
-5108
-5100
-5096
-5094
-5090
-5086
-5082
-5084
-5084
-5078
-5072
-5064
-5058
-5052
-5036
-5034
-5032
-5024
-5018
-5016
-5012
-5012
-5002
-5004
-5004
-5006
-4998
-4992
-4996
-4996
-4990
-4982
-4986
-4976
-4974
-4962
-4960
-4946
-4942
-4944
-4950
-4952
-4938
-4930
-4926
-4920
-4918
-4924
-4918
-4906
-4900
-4900
-4902
-4906
-4898
-4898
-4894
-4886
-4884
-4886
-4892
-4888
-4886
-4878
-4870
-4866
-4858
-4852
-4848
-4842
-4842
-4840
-4852
-4840
-4832
-4826
-4830
-4820
-4814
-4804
-4800
-4790
-4786
-4784
-4786
-4782
-4780
-4784
-4770
-4764
-4766
-4760
-4758
-4754
-4748
-4736
-4734
-4736
-4740
-4740
-4736
-4738
-4734
-4722
-4716
-4708
-4706
-4704
-4696
-4684
-4688
-4688
-4684
-4682
-4682
-4676
-4672
-4674
-4668
-4664
-4660
-4646
-4636
-4628
-4628
-4628
-4620
-4616
-4616
-4608
-4608
-4608
-4608
-4600
-4590
-4580
-4582
-4576
-4574
-4580
-4576
-4578
-4586
-4584
-4578
-4566
-4570
-4558
-4554
-4556
-4556
-4564
-4552
-4550
-4544
-4544
-4550
-4552
-4540
-4532
-4522
-4524
-4518
-4508
-4502
-4498
-4502
-4488
-4490
-4484
-4476
-4470
-4474
-4470
-4474
-4468
-4470
-4468
-4458
-4456
-4446
-4436
-4440
-4436
-4434
-4436
-4440
-4444
-4448
-4448
-4438
-4430
-4420
-4426
-4424
-4424
-4422
-4416
-4410
-4418
-4412
-4412
-4412
-4404
-4408
-4410
-4412
-4410
-4408
-4402
-4402
-4396
-4390
-4382
-4382
-4376
-4370
-4372
-4374
-4374
-4362
-4364
-4360
-4370
-4368
-4360
-4356
-4354
-4358
-4354
-4344
-4332
-4324
-4318
-4318
-4328
-4328
-4332
-4332
-4332
-4324
-4316
-4314
-4310
-4312
-4314
-4316
-4310
-4312
-4314
-4310
-4304
-4308
-4314
-4308
-4310
-4308
-4308
-4302
-4292
-4294
-4282
-4284
-4274
-4274
-4274
-4274
-4278
-4276
-4272
-4260
-4252
-4252
-4246
-4248
-4238
-4236
-4238
-4242
-4244
-4252
-4244
-4250
-4238
-4234
-4240
-4228
-4232
-4224
-4212
-4210
-4206
-4200
-4198
-4208
-4218
-4212
-4204
-4204
-4196
-4194
-4186
-4184
-4184
-4186
-4186
-4198
-4198
-4196
-4190
-4186
-4186
-4176
-4168
-4168
-4174
-4176
-4174
-4164
-4158
-4166
-4158
-4150
-4146
-4152
-4138
-4138
-4140
-4130
-4120
-4114
-4116
-4116
-4116
-4110
-4114
-4104
-4114
-4114
-4120
-4108
-4108
-4110
-4114
-4110
-4102
-4096
-4088
-4082
-4074
-4074
-4066
-4062
-4060
-4046
-4044
-4044
-4046
-4048
-4046
-4046
-4038
-4050
-4056
-4056
-4052
-4054
-4042
-4034
-4022
-4024
-4028
-4034
-4034
-4028
-4040
-4034
-4036
-4030
-4022
-4024
-4026
-4028
-4022
-4016
-4006
-4006
-4000
-3998
-4004
-3992
-3986
-3986
-3982
-3970
-3966
-3964
-3952
-3954
-3954
-3952
-3952
-3948
-3944
-3946
-3944
-3944
-3942
-3942
-3940
-3946
-3950
-3950
-3944
-3936
-3928
-3928
-3930
-3930
-3920
-3928
-3922
-3922
-3916
-3910
-3906
-3906
-3904
-3900
-3898
-3898
-3908
-3906
-3916
-3916
-3914
-3914
-3906
-3900
-3900
-3898
-3900
-3896
-3884
-3892
-3888
-3884
-3882
-3874
-3870
-3862
-3860
-3856
-3854
-3846
-3846
-3836
-3828
-3828
-3818
-3820
-3822
-3822
-3818
-3814
-3808
-3804
-3790
-3784
-3780
-3776
-3770
-3762
-3766
-3760
-3748
-3740
-3744
-3738
-3734
-3734
-3736
-3738
-3730
-3736
-3726
-3718
-3712
-3722
-3724
-3720
-3728
-3730
-3728
-3718
-3710
-3706
-3702
-3694
-3692
-3692
-3684
-3684
-3676
-3672
-3662
-3660
-3658
-3660
-3660
-3650
-3644
-3646
-3644
-3642
-3636
-3626
-3620
-3620
-3614
-3610
-3612
-3620
-3624
-3618
-3608
-3608
-3598
-3596
-3592
-3594
-3588
-3588
-3590
-3590
-3586
-3580
-3584
-3580
-3578
-3570
-3564
-3562
-3568
-3572
-3568
-3560
-3556
-3550
-3540
-3538
-3528
-3530
-3530
-3522
-3524
-3524
-3524
-3520
-3522
-3530
-3522
-3524
-3524
-3522
-3516
-3514
-3512
-3516
-3516
-3508
-3512
-3508
-3508
-3502
-3498
-3500
-3502
-3502
-3504
-3506
-3494
-3484
-3476
-3470
-3464
-3458
-3454
-3456
-3456
-3456
-3450
-3446
-3450
-3442
-3440
-3430
-3422
-3416
-3410
-3404
-3400
-3396
-3396
-3390
-3380
-3380
-3372
-3362
-3360
-3360
-3356
-3348
-3342
-3344
-3342
-3338
-3338
-3332
-3328
-3328
-3328
-3324
-3318
-3314
-3322
-3320
-3312
-3320
-3318
-3326
-3322
-3324
-3316
-3328
-3326
-3314
-3306
-3302
-3298
-3306
-3306
-3312
-3322
-3322
-3326
-3320
-3324
-3320
-3310
-3320
-3310
-3312
-3302
-3314
-3320
-3314
-3310
-3304
-3298
-3288
-3274
-3280
-3272
-3280
-3274
-3268
-3260
-3254
-3252
-3262
-3260
-3256
-3256
-3260
-3266
-3256
-3250
-3262
-3262
-3260
-3266
-3268
-3270
-3266
-3274
-3272
-3270
-3264
-3250
-3242
-3240
-3232
-3226
-3226
-3220
-3214
-3208
-3208
-3214
-3208
-3212
-3220
-3216
-3204
-3196
-3198
-3192
-3196
-3192
-3184
-3192
-3188
-3176
-3186
-3178
-3180
-3182
-3178
-3174
-3164
-3168
-3164
-3166
-3166
-3160
-3154
-3158
-3156
-3154
-3158
-3158
-3148
-3144
-3152
-3150
-3144
-3144
-3142
-3144
-3138
-3138
-3132
-3134
-3132
-3136
-3122
-3120
-3114
-3120
-3118
-3116
-3104
-3100
-3100
-3100
-3090
-3102
-3100
-3090
-3092
-3086
-3092
-3082
-3076
-3086
-3092
-3098
-3084
-3078
-3072
-3066
-3072
-3078
-3062
-3062
-3058
-3060
-3062
-3066
-3064
-3060
-3056
-3046
-3038
-3030
-3020
-3018
-3008
-3008
-3004
-3006
-3002
-3002
-3018
-3022
-3018
-3014
-3012
-3006
-3006
-3004
-2994
-2984
-2984
-2982
-2970
-2964
-2966
-2962
-2956
-2954
-2950
-2950
-2954
-2964
-2958
-2950
-2948
-2948
-2946
-2946
-2934
-2934
-2940
-2934
-2924
-2920
-2910
-2906
-2908
-2904
-2908
-2900
-2904
-2890
-2888
-2892
-2898
-2890
-2896
-2904
-2902
-2902
-2904
-2888
-2898
-2898
-2898
-2900
-2884
-2886
-2892
-2886
-2894
-2898
-2894
-2896
-2900
-2902
-2898
-2900
-2890
-2894
-2890
-2894
-2886
-2884
-2878
-2876
-2880
-2884
-2884
-2880
-2874
-2878
-2880
-2872
-2874
-2876
-2864
-2856
-2856
-2852
-2854
-2860
-2850
-2850
-2854
-2848
-2844
-2846
-2834
-2830
-2824
-2818
-2812
-2808
-2800
-2804
-2800
-2798
-2792
-2796
-2794
-2790
-2794
-2794
-2786
-2784
-2778
-2786
-2774
-2776
-2768
-2768
-2772
-2768
-2768
-2770
-2768
-2756
-2748
-2750
-2758
-2754
-2750
-2754
-2746
-2752
-2754
-2758
-2748
-2742
-2742
-2742
-2734
-2734
-2734
-2728
-2728
-2734
-2724
-2720
-2712
-2714
-2708
-2704
-2698
-2684
-2684
-2678
-2678
-2666
-2674
-2662
-2658
-2660
-2660
-2666
-2672
-2662
-2646
-2638
-2630
-2628
-2622
-2616
-2602
-2592
-2594
-2596
-2598
-2600
-2600
-2598
-2596
-2596
-2588
-2582
-2582
-2570
-2572
-2570
-2564
-2554
-2552
-2550
-2550
-2552
-2550
-2546
-2540
-2540
-2528
-2520
-2514
-2520
-2514
-2516
-2518
-2508
-2502
-2490
-2486
-2482
-2472
-2474
-2488
-2486
-2488
-2478
-2466
-2464
-2462
-2456
-2458
-2460
-2460
-2452
-2462
-2448
-2448
-2456
-2444
-2442
-2448
-2442
-2436
-2428
-2426
-2420
-2420
-2424
-2422
-2416
-2410
-2416
-2414
-2414
-2408
-2412
-2410
-2410
-2408
-2412
-2408
-2392
-2396
-2394
-2394
-2394
-2390
-2380
-2380
-2382
-2384
-2376
-2380
-2388
-2382
-2378
-2372
-2366
-2356
-2356
-2360
-2366
-2354
-2346
-2348
-2336
-2328
-2324
-2322
-2334
-2336
-2344
-2338
-2348
-2344
-2340
-2346
-2340
-2336
-2332
-2322
-2318
-2324
-2316
-2320
-2318
-2318
-2318
-2318
-2314
-2324
-2326
-2322
-2318
-2324
-2320
-2322
-2330
-2326
-2320
-2312
-2304
-2300
-2294
-2284
-2274
-2274
-2284
-2296
-2298
-2294
-2286
-2280
-2280
-2284
-2286
-2292
-2288
-2296
-2288
-2280
-2274
-2276
-2276
-2270
-2268
-2262
-2268
-2256
-2256
-2258
-2254
-2258
-2256
-2258
-2260
-2256
-2256
-2264
-2262
-2258
-2262
-2264
-2266
-2262
-2262
-2258
-2262
-2264
-2258
-2260
-2256
-2258
-2252
-2244
-2248
-2244
-2238
-2234
-2236
-2242
-2244
-2236
-2234
-2230
-2240
-2230
-2234
-2234
-2232
-2222
-2220
-2224
-2230
-2222
-2218
-2216
-2206
-2194
-2186
-2184
-2184
-2186
-2180
-2172
-2164
-2166
-2166
-2162
-2162
-2158
-2162
-2162
-2158
-2150
-2144
-2140
-2138
-2138
-2134
-2128
-2116
-2114
-2104
-2110
-2108
-2100
-2102
-2100
-2102
-2104
-2106
-2096
-2096
-2108
-2108
-2110
-2112
-2106
-2114
-2118
-2116
-2112
-2100
-2090
-2084
-2076
-2074
-2072
-2074
-2058
-2072
-2072
-2068
-2062
-2064
-2068
-2064
-2060
-2058
-2056
-2050
-2036
-2040
-2034
-2040
-2032
-2030
-2030
-2026
-2026
-2028
-2038
-2030
-2036
-2032
-2034
-2032
-2038
-2038
-2038
-2038
-2038
-2032
-2038
-2046
-2030
-2030
-2038
-2030
-2036
-2032
-2036
-2030
-2030
-2022
-2016
-2010
-2008
-2012
-2012
-2010
-2014
-2012
-2014
-2014
-2010
-2012
-2004
-1998
-1996
-2002
-1990
-1990
-1990
-1988
-1992
-1986
-1978
-1982
-1982
-1988
-1990
-1990
-1982
-1986
-1976
-1974
-1978
-1976
-1970
-1968
-1960
-1952
-1954
-1958
-1952
-1946
-1942
-1932
-1934
-1930
-1934
-1924
-1920
-1916
-1914
-1916
-1928
-1932
-1928
-1924
-1916
-1916
-1920
-1918
-1922
-1922
-1926
-1920
-1914
-1922
-1916
-1926
-1938
-1934
-1924
-1914
-1906
-1908
-1914
-1904
-1904
-1888
-1886
-1876
-1870
-1870
-1868
-1862
-1856
-1850
-1846
-1842
-1842
-1844
-1844
-1848
-1842
-1840
-1844
-1854
-1860
-1858
-1868
-1868
-1862
-1864
-1868
-1858
-1860
-1856
-1854
-1838
-1842
-1850
-1838
-1834
-1828
-1828
-1834
-1836
-1832
-1826
-1832
-1832
-1828
-1826
-1826
-1822
-1822
-1818
-1824
-1824
-1826
-1824
-1818
-1822
-1812
-1818
-1816
-1806
-1806
-1796
-1796
-1792
-1792
-1780
-1786
-1792
-1796
-1792
-1788
-1786
-1790
-1786
-1782
-1786
-1784
-1780
-1782
-1778
-1768
-1762
-1760
-1754
-1756
-1758
-1758
-1764
-1762
-1764
-1766
-1768
-1774
-1770
-1774
-1776
-1768
-1772
-1768
-1760
-1758
-1760
-1768
-1764
-1766
-1754
-1758
-1760
-1762
-1756
-1754
-1760
-1762
-1762
-1762
-1764
-1758
-1752
-1752
-1750
-1746
-1756
-1754
-1752
-1748
-1748
-1758
-1754
-1740
-1736
-1732
-1736
-1732
-1732
-1720
-1722
-1710
-1706
-1694
-1690
-1688
-1692
-1692
-1688
-1692
-1690
-1682
-1674
-1668
-1676
-1674
-1682
-1678
-1676
-1662
-1668
-1666
-1666
-1654
-1646
-1648
-1652
-1656
-1652
-1646
-1650
-1648
-1652
-1644
-1648
-1642
-1640
-1644
-1644
-1650
-1646
-1634
-1640
-1630
-1630
-1630
-1622
-1622
-1628
-1634
-1632
-1626
-1620
-1614
-1610
-1612
-1598
-1600
-1608
-1614
-1606
-1604
-1606
-1608
-1604
-1598
-1604
-1610
-1618
-1614
-1610
-1598
-1600
-1598
-1592
-1588
-1578
-1580
-1574
-1576
-1570
-1568
-1568
-1572
-1580
-1580
-1576
-1570
-1578
-1574
-1574
-1560
-1562
-1564
-1568
-1564
-1560
-1568
-1562
-1574
-1570
-1570
-1562
-1554
-1556
-1550
-1552
-1542
-1536
-1536
-1528
-1530
-1532
-1542
-1544
-1542
-1534
-1530
-1522
-1524
-1528
-1522
-1516
-1514
-1514
-1520
-1524
-1516
-1514
-1506
-1500
-1506
-1506
-1508
-1502
-1514
-1510
-1502
-1500
-1500
-1502
-1496
-1486
-1478
-1478
-1480
-1464
-1472
-1472
-1468
-1462
-1458
-1458
-1450
-1450
-1438
-1442
-1438
-1438
-1436
-1436
-1440
-1442
-1448
-1444
-1442
-1446
-1432
-1432
-1442
-1426
-1430
-1430
-1434
-1436
-1440
-1444
-1448
-1448
-1442
-1442
-1444
-1444
-1440
-1432
-1432
-1434
-1432
-1432
-1436
-1440
-1430
-1422
-1412
-1412
-1416
-1418
-1420
-1420
-1416
-1408
-1402
-1396
-1396
-1388
-1390
-1382
-1382
-1374
-1378
-1368
-1364
-1360
-1354
-1360
-1354
-1344
-1342
-1344
-1338
-1334
-1344
-1344
-1344
-1342
-1348
-1348
-1336
-1324
-1326
-1336
-1344
-1342
-1348
-1346
-1348
-1340
-1338
-1338
-1344
-1348
-1348
-1350
-1342
-1354
-1346
-1350
-1354
-1344
-1342
-1336
-1340
-1348
-1338
-1338
-1340
-1334
-1330
-1326
-1316
-1316
-1320
-1320
-1310
-1318
-1316
-1314
-1318
-1326
-1316
-1310
-1306
-1318
-1312
-1320
-1316
-1318
-1322
-1320
-1312
-1306
-1310
-1314
-1316
-1314
-1314
-1322
-1312
-1318
-1324
-1324
-1328
-1326
-1334
-1332
-1328
-1330
-1322
-1332
-1332
-1336
-1330
-1330
-1334
-1340
-1342
-1344
-1344
-1346
-1346
-1346
-1338
-1330
-1318
-1322
-1316
-1304
-1302
-1306
-1306
-1302
-1298
-1296
-1298
-1288
-1292
-1290
-1278
-1278
-1278
-1276
-1276
-1274
-1282
-1284
-1274
-1276
-1276
-1276
-1268
-1268
-1260
-1258
-1246
-1248
-1248
-1246
-1254
-1244
-1246
-1252
-1244
-1234
-1234
-1232
-1224
-1224
-1222
-1222
-1214
-1202
-1196
-1192
-1190
-1184
-1192
-1190
-1186
-1186
-1190
-1202
-1204
-1210
-1200
-1204
-1212
-1206
-1204
-1208
-1218
-1214
-1214
-1212
-1212
-1218
-1208
-1208
-1208
-1202
-1200
-1200
-1200
-1194
-1192
-1198
-1200
-1202
-1208
-1202
-1214
-1218
-1222
-1228
-1226
-1230
-1226
-1224
-1228
-1232
-1228
-1216
-1208
-1214
-1210
-1214
-1206
-1210
-1212
-1218
-1216
-1226
-1226
-1220
-1212
-1202
-1198
-1198
-1204
-1214
-1214
-1212
-1216
-1210
-1206
-1200
-1198
-1198
-1198
-1198
-1202
-1210
-1202
-1194
-1188
-1188
-1186
-1180
-1186
-1190
-1190
-1188
-1190
-1192
-1200
-1202
-1204
-1200
-1204
-1212
-1218
-1218
-1226
-1232
-1222
-1226
-1226
-1232
-1230
-1230
-1236
-1234
-1232
-1242
-1246
-1246
-1240
-1238
-1244
-1236
-1236
-1232
-1228
-1226
-1240
-1250
-1250
-1248
-1246
-1256
-1262
-1250
-1250
-1240
-1240
-1240
-1232
-1236
-1232
-1226
-1230
-1228
-1228
-1212
-1212
-1214
-1210
-1214
-1202
-1200
-1186
-1188
-1184
-1186
-1188
-1188
-1196
-1204
-1202
-1198
-1196
-1192
-1190
-1188
-1192
-1188
-1188
-1196
-1204
-1204
-1214
-1210
-1204
-1198
-1196
-1202
-1190
-1198
-1196
-1194
-1190
-1192
-1192
-1196
-1198
-1206
-1202
-1210
-1212
-1206
-1208
-1216
-1218
-1218
-1214
-1216
-1208
-1202
-1204
-1208
-1202
-1206
-1204
-1220
-1226
-1222
-1230
-1228
-1220
-1220
-1216
-1216
-1208
-1200
-1204
-1200
-1192
-1204
-1214
-1212
-1212
-1210
-1212
-1214
-1224
-1226
-1228
-1226
-1224
-1218
-1216
-1220
-1230
-1238
-1230
-1230
-1234
-1236
-1240
-1234
-1222
-1218
-1222
-1228
-1226
-1220
-1208
-1206
-1192
-1190
-1186
-1192
-1206
-1200
-1202
-1194
-1194
-1192
-1190
-1190
-1194
-1194
-1190
-1186
-1192
-1198
-1196
-1200
-1200
-1206
-1196
-1194
-1198
-1190
-1192
-1182
-1186
-1190
-1192
-1192
-1184
-1174
-1182
-1180
-1174
-1178
-1168
-1174
-1176
-1178
-1178
-1174
-1180
-1176
-1176
-1172
-1178
-1172
-1172
-1170
-1180
-1170
-1164
-1164
-1170
-1162
-1162
-1152
-1148
-1148
-1144
-1156
-1144
-1142
-1144
-1136
-1124
-1124
-1120
-1118
-1114
-1108
-1112
-1104
-1098
-1100
-1090
-1086
-1078
-1084
-1088
-1082
-1080
-1082
-1074
-1078
-1082
-1086
-1086
-1090
-1092
-1082
-1076
-1082
-1078
-1076
-1082
-1078
-1064
-1068
-1072
-1074
-1076
-1070
-1074
-1070
-1072
-1070
-1070
-1072
-1074
-1082
-1084
-1080
-1088
-1090
-1098
-1102
-1092
-1090
-1086
-1096
-1100
-1098
-1096
-1092
-1092
-1084
-1082
-1086
-1076
-1064
-1060
-1068
-1054
-1046
-1056
-1058
-1056
-1052
-1054
-1062
-1054
-1064
-1068
-1068
-1054
-1052
-1054
-1064
-1064
-1060
-1050
-1058
-1056
-1060
-1052
-1064
-1074
-1068
-1058
-1052
-1062
-1062
-1066
-1066
-1064
-1062
-1062
-1072
-1070
-1074
-1072
-1074
-1064
-1060
-1062
-1058
-1054
-1044
-1040
-1034
-1024
-1016
-1008
-1002
-994
-992
-990
-992
-992
-992
-990
-988
-988
-994
-982
-976
-974
-972
-956
-948
-950
-940
-942
-940
-938
-932
-934
-940
-936
-926
-930
-944
-938
-930
-926
-920
-918
-918
-922
-936
-932
-936
-946
-940
-932
-922
-912
-910
-914
-908
-902
-910
-900
-900
-896
-902
-902
-904
-904
-908
-898
-898
-900
-898
-892
-884
-882
-882
-878
-882
-884
-892
-898
-900
-898
-896
-892
-884
-888
-884
-892
-890
-878
-888
-896
-894
-890
-886
-884
-882
-878
-870
-860
-858
-852
-850
-834
-838
-842
-842
-844
-836
-842
-840
-840
-846
-836
-836
-824
-818
-816
-818
-824
-822
-816
-820
-812
-810
-800
-792
-808
-804
-802
-806
-800
-796
-788
-780
-776
-774
-768
-778
-780
-784
-784
-784
-786
-786
-776
-778
-780
-780
-784
-794
-792
-800
-808
-808
-816
-818
-816
-810
-810
-810
-810
-804
-792
-790
-788
-782
-782
-786
-774
-780
-778
-772
-782
-776
-778
-772
-776
-776
-780
-776
-774
-766
-768
-778
-772
-770
-772
-768
-760
-756
-752
-746
-754
-756
-756
-752
-750
-746
-752
-742
-738
-736
-734
-724
-720
-716
-714
-718
-722
-710
-706
-706
-712
-712
-708
-708
-714
-712
-716
-714
-712
-710
-712
-712
-720
-722
-728
-728
-730
-734
-724
-718
-726
-724
-720
-724
-718
-714
-714
-706
-704
-694
-688
-688
-682
-676
-676
-680
-684
-692
-686
-674
-672
-672
-670
-660
-658
-650
-640
-642
-640
-638
-626
-632
-630
-630
-622
-614
-614
-614
-612
-612
-614
-614
-622
-622
-626
-624
-624
-624
-626
-618
-610
-602
-602
-608
-614
-614
-622
-620
-636
-624
-614
-616
-610
-608
-610
-612
-606
-612
-606
-598
-594
-586
-584
-584
-588
-592
-598
-610
-612
-622
-614
-610
-620
-614
-614
-610
-606
-606
-610
-610
-604
-602
-602
-604
-602
-602
-600
-604
-602
-596
-596
-602
-602
-600
-596
-602
-600
-590
-586
-588
-590
-598
-598
-596
-592
-592
-602
-608
-610
-610
-606
-608
-608
-606
-608
-610
-612
-600
-592
-598
-598
-596
-598
-598
-606
-616
-612
-606
-596
-598
-602
-612
-612
-610
-610
-612
-618
-614
-616
-612
-612
-604
-600
-606
-604
-612
-602
-602
-608
-610
-610
-614
-610
-612
-608
-614
-620
-618
-620
-610
-602
-600
-604
-600
-596
-592
-592
-596
-600
-600
-598
-604
-598
-586
-578
-580
-576
-576
-576
-572
-580
-584
-570
-560
-554
-550
-556
-558
-560
-564
-568
-570
-566
-562
-558
-562
-562
-556
-562
-558
-554
-544
-542
-546
-550
-542
-550
-546
-552
-542
-540
-536
-528
-524
-522
-516
-516
-510
-502
-500
-506
-504
-504
-504
-514
-510
-502
-492
-488
-490
-484
-482
-478
-482
-480
-474
-480
-490
-496
-490
-490
-490
-486
-488
-488
-482
-478
-478
-478
-470
-464
-464
-466
-454
-440
-440
-440
-438
-434
-426
-422
-432
-424
-424
-422
-422
-422
-414
-414
-420
-412
-416
-412
-408
-406
-408
-416
-408
-404
-404
-402
-396
-388
-386
-392
-380
-376
-368
-360
-362
-362
-372
-376
-360
-356
-354
-358
-348
-340
-334
-330
-332
-334
-336
-338
-340
-342
-344
-344
-344
-352
-348
-354
-350
-348
-344
-344
-348
-354
-346
-350
-348
-342
-350
-346
-350
-344
-342
-344
-346
-344
-352
-350
-346
-340
-334
-330
-326
-330
-338
-350
-348
-354
-350
-350
-354
-354
-356
-342
-350
-352
-354
-364
-368
-372
-362
-356
-342
-344
-354
-352
-340
-340
-336
-328
-330
-334
-326
-324
-318
-320
-316
-318
-312
-316
-306
-306
-302
-300
-302
-300
-302
-306
-308
-300
-284
-288
-286
-284
-290
-292
-288
-294
-278
-276
-276
-280
-290
-286
-288
-292
-290
-282
-278
-282
-274
-272
-274
-276
-280
-286
-296
-306
-302
-300
-302
-298
-298
-308
-304
-296
-300
-298
-296
-302
-302
-296
-294
-286
-282
-280
-274
-276
-266
-260
-264
-268
-274
-274
-284
-284
-290
-292
-296
-300
-304
-302
-306
-302
-296
-306
-298
-298
-300
-304
-310
-310
-312
-322
-320
-314
-310
-304
-306
-302
-310
-314
-312
-316
-310
-310
-306
-300
-304
-314
-306
-296
-288
-290
-284
-278
-274
-288
-276
-282
-278
-272
-272
-272
-272
-270
-266
-256
-252
-254
-260
-268
-266
-262
-266
-268
-272
-272
-272
-278
-274
-274
-274
-272
-272
-274
-266
-270
-272
-280
-274
-274
-270
-258
-250
-246
-246
-244
-246
-252
-264
-258
-260
-254
-250
-252
-252
-252
-252
-256
-264
-260
-264
-264
-276
-272
-276
-268
-268
-268
-264
-258
-260
-256
-270
-260
-268
-266
-274
-284
-286
-282
-286
-286
-288
-284
-286
-280
-280
-276
-274
-266
-272
-278
-276
-278
-264
-264
-262
-272
-270
-274
-268
-270
-272
-282
-272
-272
-272
-270
-268
-270
-264
-268
-258
-262
-262
-258
-264
-256
-250
-252
-254
-258
-258
-252
-250
-252
-242
-242
-238
-238
-236
-234
-236
-234
-234
-242
-234
-234
-232
-236
-232
-234
-228
-224
-228
-228
-230
-228
-214
-218
-222
-218
-204
-202
-202
-204
-204
-200
-204
-206
-200
-204
-206
-194
-178
-170
-172
-180
-184
-180
-186
-190
-188
-182
-182
-182
-184
-176
-170
-164
-174
-170
-174
-170
-164
-162
-160
-162
-166
-164
-170
-164
-156
-148
-150
-144
-138
-136
-140
-132
-130
-130
-138
-138
-136
-136
-142
-138
-136
-134
-124
-128
-130
-134
-132
-126
-122
-132
-128
-130
-128
-120
-114
-116
-110
-118
-112
-110
-110
-114
-118
-120
-124
-116
-126
-122
-126
-130
-126
-122
-116
-118
-122
-118
-118
-116
-110
-122
-118
-126
-130
-128
-120
-118
-114
-118
-112
-104
-96
-88
-92
-92
-96
-92
-94
-92
-96
-92
-90
-98
-104
-108
-104
-112
-104
-104
-104
-104
-98
-88
-90
-92
-90
-90
-90
-88
-100
-98
-98
-96
-104
-94
-88
-80
-82
-86
-84
-84
-72
-78
-78
-82
-76
-74
-74
-76
-68
-72
-64
-60
-74
-68
-76
-70
-56
-60
-56
-44
-42
-36
-26
-22
-18
-14
-18
-10
-18
-14
-24
-26
-36
-36
-36
-38
-36
-32
-34
-34
-40
-40
-40
-36
-42
-36
-34
-28
-22
-24
-20
-26
-30
-30
-30
-30
-20
-18
-24
-18
-22
-24
-30
-26
-28
-28
-22
-20
-22
-22
-24
-28
-28
-32
-24
-36
-48
-46
-46
-38
-32
-26
-24
-12
-26
-18
-20
-18
-16
-18
-16
-12
-14
-18
-20
-20
-6
-12
-14
-10
-8
-4
-12
-10
-12
-20
-14
-18
-14
-14
-16
-12
-20
-28
-22
-22
-18
-22
-14
-20
-14
-14
-18
-26
-32
-30
-26
-24
-20
-28
-26
-26
-24
-24
-28
-22
-20
-14
-12
-18
-32
-26
-22
-16
-4
-4
4
-2
6
10
4
4
4
6
14
16
18
16
18
20
26
26
28
34
36
46
46
44
50
56
50
48
42
38
42
28
24
26
26
24
28
28
30
30
40
38
34
34
30
18
14
26
20
34
36
40
36
42
48
44
46
52
48
38
32
38
38
34
38
44
56
62
68
68
64
58
62
62
60
72
76
80
84
82
88
94
86
92
86
78
82
92
98
98
106
106
104
110
106
108
102
100
96
90
94
92
96
94
94
102
102
106
108
110
114
114
112
104
100
102
92
94
90
88
84
74
84
82
76
78
86
86
88
88
80
84
88
88
88
90
92
94
100
98
102
96
94
94
92
92
86
88
94
80
80
80
74
76
72
72
68
68
68
66
66
66
68
68
64
58
56
56
60
70
74
76
74
78
74
74
76
80
78
84
82
82
84
90
90
92
94
98
98
106
108
106
118
122
124
128
134
140
142
132
136
140
152
144
142
136
134
136
128
136
140
144
140
140
148
154
156
144
144
142
140
144
146
134
130
140
138
134
136
130
126
132
134
138
136
132
132
138
136
134
126
130
132
130
144
142
142
136
136
144
144
148
146
144
136
150
150
148
148
144
144
148
144
142
148
142
150
150
152
164
158
168
160
170
170
168
178
182
178
184
184
184
186
192
200
206
202
210
210
216
218
224
234
234
246
236
228
224
224
222
226
220
228
228
226
228
226
228
230
232
236
230
230
230
226
222
226
212
220
224
224
218
222
228
230
230
232
230
226
226
226
222
224
228
232
236
228
214
216
228
218
212
220
222
222
220
214
226
222
226
232
240
244
240
244
250
248
242
244
254
262
256
250
254
258
254
254
256
254
262
264
256
260
260
252
256
256
250
246
250
252
266
268
274
276
276
280
280
268
266
266
268
276
284
290
292
300
302
294
286
282
286
288
290
290
282
284
278
278
284
282
280
280
280
274
280
280
286
284
284
284
284
288
298
302
304
308
310
304
300
306
318
306
314
312
302
294
300
296
294
290
286
286
284
294
286
284
284
286
276
280
282
286
282
288
296
300
300
296
294
290
286
284
284
288
284
286
290
290
286
282
290
284
280
272
276
276
282
282
282
286
278
282
282
276
274
278
268
268
270
270
268
270
266
256
250
250
242
244
250
248
254
250
252
258
262
252
238
246
244
244
250
254
244
242
244
248
254
252
250
252
254
256
256
252
248
248
258
252
256
262
262
260
268
272
282
282
290
290
288
294
298
294
298
298
296
294
288
294
290
286
296
302
304
308
314
318
320
320
320
328
330
326
336
340
340
328
326
332
326
324
322
330
338
338
340
332
334
332
346
350
348
356
348
346
342
342
348
352
360
350
356
358
354
354
350
346
354
364
362
374
374
380
390
390
398
388
398
394
392
392
392
390
396
398
400
406
402
396
392
394
392
406
406
402
402
406
416
408
410
416
412
404
404
406
410
414
410
404
402
392
390
384
382
376
372
376
384
384
392
396
398
394
392
398
402
400
396
398
392
386
384
378
386
384
380
382
380
374
370
382
378
376
386
390
400
392
386
374
380
378
378
386
394
398
398
390
384
386
382
384
380
388
386
392
382
390
392
390
394
406
408
404
408
398
402
408
406
408
410
404
400
404
396
400
410
404
398
396
394
392
396
392
388
386
384
386
384
382
384
382
374
372
372
360
350
350
346
350
350
350
358
358
368
370
366
366
362
366
360
354
354
350
344
346
340
336
338
338
342
348
348
352
348
346
350
354
346
350
352
354
352
344
332
334
338
338
338
332
334
340
340
346
348
356
358
356
362
376
376
380
376
386
394
388
392
392
398
404
414
422
418
424
430
436
428
432
436
430
430
428
430
436
428
420
422
422
418
420
424
432
430
426
430
438
440
434
432
432
430
434
438
438
436
424
420
422
420
420
416
418
418
422
428
432
432
434
434
438
434
436
442
444
456
456
460
466
466
456
456
462
460
456
462
468
474
474
468
478
480
488
478
480
480
482
492
492
486
486
490
492
496
486
482
486
484
482
482
480
478
476
476
482
480
488
486
476
476
476
482
488
490
478
474
476
470
472
466
462
456
452
444
448
454
464
458
454
454
446
446
456
450
452
448
456
464
472
480
484
486
492
492
488
482
490
486
496
500
500
506
508
508
514
508
514
510
514
506
506
508
510
500
496
496
496
496
494
490
484
474
474
470
472
480
484
486
482
482
468
458
450
444
452
458
456
446
436
432
430
434
438
432
436
438
442
442
430
438
436
444
446
442
436
440
436
438
436
438
448
446
454
456
460
456
458
464
464
456
460
464
460
458
464
450
450
450
446
452
446
442
436
434
438
436
436
440
434
432
432
430
424
422
424
418
420
420
410
410
404
404
392
390
386
374
374
374
372
378
376
374
372
370
370
362
358
360
356
360
364
378
378
382
388
384
382
372
372
372
376
372
364
366
366
362
362
368
368
358
370
366
362
352
366
374
382
392
386
390
400
398
394
390
398
390
382
388
388
392
390
394
398
402
394
390
388
392
386
390
400
396
390
392
388
392
390
388
392
390
386
398
394
392
386
376
384
378
374
374
382
384
378
368
374
374
368
368
360
352
356
352
358
358
360
350
350
350
346
344
338
346
350
352
356
360
360
360
356
358
350
340
330
322
318
318
324
326
322
328
318
322
326
332
336
332
336
338
340
342
334
336
334
330
328
332
330
322
330
326
332
336
334
338
344
348
336
344
348
348
344
352
350
346
342
346
350
360
362
362
360
358
354
362
364
362
366
368
370
360
360
354
346
340
342
342
344
348
338
346
346
346
336
336
338
334
344
342
340
334
334
326
330
328
328
336
340
338
338
340
334
342
348
348
346
340
342
338
334
332
336
336
330
328
320
324
334
346
338
336
336
332
330
332
328
324
328
334
342
348
338
336
328
334
336
342
332
334
326
326
326
328
330
326
330
330
330
326
324
324
328
328
326
324
316
312
304
310
306
310
302
304
314
322
322
324
320
322
324
322
330
324
318
324
326
330
330
330
334
328
328
328
336
332
336
338
340
340
338
332
342
336
330
332
318
324
324
334
334
340
352
354
348
352
344
342
348
350
344
340
342
344
344
348
346
336
336
340
338
338
338
328
330
328
314
322
312
312
322
332
348
346
346
348
346
356
354
346
348
354
344
346
348
342
348
348
346
350
346
350
356
356
356
360
370
360
364
364
364
362
370
370
370
366
368
364
354
348
344
340
354
358
360
362
350
354
354
358
356
358
364
366
374
368
372
374
358
362
362
362
360
360
358
352
344
344
348
350
350
352
348
346
348
344
350
348
344
338
330
336
340
340
342
358
368
364
360
372
372
372
382
388
382
386
384
386
384
392
392
398
392
382
374
370
364
360
364
370
360
356
354
366
366
362
358
360
356
342
342
358
358
362
352
354
356
372
364
368
362
362
374
366
372
382
378
368
358
354
352
348
350
356
356
356
350
348
356
354
358
358
356
356
356
354
354
358
350
352
350
344
344
342
336
332
336
340
336
340
346
346
350
354
370
368
366
354
354
352
362
360
364
364
366
356
362
366
360
366
364
372
368
368
364
368
372
384
372
376
366
360
360
364
370
380
378
380
384
376
370
354
354
342
348
358
364
364
368
376
374
376
368
372
368
366
364
362
370
378
378
376
382
384
384
388
392
398
398
384
380
376
380
374
368
360
368
364
366
366
366
366
370
378
378
374
372
372
370
374
374
380
376
380
378
384
384
386
382
372
374
376
374
374
374
374
374
364
372
380
370
376
378
382
382
384
390
396
404
400
396
396
388
388
394
388
390
386
386
386
388
386
390
388
390
392
396
400
404
396
394
398
400
408
412
412
414
412
416
420
412
412
418
412
408
410
404
404
406
410
404
406
394
388
384
392
400
392
390
392
390
396
392
392
398
406
410
404
404
400
402
400
390
398
392
398
400
400
390
396
408
400
394
406
404
402
404
402
402
404
406
408
408
420
422
424
428
422
424
428
422
428
436
434
442
446
452
442
444
446
440
442
434
434
436
434
434
436
438
438
446
446
444
438
432
440
440
434
434
436
440
424
426
424
428
434
428
436
430
440
440
436
436
440
440
438
438
444
436
430
436
436
446
442
434
432
436
438
430
428
432
434
440
428
424
410
404
402
396
396
400
408
410
414
420
424
424
426
430
436
442
448
450
444
442
452
460
460
458
458
460
466
458
454
462
460
456
456
456
460
470
480
492
506
504
512
520
524
520
528
528
528
534
532
532
528
534
534
536
530
534
530
536
524
522
524
524
520
518
518
518
518
514
516
514
506
496
494
494
490
500
504
504
496
486
494
490
490
486
486
494
490
484
492
488
492
498
500
508
506
506
512
516
510
512
506
508
518
512
516
516
516
512
510
512
514
516
528
516
516
510
514
514
504
504
506
512
516
518
520
522
508
510
522
528
534
532
522
524
522
512
506
514
512
516
512
514
514
510
514
512
520
526
522
516
522
518
526
516
516
518
528
534
546
548
550
544
554
560
554
552
552
552
556
556
564
574
566
556
558
556
562
570
574
580
576
570
566
566
566
570
578
578
578
576
572
568
574
584
584
576
574
576
576
572
578
584
584
588
586
580
580
590
588
586
580
582
580
586
588
578
582
580
582
578
580
578
580
592
590
582
576
572
568
570
572
570
566
568
566
570
562
558
552
560
554
562
564
564
562
572
578
580
584
582
580
578
578
574
576
570
562
562
562
560
566
568
558
554
562
558
552
548
556
564
570
560
568
566
562
556
558
556
562
558
552
554
552
552
542
554
550
552
552
552
556
554
556
548
548
548
548
546
554
548
552
552
550
554
552
546
550
544
556
564
560
572
580
568
570
570
572
586
582
586
586
586
580
578
584
584
582
578
572
582
570
574
582
582
578
578
576
580
578
574
576
568
558
554
554
548
556
556
552
556
552
542
544
548
546
536
528
534
536
540
536
536
548
544
540
540
546
562
570
576
580
588
604
596
584
590
590
584
584
592
590
584
594
600
600
608
604
608
610
612
630
630
630
628
624
628
628
630
626
624
618
616
612
604
598
606
606
606
602
602
600
594
596
596
596
598
596
590
590
596
582
582
584
576
582
580
576
570
562
566
562
564
564
562
564
568
560
556
548
548
552
544
534
534
534
524
530
532
522
524
516
510
512
512
512
508
512
506
506
504
498
502
496
504
504
506
504
506
500
502
502
514
516
518
526
522
520
520
526
526
534
540
544
536
544
548
544
542
546
542
542
534
538
542
552
562
556
550
548
556
562
564
568
576
574
580
576
568
564
570
566
574
574
572
580
584
578
568
568
568
572
568
572
580
584
580
582
578
578
576
572
560
562
560
562
566
562
570
584
576
570
570
578
582
580
578
570
562
566
564
566
570
570
568
564
558
550
544
546
546
558
558
558
562
572
578
574
582
580
580
580
582
580
576
570
572
560
558
558
558
548
538
536
534
532
532
532
532
528
528
518
508
506
512
508
508
512
512
510
516
524
530
530
526
528
518
530
534
522
530
526
524
524
534
526
524
520
524
536
542
552
556
560
560
568
580
582
590
596
604
602
602
600
596
604
604
604
598
604
608
604
610
618
618
612
616
624
618
626
632
636
632
630
622
634
632
634
626
626
630
620
624
630
634
628
630
632
634
636
624
626
626
622
620
620
622
620
612
602
598
590
592
588
586
586
578
580
582
586
584
586
586
590
592
582
578
574
570
570
556
554
550
560
556
552
558
562
566
564
562
558
558
560
570
568
574
568
572
572
574
570
568
566
560
564
558
564
564
564
558
550
550
558
564
560
550
550
556
550
550
546
546
550
550
548
538
550
548
546
548
554
558
562
562
568
576
572
574
568
574
572
574
578
568
574
574
574
570
576
576
572
576
570
572
568
572
572
574
578
586
582
590
594
596
596
594
590
586
588
596
598
602
602
602
598
600
606
602
608
604
602
592
596
592
590
582
572
572
564
556
548
548
544
550
544
540
532
530
530
538
542
540
542
542
546
544
548
552
558
562
566
564
562
558
562
572
564
570
580
586
592
588
580
582
574
572
572
570
574
576
586
584
576
574
576
572
568
568
570
568
580
576
578
576
578
578
580
580
580
568
564
560
560
558
558
554
544
548
534
538
546
548
554
548
546
536
540
544
552
558
558
564
566
560
562
564
572
580
580
584
576
582
586
596
594
592
594
602
606
608
596
586
592
600
604
608
604
606
608
608
606
610
606
598
606
604
606
614
616
618
620
624
622
618
612
602
602
600
600
608
610
608
608
612
608
618
616
616
606
616
620
618
616
616
616
628
624
628
628
622
616
612
604
592
590
596
600
602
600
600
596
602
606
608
598
594
584
576
584
588
600
592
584
580
580
588
586
580
588
586
582
574
582
582
592
594
596
602
596
590
590
590
580
578
576
584
578
584
576
578
578
578
574
572
572
572
568
574
582
588
586
586
572
572
580
572
566
568
564
570
576
580
582
574
568
570
570
568
566
566
566
570
574
580
578
572
562
562
566
570
562
570
578
578
580
582
582
576
588
582
580
578
582
580
578
570
574
578
576
576
582
576
582
582
586
594
594
586
582
574
558
564
568
564
564
576
576
576
574
578
578
570
570
576
570
570
574
576
574
576
566
558
552
552
554
564
564
566
574
564
558
558
562
566
570
574
570
570
576
576
588
588
590
594
594
590
588
590
590
588
590
578
578
574
580
584
578
584
588
592
590
596
590
596
600
596
600
606
610
612
608
620
618
624
624
624
628
626
630
636
630
626
620
614
616
616
630
618
622
622
616
614
612
624
614
616
616
614
620
614
614
612
600
606
612
618
622
630
640
632
624
618
622
620
620
620
624
624
628
634
640
636
634
628
618
622
614
606
598
600
596
602
592
606
608
610
606
602
598
606
606
614
610
610
614
612
602
596
598
596
592
598
610
606
602
602
594
584
582
584
590
588
582
580
574
580
580
570
584
586
582
574
576
580
588
582
592
590
592
590
592
596
594
588
580
578
578
584
582
584
592
592
594
596
598
596
596
588
584
584
586
590
580
574
570
572
574
572
566
552
540
538
544
540
538
544
540
544
544
538
550
544
536
534
540
528
522
528
542
546
538
544
548
550
544
544
542
542
542
544
536
536
536
530
518
516
524
536
534
526
532
532
526
526
534
538
536
534
540
540
538
548
544
542
544
540
536
534
546
544
544
532
540
546
550
550
556
556
556
556
552
554
550
556
548
548
548
552
538
538
540
548
544
540
550
556
554
552
562
562
550
546
538
534
534
532
532
530
534
528
528
528
532
528
530
536
532
532
530
538
546
548
544
552
554
554
550
542
542
544
544
540
548
554
556
552
554
558
554
546
534
522
512
504
502
500
498
490
498
496
494
484
486
482
484
486
486
492
500
506
506
512
508
508
514
510
502
498
494
488
492
484
476
486
486
490
486
484
482
480
468
470
464
458
456
454
464
458
452
458
454
454
452
456
458
466
470
468
470
466
466
468
470
478
480
488
486
488
486
490
494
484
492
494
490
482
482
496
496
498
506
506
504
502
510
518
522
516
516
516
514
516
518
520
520
526
520
522
532
526
528
524
526
528
522
520
530
534
534
542
540
546
544
548
552
550
548
552
554
550
540
538
542
552
548
546
552
544
548
550
542
530
534
534
536
536
536
536
538
530
528
530
524
522
516
520
514
518
510
512
512
512
512
506
506
502
500
496
492
488
486
492
486
500
498
502
500
498
494
496
504
504
500
496
504
500
500
502
510
508
512
508
520
526
534
526
522
524
526
528
520
528
532
536
536
528
536
538
532
534
540
540
548
550
548
542
546
544
536
534
538
540
540
536
536
532
524
524
522
516
520
522
530
534
536
532
534
530
526
526
526
516
524
532
526
532
536
528
534
532
532
538
536
546
554
550
548
552
540
544
548
548
550
552
552
558
552
552
542
542
546
542
534
540
542
538
536
526
524
526
528
538
536
540
544
544
538
526
