-2621
-2607
-2603
-2599
-2597
-2597
-2595
-2589
-2577
-2575
-2571
-2561
-2551
-2541
-2535
-2525
-2513
-2505
-2499
-2499
-2489
-2483
-2479
-2473
-2465
-2465
-2457
-2451
-2451
-2447
-2441
-2431
-2419
-2415
-2405
-2407
-2403
-2399
-2391
-2379
-2371
-2369
-2359
-2359
-2357
-2351
-2355
-2349
-2339
-2329
-2329
-2323
-2317
-2311
-2303
-2291
-2285
-2289
-2285
-2281
-2269
-2261
-2251
-2239
-2225
-2219
-2219
-2211
-2203
-2203
-2195
-2195
-2191
-2179
-2169
-2161
-2151
-2145
-2141
-2133
-2129
-2117
-2107
-2109
-2103
-2103
-2093
-2087
-2087
-2087
-2087
-2087
-2087
-2083
-2077
-2073
-2073
-2065
-2059
-2051
-2051
-2041
-2039
-2031
-2031
-2017
-2017
-2009
-2013
-2015
-2013
-2007
-1993
-1977
-1965
-1955
-1949
-1949
-1949
-1943
-1933
-1925
-1929
-1931
-1933
-1929
-1927
-1923
-1913
-1909
-1911
-1899
-1887
-1885
-1885
-1875
-1875
-1879
-1877
-1881
-1873
-1865
-1865
-1869
-1863
-1863
-1863
-1853
-1837
-1833
-1821
-1821
-1819
-1817
-1815
-1815
-1813
-1815
-1815
-1811
-1809
-1805
-1801
-1791
-1787
-1787
-1789
-1777
-1767
-1759
-1755
-1745
-1745
-1747
-1733
-1731
-1721
-1721
-1723
-1715
-1717
-1707
-1705
-1697
-1693
-1687
-1679
-1665
-1659
-1659
-1655
-1653
-1643
-1643
-1639
-1633
-1625
-1623
-1619
-1603
-1603
-1601
-1595
-1585
-1585
-1575
-1569
-1575
-1575
-1573
-1565
-1565
-1555
-1547
-1535
-1535
-1521
-1511
-1509
-1509
-1509
-1501
-1497
-1495
-1495
-1487
-1483
-1483
-1471
-1469
-1467
-1465
-1457
-1449
-1445
-1437
-1437
-1435
-1431
-1423
-1423
-1423
-1413
-1405
-1395
-1387
-1377
-1373
-1373
-1373
-1369
-1363
-1359
-1351
-1347
-1347
-1341
-1333
-1329
-1325
-1319
-1319
-1315
-1311
-1311
-1311
-1299
-1289
-1285
-1275
-1275
-1267
-1257
-1261
-1263
-1263
-1259
-1259
-1257
-1253
-1255
-1251
-1245
-1245
-1235
-1235
-1235
-1229
-1231
-1225
-1223
-1219
-1213
-1213
-1213
-1205
-1199
-1191
-1187
-1183
-1179
-1175
-1171
-1161
-1161
-1159
-1155
-1163
-1165
-1157
-1155
-1151
-1141
-1147
-1143
-1137
-1131
-1129
-1119
-1117
-1109
-1099
-1099
-1099
-1095
-1093
-1091
-1091
-1081
-1083
-1079
-1073
-1067
-1061
-1055
-1053
-1059
-1053
-1059
-1057
-1059
-1049
-1051
-1045
-1041
-1051
-1051
-1047
-1047
-1053
-1045
-1039
-1037
-1041
-1037
-1033
-1031
-1033
-1031
-1027
-1015
-1007
-1009
-1007
-995
-991
-989
-981
-979
-975
-973
-979
-977
-977
-987
-987
-991
-991
-991
-985
-991
-985
-983
-981
-979
-973
-973
-975
-983
-975
-979
-979
-991
-983
-985
-983
-991
-983
-983
-971
-969
-973
-975
-975
-975
-975
-977
-975
-969
-965
-965
-961
-955
-951
-949
-939
-935
-927
-927
-927
-921
-921
-919
-913
-905
-897
-885
-885
-883
-875
-881
-875
-867
-875
-879
-877
-881
-881
-885
-883
-883
-879
-871
-861
-867
-863
-863
-865
-865
-867
-861
-867
-875
-869
-867
-875
-875
-865
-857
-851
-849
-845
-841
-839
-837
-833
-835
-831
-823
-811
-811
-811
-799
-801
-793
-793
-785
-781
-781
-775
-775
-771
-765
-765
-759
-759
-753
-753
-741
-739
-739
-729
-731
-727
-727
-727
-731
-729
-723
-717
-719
-715
-705
-697
-689
-683
-691
-687
-673
-667
-669
-669
-671
-673
-673
-669
-673
-679
-679
-689
-683
-677
-671
-671
-657
-657
-653
-645
-637
-637
-637
-635
-625
-633
-627
-629
-625
-625
-627
-633
-621
-623
-615
-619
-623
-623
-623
-621
-621
-609
-609
-611
-607
-601
-605
-605
-597
-597
-599
-593
-591
-593
-589
-593
-593
-593
-587
-585
-579
-583
-581
-583
-579
-577
-581
-593
-593
-591
-587
-599
-597
-601
-603
-603
-599
-595
-597
-599
-611
-609
-597
-597
-585
-585
-589
-591
-595
-591
-591
-601
-607
-597
-595
-593
-585
-585
-591
-599
-593
-593
-593
-587
-585
-579
-575
-575
-569
-557
-551
-551
-543
-539
-539
-541
-541
-539
-527
-521
-521
-521
-519
-521
-517
-511
-517
-513
-511
-509
-509
-505
-507
-513
-513
-519
-525
-517
-521
-519
-517
-513
-507
-507
-505
-509
-511
-507
-509
-517
-523
-523
-523
-523
-523
-515
-513
-511
-507
-517
-517
-519
-517
-525
-519
-513
-511
-511
-515
-517
-521
-523
-517
-517
-517
-521
-519
-511
-507
-503
-499
-499
-497
-493
-493
-497
-491
-489
-485
-483
-481
-475
-467
-471
-473
-477
-481
-471
-477
-471
-475
-479
-473
-475
-471
-467
-473
-477
-477
-477
-471
-467
-457
-457
-445
-447
-449
-451
-451
-445
-453
-457
-461
-461
-463
-459
-453
-445
-447
-439
-443
-437
-431
-431
-429
-427
-429
-433
-433
-429
-427
-431
-423
-433
-435
-435
-441
-435
-435
-435
-431
-431
-437
-433
-429
-425
-425
-421
-419
-413
-411
-415
-417
-423
-425
-417
-413
-407
-403
-399
-399
-399
-407
-399
-401
-407
-407
-407
-415
-411
-413
-403
-405
-395
-397
-395
-397
-397
-395
-397
-403
-397
-401
-407
-413
-419
-421
-425
-421
-425
-423
-421
-413
-419
-409
-409
-403
-399
-399
-401
-401
-395
-385
-381
-383
-375
-371
-369
-369
-373
-363
-363
-353
-349
-347
-345
-349
-349
-347
-345
-337
-339
-327
-319
-311
-305
-299
-309
-317
-313
-315
-309
-309
-315
-315
-315
-313
-307
-315
-315
-323
-331
-325
-327
-329
-329
-327
-327
-325
-321
-317
-313
-317
-313
-311
-317
-315
-315
-313
-315
-321
-313
-309
-317
-317
-321
-325
-329
-331
-327
-319
-315
-317
-317
-309
-311
-309
-307
-307
-295
-295
-303
-311
-323
-321
-325
-323
-321
-313
-313
-311
-313
-311
-301
-301
-307
-309
-307
-307
-311
-301
-295
-303
-303
-305
-299
-295
-295
-295
-295
-299
-303
-307
-309
-317
-313
-307
-307
-305
-305
-293
-293
-293
-287
-287
-285
-279
-267
-259
-255
-247
-247
-255
-255
-255
-257
-253
-253
-247
-245
-249
-243
-243
-243
-241
-239
-243
-239
-231
-225
-219
-229
-217
-219
-209
-205
-203
-205
-205
-205
-213
-209
-213
-217
-211
-197
-189
-189
-193
-197
-185
-189
-181
-179
-179
-187
-179
-175
-177
-173
-171
-179
-177
-181
-179
-181
-183
-183
-177
-177
-175
-177
-181
-175
-171
-175
-171
-169
-173
-171
-171
-171
-171
-167
-169
-175
-169
-173
-163
-157
-169
-169
-175
-169
-171
-157
-159
-159
-159
-161
-169
-171
-171
-163
-161
-167
-167
-165
-165
-165
-159
-163
-161
-161
-161
-163
-169
-163
-163
-159
-161
-161
-161
-165
-159
-145
-145
-145
-135
-133
-125
-117
-125
-119
-119
-113
-111
-105
-101
-91
-95
-103
-91
-91
-89
-81
-79
-73
-79
-77
-79
-83
-83
-81
-85
-85
-89
-83
-81
-79
-77
-67
-63
-57
-45
-51
-41
-45
-37
-31
-35
-29
-27
-27
-27
-27
-23
-27
-29
-29
-17
-13
-13
-5
-7
-15
-11
-11
-11
-21
-17
-17
-27
-31
-33
-29
-29
-17
-25
-31
-29
-19
-23
-23
-23
-11
-1
-5
-5
-5
-15
-27
-31
-17
-9
-9
-9
-7
-11
-5
1
-9
-11
-11
-9
-3
-7
-9
-9
-7
-5
-5
-5
-1
-9
-5
-9
-17
-7
-11
-15
-13
-7
1
7
11
7
13
9
11
11
11
7
11
11
9
21
17
11
11
5
1
3
-3
-3
-7
-7
-5
-5
-11
-15
-15
-21
-21
-25
-17
-13
-11
-11
-17
-19
-13
-15
-13
-5
-5
-3
-1
7
7
11
5
-1
-1
5
5
11
11
7
7
17
17
23
23
25
31
27
21
19
19
11
11
9
9
19
33
25
15
15
15
17
23
23
31
41
41
47
49
57
53
51
53
49
47
47
49
51
47
51
51
41
45
47
45
37
39
47
55
47
55
49
49
59
59
67
73
75
73
81
79
77
73
67
67
67
59
57
59
51
43
43
41
45
43
39
39
39
31
33
31
31
31
23
19
17
17
19
9
5
3
1
-9
-9
-19
-13
-7
1
-9
-7
-7
-11
-17
-21
-21
-25
-27
-29
-31
-39
-35
-37
-37
-31
-25
-25
-29
-31
-31
-35
-33
-33
-33
-31
-37
-33
-29
-33
-35
-25
-21
-15
-19
-31
-29
-27
-27
-31
-37
-47
-49
-55
-55
-53
-57
-63
-59
-53
-45
-53
-57
-47
-43
-49
-49
-51
-59
-63
-69
-67
-67
-63
-57
-57
-55
-61
-65
-67
-59
-61
-65
-63
-67
-69
-65
-69
-63
-53
-47
-47
-51
-47
-47
-43
-51
-47
-39
-41
-45
-47
-47
-45
-55
-47
-47
-49
-45
-45
-41
-41
-33
-29
-33
-31
-41
-37
-37
-31
-25
-25
-17
-23
-25
-23
-25
-25
-25
-31
-31
-31
-21
-27
-33
-31
-29
-33
-31
-25
-17
-13
-13
-13
-15
-9
-11
-11
-17
-17
-17
-17
-9
-21
-21
-23
-23
-23
-23
-21
-9
-11
-11
-13
-15
-19
-11
-3
-7
-5
-9
-11
-11
-9
-13
-15
-15
-15
-19
-25
-27
-21
-15
-17
-29
-35
-39
-37
-35
-27
-19
-15
-15
-21
-21
-15
-17
-23
-23
-17
-15
-9
-19
-21
-17
-13
-11
-9
-5
-9
-9
-7
-13
-15
-21
-23
-21
-21
-13
-21
-19
-21
-17
-17
-23
-13
-13
-21
-15
-21
-21
-19
-5
-9
-11
-11
-11
-5
-1
-7
-9
-7
-5
-5
-5
-9
-9
1
13
9
1
7
13
13
13
17
7
13
5
-3
-3
7
7
5
1
-1
1
1
11
13
5
13
17
19
17
19
19
23
23
21
15
7
9
5
5
3
3
9
1
-1
-3
-1
9
5
5
5
3
1
13
11
11
25
27
31
35
35
37
37
29
27
21
31
35
35
37
39
31
33
41
43
53
49
55
59
71
67
63
63
55
57
61
61
61
67
67
67
77
75
67
77
69
61
61
69
67
67
65
71
71
71
57
57
71
83
85
79
77
67
69
77
79
67
59
53
63
55
47
47
51
57
59
63
63
59
57
53
57
53
53
55
57
43
49
55
61
61
61
61
53
49
45
37
41
31
33
43
45
47
53
53
53
53
53
59
55
57
63
65
75
71
67
71
69
65
61
63
75
71
65
69
63
61
67
75
71
71
71
71
69
63
53
57
59
67
63
55
53
49
45
49
49
47
59
55
47
41
45
35
33
37
33
29
29
33
27
27
23
17
5
7
7
13
19
21
19
21
13
19
11
-1
1
11
19
13
19
21
21
25
29
27
19
25
25
19
27
35
31
33
31
33
37
41
39
37
37
37
45
45
41
45
49
45
41
47
53
55
55
53
49
47
49
57
59
57
59
69
73
85
89
87
93
101
101
97
97
97
99
93
95
91
89
89
91
83
75
77
73
75
75
59
59
63
71
69
63
63
65
63
71
71
73
75
79
79
95
95
97
93
97
99
97
101
101
105
111
115
103
107
97
101
105
111
97
97
97
97
97
101
101
95
95
95
95
103
105
107
97
97
97
99
109
109
107
103
105
105
111
109
105
101
107
107
105
101
117
111
111
115
117
123
125
125
131
131
133
125
127
115
117
121
117
113
125
129
135
135
137
141
141
137
133
135
145
141
141
149
147
147
155
163
163
157
155
155
157
159
161
167
159
157
157
163
169
167
167
179
173
177
175
169
165
169
161
161
161
153
155
153
151
159
171
171
175
171
165
169
175
183
177
173
173
173
179
191
189
185
189
181
189
197
195
189
187
193
197
203
197
197
197
203
207
209
203
203
205
207
205
199
203
203
211
209
215
215
209
205
207
205
211
205
197
195
191
193
197
197
197
197
197
203
203
209
213
213
227
231
233
227
231
231
229
231
223
223
219
225
225
225
225
225
223
225
231
231
229
231
239
235
229
229
227
225
221
227
229
233
239
237
239
239
233
233
231
231
231
225
215
209
217
219
219
217
215
217
217
209
207
213
217
221
221
221
219
223
233
241
245
251
263
255
255
263
263
265
255
247
239
235
241
245
249
241
241
241
243
245
243
245
249
239
239
229
235
233
227
231
227
227
221
221
217
221
219
221
219
219
219
221
219
219
209
203
201
203
203
201
205
209
207
201
195
197
209
215
217
215
211
211
205
201
199
209
209
209
209
207
205
209
209
209
209
209
217
215
215
217
215
199
187
195
203
205
205
209
211
213
213
211
207
213
225
231
229
231
233
233
233
229
227
233
239
251
235
233
225
219
229
229
229
229
233
233
229
239
241
249
251
249
241
251
253
251
259
259
261
253
255
255
249
253
251
251
253
253
239
239
245
239
241
247
247
243
253
249
261
265
271
269
269
275
283
283
277
275
285
285
283
289
295
289
289
289
289
293
293
293
299
291
293
293
297
287
287
285
289
281
281
285
277
279
279
273
271
273
281
281
281
285
277
285
285
293
301
301
293
297
295
301
301
299
309
303
299
293
303
297
297
297
297
293
293
291
297
293
299
299
301
297
299
303
301
307
307
315
321
313
315
315
315
321
313
307
313
313
317
321
327
321
321
327
327
327
323
323
327
333
333
331
335
329
331
323
323
313
311
309
309
311
317
327
321
321
335
335
333
333
343
345
343
335
339
329
331
331
323
317
317
321
317
313
313
315
315
315
307
307
295
299
299
289
293
295
303
303
303
305
305
297
305
305
313
313
315
311
301
299
299
295
301
307
313
315
303
305
315
317
323
321
323
323
323
321
321
325
325
333
341
337
341
335
331
335
329
331
333
339
335
339
339
341
335
333
325
323
331
337
341
341
343
341
337
325
331
331
335
339
333
347
345
349
353
353
351
351
351
359
367
365
369
369
367
363
367
367
365
353
345
347
353
347
351
365
353
353
357
357
357
357
353
345
339
341
333
335
331
323
323
319
319
319
325
319
315
317
325
323
325
333
329
323
325
319
319
309
313
319
321
321
309
309
307
311
307
297
293
281
281
275
275
275
273
267
257
253
257
261
259
255
249
247
239
245
249
251
255
255
255
253
251
249
245
243
245
245
241
235
247
239
239
241
243
245
245
245
243
239
241
239
241
245
245
245
257
267
275
279
275
289
295
295
287
283
279
279
279
285
287
287
279
279
275
277
277
271
267
265
269
257
257
245
243
241
247
247
239
237
235
235
233
227
231
231
233
231
227
229
235
241
231
231
239
247
249
251
255
247
247
245
249
245
249
249
257
263
267
275
271
267
267
267
265
267
263
271
271
261
263
261
253
255
261
259
263
263
253
253
249
245
241
231
229
233
241
241
243
239
241
241
241
253
251
253
267
269
275
277
279
275
277
285
287
281
277
279
273
277
271
273
277
273
271
267
263
261
249
257
255
251
243
241
245
235
241
237
239
247
245
245
245
241
239
243
239
245
245
245
245
237
237
233
237
245
255
251
249
245
241
249
247
243
245
239
243
239
239
241
241
249
245
249
251
255
255
255
265
273
269
279
277
279
281
283
277
277
273
267
275
273
273
269
273
277
273
279
287
289
277
277
277
277
277
277
281
277
271
259
259
249
245
251
247
251
249
245
241
245
249
239
235
235
239
243
241
245
237
241
245
245
245
245
257
251
245
239
241
241
241
235
229
227
227
233
241
243
247
247
251
257
255
249
255
267
267
275
275
281
277
277
283
281
277
275
271
279
283
283
281
279
271
273
269
257
249
239
241
241
249
255
255
249
249
255
255
255
249
255
257
257
257
263
269
277
283
287
289
279
283
275
267
257
257
257
253
259
261
263
271
275
281
273
277
279
277
281
281
285
277
265
267
277
281
281
287
287
285
277
289
289
291
291
297
295
299
299
293
299
289
289
285
275
277
277
277
277
275
283
283
285
287
283
279
277
273
263
263
257
263
267
265
265
265
273
273
283
285
285
277
267
267
261
261
253
251
259
261
265
265
269
255
255
255
255
257
259
259
255
243
241
247
245
251
257
249
247
245
243
243
251
249
245
247
247
247
247
245
241
241
241
241
229
227
223
213
203
193
191
191
199
199
201
203
219
219
219
233
231
225
217
213
213
203
205
205
205
205
211
219
211
199
197
195
199
201
201
201
207
207
205
205
201
213
215
223
221
219
219
229
227
229
229
231
231
229
235
239
241
243
241
247
245
243
239
243
243
243
245
253
261
261
259
257
257
257
257
247
251
265
257
267
271
267
271
277
271
267
271
265
265
251
243
241
247
247
251
249
251
259
269
267
267
279
279
279
269
265
263
267
257
261
257
253
255
253
259
255
255
259
251
251
249
249
261
273
279
279
279
281
279
277
271
263
265
269
265
259
261
273
261
267
275
275
281
277
277
283
295
295
299
301
301
305
309
315
321
325
325
317
303
299
307
309
309
297
287
293
283
293
293
289
285
281
277
283
289
285
289
285
291
291
289
283
283
279
279
277
281
277
271
271
265
261
259
257
251
247
247
247
249
249
249
245
245
245
243
243
247
245
243
239
237
235
223
227
219
219
219
213
215
217
225
237
231
235
237
235
241
241
241
237
241
235
231
225
233
241
231
225
231
229
229
219
221
217
217
213
207
209
219
213
211
209
203
203
195
197
205
209
215
221
223
219
209
211
219
225
225
221
217
219
215
215
213
215
219
219
223
223
221
223
225
223
217
221
215
223
229
229
231
231
231
233
237
229
227
231
227
215
215
223
225
227
227
219
219
219
223
225
229
231
233
237
235
227
231
241
241
249
249
247
247
247
241
243
243
251
241
243
243
235
241
239
239
243
243
247
253
253
261
261
257
257
257
261
265
259
251
251
251
251
245
247
249
251
251
259
251
247
245
245
243
243
243
241
247
251
249
243
231
227
227
231
229
231
229
229
225
227
221
233
227
227
229
227
231
239
233
237
245
249
243
247
253
255
253
253
261
249
241
231
235
237
235
235
227
229
223
215
209
207
207
203
207
217
223
211
211
209
203
209
215
215
215
209
211
215
211
199
209
211
203
209
201
201
207
207
199
209
203
201
193
195
193
195
193
191
183
187
179
175
175
173
165
175
177
177
175
165
163
167
171
181
173
173
173
173
169
165
155
155
147
149
149
143
141
147
145
143
127
131
141
139
143
143
145
139
129
135
135
141
149
155
149
147
139
137
139
137
137
133
133
125
125
125
123
121
121
121
127
133
127
127
125
123
125
131
131
145
147
153
159
163
159
155
157
147
147
147
147
147
147
151
147
137
135
135
135
141
141
139
145
145
151
153
151
155
155
159
157
155
155
151
157
145
149
161
159
161
161
165
157
161
165
165
163
175
163
167
179
163
155
147
149
157
161
169
171
171
181
175
181
179
179
179
181
191
189
189
193
187
189
187
199
197
193
193
199
199
201
207
213
213
211
215
211
209
215
213
219
227
221
215
215
219
213
211
207
209
217
211
205
205
211
213
207
209
213
221
217
217
221
213
213
213
223
217
215
213
215
223
229
233
231
223
221
227
219
223
225
229
229
231
235
223
225
217
215
219
223
209
209
207
211
213
219
219
223
227
229
233
237
237
235
229
233
233
235
241
241
237
243
239
239
241
243
249
245
243
241
243
243
241
243
243
243
245
243
249
239
237
237
239
235
233
233
239
245
245
245
245
241
241
247
253
251
251
247
247
247
249
249
239
239
231
235
233
233
233
233
231
231
239
231
239
239
237
237
241
241
245
241
245
249
245
257
251
259
255
249
245
249
255
257
265
265
273
273
269
273
279
283
279
273
277
273
275
285
285
285
281
275
279
283
287
293
293
295
293
289
289
287
291
295
297
299
309
315
315
305
305
303
305
313
313
311
319
321
321
319
321
317
321
319
321
309
303
307
309
303
299
299
287
287
287
295
295
297
305
305
313
313
315
309
309
301
305
303
299
307
303
295
299
295
287
287
279
273
269
277
277
271
267
271
273
269
261
267
259
253
251
259
259
265
273
267
263
263
263
255
261
265
265
267
261
271
265
261
255
251
251
251
255
257
261
259
265
267
267
267
269
273
271
269
271
271
271
269
261
263
261
257
261
265
261
247
247
243
243
237
245
257
255
253
257
255
253
255
263
257
255
265
261
259
245
233
239
241
241
239
245
239
233
239
239
245
247
249
255
261
257
255
255
249
251
253
259
255
257
267
269
275
277
273
273
263
263
263
269
275
281
287
287
289
303
299
305
315
311
305
303
303
305
307
305
305
305
303
297
301
295
293
289
283
287
287
283
277
277
281
287
287
287
285
291
295
291
291
281
283
283
293
295
295
287
291
293
295
295
303
305
311
311
303
307
311
311
325
319
315
313
319
327
327
333
339
339
339
339
333
335
335
337
347
347
349
345
345
343
345
339
349
355
357
365
365
369
377
377
375
377
377
379
379
377
385
383
389
397
391
381
381
375
377
377
365
363
361
353
353
361
359
361
367
369
365
363
371
369
377
377
371
375
373
367
369
369
371
369
369
367
369
375
373
373
365
375
377
379
371
375
365
367
369
371
371
373
367
365
367
371
369
371
371
369
367
359
357
363
357
357
367
361
355
355
353
345
345
347
341
345
343
337
339
337
337
341
335
331
333
333
337
351
355
353
343
337
327
327
325
329
335
335
329
329
327
323
319
319
315
315
309
317
311
303
291
297
297
297
299
295
291
295
297
289
291
295
297
297
297
299
299
291
293
287
297
299
291
283
281
283
287
281
293
285
291
287
281
287
291
295
287
281
281
281
287
289
285
297
299
301
305
309
315
309
315
315
321
323
319
327
327
327
327
321
319
311
311
307
305
309
309
311
319
313
307
301
311
301
305
301
299
293
293
293
295
295
293
293
297
301
307
297
299
299
297
297
301
303
301
301
299
289
289
289
289
299
299
295
295
297
297
295
295
293
293
291
291
291
295
295
291
299
311
309
309
299
297
293
297
289
281
277
277
277
277
277
279
283
277
277
277
285
285
281
265
269
267
267
277
281
281
283
281
281
277
277
271
269
271
271
267
267
265
265
263
265
267
267
267
257
263
273
273
273
267
273
275
279
267
263
265
251
251
251
245
241
243
247
251
249
247
245
231
231
237
235
241
245
241
247
247
253
251
251
257
257
261
259
257
255
257
259
261
253
261
265
267
267
267
271
269
261
259
267
265
259
261
253
253
255
245
251
257
259
269
267
267
261
257
255
255
255
253
243
245
247
251
247
247
253
249
239
245
245
255
257
261
257
251
255
263
267
267
261
261
277
273
275
275
275
273
269
261
267
263
267
259
273
277
277
279
281
283
291
295
295
295
295
299
289
301
295
295
297
299
291
281
287
283
291
285
277
275
275
275
273
271
261
273
275
275
267
261
267
265
267
261
263
269
275
279
275
275
283
283
277
281
281
287
289
287
289
293
293
291
289
291
283
283
283
285
289
281
277
285
277
281
283
279
277
283
283
279
279
273
271
275
273
271
281
283
289
285
279
279
271
265
277
265
265
255
255
253
253
243
233
237
237
239
245
241
239
235
229
227
227
213
221
227
215
209
215
207
195
195
195
199
195
207
205
215
219
223
215
221
221
219
223
223
225
229
229
235
233
225
223
227
225
227
227
219
215
215
225
225
227
235
235
233
233
243
251
257
261
265
265
265
257
265
271
271
269
263
263
271
267
267
267
271
265
269
265
267
269
279
287
299
301
297
297
297
305
301
297
307
309
301
301
301
299
305
315
305
309
313
311
305
305
299
299
293
293
293
293
293
289
285
285
275
275
273
273
275
279
285
291
287
287
293
295
293
293
291
293
291
291
289
281
281
279
283
295
293
295
307
307
311
321
319
319
317
305
303
301
295
285
279
269
269
273
273
277
283
271
265
259
259
259
261
255
257
259
259
249
253
255
251
255
259
255
253
253
259
257
251
251
259
265
263
263
267
259
261
255
253
243
231
227
225
231
231
229
219
213
213
217
201
197
195
195
193
195
203
201
187
185
191
193
185
183
189
193
193
193
193
195
191
195
195
193
193
199
199
203
209
201
203
197
201
205
213
217
221
233
237
227
219
219
217
219
209
215
217
217
217
219
221
219
229
221
219
211
213
213
219
211
217
211
207
205
213
201
209
215
215
211
213
205
195
197
191
185
185
171
173
173
175
175
181
183
183
189
189
189
195
187
193
193
185
185
181
177
183
177
183
193
193
191
191
199
197
199
199
199
199
199
199
191
191
191
191
199
199
193
197
201
207
207
215
207
205
203
203
197
195
197
197
195
189
187
175
183
183
179
181
175
177
175
175
173
175
175
173
165
165
163
157
151
151
149
153
159
157
151
149
157
159
159
151
149
143
141
149
135
139
137
129
127
119
115
113
117
125
129
135
143
143
141
139
139
133
147
147
137
139
153
153
161
163
157
163
163
165
175
187
181
191
195
211
217
221
221
225
219
219
215
217
215
217
217
219
221
215
227
237
225
225
223
225
221
225
221
223
221
227
227
215
223
219
219
223
215
219
209
209
211
215
211
205
209
209
199
201
189
183
179
187
185
173
169
163
163
161
161
169
173
167
163
161
165
161
165
165
167
167
169
159
151
157
151
151
159
159
155
157
161
165
169
163
157
163
163
165
163
163
161
161
159
159
159
161
165
163
159
157
157
157
163
167
177
167
165
157
163
171
165
165
157
157
151
157
155
151
155
153
145
145
153
149
155
153
155
153
163
167
169
171
177
183
187
187
197
201
201
199
195
189
191
185
183
183
187
183
183
189
189
187
187
189
193
199
201
197
197
195
195
201
193
197
191
191
201
201
201
199
203
205
205
207
209
199
193
193
197
189
195
197
195
191
201
195
191
187
187
193
191
193
197
201
195
203
201
203
199
197
199
209
207
209
209
209
213
215
221
221
211
211
207
207
215
221
217
213
203
203
203
199
197
199
197
197
189
187
191
189
187
199
211
207
207
209
205
201
203
207
203
189
195
195
197
195
203
211
215
213
213
211
219
221
225
229
237
239
243
245
237
225
221
229
229
223
221
213
213
217
217
227
225
229
229
229
239
237
231
231
231
233
235
243
243
247
245
255
255
251
259
263
273
267
261
263
265
273
265
255
255
255
261
261
261
255
251
251
245
245
247
251
253
255
245
241
237
237
237
243
231
231
227
235
247
255
253
253
259
265
261
263
259
257
267
267
269
265
265
265
271
279
279
275
263
271
267
269
269
269
265
267
267
263
257
243
245
245
247
237
237
239
237
243
247
239
231
231
237
225
227
231
231
231
231
239
237
237
233
233
235
227
227
227
223
229
223
231
231
231
233
235
243
243
245
251
247
241
243
243
239
239
241
239
241
243
235
237
231
233
231
235
235
225
227
217
221
213
215
215
217
221
219
211
207
211
213
205
215
211
205
205
205
203
203
199
195
195
197
199
201
197
201
199
199
183
187
191
191
193
185
183
185
185
175
169
163
163
151
149
145
141
141
149
153
143
137
137
143
137
137
133
121
115
125
135
135
135
141
129
129
133
133
125
117
117
117
115
113
109
101
107
113
113
119
131
117
117
115
113
117
115
109
109
109
103
107
113
109
113
109
109
113
107
111
111
111
109
117
117
115
115
107
107
107
105
109
113
115
111
117
117
115
117
113
111
109
101
113
103
103
103
107
99
109
121
125
129
129
121
117
121
121
125
137
133
129
129
129
127
127
127
129
137
135
135
139
139
139
141
141
137
139
141
137
133
133
143
139
145
139
141
135
135
135
137
137
147
147
153
141
139
137
137
145
153
151
151
155
153
157
165
159
155
155
155
151
159
149
147
133
141
143
141
147
143
143
145
151
147
151
153
161
161
167
167
161
169
171
169
169
173
179
175
183
183
195
191
195
197
201
199
197
199
197
201
197
193
195
197
199
199
197
195
193
195
193
189
183
175
177
185
171
169
169
167
165
155
157
157
163
153
149
145
145
143
147
135
127
123
129
131
127
125
123
131
131
131
131
129
133
145
143
147
151
161
169
165
167
167
165
173
173
173
173
163
159
159
163
163
163
163
147
145
151
149
149
151
141
153
151
161
159
153
147
159
167
161
163
163
159
161
161
161
157
157
169
167
175
175
163
161
157
151
147
143
143
141
139
139
135
139
137
135
141
145
145
147
161
155
159
159
155
157
163
163
157
151
149
155
157
161
161
159
157
161
157
153
157
155
151
159
171
173
179
189
183
187
185
181
181
181
183
181
187
187
179
173
173
181
179
171
167
167
173
173
171
173
175
163
157
153
159
155
161
169
169
171
167
167
161
159
161
157
151
143
143
147
151
151
145
147
141
149
149
143
147
147
141
145
143
155
159
149
157
157
151
153
153
151
151
157
167
167
167
177
181
181
181
179
179
179
179
187
187
189
189
187
185
185
189
189
187
187
183
185
187
185
173
171
163
163
163
157
157
161
145
147
135
133
133
137
131
141
143
143
143
145
143
135
139
133
125
125
129
121
131
135
133
135
131
139
133
129
131
131
125
125
133
141
135
129
129
129
129
127
119
121
121
119
115
117
115
131
137
135
143
139
137
135
137
133
137
139
139
141
141
145
135
141
143
139
141
135
133
129
131
131
141
147
157
151
151
155
153
163
167
157
155
155
151
159
169
173
179
173
175
177
175
177
177
175
173
173
169
165
165
169
179
175
173
173
169
171
177
177
169
165
167
163
159
151
143
147
151
147
141
141
141
143
135
141
139
135
137
147
143
133
143
147
145
147
153
147
153
165
167
161
169
181
185
185
181
185
197
201
203
207
211
219
213
209
209
213
219
219
211
211
213
219
219
215
205
205
207
207
203
203
203
205
205
205
205
205
207
203
201
207
209
203
197
197
185
185
187
187
199
207
219
213
207
209
213
211
209
205
197
201
201
201
201
201
195
191
193
193
193
195
195
195
197
183
177
175
173
171
177
181
181
185
187
181
177
179
179
179
177
189
187
185
185
183
185
183
183
183
185
191
185
183
187
191
189
197
201
201
197
197
199
207
213
213
209
217
209
207
195
191
187
181
177
165
163
157
157
153
151
151
151
165
163
161
169
169
179
181
169
163
163
163
163
159
159
159
159
163
165
157
153
153
161
159
151
151
151
151
149
141
141
147
149
151
145
137
143
149
143
151
143
139
133
133
139
133
127
133
137
133
139
135
125
125
117
123
131
133
139
135
133
131
125
127
135
137
143
147
143
143
141
143
143
145
145
143
131
137
143
137
133
129
121
127
129
125
131
117
119
119
123
127
133
133
133
135
121
125
125
123
119
125
127
127
123
129
133
135
147
137
131
125
125
123
123
119
115
115
121
129
119
113
127
127
127
127
131
139
135
133
137
137
127
117
117
111
121
113
109
99
91
85
85
91
99
95
97
97
99
99
101
101
101
103
101
109
107
99
97
95
97
95
91
89
93
95
99
103
103
101
103
101
99
99
93
93
89
85
85
85
89
89
83
81
93
95
87
85
83
75
83
85
89
87
95
93
79
85
83
89
101
93
89
101
99
97
97
97
103
107
107
105
107
119
119
117
117
109
111
107
107
107
109
109
111
123
133
137
141
141
147
143
133
131
131
137
135
137
135
135
147
145
145
143
145
137
137
133
139
155
155
163
155
155
161
151
151
151
155
157
153
155
149
147
151
143
143
143
149
141
143
137
137
137
137
137
139
143
145
141
131
131
125
127
119
125
127
123
125
125
121
127
127
129
125
119
123
123
113
123
123
127
129
131
131
139
129
137
137
129
129
125
123
123
125
119
121
123
129
133
133
137
137
141
145
147
151
157
159
161
165
169
171
169
165
173
173
177
179
187
189
185
183
195
195
193
191
195
195
201
193
191
195
195
195
193
185
185
195
195
201
199
187
185
181
181
189
193
197
199
189
197
195
193
189
191
191
201
199
199
195
191
195
205
203
205
215
215
219
219
215
217
217
221
219
219
227
225
225
217
215
215
207
203
203
203
203
205
193
191
187
179
183
181
181
189
187
185
181
179
179
183
183
183
183
187
183
185
189
181
177
179
189
185
193
191
189
189
197
203
209
195
193
195
195
185
185
181
181
183
181
175
177
177
187
189
185
185
183
183
191
191
187
187
195
195
193
193
195
191
191
191
191
197
195
205
209
217
215
215
217
213
213
213
201
209
205
209
215
201
201
201
193
185
185
185
187
187
183
183
181
183
181
183
179
189
181
187
197
197
199
211
209
211
197
205
209
213
213
213
211
211
205
207
211
223
225
227
223
233
229
225
239
237
231
231
229
239
239
239
231
225
231
225
223
219
207
207
211
213
215
213
217
227
229
229
221
209
209
201
205
213
211
211
221
227
223
217
211
215
207
207
203
203
203
201
201
197
195
195
195
203
205
203
193
191
191
199
199
197
203
205
207
199
199
201
199
205
197
203
199
197
201
213
207
197
191
179
171
175
177
171
173
167
165
155
153
155
163
165
165
159
149
145
145
145
153
153
155
155
163
161
161
159
163
163
177
165
161
175
171
157
159
157
157
149
147
137
127
127
115
105
97
95
97
95
95
95
87
89
85
97
97
97
97
107
103
115
117
115
119
109
113
113
123
115
117
109
115
117
115
113
113
113
125
123
127
133
135
135
143
137
137
143
143
149
149
149
149
139
131
133
133
143
153
157
161
159
151
155
155
153
145
137
141
139
139
145
151
141
141
137
139
135
129
125
127
119
115
117
119
113
109
113
107
115
121
127
117
115
111
119
119
119
119
125
135
137
125
121
113
113
113
119
123
131
133
133
133
129
135
133
133
125
123
119
113
105
111
109
109
111
111
115
119
127
133
127
131
135
141
137
133
125
121
117
117
121
131
133
133
133
131
127
127
129
125
129
125
139
149
153
151
157
155
159
157
169
165
165
159
153
159
165
163
163
167
167
169
171
181
185
181
177
167
165
159
159
163
161
165
173
179
181
179
171
163
167
165
175
177
181
185
187
187
185
189
185
179
175
177
173
181
189
185
175
169
159
167
167
171
171
171
171
171
171
167
159
173
173
175
173
171
175
175
179
179
179
191
189
185
181
177
177
173
169
159
151
151
151
153
155
151
143
143
139
145
147
143
151
143
151
145
147
147
155
161
165
173
173
175
177
183
183
183
181
193
191
191
191
189
183
183
179
185
189
177
183
177
181
183
189
189
189
203
207
201
189
191
185
179
181
181
181
175
169
177
175
179
169
175
181
181
189
187
189
191
193
191
193
193
183
181
185
183
179
187
185
187
189
197
195
203
201
193
193
191
191
191
191
195
197
191
185
187
185
193
201
201
209
205
199
211
211
211
211
209
215
211
207
215
217
211
211
209
213
221
215
211
217
209
209
211
205
215
215
225
229
237
231
225
219
211
211
211
205
205
199
209
209
207
201
201
195
199
197
197
199
189
191
191
193
193
187
193
193
207
211
213
219
219
213
213
201
201
203
195
193
193
201
197
199
199
195
195
205
197
195
203
205
211
211
207
205
199
189
189
189
179
179
185
187
187
183
173
173
177
179
177
175
169
169
167
173
165
165
169
163
163
157
165
167
169
171
175
175
169
165
155
153
153
153
157
159
163
171
171
167
169
171
173
167
159
155
151
153
149
147
149
149
139
139
139
139
139
139
131
135
143
143
143
141
151
151
163
159
155
157
149
137
123
135
139
141
143
145
139
131
135
131
129
129
135
141
133
129
137
141
133
135
133
135
135
131
135
139
135
129
125
121
125
121
123
125
125
117
109
107
113
113
117
123
113
111
105
105
105
109
113
109
111
101
103
91
95
107
107
107
107
111
123
123
123
119
119
119
115
115
117
115
111
119
123
123
129
131
135
137
141
133
123
127
123
121
115
115
115
121
111
111
111
115
111
103
103
99
87
83
89
83
77
73
71
67
65
65
65
67
69
77
81
81
83
83
83
79
77
77
75
75
71
65
69
69
73
61
65
63
59
43
43
41
33
31
27
9
5
5
-1
7
9
-3
3
3
11
21
17
19
13
9
9
11
13
7
3
-3
-7
-5
5
7
9
9
9
9
9
-3
-3
5
11
17
15
17
19
29
31
33
21
31
35
41
37
37
41
41
49
47
55
55
55
61
59
65
65
55
59
59
51
53
57
55
49
55
57
57
55
51
63
65
65
73
73
71
61
59
61
63
69
69
77
81
77
77
75
71
69
69
69
75
75
71
71
83
85
83
81
87
87
87
95
95
101
101
95
97
103
99
97
97
103
99
95
97
99
99
105
99
97
93
91
95
99
103
103
105
105
97
91
81
79
77
79
91
95
99
105
105
109
107
101
111
109
103
101
99
97
95
95
99
99
97
85
79
79
69
69
69
69
71
71
69
69
69
69
75
77
81
81
83
85
77
73
75
85
79
89
93
97
95
99
89
91
97
97
97
101
103
103
99
93
87
91
97
97
97
97
107
103
97
93
91
93
97
95
93
93
103
109
115
115
111
113
119
119
117
123
131
129
135
133
125
119
127
127
129
119
119
125
129
127
117
117
115
115
115
123
121
129
131
131
127
125
121
117
107
115
111
113
123
125
123
123
123
121
119
117
113
111
109
109
103
105
105
107
107
105
105
107
109
119
123
113
111
111
109
109
111
107
113
113
117
119
119
115
115
103
105
105
103
103
105
117
109
109
107
107
105
105
103
101
101
97
103
105
105
103
99
105
103
99
101
101
99
99
103
97
101
109
107
107
115
117
123
123
121
109
105
105
97
97
97
101
101
101
99
95
99
111
117
117
117
113
119
121
127
127
129
139
137
141
149
157
161
165
155
157
157
159
163
163
169
163
161
171
179
169
173
171
175
175
169
179
175
165
163
149
155
157
157
159
161
165
177
175
175
175
181
169
169
169
173
173
175
169
165
163
155
155
157
161
159
159
159
161
149
149
151
147
143
143
141
139
139
143
135
133
129
129
119
119
119
121
121
121
123
117
119
115
123
123
121
117
119
119
133
133
125
125
115
105
107
107
107
109
105
111
119
123
117
115
115
123
119
113
113
111
113
115
125
121
121
119
107
107
101
101
103
107
109
101
93
93
79
79
79
89
79
79
75
81
83
83
81
77
83
83
83
75
77
77
83
85
89
91
81
87
93
93
97
97
93
105
109
113
109
107
103
101
101
101
99
99
105
99
97
89
85
77
77
77
83
83
81
73
83
89
93
91
93
93
85
85
83
87
87
83
85
89
85
87
81
79
81
77
85
87
87
85
93
91
85
85
93
87
85
77
85
87
93
97
97
95
95
85
87
85
79
79
79
69
67
63
67
75
79
85
77
63
63
55
51
49
45
47
45
45
51
53
63
61
65
73
69
61
57
57
57
65
73
75
79
79
79
87
95
101
95
97
101
105
105
107
109
109
107
103
103
107
107
115
109
107
111
107
