-2615
-2607
-2605
-2601
-2601
-2591
-2587
-2577
-2567
-2557
-2551
-2541
-2537
-2529
-2519
-2511
-2501
-2487
-2485
-2477
-2473
-2463
-2457
-2457
-2451
-2445
-2433
-2431
-2427
-2425
-2421
-2415
-2403
-2397
-2383
-2389
-2387
-2377
-2369
-2363
-2355
-2353
-2353
-2343
-2333
-2339
-2337
-2329
-2323
-2317
-2311
-2297
-2291
-2283
-2277
-2279
-2279
-2277
-2265
-2257
-2247
-2239
-2227
-2219
-2215
-2215
-2211
-2209
-2207
-2199
-2191
-2175
-2169
-2153
-2153
-2151
-2145
-2131
-2119
-2105
-2097
-2089
-2085
-2079
-2067
-2059
-2071
-2061
-2059
-2051
-2043
-2029
-2031
-2031
-2027
-2019
-2017
-2019
-2013
-2005
-2005
-1991
-1991
-1981
-1973
-1973
-1973
-1983
-1981
-1969
-1965
-1965
-1957
-1953
-1957
-1959
-1951
-1947
-1945
-1931
-1919
-1917
-1907
-1901
-1893
-1881
-1873
-1867
-1855
-1843
-1841
-1833
-1837
-1833
-1819
-1815
-1819
-1813
-1815
-1811
-1803
-1801
-1793
-1787
-1785
-1779
-1769
-1767
-1763
-1757
-1757
-1749
-1737
-1737
-1727
-1725
-1721
-1715
-1715
-1699
-1689
-1685
-1671
-1661
-1663
-1647
-1645
-1641
-1629
-1629
-1637
-1635
-1631
-1635
-1625
-1629
-1621
-1621
-1617
-1603
-1591
-1591
-1589
-1587
-1575
-1573
-1563
-1563
-1551
-1551
-1549
-1549
-1551
-1545
-1537
-1533
-1523
-1513
-1507
-1501
-1499
-1495
-1491
-1487
-1475
-1475
-1467
-1467
-1465
-1461
-1461
-1457
-1447
-1445
-1439
-1449
-1439
-1433
-1439
-1437
-1431
-1431
-1431
-1423
-1423
-1419
-1421
-1405
-1399
-1393
-1389
-1385
-1381
-1375
-1373
-1371
-1369
-1375
-1373
-1377
-1367
-1359
-1349
-1345
-1343
-1343
-1339
-1327
-1313
-1303
-1291
-1285
-1273
-1281
-1271
-1267
-1263
-1267
-1267
-1267
-1263
-1265
-1269
-1269
-1267
-1263
-1263
-1263
-1267
-1265
-1263
-1261
-1255
-1247
-1241
-1237
-1237
-1227
-1223
-1221
-1221
-1209
-1209
-1207
-1201
-1199
-1205
-1203
-1207
-1207
-1197
-1197
-1185
-1177
-1169
-1163
-1159
-1151
-1145
-1143
-1145
-1147
-1149
-1147
-1139
-1133
-1129
-1131
-1131
-1129
-1119
-1115
-1111
-1105
-1107
-1105
-1107
-1093
-1095
-1097
-1095
-1093
-1089
-1089
-1085
-1079
-1075
-1069
-1067
-1065
-1063
-1061
-1061
-1061
-1059
-1057
-1057
-1045
-1039
-1041
-1039
-1037
-1035
-1035
-1031
-1029
-1031
-1021
-1017
-1009
-1011
-1007
-1007
-999
-991
-993
-997
-995
-985
-983
-981
-973
-967
-961
-955
-951
-951
-947
-947
-957
-951
-941
-939
-935
-931
-933
-929
-931
-937
-935
-933
-925
-917
-911
-903
-897
-897
-897
-897
-891
-891
-887
-897
-889
-883
-883
-873
-869
-861
-857
-865
-857
-849
-837
-829
-833
-833
-831
-825
-823
-821
-823
-817
-811
-803
-803
-805
-805
-797
-799
-797
-785
-781
-785
-773
-763
-763
-765
-755
-755
-745
-739
-735
-737
-739
-739
-743
-743
-743
-739
-725
-725
-723
-723
-723
-721
-705
-709
-715
-707
-713
-719
-713
-723
-723
-717
-717
-717
-715
-709
-709
-709
-693
-701
-703
-691
-685
-685
-687
-687
-681
-683
-685
-683
-675
-675
-671
-669
-669
-671
-665
-655
-659
-669
-667
-659
-657
-665
-673
-669
-665
-657
-655
-655
-649
-651
-651
-655
-659
-655
-649
-653
-645
-643
-645
-657
-641
-641
-641
-641
-635
-637
-639
-631
-633
-631
-629
-623
-621
-611
-613
-609
-607
-603
-611
-613
-605
-591
-581
-577
-577
-569
-571
-571
-561
-559
-559
-551
-555
-547
-541
-535
-533
-531
-533
-535
-531
-527
-515
-519
-507
-499
-493
-489
-481
-475
-467
-463
-455
-441
-427
-421
-413
-417
-415
-409
-411
-409
-407
-413
-413
-413
-409
-399
-401
-409
-409
-403
-403
-403
-399
-395
-393
-391
-387
-383
-375
-373
-363
-361
-363
-367
-359
-349
-341
-345
-349
-345
-341
-345
-341
-343
-337
-331
-327
-323
-321
-313
-305
-303
-309
-305
-297
-295
-299
-293
-293
-299
-299
-303
-301
-293
-293
-283
-273
-275
-269
-271
-261
-259
-261
-263
-257
-259
-259
-257
-251
-245
-249
-259
-255
-259
-257
-253
-251
-243
-247
-249
-241
-233
-233
-229
-217
-213
-219
-211
-213
-215
-215
-217
-219
-225
-227
-227
-235
-231
-235
-231
-231
-219
-209
-211
-209
-213
-207
-215
-213
-223
-211
-199
-187
-185
-187
-187
-189
-191
-183
-181
-179
-177
-167
-165
-161
-163
-161
-165
-163
-169
-163
-163
-163
-169
-163
-161
-161
-159
-159
-157
-159
-155
-155
-151
-159
-153
-153
-151
-157
-151
-153
-151
-133
-135
-127
-131
-127
-135
-131
-137
-127
-121
-119
-119
-127
-129
-133
-145
-141
-135
-131
-143
-143
-147
-143
-137
-137
-137
-143
-141
-145
-153
-147
-145
-145
-149
-147
-153
-151
-155
-155
-147
-145
-143
-143
-141
-135
-139
-139
-135
-131
-141
-137
-129
-117
-109
-95
-99
-97
-95
-87
-81
-73
-73
-77
-71
-77
-69
-61
-65
-57
-55
-61
-51
-49
-49
-47
-45
-57
-59
-63
-59
-63
-67
-65
-67
-69
-65
-65
-61
-59
-57
-57
-55
-61
-57
-49
-41
-51
-49
-43
-39
-39
-43
-47
-47
-53
-57
-65
-61
-63
-59
-57
-47
-37
-35
-27
-29
-29
-37
-27
-25
-17
-23
-19
-11
-7
-19
-15
-17
-17
-19
-19
-15
-17
-21
-21
-21
-31
-35
-39
-45
-45
-61
-61
-63
-67
-63
-61
-57
-51
-45
-49
-51
-53
-51
-45
-45
-39
-39
-43
-45
-51
-49
-43
-35
-33
-37
-43
-39
-45
-45
-39
-33
-29
-27
-19
-19
-29
-29
-35
-39
-33
-21
-11
-13
-13
-9
-7
-21
-25
-19
-13
-15
-15
-23
-27
-27
-31
-27
-19
-15
-13
-13
-21
-21
-17
-15
-7
-5
7
13
19
17
17
17
27
23
21
21
21
21
21
27
29
31
27
31
31
29
33
27
27
33
31
31
31
27
23
25
37
35
39
41
33
19
11
7
7
17
19
15
19
25
23
19
21
23
13
9
11
11
7
13
13
11
9
9
17
17
21
21
13
13
11
19
19
25
25
33
35
33
43
37
35
35
39
39
39
35
43
43
45
45
39
35
35
35
35
43
41
41
33
29
39
31
31
29
33
29
31
31
37
49
45
41
43
51
47
41
41
39
39
49
41
53
57
57
55
63
61
65
65
73
73
73
73
79
83
81
77
79
79
79
69
71
65
69
73
73
71
75
71
71
67
55
59
63
55
59
61
53
57
55
55
55
53
61
67
69
81
87
83
85
89
89
89
91
97
101
107
107
109
107
113
121
117
119
115
123
119
109
101
95
97
97
97
101
101
105
95
97
95
85
85
81
85
79
77
81
83
91
87
99
87
97
85
91
97
93
95
93
99
101
103
113
103
111
111
109
103
101
97
97
93
93
89
91
99
105
99
105
113
105
111
113
113
107
109
111
105
105
103
103
105
113
113
109
111
115
125
123
121
119
111
109
117
107
105
105
105
101
91
97
105
103
105
111
115
123
131
143
147
139
147
147
147
135
135
131
129
129
129
127
123
119
119
125
131
121
115
115
117
121
119
115
109
107
105
105
113
113
113
107
101
101
101
95
103
105
109
113
113
113
115
123
125
135
131
121
119
123
117
113
115
115
119
113
113
111
111
99
93
93
93
89
87
89
97
103
99
105
103
97
101
99
99
97
107
103
113
113
117
115
115
117
117
117
111
109
115
109
119
127
115
111
115
113
113
115
115
117
123
121
123
117
127
127
127
125
131
119
123
111
105
105
101
101
99
101
105
105
105
111
117
125
117
123
119
129
125
131
121
125
127
131
137
131
127
133
127
129
133
127
129
131
133
139
135
133
137
131
141
147
147
149
147
145
133
127
131
111
105
109
115
111
103
99
93
95
87
81
75
75
75
77
75
65
67
65
57
57
57
69
67
65
73
75
69
71
73
79
87
91
99
91
87
91
87
79
71
75
87
91
85
83
95
89
85
79
77
73
77
79
83
81
83
83
87
89
87
95
95
95
91
89
89
91
97
99
101
107
101
107
111
121
125
115
115
117
119
123
127
123
119
125
129
123
131
127
129
127
119
127
127
129
123
123
123
129
131
129
127
127
115
115
115
117
117
111
113
121
121
121
121
119
113
111
99
93
101
97
101
99
95
91
89
87
79
79
81
75
67
67
69
73
75
79
73
79
83
89
97
91
93
93
89
81
85
77
71
69
75
91
91
91
95
103
103
105
105
97
93
91
89
85
89
87
83
95
109
107
105
101
113
111
119
123
121
125
127
121
121
125
123
129
121
123
121
129
123
131
131
137
121
121
121
131
127
123
125
123
123
125
117
113
111
103
101
109
111
117
113
121
109
111
117
119
117
119
125
121
117
115
115
111
111
111
115
115
111
115
117
113
113
111
121
123
131
127
133
129
121
115
123
125
125
119
133
129
139
143
151
145
143
149
155
157
157
149
149
143
143
141
143
143
135
137
137
135
141
145
147
143
145
147
145
151
149
139
131
125
129
127
129
125
131
129
137
139
141
141
137
133
137
129
137
133
133
131
133
135
133
133
137
143
149
153
159
167
161
167
171
167
169
167
173
173
177
177
181
189
189
193
185
181
187
187
185
183
183
181
179
179
179
181
177
181
179
187
183
179
175
173
171
173
179
179
177
181
185
179
183
187
187
177
183
179
185
171
169
167
165
159
149
137
145
151
143
147
137
147
151
143
141
129
123
127
127
115
115
113
123
125
131
129
131
123
129
131
131
131
127
123
119
119
117
121
121
131
125
121
115
123
127
131
131
129
121
127
123
119
115
131
131
137
137
133
131
131
135
137
133
127
127
129
139
135
135
143
131
135
131
137
129
127
123
129
119
113
109
99
103
111
103
105
105
109
121
129
133
133
135
131
125
121
117
113
115
119
123
127
123
121
123
119
117
117
125
133
123
119
119
113
117
113
101
99
95
95
95
89
85
93
93
95
93
101
101
105
109
107
105
93
91
95
95
95
99
97
109
115
121
117
115
113
113
117
119
117
113
109
119
117
111
111
113
111
101
111
113
117
117
123
123
119
117
115
111
117
123
117
127
123
117
111
103
105
109
107
99
107
105
111
111
105
103
105
97
95
93
97
91
91
85
79
83
79
79
81
73
79
79
83
91
83
91
87
93
91
91
91
97
89
97
101
101
97
89
99
101
99
99
91
89
87
89
83
87
91
85
83
81
73
73
73
79
87
81
85
81
85
77
79
89
93
95
103
105
101
107
107
111
115
117
119
119
125
127
125
129
129
133
133
135
135
135
137
139
143
153
157
161
155
149
149
155
145
145
141
147
145
151
151
161
155
155
155
153
147
147
147
143
141
141
145
139
149
141
145
139
141
137
139
137
135
139
145
139
137
137
133
133
135
135
135
135
135
135
141
139
143
149
149
143
143
135
131
135
143
141
141
141
143
143
141
133
135
141
145
143
141
149
149
155
157
157
157
153
147
153
153
155
157
153
155
151
157
155
159
155
159
161
157
151
149
147
141
131
135
141
141
145
149
145
153
153
157
163
165
155
161
153
143
139
139
133
127
119
119
121
119
119
115
115
117
111
109
107
113
107
105
113
113
113
117
117
117
113
113
113
117
119
119
115
125
127
135
139
129
135
135
141
135
133
131
131
127
121
119
119
123
123
121
123
135
131
133
137
135
137
141
145
147
147
157
153
153
147
141
149
149
145
147
157
151
143
149
155
153
157
159
147
153
163
165
155
157
157
151
155
145
155
155
145
139
147
157
151
143
143
143
145
143
139
141
143
151
145
151
155
145
153
155
153
147
139
137
143
147
151
155
157
161
155
167
169
171
177
179
183
183
181
193
187
193
185
181
187
181
173
185
187
181
185
187
185
191
187
187
187
187
177
175
185
179
185
183
193
195
197
195
201
207
201
193
195
207
209
209
205
203
193
195
201
207
201
197
191
189
183
177
167
165
161
161
159
155
153
157
159
163
167
159
161
163
163
163
159
159
157
165
159
165
155
153
143
147
145
141
137
137
141
145
145
141
135
145
149
153
147
139
131
129
135
137
137
139
137
137
137
139
139
139
141
139
139
143
143
145
151
143
147
147
145
147
147
141
133
127
129
127
123
125
129
127
129
131
125
119
125
129
135
131
131
123
129
127
117
115
123
127
135
135
131
135
135
131
135
131
131
129
129
133
141
149
151
157
159
165
167
159
155
151
157
157
153
153
151
157
163
159
157
161
153
145
143
133
139
143
149
151
147
145
153
153
155
155
157
157
153
149
147
147
139
139
149
143
147
155
153
157
155
161
161
161
161
157
153
149
151
151
143
145
139
125
125
129
137
149
137
137
145
141
137
135
137
141
139
139
143
145
145
153
153
149
155
159
159
159
167
171
177
173
177
175
173
163
163
155
155
151
157
159
159
159
165
163
165
169
179
179
177
177
177
175
191
195
187
181
185
185
183
189
189
189
197
201
199
205
197
199
195
199
201
205
209
205
205
197
203
203
195
193
191
191
189
181
183
183
183
181
183
183
187
197
213
213
213
207
213
209
205
211
205
213
209
211
209
211
209
205
205
205
215
223
225
215
219
223
229
233
227
221
223
227
231
237
231
229
229
225
221
225
231
217
219
219
211
213
215
209
211
209
211
217
213
213
209
213
211
213
213
207
203
197
193
187
185
181
169
163
157
163
167
173
183
187
187
191
195
195
197
193
197
193
193
193
193
195
197
199
197
199
197
201
203
203
197
203
205
199
199
199
207
207
217
217
209
209
207
217
219
215
217
221
215
221
217
207
211
207
209
209
201
197
191
191
187
191
193
189
185
179
179
179
181
181
185
183
177
175
171
173
189
185
185
189
191
191
199
195
197
193
183
175
179
179
177
179
181
185
189
177
175
169
167
167
175
167
159
167
167
173
185
179
187
177
177
173
167
153
147
147
143
155
159
161
163
161
161
159
159
159
155
157
153
153
155
159
159
163
173
167
167
167
169
165
161
159
163
163
159
159
157
165
163
159
167
163
171
175
169
167
165
171
175
179
185
183
181
179
183
179
177
171
175
165
167
155
153
149
149
143
149
141
139
135
145
135
143
147
151
157
151
149
149
143
133
133
133
129
139
137
129
133
137
139
145
143
153
151
153
155
163
159
159
167
173
179
185
181
175
167
157
157
157
169
171
179
177
179
179
181
187
183
179
177
185
187
179
181
181
171
175
169
163
171
175
175
171
177
175
177
183
183
183
179
189
185
185
181
191
197
195
193
189
191
187
187
187
187
189
195
195
191
189
189
183
183
181
191
201
205
207
199
195
195
195
195
201
195
201
201
201
211
215
215
213
207
199
197
199
197
197
197
193
199
197
191
191
183
181
175
175
169
173
173
169
169
167
173
173
163
157
153
153
153
153
151
155
151
159
155
163
163
155
155
151
155
163
173
177
183
179
179
181
171
171
171
173
179
183
191
191
195
199
203
199
205
207
207
199
209
207
209
201
203
201
195
199
209
213
211
213
215
225
225
219
221
225
215
217
215
209
209
205
207
215
205
195
199
199
191
195
183
181
179
185
187
175
181
183
181
185
187
181
185
183
189
197
197
193
193
191
195
199
197
201
211
213
213
205
201
201
199
195
205
201
207
203
205
203
203
201
205
207
207
213
213
211
213
205
199
203
199
201
203
203
197
201
207
197
201
201
205
203
197
195
195
199
199
191
195
195
193
199
205
203
203
195
187
177
187
185
179
169
169
171
165
163
163
167
155
151
155
153
161
159
163
159
163
163
167
165
171
159
165
165
171
169
171
169
171
165
163
163
161
157
159
151
153
155
155
167
161
161
159
159
157
161
165
167
167
167
173
169
161
171
165
169
157
151
145
133
119
119
113
105
103
101
99
91
101
89
93
93
83
77
73
67
65
69
69
73
71
71
73
79
85
89
85
81
89
77
79
73
67
65
65
63
53
51
53
51
59
57
53
41
41
49
43
41
49
59
57
59
55
45
35
39
45
53
53
61
59
49
53
55
55
47
43
43
43
45
43
41
41
43
45
41
45
47
57
67
63
63
59
53
55
57
65
61
65
65
61
65
71
69
67
61
69
77
77
71
61
69
75
77
65
65
71
73
79
75
75
75
69
73
81
77
77
77
83
71
69
69
73
65
65
67
77
85
81
73
75
73
67
65
67
69
69
63
69
81
75
77
79
77
81
77
79
79
83
83
83
77
73
79
75
75
75
71
75
79
81
81
83
83
87
89
97
101
111
111
107
103
109
101
101
99
99
99
95
99
99
99
97
89
89
93
93
107
99
101
109
109
103
109
105
107
113
115
129
139
139
133
129
121
113
111
105
111
103
109
117
115
113
111
115
121
117
121
111
109
107
113
107
119
131
131
127
127
129
125
127
119
119
115
117
117
115
117
117
125
127
125
135
143
137
137
139
139
143
141
143
143
135
129
123
123
123
115
119
131
133
135
135
129
127
137
135
143
141
151
155
159
157
163
171
169
179
169
167
163
163
165
165
165
153
143
143
145
153
161
159
161
153
157
157
157
157
155
155
155
157
161
171
171
165
167
175
175
175
169
171
167
163
163
155
153
151
147
143
139
143
145
143
139
141
143
135
139
135
129
127
137
133
133
137
139
139
139
141
133
133
139
139
135
131
125
117
117
113
107
105
101
97
97
97
105
97
93
87
85
85
81
81
79
75
79
77
77
81
77
77
89
93
99
97
87
93
89
83
83
77
75
73
65
65
61
55
57
51
49
41
39
39
39
33
39
39
39
39
41
39
41
39
33
35
33
39
31
29
25
35
49
53
55
57
61
57
57
57
55
53
51
45
47
49
55
47
41
43
45
41
47
41
43
51
63
65
67
73
75
77
77
77
81
75
87
87
89
81
79
83
83
91
79
79
89
97
95
91
89
93
93
99
105
109
105
103
107
99
97
91
93
99
99
101
111
115
107
109
111
113
115
119
113
113
121
113
105
93
83
79
63
55
49
51
43
37
35
45
45
49
49
49
53
55
49
55
67
69
63
47
49
51
49
47
55
57
55
57
59
61
63
63
65
63
59
57
57
65
65
65
67
67
71
73
73
67
59
65
57
59
63
73
61
59
59
65
61
71
79
79
79
67
73
75
77
75
65
63
59
61
61
59
53
51
45
57
55
53
53
53
51
47
49
55
51
53
43
53
51
45
49
43
47
55
63
65
61
63
71
67
55
49
45
37
27
27
31
35
33
35
45
45
55
53
63
65
69
75
83
89
89
93
91
85
75
73
61
65
69
65
65
63
71
75
81
75
73
77
79
75
67
67
71
71
79
87
89
85
91
97
103
103
101
103
103
105
113
105
105
105
103
101
95
91
93
89
81
73
71
79
75
73
79
79
77
79
89
89
89
91
87
91
101
105
101
113
113
115
117
109
107
113
121
127
127
129
133
139
141
147
147
147
155
153
159
161
175
169
165
161
159
163
151
155
147
137
131
115
111
115
121
119
117
127
125
125
129
133
145
139
137
139
147
145
153
145
153
151
151
139
143
143
149
147
153
141
137
135
135
127
121
121
127
125
131
125
137
135
139
153
157
157
161
165
169
153
157
159
153
155
147
147
147
145
149
147
147
139
137
133
141
139
137
139
137
131
133
139
139
151
151
153
153
149
157
159
161
165
167
165
169
163
163
157
161
169
161
163
157
153
155
157
149
143
151
155
153
145
141
149
147
147
143
143
145
141
133
135
135
133
133
137
135
131
133
133
133
129
129
127
121
125
127
133
131
131
119
119
121
127
123
129
131
143
147
147
149
145
143
149
151
149
149
141
131
129
131
131
131
131
133
125
123
113
125
123
129
131
125
117
111
111
111
121
121
131
131
135
131
141
137
137
149
143
145
137
139
135
133
133
131
131
131
133
131
131
131
137
145
147
147
143
145
161
161
171
173
177
177
177
171
161
169
163
163
169
165
169
171
175
171
175
177
171
171
171
169
161
159
163
161
165
165
155
153
147
143
143
147
153
151
157
159
171
181
185
185
185
179
179
187
185
191
191
189
185
175
173
169
171
171
171
169
165
165
167
169
165
161
161
151
159
153
149
151
151
147
147
145
143
141
149
145
137
135
125
131
127
131
131
131
127
129
133
145
145
149
159
159
147
147
159
157
161
165
163
157
157
153
157
155
153
157
157
159
167
167
163
159
165
165
161
161
163
169
167
171
173
183
179
183
183
181
177
181
185
173
173
171
169
169
169
171
167
163
173
177
173
167
177
169
181
187
191
185
187
187
181
175
173
179
169
173
177
177
165
159
149
155
153
153
163
165
169
167
167
167
167
157
157
173
177
179
179
183
181
181
185
179
181
173
175
175
173
177
177
181
169
161
167
171
171
175
175
183
189
189
193
193
195
207
211
205
213
211
215
215
215
223
225
231
227
233
233
227
227
227
225
223
227
237
237
233
235
237
241
241
245
245
245
243
243
241
241
231
227
223
223
211
221
223
227
225
217
213
213
211
219
219
217
229
221
225
219
221
219
225
217
217
211
213
211
207
217
211
205
203
213
217
215
213
213
209
213
207
211
209
203
203
199
207
203
197
205
205
207
207
207
211
203
205
209
205
205
221
227
225
231
227
227
233
235
231
219
215
219
235
231
229
237
243
245
237
237
241
239
243
241
235
233
233
237
237
227
227
227
229
231
225
227
227
231
235
237
223
223
219
225
217
225
231
237
237
233
233
235
233
239
229
239
239
227
219
225
229
223
221
223
219
217
215
231
227
225
217
217
217
215
217
217
223
223
229
229
229
227
225
221
233
233
229
229
225
227
231
235
237
229
227
235
237
237
237
231
229
231
235
237
237
237
245
241
241
237
235
235
235
233
225
225
225
229
227
217
215
217
225
221
215
205
205
199
209
207
213
215
211
215
213
219
221
233
231
231
233
231
233
223
221
213
215
209
203
193
185
183
183
173
163
159
157
157
153
133
131
133
133
133
125
121
117
127
125
123
121
121
113
121
121
113
113
113
105
107
111
119
127
125
123
125
121
119
117
119
115
117
119
121
125
119
121
111
111
113
111
109
113
111
121
125
121
123
125
131
139
137
143
139
139
147
151
155
163
155
167
175
181
179
187
185
187
189
189
185
185
195
207
205
207
213
215
215
215
211
211
205
207
203
203
201
213
217
217
219
209
213
217
209
209
197
197
193
197
201
203
203
209
209
205
211
199
207
209
211
209
199
205
205
199
193
199
207
203
205
211
211
205
203
209
209
197
193
195
193
187
183
181
179
171
171
177
175
177
177
175
169
163
165
163
159
153
153
153
145
145
143
145
139
135
131
131
129
129
127
123
125
125
117
115
107
107
119
127
123
123
117
121
115
119
121
119
123
129
131
137
137
147
151
137
131
131
119
121
119
119
113
113
119
125
127
127
127
135
131
121
119
111
111
115
107
107
107
111
107
109
115
111
111
107
109
109
109
109
101
103
105
105
109
111
103
111
105
107
107
105
99
93
97
99
103
107
105
103
95
99
103
93
85
87
95
101
101
93
95
87
87
97
95
105
93
93
95
91
91
85
95
95
97
99
95
97
97
93
97
101
93
91
91
85
87
99
103
93
91
85
89
99
103
105
103
115
117
121
121
115
111
111
111
113
113
103
105
117
119
123
127
135
133
145
143
137
137
137
133
121
113
119
119
131
131
133
131
141
137
133
137
143
143
143
141
135
137
133
137
137
135
139
135
131
129
127
129
127
133
119
115
117
119
109
111
113
101
107
107
103
105
107
109
113
119
113
109
115
121
127
127
123
117
115
111
107
105
103
97
99
93
93
105
107
107
97
101
99
111
101
105
111
113
115
119
119
117
115
123
127
131
123
125
125
125
125
131
133
131
133
127
125
125
127
123
125
127
127
125
129
123
123
119
113
117
109
109
109
125
131
133
123
117
119
123
127
127
123
125
127
131
129
129
125
127
137
141
141
135
135
137
137
139
139
127
131
129
127
133
131
127
127
127
131
125
125
125
125
121
115
111
115
111
105
111
123
125
123
127
123
125
123
109
119
107
105
103
103
99
95
103
105
109
103
97
99
105
109
101
95
97
99
95
95
109
109
105
109
117
113
107
105
105
103
109
105
97
93
89
93
87
97
105
109
111
111
115
113
109
109
109
101
109
115
105
109
103
105
105
101
97
91
87
87
79
83
77
71
85
91
93
95
99
89
89
87
87
89
85
79
91
81
75
77
79
81
81
87
77
81
77
77
75
77
79
81
91
91
91
95
101
111
121
119
127
129
127
141
137
143
145
145
153
153
151
157
157
159
159
157
163
169
171
173
167
161
165
171
175
183
185
181
173
173
163
161
159
153
151
151
161
169
167
175
165
165
165
171
171
175
169
175
175
177
167
171
163
163
165
159
159
159
163
153
155
157
165
177
173
165
167
165
163
163
159
159
163
161
161
157
159
149
159
161
167
161
163
163
169
165
161
159
159
153
159
167
159
169
163
181
181
189
193
199
197
199
197
191
191
187
187
185
185
183
183
185
181
187
185
189
199
203
199
207
207
203
205
203
209
215
221
223
221
213
213
219
205
205
201
197
197
203
205
197
199
207
211
217
215
221
219
225
229
245
257
255
263
263
263
255
259
263
263
271
275
277
273
273
273
279
279
283
287
289
283
279
269
275
271
265
265
267
279
283
289
291
289
287
283
291
295
293
283
277
281
293
291
291
287
287
287
285
277
269
267
265
255
245
235
239
239
229
229
219
211
213
217
215
211
215
217
217
217
219
223
219
209
199
197
203
207
213
213
213
207
205
201
203
203
201
197
209
205
201
199
203
197
189
181
189
197
203
211
213
217
207
205
209
217
219
219
219
221
221
219
225
217
215
213
215
213
211
209
215
209
205
207
207
203
201
191
187
189
189
183
179
179
173
173
169
165
155
159
155
159
159
169
169
173
175
175
165
163
153
159
159
153
147
157
155
155
155
159
157
145
145
143
147
139
131
129
135
141
131
137
133
139
147
147
137
123
125
129
127
121
119
117
115
119
119
113
115
109
119
127
127
121
119
123
113
113
109
111
107
117
117
111
107
115
117
119
117
129
129
125
123
125
127
119
121
113
121
125
123
123
129
125
123
121
125
123
131
131
127
115
119
121
117
115
121
119
113
113
111
105
111
115
109
111
123
129
133
131
131
131
127
129
125
131
131
131
137
139
139
135
137
149
159
161
161
167
175
175
179
183
183
175
167
165
159
153
153
153
155
153
157
151
147
155
149
147
153
169
163
165
171
175
183
183
183
173
165
165
157
147
149
153
155
147
149
153
143
141
141
137
137
131
131
131
135
135
133
137
137
141
137
141
139
141
135
135
133
137
139
129
137
135
133
131
127
129
127
125
125
129
131
123
123
125
137
137
131
131
131
131
119
121
125
121
121
115
113
105
93
97
93
91
101
105
111
115
117
117
107
105
103
107
103
101
101
93
97
99
93
95
87
85
81
79
81
83
87
85
85
95
91
99
97
93
85
79
81
83
89
89
89
93
91
95
97
95
103
103
107
105
109
105
111
111
117
127
121
121
121
115
115
125
123
121
113
115
115
125
133
133
121
115
115
115
115
113
113
113
109
113
113
121
123
119
123
119
105
95
95
97
101
101
103
103
103
109
105
105
111
109
115
107
105
107
103
111
111
115
113
113
109
113
113
115
125
127
117
119
121
129
119
115
125
125
131
131
129
133
141
137
139
141
135
123
125
125
135
143
149
143
149
147
149
149
149
143
137
145
145
143
137
137
131
125
115
115
117
121
119
117
119
117
107
109
107
113
115
115
111
111
111
109
115
125
129
133
133
129
125
121
123
125
131
125
121
125
123
125
131
129
129
117
117
115
109
111
109
109
113
121
131
137
143
139
133
129
125
117
123
119
113
111
105
109
103
107
113
107
97
103
103
99
93
87
87
79
79
85
83
75
73
67
73
77
87
85
85
91
87
97
91
93
95
91
85
81
87
87
83
91
91
95
89
93
97
97
97
91
89
91
91
91
95
99
105
97
97
93
99
107
115
113
119
113
115
119
123
125
121
127
125
119
119
119
115
117
113
115
123
117
119
123
121
115
125
127
123
125
125
127
137
131
131
131
137
135
141
145
145
145
139
141
139
129
137
135
135
135
151
149
151
151
153
145
141
147
155
159
159
151
149
151
141
135
137
137
151
153
155
147
141
141
141
139
141
137
137
135
143
151
151
147
151
147
145
159
163
171
179
173
175
173
177
177
179
179
177
173
167
163
159
163
161
163
159
153
163
161
155
151
149
147
151
149
157
157
151
155
153
149
135
131
117
129
133
139
145
147
145
135
127
133
139
139
129
127
125
129
121
129
135
141
141
151
155
149
147
153
155
167
167
175
171
177
179
177
173
167
173
179
183
179
183
179
189
193
193
197
195
201
201
189
193
187
181
175
175
185
179
177
171
169
165
161
155
157
157
163
163
171
177
173
173
171
171
175
181
175
179
189
191
185
187
183
187
189
187
179
171
171
159
165
167
161
155
159
159
153
153
155
159
155
163
159
155
157
165
159
167
165
171
171
175
173
169
175
177
179
183
177
179
179
173
171
177
167
175
175
169
169
157
159
169
165
165
171
171
171
171
175
183
183
191
189
181
181
175
175
177
175
169
167
167
167
155
155
155
149
151
149
167
173
175
177
169
161
161
159
165
171
163
169
169
163
165
171
177
171
163
173
179
181
183
183
189
195
199
197
191
191
197
199
203
209
209
209
215
213
223
223
217
219
223
223
225
225
217
215
209
205
207
205
197
189
199
201
203
201
197
205
203
213
213
217
229
239
241
249
257
255
255
249
247
245
237
239
237
239
235
235
235
241
245
251
253
253
261
271
273
271
273
285
291
295
289
289
283
277
283
277
277
285
291
289
297
291
285
289
285
293
289
289
299
307
307
309
305
313
329
331
329
321
321
317
315
317
321
315
305
301
303
297
295
301
295
291
285
279
279
281
283
281
283
293
293
295
297
297
293
297
305
307
313
313
305
307
299
295
293
293
293
289
289
285
285
285
287
287
283
283
293
281
275
271
273
273
279
279
285
291
293
293
289
293
291
297
301
299
303
301
301
307
307
309
313
325
317
319
323
319
319
329
327
325
327
331
323
317
313
313
305
299
299
301
311
317
315
309
301
303
295
291
287
287
291
291
281
285
285
285
285
277
277
277
277
267
263
253
249
257
273
271
265
265
267
275
279
285
289
281
287
287
279
271
265
259
267
267
267
263
263
267
277
277
277
281
275
283
295
301
295
297
291
293
289
291
283
277
283
291
289
287
285
283
285
271
275
273
265
269
261
255
249
251
239
237
247
241
249
251
253
247
251
249
243
247
247
247
251
251
251
255
257
251
241
235
227
221
221
209
201
209
211
215
207
207
207
203
195
195
201
201
199
201
203
203
203
197
195
201
205
197
193
193
189
191
191
187
181
183
179
179
179
173
173
171
167
167
163
173
177
181
191
177
179
177
173
177
177
175
175
177
171
179
193
189
181
179
179
171
169
171
157
151
159
153
149
143
145
139
145
143
149
151
155
151
145
145
149
147
141
133
131
123
115
115
123
123
123
117
125
133
145
147
149
145
145
143
135
133
131
127
125
123
123
127
131
131
131
131
139
137
137
135
127
123
115
113
117
113
119
117
117
119
115
111
119
123
129
133
127
131
123
121
119
123
131
135
135
135
133
141
141
149
137
135
145
145
145
147
147
151
149
149
153
143
145
147
147
149
149
149
151
141
141
141
135
129
131
131
135
133
123
117
119
119
115
111
111
113
117
125
129
119
121
111
117
105
105
103
93
91
91
87
93
91
95
91
95
95
95
91
91
99
93
101
91
95
99
93
89
87
87
93
91
91
99
101
99
93
93
95
95
95
97
97
103
105
105
105
103
99
103
95
93
77
75
79
81
79
83
85
85
81
73
65
69
59
65
61
65
67
65
69
63
55
45
43
55
51
59
53
57
57
55
55
63
59
59
61
61
55
47
47
53
57
67
61
63
67
71
67
73
77
81
85
87
81
83
89
89
87
85
73
69
71
69
75
69
67
57
59
57
47
47
41
41
53
39
39
39
31
33
35
25
25
23
11
-1
-15
-7
-9
-3
3
11
17
21
31
29
29
25
15
17
13
25
21
25
29
31
31
37
35
31
41
47
49
45
49
39
49
55
57
55
59
51
47
47
53
49
51
53
65
71
69
59
61
65
59
65
65
65
69
73
73
77
79
85
83
83
87
89
93
101
99
99
93
99
99
95
101
105
111
111
115
117
121
117
105
111
103
105
113
113
111
111
113
115
109
101
99
97
93
97
105
113
109
107
111
115
115
121
123
119
119
121
115
125
125
127
135
141
135
139
129
131
133
143
145
151
151
157
159
159
155
159
163
151
149
155
161
153
147
147
143
139
139
133
143
153
153
159
157
157
157
151
147
143
147
147
149
149
151
155
153
155
151
141
139
133
135
131
141
135
139
143
145
151
151
153
161
161
155
159
153
145
153
149
153
159
155
163
169
175
165
155
149
149
137
135
135
133
129
129
137
125
127
121
121
117
117
113
103
95
101
91
91
81
83
91
81
79
65
59
57
57
49
59
53
53
41
41
45
43
47
47
41
41
41
41
41
45
43
47
47
45
37
33
35
33
33
37
35
39
35
45
49
47
51
55
53
49
47
49
53
61
61
57
57
51
53
59
61
67
65
71
73
65
59
55
61
65
67
65
65
65
61
67
63
67
67
77
81
87
81
85
87
81
81
85
97
97
105
113
109
111
123
121
125
127
117
117
119
115
111
111
115
115
117
115
117
115
121
115
113
115
121
109
113
111
107
105
105
95
95
101
91
93
101
101
99
93
91
93
91
93
95
95
93
79
85
79
81
75
75
71
67
59
61
61
57
61
57
57
53
53
53
43
41
55
65
65
69
77
77
77
75
79
79
85
79
83
79
73
79
85
85
83
89
97
107
117
131
133
139
149
141
143
141
141
143
139
139
133
139
133
133
139
145
139
145
145
147
141
139
139
127
131
139
125
125
135
141
137
137
133
135
137
145
143
149
153
161
159
153
153
147
147
147
149
143
143
147
153
157
155
143
135
143
139
149
153
159
159
163
161
171
159
159
167
161
161
155
159
157
163
167
163
157
167
169
179
171
171
171
175
173
189
193
197
193
201
205
211
209
205
213
213
225
229
233
223
225
225
227
221
213
215
217
219
215
217
219
217
219
217
217
219
219
219
221
229
231
225
215
227
217
207
207
205
207
211
209
207
203
207
203
205
195
189
177
175
179
175
167
165
169
167
155
153
153
153
161
167
161
169
167
169
171
181
187
181
181
175
163
155
153
155
149
155
153
157
165
165
163
161
159
163
163
167
169
173
173
173
179
181
181
181
185
181
181
183
181
189
181
179
171
175
179
173
173
161
165
167
165
163
169
179
189
197
179
189
191
199
195
189
185
185
181
181
175
173
175
173
177
171
167
171
169
165
165
159
163
171
173
167
165
167
171
171
175
177
179
175
177
173
177
177
173
179
179
175
177
175
179
175
175
171
171
167
163
163
161
163
165
165
171
165
173
163
169
167
167
165
163
165
163
161
149
145
155
155
155
161
163
169
167
163
169
175
185
183
173
173
167
171
171
167
167
163
165
165
167
171
175
167
173
173
169
167
171
171
177
177
175
173
175
173
171
175
173
173
169
173
171
165
169
169
165
161
169
171
165
159
167
157
149
147
143
139
139
139
139
145
141
143
149
149
151
149
149
151
143
135
137
141
137
129
127
137
127
119
119
113
115
121
117
115
107
109
111
113
101
91
87
83
83
79
87
87
81
83
75
69
79
77
73
75
81
79
89
81
79
85
71
71
67
59
61
55
59
53
55
63
73
75
71
73
77
83
83
79
77
85
99
91
87
93
85
81
79
79
91
89
91
89
85
77
85
83
89
91
91
93
97
83
95
89
91
89
95
91
85
75
79
75
73
65
61
65
63
63
65
61
63
55
53
53
53
49
63
63
55
49
59
51
55
53
51
61
69
69
65
71
55
65
69
81
75
77
77
77
77
73
81
81
77
83
89
93
95
93
93
93
87
81
89
95
97
101
97
97
93
93
103
99
101
101
103
95
91
83
73
69
75
77
87
83
79
77
71
71
69
79
75
75
65
67
69
75
81
85
85
89
103
113
107
101
101
103
93
99
107
105
101
101
99
93
99
103
105
101
101
101
101
109
119
117
113
107
103
103
103
105
111
103
107
107
105
103
91
97
87
89
77
79
83
71
79
79
77
75
67
77
79
83
77
65
71
65
67
69
65
69
67
73
73
69
65
61
67
65
69
81
83
87
89
85
91
97
95
95
99
101
99
99
101
111
109
109
105
101
105
111
115
115
109
107
111
119
121
117
111
103
111
107
107
109
115
127
127
125
127
127
125
131
125
117
123
127
125
125
127
131
127
127
123
121
127
127
125
127
125
113
113
109
103
103
99
103
105
105
101
97
97
97
107
101
99
101
95
93
89
87
91
93
93
85
79
77
77
83
85
77
85
75
77
71
65
71
75
79
83
77
75
73
79
69
75
65
73
73
75
75
73
71
83
83
81
81
79
85
79
87
81
87
89
99
95
95
87
91
97
103
105
115
113
117
117
115
117
119
119
123
121
115
107
107
107
111
103
103
99
99
95
85
85
81
75
73
71
75
75
75
77
75
73
67
65
67
65
57
51
45
39
43
39
29
29
27
23
23
23
13
7
7
1
-11
-13
-7
-3
-11
-9
-3
-1
3
1
-13
-15
-21
-27
-27
-21
-23
-21
-13
-17
-13
-11
-5
-17
-27
-29
-29
-25
-21
-27
-33
-29
-29
-27
-19
-19
-17
-9
-13
-15
-17
-19
-17
-17
-11
-21
-21
-23
-23
-23
-17
-17
-15
-15
-15
-21
-23
-21
-15
-13
-13
-1
-7
-5
-7
-7
-11
-3
-11
-13
