-10470
-10462
-10452
-10452
-10436
-10424
-10424
-10414
-10416
-10408
-10398
-10386
-10382
-10370
-10368
-10360
-10358
-10350
-10348
-10336
-10330
-10332
-10320
-10320
-10306
-10308
-10294
-10282
-10284
-10276
-10280
-10276
-10276
-10264
-10260
-10248
-10238
-10232
-10226
-10224
-10218
-10208
-10206
-10206
-10198
-10190
-10182
-10170
-10162
-10156
-10144
-10140
-10134
-10124
-10118
-10112
-10100
-10090
-10080
-10072
-10068
-10066
-10054
-10042
-10036
-10028
-10024
-10016
-10018
-10010
-10002
-9996
-9986
-9974
-9968
-9966
-9960
-9948
-9942
-9930
-9920
-9918
-9914
-9902
-9896
-9890
-9874
-9860
-9864
-9854
-9848
-9836
-9828
-9820
-9816
-9808
-9806
-9802
-9788
-9776
-9770
-9764
-9760
-9752
-9742
-9738
-9730
-9724
-9720
-9712
-9704
-9692
-9688
-9672
-9664
-9658
-9658
-9650
-9636
-9628
-9628
-9620
-9620
-9620
-9610
-9610
-9604
-9598
-9596
-9582
-9580
-9574
-9570
-9570
-9566
-9554
-9552
-9548
-9542
-9532
-9520
-9514
-9504
-9502
-9500
-9496
-9498
-9492
-9482
-9478
-9470
-9464
-9458
-9446
-9442
-9432
-9424
-9416
-9422
-9418
-9406
-9406
-9408
-9408
-9396
-9396
-9390
-9378
-9364
-9364
-9352
-9354
-9354
-9340
-9328
-9324
-9318
-9312
-9306
-9292
-9292
-9288
-9284
-9274
-9278
-9272
-9268
-9256
-9248
-9240
-9230
-9222
-9212
-9220
-9218
-9216
-9216
-9210
-9202
-9196
-9188
-9178
-9170
-9160
-9158
-9148
-9136
-9120
-9112
-9104
-9090
-9084
-9070
-9066
-9054
-9048
-9046
-9044
-9038
-9032
-9030
-9028
-9024
-9020
-9018
-9014
-9010
-9002
-9000
-8988
-8984
-8984
-8980
-8978
-8980
-8970
-8964
-8964
-8952
-8950
-8942
-8938
-8938
-8934
-8928
-8922
-8920
-8922
-8916
-8914
-8906
-8902
-8894
-8890
-8880
-8870
-8864
-8852
-8846
-8846
-8840
-8836
-8824
-8814
-8812
-8808
-8802
-8800
-8792
-8784
-8788
-8776
-8770
-8764
-8762
-8756
-8760
-8750
-8748
-8744
-8738
-8736
-8730
-8712
-8710
-8710
-8700
-8700
-8692
-8684
-8676
-8666
-8654
-8650
-8644
-8640
-8636
-8636
-8636
-8638
-8630
-8620
-8614
-8604
-8598
-8590
-8582
-8582
-8572
-8572
-8560
-8558
-8548
-8540
-8540
-8534
-8524
-8524
-8516
-8506
-8508
-8506
-8500
-8496
-8484
-8476
-8468
-8464
-8454
-8446
-8440
-8428
-8412
-8412
-8408
-8404
-8400
-8396
-8396
-8394
-8392
-8388
-8384
-8382
-8376
-8368
-8358
-8350
-8344
-8342
-8334
-8322
-8318
-8304
-8294
-8286
-8276
-8272
-8258
-8250
-8246
-8250
-8248
-8240
-8232
-8222
-8214
-8208
-8206
-8212
-8206
-8196
-8200
-8190
-8182
-8174
-8166
-8166
-8162
-8148
-8144
-8144
-8136
-8120
-8108
-8114
-8102
-8098
-8082
-8068
-8060
-8050
-8048
-8042
-8040
-8030
-8030
-8022
-8012
-8010
-8002
-7992
-7984
-7976
-7968
-7958
-7950
-7938
-7928
-7918
-7910
-7912
-7910
-7906
-7894
-7886
-7882
-7882
-7872
-7858
-7846
-7844
-7842
-7836
-7824
-7816
-7820
-7814
-7818
-7816
-7808
-7808
-7806
-7808
-7808
-7800
-7800
-7786
-7778
-7778
-7766
-7762
-7754
-7748
-7734
-7734
-7724
-7722
-7722
-7716
-7714
-7708
-7702
-7696
-7680
-7674
-7688
-7680
-7672
-7668
-7656
-7656
-7648
-7638
-7622
-7612
-7606
-7602
-7604
-7598
-7584
-7572
-7566
-7562
-7556
-7546
-7540
-7536
-7528
-7520
-7510
-7510
-7506
-7496
-7484
-7472
-7478
-7466
-7458
-7448
-7438
-7434
-7422
-7414
-7400
-7392
-7390
-7388
-7384
-7372
-7368
-7360
-7352
-7342
-7334
-7326
-7322
-7314
-7314
-7306
-7300
-7294
-7280
-7274
-7264
-7260
-7254
-7256
-7242
-7232
-7228
-7216
-7208
-7200
-7194
-7194
-7186
-7176
-7172
-7164
-7156
-7154
-7148
-7146
-7134
-7128
-7118
-7114
-7102
-7094
-7086
-7080
-7076
-7068
-7056
-7050
-7052
-7036
-7032
-7026
-7028
-7026
-7016
-7014
-7012
-7008
-7004
-7002
-7002
-7004
-7010
-7008
-7012
-7020
-7018
-7004
-6992
-6990
-6984
-6988
-6976
-6966
-6958
-6954
-6946
-6938
-6936
-6926
-6928
-6930
-6920
-6908
-6906
-6902
-6890
-6882
-6872
-6864
-6858
-6854
-6838
-6836
-6828
-6826
-6816
-6806
-6796
-6786
-6778
-6780
-6770
-6766
-6770
-6766
-6764
-6754
-6750
-6744
-6740
-6742
-6742
-6732
-6728
-6732
-6722
-6716
-6712
-6702
-6706
-6704
-6698
-6694
-6684
-6682
-6684
-6682
-6674
-6668
-6658
-6654
-6646
-6636
-6636
-6630
-6616
-6606
-6606
-6600
-6598
-6600
-6590
-6596
-6590
-6592
-6588
-6574
-6562
-6548
-6546
-6540
-6540
-6540
-6536
-6544
-6548
-6550
-6544
-6544
-6536
-6532
-6524
-6518
-6510
-6510
-6498
-6490
-6480
-6480
-6472
-6466
-6460
-6458
-6456
-6448
-6440
-6436
-6432
-6426
-6426
-6418
-6414
-6402
-6398
-6412
-6412
-6412
-6412
-6404
-6406
-6406
-6410
-6410
-6400
-6396
-6386
-6384
-6372
-6374
-6362
-6362
-6354
-6360
-6352
-6358
-6348
-6350
-6346
-6348
-6336
-6334
-6334
-6328
-6322
-6322
-6320
-6314
-6314
-6318
-6318
-6320
-6312
-6306
-6294
-6286
-6284
-6286
-6288
-6288
-6278
-6276
-6276
-6274
-6268
-6264
-6260
-6256
-6242
-6238
-6230
-6220
-6214
-6214
-6198
-6194
-6190
-6192
-6186
-6186
-6184
-6172
-6160
-6156
-6150
-6134
-6128
-6130
-6124
-6110
-6104
-6100
-6098
-6092
-6084
-6080
-6072
-6070
-6064
-6052
-6042
-6030
-6020
-6006
-6000
-6002
-5992
-5986
-5974
-5972
-5968
-5968
-5960
-5962
-5962
-5950
-5952
-5946
-5938
-5932
-5938
-5932
-5924
-5918
-5914
-5900
-5894
-5890
-5898
-5892
-5886
-5872
-5872
-5866
-5866
-5862
-5858
-5864
-5868
-5860
-5852
-5848
-5838
-5836
-5836
-5826
-5820
-5824
-5820
-5814
-5816
-5818
-5816
-5804
-5804
-5792
-5780
-5780
-5774
-5778
-5774
-5766
-5754
-5742
-5740
-5738
-5736
-5738
-5734
-5724
-5734
-5728
-5728
-5726
-5716
-5714
-5710
-5714
-5722
-5718
-5708
-5698
-5696
-5684
-5680
-5676
-5666
-5660
-5650
-5640
-5630
-5620
-5618
-5624
-5616
-5608
-5604
-5600
-5594
-5586
-5582
-5572
-5568
-5560
-5564
-5556
-5552
-5544
-5534
-5540
-5534
-5534
-5530
-5534
-5540
-5540
-5522
-5514
-5512
-5502
-5498
-5496
-5496
-5494
-5490
-5480
-5480
-5478
-5476
-5468
-5468
-5464
-5460
-5460
-5454
-5452
-5452
-5440
-5430
-5416
-5400
-5392
-5396
-5404
-5392
-5392
-5386
-5384
-5384
-5374
-5364
-5358
-5356
-5354
-5354
-5344
-5332
-5330
-5328
-5322
-5320
-5312
-5312
-5304
-5310
-5312
-5314
-5308
-5306
-5298
-5300
-5294
-5284
-5272
-5266
-5262
-5258
-5246
-5244
-5242
-5240
-5244
-5240
-5236
-5242
-5240
-5240
-5228
-5232
-5234
-5236
-5226
-5224
-5232
-5226
-5216
-5212
-5206
-5208
-5206
-5206
-5194
-5194
-5206
-5198
-5194
-5184
-5184
-5178
-5164
-5158
-5160
-5154
-5144
-5150
-5150
-5154
-5154
-5148
-5142
-5132
-5122
-5122
-5116
-5114
-5114
-5102
-5108
-5098
-5092
-5084
-5074
-5070
-5064
-5064
-5060
-5054
-5046
-5038
-5032
-5034
-5032
-5038
-5040
-5036
-5030
-5032
-5022
-5026
-5028
-5026
-5020
-5028
-5018
-5022
-5016
-5018
-5016
-5008
-5008
-5002
-4996
-4994
-4982
-4976
-4966
-4960
-4956
-4956
-4948
-4944
-4940
-4934
-4924
-4920
-4914
-4906
-4902
-4908
-4900
-4900
-4900
-4892
-4892
-4890
-4886
-4880
-4880
-4878
-4876
-4884
-4882
-4872
-4868
-4868
-4860
-4850
-4850
-4842
-4834
-4824
-4816
-4802
-4798
-4794
-4790
-4788
-4784
-4780
-4780
-4782
-4784
-4774
-4776
-4768
-4762
-4766
-4766
-4766
-4768
-4762
-4752
-4756
-4752
-4744
-4732
-4734
-4728
-4728
-4732
-4726
-4716
-4708
-4702
-4690
-4686
-4676
-4670
-4662
-4664
-4660
-4658
-4658
-4644
-4644
-4642
-4642
-4636
-4632
-4630
-4622
-4618
-4616
-4608
-4604
-4592
-4584
-4574
-4564
-4554
-4542
-4538
-4538
-4524
-4524
-4530
-4524
-4522
-4524
-4524
-4518
-4522
-4514
-4508
-4504
-4496
-4494
-4490
-4484
-4480
-4470
-4468
-4462
-4456
-4448
-4446
-4448
-4448
-4450
-4442
-4446
-4446
-4436
-4434
-4434
-4432
-4430
-4422
-4422
-4412
-4408
-4398
-4408
-4416
-4414
-4412
-4414
-4412
-4402
-4410
-4408
-4406
-4406
-4408
-4394
-4384
-4378
-4370
-4358
-4342
-4344
-4338
-4328
-4334
-4340
-4334
-4326
-4316
-4308
-4302
-4296
-4290
-4278
-4264
-4258
-4252
-4244
-4238
-4238
-4230
-4222
-4216
-4218
-4218
-4220
-4208
-4202
-4204
-4196
-4200
-4194
-4196
-4202
-4204
-4198
-4188
-4182
-4176
-4174
-4180
-4176
-4184
-4180
-4178
-4178
-4184
-4184
-4172
-4160
-4164
-4160
-4150
-4152
-4162
-4154
-4158
-4152
-4156
-4150
-4142
-4132
-4134
-4136
-4134
-4128
-4128
-4128
-4128
-4124
-4126
-4132
-4130
-4120
-4126
-4110
-4108
-4102
-4100
-4102
-4108
-4098
-4102
-4104
-4104
-4104
-4104
-4096
-4086
-4076
-4072
-4074
-4068
-4072
-4070
-4068
-4068
-4056
-4050
-4050
-4048
-4044
-4038
-4040
-4028
-4024
-4020
-4016
-4024
-4016
-4008
-3996
-3998
-4000
-3996
-3982
-3982
-3978
-3980
-3980
-3978
-3972
-3966
-3954
-3952
-3944
-3934
-3930
-3936
-3940
-3930
-3924
-3930
-3930
-3936
-3926
-3922
-3926
-3912
-3908
-3894
-3888
-3884
-3876
-3868
-3868
-3872
-3868
-3870
-3866
-3862
-3850
-3842
-3840
-3836
-3824
-3828
-3828
-3816
-3806
-3806
-3800
-3786
-3786
-3780
-3770
-3770
-3768
-3764
-3762
-3760
-3748
-3736
-3734
-3734
-3746
-3740
-3748
-3746
-3746
-3746
-3744
-3740
-3732
-3736
-3736
-3734
-3734
-3722
-3718
-3720
-3710
-3708
-3702
-3694
-3692
-3682
-3688
-3686
-3682
-3680
-3670
-3672
-3660
-3662
-3660
-3654
-3658
-3652
-3652
-3650
-3652
-3648
-3640
-3628
-3622
-3624
-3622
-3618
-3618
-3604
-3608
-3602
-3594
-3598
-3592
-3596
-3588
-3582
-3578
-3578
-3570
-3572
-3564
-3570
-3574
-3576
-3566
-3572
-3562
-3560
-3562
-3568
-3576
-3578
-3576
-3574
-3568
-3568
-3566
-3574
-3572
-3568
-3560
-3558
-3562
-3556
-3562
-3552
-3542
-3540
-3536
-3538
-3536
-3538
-3538
-3534
-3536
-3540
-3534
-3526
-3518
-3510
-3504
-3496
-3500
-3500
-3494
-3500
-3488
-3490
-3484
-3488
-3490
-3496
-3486
-3478
-3472
-3466
-3462
-3458
-3454
-3450
-3440
-3434
-3432
-3430
-3424
-3426
-3426
-3430
-3438
-3446
-3448
-3448
-3446
-3440
-3432
-3430
-3420
-3428
-3424
-3424
-3420
-3420
-3424
-3416
-3420
-3418
-3414
-3408
-3408
-3408
-3404
-3398
-3396
-3394
-3384
-3382
-3388
-3388
-3380
-3384
-3388
-3394
-3384
-3384
-3376
-3370
-3360
-3356
-3360
-3364
-3362
-3358
-3352
-3348
-3348
-3344
-3346
-3348
-3348
-3352
-3344
-3338
-3330
-3340
-3334
-3340
-3338
-3338
-3324
-3316
-3318
-3312
-3314
-3302
-3300
-3300
-3294
-3288
-3288
-3290
-3288
-3284
-3278
-3272
-3270
-3268
-3260
-3264
-3260
-3262
-3258
-3258
-3252
-3250
-3244
-3246
-3242
-3240
-3236
-3244
-3236
-3240
-3242
-3240
-3244
-3230
-3230
-3224
-3214
-3206
-3196
-3186
-3186
-3178
-3186
-3184
-3182
-3176
-3170
-3170
-3170
-3178
-3166
-3156
-3148
-3140
-3140
-3140
-3140
-3138
-3134
-3130
-3124
-3120
-3122
-3118
-3114
-3106
-3108
-3108
-3118
-3114
-3116
-3112
-3118
-3110
-3102
-3094
-3098
-3094
-3098
-3090
-3086
-3078
-3076
-3066
-3062
-3050
-3052
-3050
-3046
-3054
-3056
-3052
-3054
-3052
-3044
-3044
-3046
-3042
-3038
-3032
-3030
-3032
-3032
-3030
-3026
-3018
-3016
-3012
-3016
-3016
-3004
-3002
-2996
-2990
-2986
-2988
-2980
-2984
-2980
-2972
-2966
-2962
-2960
-2960
-2964
-2960
-2954
-2954
-2958
-2960
-2960
-2960
-2960
-2952
-2946
-2940
-2942
-2950
-2958
-2958
-2956
-2952
-2950
-2952
-2952
-2952
-2940
-2934
-2926
-2914
-2912
-2906
-2906
-2908
-2906
-2910
-2902
-2898
-2904
-2904
-2902
-2904
-2904
-2900
-2900
-2898
-2890
-2896
-2900
-2902
-2902
-2902
-2902
-2894
-2886
-2888
-2888
-2894
-2892
-2890
-2892
-2890
-2890
-2886
-2876
-2884
-2868
-2854
-2858
-2854
-2852
-2850
-2844
-2836
-2842
-2834
-2836
-2832
-2842
-2830
-2818
-2820
-2822
-2812
-2812
-2800
-2790
-2798
-2790
-2780
-2780
-2768
-2756
-2760
-2754
-2744
-2734
-2732
-2730
-2736
-2734
-2722
-2724
-2722
-2722
-2710
-2708
-2704
-2704
-2690
-2690
-2694
-2684
-2690
-2682
-2694
-2706
-2696
-2700
-2706
-2700
-2694
-2692
-2696
-2698
-2688
-2700
-2684
-2682
-2688
-2686
-2678
-2672
-2672
-2662
-2666
-2666
-2664
-2656
-2650
-2666
-2664
-2666
-2664
-2652
-2638
-2630
-2634
-2632
-2628
-2618
-2620
-2616
-2622
-2624
-2628
-2628
-2632
-2630
-2638
-2636
-2626
-2634
-2640
-2634
-2634
-2630
-2628
-2620
-2614
-2618
-2618
-2616
-2622
-2616
-2622
-2608
-2600
-2600
-2592
-2586
-2582
-2578
-2584
-2590
-2590
-2590
-2574
-2586
-2586
-2586
-2586
-2588
-2578
-2578
-2568
-2574
-2576
-2582
-2580
-2576
-2578
-2582
-2584
-2582
-2578
-2580
-2584
-2576
-2582
-2582
-2580
-2580
-2582
-2584
-2578
-2586
-2582
-2588
-2580
-2574
-2564
-2564
-2566
-2568
-2568
-2564
-2560
-2548
-2538
-2534
-2530
-2536
-2530
-2526
-2516
-2524
-2516
-2512
-2514
-2514
-2506
-2498
-2504
-2496
-2498
-2486
-2482
-2480
-2488
-2492
-2478
-2478
-2480
-2482
-2492
-2486
-2484
-2476
-2480
-2474
-2470
-2466
-2460
-2460
-2454
-2450
-2458
-2444
-2440
-2444
-2452
-2438
-2438
-2442
-2432
-2432
-2428
-2426
-2422
-2418
-2420
-2420
-2422
-2426
-2428
-2430
-2430
-2432
-2428
-2426
-2418
-2408
-2414
-2418
-2414
-2404
-2406
-2410
-2400
-2400
-2394
-2388
-2384
-2378
-2380
-2374
-2374
-2374
-2372
-2360
-2358
-2354
-2348
-2350
-2350
-2350
-2348
-2344
-2340
-2332
-2334
-2320
-2324
-2326
-2316
-2306
-2304
-2312
-2318
-2324
-2328
-2320
-2314
-2310
-2308
-2310
-2306
-2310
-2312
-2306
-2304
-2306
-2306
-2302
-2304
-2292
-2288
-2282
-2282
-2284
-2278
-2274
-2282
-2286
-2282
-2274
-2270
-2262
-2262
-2264
-2256
-2264
-2264
-2272
-2270
-2262
-2262
-2256
-2258
-2252
-2262
-2258
-2258
-2254
-2254
-2262
-2270
-2266
-2258
-2260
-2256
-2246
-2250
-2260
-2262
-2262
-2268
-2266
-2256
-2252
-2252
-2244
-2238
-2238
-2238
-2236
-2238
-2230
-2238
-2236
-2226
-2228
-2220
-2220
-2220
-2210
-2208
-2208
-2204
-2198
-2200
-2198
-2198
-2186
-2184
-2186
-2190
-2184
-2176
-2176
-2166
-2172
-2166
-2158
-2162
-2162
-2158
-2156
-2160
-2156
-2152
-2148
-2144
-2138
-2140
-2130
-2130
-2130
-2132
-2142
-2148
-2150
-2154
-2138
-2142
-2130
-2136
-2128
-2128
-2122
-2126
-2118
-2114
-2120
-2116
-2114
-2108
-2104
-2098
-2090
-2092
-2084
-2078
-2078
-2074
-2070
-2072
-2074
-2078
-2086
-2082
-2080
-2078
-2090
-2082
-2084
-2084
-2082
-2092
-2100
-2106
-2094
-2096
-2096
-2090
-2092
-2094
-2092
-2082
-2072
-2070
-2074
-2074
-2066
-2068
-2056
-2048
-2042
-2034
-2034
-2024
-2028
-2030
-2024
-2024
-2018
-2010
-2010
-2014
-2014
-2004
-1992
-1986
-1986
-1980
-1984
-1992
-1986
-1988
-1976
-1974
-1976
-1978
-1982
-1986
-1984
-1982
-1984
-1988
-1994
-1998
-2002
-2006
-2010
-2006
-1994
-1996
-1994
-1994
-2002
-1992
-1988
-1990
-1982
-1980
-1974
-1972
-1966
-1966
-1956
-1950
-1956
-1954
-1958
-1956
-1952
-1956
-1948
-1942
-1940
-1934
-1932
-1934
-1934
-1926
-1920
-1920
-1922
-1924
-1924
-1936
-1928
-1930
-1924
-1914
-1914
-1916
-1904
-1902
-1902
-1910
-1910
-1906
-1906
-1904
-1904
-1894
-1892
-1886
-1880
-1876
-1872
-1874
-1876
-1880
-1870
-1880
-1878
-1878
-1872
-1876
-1870
-1864
-1864
-1860
-1854
-1854
-1852
-1842
-1836
-1844
-1844
-1838
-1840
-1838
-1838
-1836
-1838
-1832
-1830
-1824
-1826
-1832
-1826
-1826
-1818
-1822
-1814
-1818
-1808
-1810
-1802
-1804
-1802
-1804
-1806
-1812
-1814
-1814
-1810
-1810
-1810
-1802
-1802
-1804
-1802
-1800
-1788
-1778
-1768
-1772
-1778
-1778
-1780
-1778
-1774
-1764
-1762
-1754
-1754
-1760
-1760
-1760
-1756
-1756
-1748
-1746
-1736
-1728
-1730
-1730
-1734
-1732
-1724
-1724
-1730
-1724
-1724
-1718
-1708
-1710
-1700
-1704
-1708
-1700
-1698
-1702
-1700
-1702
-1702
-1702
-1696
-1700
-1704
-1708
-1700
-1702
-1696
-1690
-1682
-1682
-1674
-1668
-1672
-1680
-1684
-1680
-1682
-1680
-1684
-1676
-1672
-1662
-1662
-1660
-1648
-1654
-1656
-1652
-1650
-1650
-1652
-1650
-1644
-1652
-1654
-1648
-1648
-1644
-1636
-1632
-1640
-1642
-1638
-1632
-1640
-1648
-1644
-1642
-1646
-1636
-1644
-1646
-1642
-1644
-1640
-1640
-1636
-1636
-1640
-1634
-1642
-1634
-1636
-1624
-1632
-1638
-1638
-1632
-1628
-1632
-1638
-1638
-1628
-1632
-1628
-1628
-1624
-1626
-1622
-1622
-1626
-1616
-1612
-1610
-1616
-1620
-1624
-1624
-1620
-1622
-1616
-1620
-1624
-1624
-1630
-1630
-1630
-1644
-1644
-1642
-1638
-1646
-1644
-1648
-1652
-1646
-1650
-1642
-1650
-1652
-1652
-1656
-1660
-1650
-1652
-1650
-1644
-1646
-1642
-1642
-1638
-1642
-1636
-1626
-1622
-1620
-1628
-1626
-1624
-1616
-1614
-1606
-1604
-1608
-1596
-1596
-1596
-1594
-1598
-1588
-1580
-1576
-1574
-1564
-1558
-1566
-1572
-1582
-1578
-1586
-1580
-1578
-1586
-1582
-1578
-1576
-1574
-1566
-1562
-1560
-1556
-1566
-1570
-1564
-1562
-1552
-1554
-1546
-1556
-1564
-1558
-1560
-1562
-1570
-1578
-1576
-1578
-1570
-1572
-1564
-1558
-1558
-1556
-1554
-1548
-1540
-1554
-1550
-1536
-1524
-1524
-1530
-1536
-1546
-1546
-1536
-1532
-1526
-1536
-1534
-1538
-1532
-1530
-1526
-1518
-1514
-1510
-1512
-1510
-1512
-1506
-1502
-1506
-1496
-1504
-1492
-1490
-1480
-1490
-1488
-1494
-1490
-1486
-1480
-1488
-1486
-1492
-1490
-1484
-1476
-1472
-1474
-1480
-1490
-1494
-1502
-1492
-1492
-1490
-1490
-1484
-1482
-1480
-1478
-1474
-1468
-1464
-1464
-1460
-1458
-1448
-1438
-1444
-1436
-1430
-1434
-1436
-1430
-1424
-1428
-1428
-1432
-1420
-1414
-1426
-1430
-1424
-1420
-1422
-1422
-1422
-1416
-1412
-1414
-1412
-1404
-1406
-1406
-1402
-1400
-1398
-1390
-1382
-1376
-1370
-1362
-1362
-1360
-1362
-1358
-1352
-1344
-1346
-1346
-1338
-1330
-1330
-1332
-1330
-1322
-1318
-1310
-1308
-1294
-1296
-1296
-1296
-1292
-1278
-1278
-1282
-1278
-1276
-1274
-1272
-1280
-1282
-1274
-1270
-1274
-1268
-1258
-1248
-1240
-1242
-1252
-1252
-1256
-1250
-1254
-1252
-1258
-1252
-1250
-1244
-1238
-1238
-1236
-1230
-1232
-1234
-1238
-1242
-1238
-1238
-1236
-1226
-1228
-1224
-1216
-1214
-1218
-1214
-1216
-1216
-1218
-1218
-1220
-1222
-1226
-1222
-1220
-1220
-1218
-1208
-1204
-1202
-1194
-1196
-1198
-1198
-1196
-1200
-1204
-1202
-1198
-1208
-1206
-1204
-1210
-1210
-1210
-1208
-1210
-1210
-1208
-1212
-1216
-1220
-1220
-1210
-1208
-1204
-1198
-1196
-1198
-1194
-1200
-1212
-1222
-1232
-1240
-1240
-1240
-1236
-1238
-1232
-1232
-1236
-1234
-1234
-1226
-1220
-1228
-1232
-1226
-1232
-1236
-1232
-1226
-1216
-1216
-1218
-1218
-1216
-1212
-1208
-1206
-1196
-1196
-1192
-1192
-1190
-1186
-1182
-1180
-1186
-1192
-1186
-1190
-1190
-1180
-1190
-1188
-1190
-1196
-1192
-1202
-1208
-1196
-1192
-1190
-1192
-1192
-1182
-1178
-1174
-1182
-1190
-1178
-1180
-1180
-1172
-1172
-1178
-1182
-1192
-1184
-1180
-1180
-1176
-1166
-1170
-1170
-1156
-1160
-1170
-1166
-1172
-1160
-1158
-1164
-1168
-1158
-1162
-1162
-1164
-1158
-1146
-1142
-1134
-1134
-1136
-1130
-1130
-1136
-1138
-1126
-1130
-1126
-1114
-1114
-1114
-1112
-1106
-1118
-1108
-1102
-1104
-1098
-1086
-1090
-1084
-1074
-1070
-1066
-1070
-1066
-1064
-1064
-1068
-1066
-1082
-1076
-1076
-1060
-1058
-1052
-1048
-1056
-1054
-1054
-1050
-1042
-1040
-1038
-1044
-1050
-1038
-1032
-1030
-1036
-1024
-1022
-1020
-1026
-1026
-1026
-1030
-1030
-1026
-1036
-1028
-1024
-1026
-1014
-1012
-1008
-1010
-1008
-1004
-1008
-1010
-1002
-1008
-1012
-1010
-1012
-1012
-1012
-1012
-1008
-1010
-1012
-1012
-1016
-1008
-1004
-1000
-1000
-994
-1008
-996
-982
-976
-976
-974
-968
-966
-968
-968
-978
-978
-974
-966
-966
-960
-966
-964
-968
-970
-968
-974
-974
-982
-986
-982
-992
-982
-972
-970
-966
-972
-976
-972
-980
-984
-976
-978
-978
-978
-982
-978
-970
-960
-958
-958
-952
-950
-952
-948
-944
-948
-942
-940
-940
-936
-934
-936
-936
-932
-932
-936
-928
-930
-936
-932
-936
-940
-942
-948
-938
-936
-934
-932
-918
-918
-914
-910
-908
-902
-892
-892
-896
-894
-886
-878
-890
-888
-892
-886
-892
-894
-888
-896
-888
-886
-882
-878
-874
-872
-868
-864
-866
-862
-862
-862
-870
-864
-864
-862
-858
-854
-854
-858
-866
-860
-854
-856
-858
-852
-848
-850
-856
-852
-854
-850
-848
-856
-838
-834
-830
-828
-834
-828
-826
-822
-820
-824
-820
-812
-808
-808
-800
-802
-792
-792
-798
-786
-782
-778
-778
-778
-774
-772
-778
-770
-762
-762
-750
-754
-754
-748
-754
-756
-758
-752
-746
-744
-752
-744
-744
-738
-740
-748
-746
-738
-742
-742
-736
-730
-726
-718
-720
-726
-722
-722
-718
-720
-716
-720
-726
-726
-726
-722
-716
-722
-724
-724
-708
-710
-712
-698
-690
-690
-704
-694
-694
-694
-700
-698
-694
-696
-700
-698
-688
-684
-688
-690
-694
-682
-684
-672
-670
-670
-674
-674
-668
-668
-662
-664
-656
-654
-656
-660
-662
-666
-662
-654
-654
-648
-644
-642
-644
-644
-642
-634
-624
-624
-628
-636
-644
-642
-646
-642
-648
-644
-646
-652
-664
-664
-666
-656
-654
-648
-652
-650
-656
-656
-646
-646
-656
-654
-654
-656
-654
-654
-652
-654
-654
-660
-656
-656
-666
-676
-676
-674
-682
-688
-678
-676
-674
-666
-662
-656
-644
-640
-636
-626
-624
-618
-618
-620
-610
-612
-620
-620
-628
-624
-630
-636
-636
-636
-634
-638
-634
-636
-636
-628
-624
-624
-606
-608
-610
-608
-608
-612
-602
-602
-600
-600
-604
-596
-596
-602
-600
-602
-598
-596
-590
-598
-604
-610
-610
-608
-610
-606
-604
-608
-604
-608
-614
-618
-612
-612
-620
-620
-614
-606
-602
-602
-588
-580
-582
-574
-576
-582
-578
-574
-574
-582
-592
-594
-590
-596
-592
-594
-590
-594
-590
-592
-590
-582
-584
-580
-566
-566
-570
-574
-574
-572
-572
-564
-566
-572
-574
-578
-580
-592
-592
-592
-592
-582
-576
-582
-580
-582
-570
-572
-580
-580
-580
-590
-588
-594
-608
-616
-614
-614
-618
-614
-616
-618
-618
-630
-634
-630
-622
-620
-622
-622
-618
-606
-608
-604
-600
-596
-596
-600
-594
-598
-596
-586
-594
-592
-594
-606
-604
-600
-602
-594
-588
-594
-586
-590
-590
-584
-578
-572
-566
-568
-570
-568
-570
-560
-560
-552
-550
-554
-564
-560
-552
-558
-552
-548
-546
-542
-552
-544
-540
-532
-524
-524
-530
-532
-534
-538
-532
-528
-518
-510
-506
-506
-516
-516
-518
-518
-522
-522
-518
-524
-518
-518
-510
-512
-516
-512
-520
-526
-528
-520
-516
-512
-514
-504
-502
-492
-484
-482
-476
-480
-472
-468
-456
-460
-460
-464
-468
-468
-472
-468
-470
-472
-466
-454
-454
-450
-450
-454
-452
-456
-452
-450
-450
-450
-448
-454
-454
-444
-450
-454
-448
-444
-432
-426
-430
-428
-422
-422
-420
-418
-412
-412
-406
-412
-412
-404
-402
-396
-390
-384
-386
-384
-380
-382
-384
-394
-400
-398
-396
-404
-400
-392
-390
-390
-380
-378
-376
-382
-382
-386
-380
-380
-364
-364
-364
-356
-360
-350
-348
-354
-354
-368
-376
-380
-376
-370
-378
-372
-372
-376
-384
-382
-380
-376
-376
-372
-382
-378
-364
-348
-354
-344
-354
-348
-342
-348
-348
-354
-348
-352
-356
-352
-356
-362
-354
-360
-356
-354
-344
-334
-324
-324
-330
-320
-316
-314
-312
-304
-304
-304
-300
-306
-306
-298
-296
-294
-286
-286
-286
-288
-278
-280
-272
-266
-270
-256
-252
-250
-248
-242
-240
-232
-234
-238
-238
-232
-244
-234
-234
-226
-234
-224
-224
-218
-216
-212
-216
-218
-224
-218
-206
-202
-206
-208
-212
-202
-202
-208
-202
-208
-210
-210
-214
-206
-212
-204
-216
-220
-226
-218
-214
-208
-208
-218
-208
-218
-222
-224
-224
-238
-242
-238
-238
-236
-230
-222
-216
-212
-210
-208
-204
-210
-212
-214
-216
-216
-216
-220
-226
-226
-226
-224
-226
-216
-216
-210
-204
-208
-208
-202
-206
-204
-210
-204
-192
-190
-186
-184
-184
-194
-200
-194
-194
-196
-198
-194
-204
-204
-212
-210
-212
-214
-220
-216
-214
-212
-210
-204
-210
-214
-222
-228
-218
-222
-216
-216
-208
-212
-214
-208
-206
-196
-204
-200
-194
-194
-198
-204
-214
-226
-234
-236
-238
-244
-242
-250
-252
-254
-264
-262
-260
-260
-256
-250
-244
-238
-246
-242
-244
-236
-224
-228
-222
-208
-200
-196
-192
-186
-188
-190
-194
-192
-200
-202
-200
-198
-196
-194
-194
-198
-196
-196
-196
-196
-188
-190
-200
-200
-198
-186
-184
-176
-182
-170
-166
-158
-154
-150
-148
-156
-150
-150
-152
-148
-154
-158
-164
-164
-170
-174
-178
-182
-182
-174
-168
-174
-166
-166
-164
-164
-156
-152
-152
-152
-164
-162
-156
-158
-150
-148
-152
-154
-152
-150
-146
-136
-142
-140
-142
-144
-136
-136
-134
-132
-136
-136
-138
-144
-146
-144
-140
-134
-134
-130
-122
-130
-130
-124
-132
-118
-122
-116
-112
-112
-122
-124
-122
-122
-120
-120
-124
-126
-130
-124
-120
-124
-124
-120
-118
-110
-110
-102
-102
-104
-102
-92
-98
-100
-102
-108
-106
-112
-112
-112
-108
-116
-114
-108
-100
-102
-102
-100
-116
-104
-104
-100
-98
-110
-114
-116
-116
-112
-110
-108
-106
-108
-110
-112
-106
-112
-112
-118
-120
-126
-118
-112
-110
-110
-108
-108
-108
-104
-108
-108
-106
-104
-104
-104
-108
-106
-116
-124
-128
-118
-110
-114
-118
-114
-116
-112
-124
-116
-124
-124
-134
-132
-132
-134
-138
-150
-148
-148
-150
-148
-150
-156
-152
-146
-142
-144
-140
-138
-144
-150
-150
-152
-152
-160
-170
-170
-164
-162
-168
-158
-156
-158
-154
-156
-152
-146
-140
-132
-128
-122
-130
-118
-120
-122
-120
-120
-116
-118
-112
-120
-118
-116
-104
-106
-114
-108
-104
-106
-100
-102
-100
-96
-96
-94
-100
-102
-102
-98
-86
-92
-92
-90
-94
-108
-114
-114
-114
-102
-96
-88
-90
-88
-92
-84
-88
-80
-84
-80
-74
-76
-70
-74
-68
-60
-54
-56
-56
-50
-56
-56
-58
-62
-62
-64
-68
-60
-54
-50
-50
-52
-46
-44
-38
-32
-30
-26
-22
-16
-20
-20
-20
-26
-24
-28
-40
-28
-28
-26
-20
-22
-18
-16
-24
-28
-32
-36
-44
-52
-48
-40
-44
-36
-24
-16
-20
-22
-22
-12
-2
4
0
0
4
8
2
6
10
22
14
24
32
32
24
32
24
30
30
32
26
24
26
34
28
24
14
26
22
22
22
8
2
2
2
8
-2
-4
-6
-6
-2
0
6
4
-8
-2
-8
-4
-4
-10
-2
8
18
22
26
34
44
52
58
60
56
62
52
48
62
68
60
58
62
66
72
78
68
66
68
68
78
78
68
64
66
62
64
66
66
66
76
80
88
84
88
98
102
108
110
116
118
130
130
122
130
128
124
134
136
134
126
130
128
126
118
126
126
118
122
128
124
116
114
112
110
114
116
118
122
126
132
126
130
134
124
132
142
152
152
160
158
162
166
166
166
176
178
180
178
170
170
160
164
174
180
176
180
188
196
198
194
190
202
202
200
202
208
204
210
206
204
202
202
206
212
222
222
224
228
234
228
226
234
240
248
252
248
252
252
260
254
258
256
264
258
266
266
264
268
260
258
252
254
256
256
264
264
262
258
250
244
250
250
258
262
268
262
264
270
262
262
268
268
274
276
272
278
282
276
268
272
276
274
264
262
268
266
262
254
248
248
258
262
260
258
260
254
244
252
250
258
254
256
260
262
264
268
270
266
268
270
260
268
268
274
268
268
276
260
264
258
254
250
262
256
246
254
256
254
256
258
254
250
250
254
254
254
258
258
258
258
264
262
262
262
264
264
258
262
258
248
246
252
250
254
254
246
244
246
242
240
238
230
238
234
242
234
228
218
218
222
226
230
222
224
230
236
230
224
232
232
236
240
246
246
244
246
256
272
276
282
278
286
280
276
272
274
290
290
290
292
288
290
288
286
282
284
288
294
288
280
282
288
286
292
296
296
302
308
296
304
300
306
316
318
322
324
324
326
320
318
314
308
310
318
304
312
312
304
300
308
308
300
304
314
314
324
320
320
314
314
308
306
304
302
300
296
288
290
286
284
282
280
280
282
284
284
292
288
282
280
274
270
270
268
274
278
286
292
286
290
290
290
304
302
296
306
306
296
288
288
290
290
280
284
286
290
284
286
292
298
296
290
288
290
290
284
288
300
298
302
310
320
324
326
326
330
338
330
320
326
338
344
340
352
354
350
352
350
354
348
346
348
338
340
338
336
336
326
330
332
324
328
332
328
332
330
342
354
350
342
338
340
342
326
324
320
324
330
318
324
326
330
332
348
344
334
342
344
342
334
330
330
324
334
332
328
318
312
312
316
316
322
320
326
326
332
330
326
326
320
316
312
314
314
308
310
312
318
320
322
318
330
322
324
324
330
326
328
326
326
334
338
338
340
332
330
332
332
330
334
322
326
324
322
318
328
324
322
326
320
328
336
344
346
354
352
352
350
358
362
354
352
356
362
360
370
370
372
376
374
370
376
368
366
362
368
370
366
362
366
366
366
364
374
374
372
370
372
370
372
370
370
366
362
366
366
364
368
368
364
360
358
366
354
360
358
356
366
370
362
360
366
374
368
366
368
362
370
370
370
366
370
374
372
374
370
370
378
380
376
364
356
354
352
354
362
370
368
360
366
376
372
368
372
358
362
356
348
342
340
330
328
318
318
324
326
324
322
334
326
326
326
324
328
324
324
320
326
328
332
330
324
322
320
326
324
328
324
330
330
330
338
338
340
346
346
346
348
344
340
340
336
332
332
344
348
352
354
346
350
348
348
336
328
328
328
314
312
308
316
322
318
320
318
314
318
314
320
318
312
318
312
316
322
324
324
332
326
324
320
316
320
320
312
312
310
322
324
328
334
328
332
326
332
336
336
332
332
332
332
338
336
342
346
350
356
362
368
358
356
354
354
350
366
374
384
384
382
382
372
368
370
362
364
348
340
336
338
338
342
336
336
326
326
326
326
330
334
334
334
324
330
326
328
328
328
324
324
326
322
320
312
310
308
310
316
324
322
322
322
326
324
322
322
318
318
314
302
308
302
302
300
306
308
322
334
336
326
328
324
320
310
306
306
306
306
298
308
300
302
296
298
294
300
300
294
300
298
298
298
302
298
294
298
292
304
308
302
296
296
298
304
294
300
298
302
294
298
302
300
298
294
296
298
296
290
292
296
286
282
280
278
286
288
284
286
282
280
284
272
268
266
264
260
260
264
272
276
264
262
254
256
250
252
258
264
260
278
274
270
264
260
266
272
272
272
268
274
274
278
284
278
278
284
282
282
274
280
288
296
302
302
300
300
302
306
302
302
302
306
306
314
308
314
318
318
312
316
320
326
322
328
320
324
320
318
318
326
326
334
336
332
332
334
332
330
334
334
334
330
330
322
312
310
310
296
296
294
296
296
296
300
294
294
300
302
304
308
302
312
314
318
326
322
330
328
336
320
316
318
316
306
304
310
314
318
312
318
326
326
330
332
328
328
334
338
350
352
356
344
352
360
370
360
356
362
368
370
378
380
386
390
392
394
398
406
408
412
416
424
428
434
428
426
432
430
428
432
438
446
456
458
458
456
456
456
448
454
460
452
454
452
458
458
466
476
468
458
460
456
458
458
466
466
460
470
478
482
470
480
482
482
484
490
488
484
484
484
478
476
474
474
470
464
460
458
464
472
470
476
470
476
478
474
478
488
482
492
492
486
494
488
482
474
472
478
480
486
484
484
484
478
486
490
494
492
488
494
494
486
490
478
472
462
456
462
452
448
444
448
454
456
462
460
456
462
466
466
472
474
476
486
486
488
494
494
494
494
498
504
496
496
498
504
504
510
502
492
492
484
484
480
484
478
482
488
486
484
486
482
490
478
480
478
488
494
496
496
498
494
488
496
494
498
506
498
504
504
494
504
504
498
500
496
494
490
488
484
482
476
470
468
468
466
460
464
468
472
474
476
470
464
456
460
464
452
444
450
452
448
442
436
442
440
440
434
426
420
416
412
426
416
422
416
418
404
404
410
406
398
396
400
404
404
402
398
400
400
398
394
406
398
394
390
392
396
394
392
398
400
400
396
396
392
394
396
408
406
416
422
422
422
418
428
430
434
440
436
434
434
442
442
440
434
436
440
434
438
442
432
436
444
444
446
440
440
442
446
450
452
456
464
460
452
454
460
462
458
458
460
460
464
458
454
458
456
456
460
464
462
462
456
456
450
448
442
450
446
440
434
438
444
434
442
436
430
432
434
424
426
436
440
440
438
432
434
420
416
404
400
410
414
416
424
428
436
430
430
432
436
428
428
422
424
420
418
420
428
426
434
430
430
424
428
430
430
432
438
438
446
440
442
444
444
448
446
442
452
450
448
446
440
432
432
428
422
424
428
422
416
422
412
418
410
402
402
408
406
410
414
412
414
414
410
410
422
428
424
420
414
412
416
426
424
422
420
422
428
420
410
410
410
414
422
422
424
426
428
426
426
422
422
422
406
420
418
420
420
418
416
428
436
442
442
440
444
440
438
442
438
438
448
448
444
442
436
440
430
422
424
430
432
434
436
432
432
428
428
422
424
432
428
424
422
420
418
414
408
410
416
410
414
410
418
422
420
420
426
432
424
424
428
422
422
422
420
426
438
432
428
426
436
430
416
418
414
414
424
438
430
438
434
432
430
432
424
428
440
442
438
440
450
452
448
452
452
450
452
448
446
456
458
458
456
448
446
448
456
448
444
448
444
458
446
442
436
436
428
424
432
426
428
430
430
430
434
436
436
430
436
434
432
432
426
424
418
420
418
420
414
412
408
408
406
402
392
392
394
390
398
380
372
362
368
368
362
370
366
372
374
382
372
376
374
382
382
370
358
352
360
376
378
374
384
390
384
384
378
378
370
366
366
364
358
358
352
350
354
354
350
356
354
358
364
358
362
354
354
344
336
346
344
344
342
330
332
332
338
344
342
350
350
358
348
340
338
340
342
348
348
342
348
350
352
352
356
352
338
336
330
330
334
334
340
338
338
342
350
350
350
354
356
356
362
360
358
346
350
348
338
342
346
342
348
346
344
342
340
340
332
334
344
340
346
352
346
342
334
334
330
330
326
332
338
340
336
340
332
332
346
342
350
354
354
354
356
356
356
340
342
336
336
342
342
338
346
348
350
350
346
350
348
342
336
330
332
326
332
322
324
318
308
310
318
316
318
310
298
294
298
298
296
294
306
296
290
288
288
292
292
290
286
276
276
278
278
272
272
270
270
276
276
274
280
278
286
292
290
288
294
288
280
284
290
298
302
298
302
294
296
304
304
304
302
306
310
314
306
316
314
316
320
318
316
324
312
312
314
316
320
320
322
318
310
316
324
328
332
328
324
320
326
326
330
344
340
340
342
338
334
334
338
340
340
348
346
346
340
338
338
340
336
340
342
344
340
336
338
330
326
322
318
314
312
310
312
300
304
304
310
310
308
304
310
312
324
324
322
326
330
320
320
312
322
330
346
350
356
364
376
370
364
362
366
362
360
362
364
370
382
374
374
374
376
378
378
374
384
382
384
376
380
380
380
380
378
376
374
384
384
378
374
366
358
356
364
368
378
380
378
370
372
366
370
364
376
372
372
364
362
370
376
378
378
382
386
376
380
376
372
368
362
366
356
358
364
364
356
350
360
358
356
360
358
362
350
348
352
356
358
358
348
348
348
356
366
368
368
374
374
370
362
360
358
358
362
358
348
348
350
348
344
338
338
350
348
350
346
346
346
346
338
338
338
340
348
354
352
354
358
358
356
360
360
356
348
352
354
352
354
348
344
350
354
366
364
362
366
370
372
372
368
372
372
368
368
364
364
364
374
378
382
378
386
392
382
390
386
384
390
390
384
380
380
380
374
368
376
374
378
376
376
380
380
386
380
376
370
370
366
364
370
364
368
360
360
364
372
372
372
366
372
364
372
374
380
388
392
388
394
402
410
416
404
404
404
410
408
402
406
398
402
398
398
398
408
402
408
418
428
426
426
432
426
420
420
420
418
428
432
430
422
422
420
422
426
420
412
416
412
412
414
410
408
400
400
400
404
406
402
410
410
412
416
408
408
410
408
406
398
400
400
392
386
386
386
374
374
380
384
388
388
390
396
396
396
402
406
412
400
402
404
414
420
428
424
426
422
428
432
438
436
426
430
426
426
430
420
412
414
414
420
420
420
428
428
430
420
420
418
416
412
412
408
408
410
408
406
392
404
412
412
412
410
410
400
404
412
414
418
416
414
398
394
394
392
382
372
370
374
368
370
366
368
368
378
378
382
376
384
396
404
408
416
422
424
414
410
404
400
398
388
384
384
386
388
382
380
382
382
386
390
390
388
386
384
392
386
380
376
378
384
384
382
382
390
384
380
370
368
366
366
364
364
354
354
352
350
356
358
366
368
370
364
360
360
358
360
352
352
356
358
368
366
366
360
358
354
358
360
362
366
364
370
368
358
362
360
366
368
360
370
370
372
370
368
364
364
362
366
370
368
374
372
370
360
370
368
380
372
378
380
372
378
378
382
388
392
392
384
386
388
384
384
384
394
400
404
410
412
424
424
408
404
398
398
400
406
406
394
386
390
398
410
410
410
404
404
406
408
422
430
432
434
434
444
454
444
438
440
442
440
444
446
454
454
452
446
452
454
450
440
438
436
428
428
424
428
428
426
434
434
420
410
406
402
402
400
406
410
408
402
402
414
408
402
404
408
406
404
404
404
406
402
406
410
410
408
408
414
416
424
430
420
426
432
430
422
424
432
434
434
438
440
448
452
458
458
450
454
454
458
452
452
450
450
452
460
452
452
450
448
452
450
452
454
448
448
444
444
444
444
440
448
442
442
440
432
428
434
432
436
440
444
454
454
454
454
440
432
440
442
446
448
454
454
450
448
448
444
438
442
448
452
444
440
440
436
432
442
440
436
430
422
422
424
426
428
432
426
434
436
436
428
428
420
408
406
406
406
420
422
414
412
406
402
404
406
400
402
404
398
392
394
394
394
394
390
388
394
392
394
406
414
420
422
428
428
436
436
436
444
444
448
448
450
438
434
436
432
444
442
436
436
434
428
422
420
418
416
416
418
418
422
418
420
420
410
410
408
404
398
402
398
388
390
388
392
406
402
406
406
406
408
416
422
414
412
422
422
418
420
410
408
406
404
408
408
408
402
402
406
408
408
410
402
408
412
408
410
412
410
412
406
396
396
394
388
390
392
388
386
378
370
372
382
386
386
392
392
398
390
380
378
376
370
374
372
364
356
348
348
348
348
348
346
346
354
354
362
364
358
368
378
384
380
382
388
388
398
398
390
392
392
398
404
400
396
392
396
398
396
392
398
388
388
390
388
380
372
366
362
354
356
358
364
362
370
368
364
360
354
360
358
358
354
360
360
354
354
354
370
360
356
362
368
368
370
370
362
362
362
358
362
358
358
366
370
360
358
360
362
366
370
362
370
370
378
388
396
386
382
392
402
408
404
404
398
400
402
398
404
400
402
402
398
402
404
400
398
394
400
398
400
394
392
386
384
386
380
372
376
372
374
362
360
368
376
372
376
368
368
374
382
376
376
366
376
370
372
370
368
374
378
376
378
380
372
372
378
386
392
392
390
390
388
386
376
386
386
390
396
388
382
376
372
380
378
378
372
370
372
378
384
382
386
392
392
388
382
388
378
378
382
376
372
366
368
372
374
374
376
372
372
370
370
376
378
378
374
374
372
370
372
370
372
374
374
372
376
372
378
376
372
372
368
374
372
374
376
378
380
380
378
376
372
380
384
390
386
382
380
376
378
380
366
360
356
362
364
364
356
350
356
362
348
346
348
346
342
336
332
320
324
324
330
328
324
330
336
336
342
332
324
338
334
336
330
336
326
334
324
334
324
334
338
346
344
352
356
344
344
348
352
352
354
364
364
370
372
366
368
364
366
368
368
372
380
378
378
378
382
382
382
384
378
378
382
386
384
388
388
396
396
394
408
408
416
408
406
410
422
418
430
432
440
434
430
428
428
428
420
424
426
428
430
424
420
422
422
424
426
424
426
432
430
428
432
434
426
432
432
440
440
450
448
440
450
440
430
428
428
428
432
424
424
424
426
428
420
428
428
430
432
438
436
436
434
434
438
436
450
452
460
458
446
448
454
440
432
440
444
444
436
436
436
432
442
448
444
438
436
438
434
434
438
434
432
426
430
420
420
422
424
422
416
414
418
416
410
410
404
414
412
410
410
414
418
420
428
434
438
438
440
446
448
464
474
476
474
472
480
482
492
492
492
488
496
492
490
486
486
494
500
500
492
484
486
486
492
500
486
486
490
488
482
484
486
488
492
498
502
496
504
506
508
508
512
506
500
500
500
500
486
484
488
496
494
488
476
472
468
452
452
456
466
466
458
462
466
472
470
476
474
476
476
474
482
474
482
490
486
502
502
502
508
518
520
516
512
508
508
502
502
502
500
492
484
486
486
486
484
488
486
488
480
474
478
480
482
480
478
484
476
466
460
462
458
464
460
462
468
478
470
466
470
460
450
458
460
464
470
484
484
488
490
494
492
486
496
494
492
490
490
492
494
494
498
494
492
492
492
494
486
486
502
498
498
498
496
496
502
504
504
514
516
518
520
524
522
518
522
524
520
514
514
516
520
520
520
524
520
520
514
500
500
506
502
508
502
508
512
508
502
502
490
486
484
484
476
486
490
490
482
482
482
482
482
474
482
488
488
478
484
486
488
500
496
498
504
512
516
514
512
506
508
502
502
494
490
496
488
496
490
476
478
488
488
474
480
482
470
468
470
470
466
466
460
458
456
458
462
464
458
464
460
462
456
456
456
456
458
456
456
464
468
480
476
478
472
476
480
478
482
480
478
478
486
492
480
486
478
484
488
486
486
492
488
488
480
476
476
468
472
462
456
450
448
444
454
460
460
462
470
478
486
480
486
488
486
488
482
492
492
482
484
486
488
488
478
486
492
498
500
502
498
492
486
486
490
490
492
488
486
480
476
474
468
468
476
478
474
472
470
478
482
478
486
484
484
490
482
486
486
488
486
486
480
486
490
490
484
476
478
486
486
494
486
494
500
504
512
510
506
500
500
502
502
502
510
514
512
510
510
506
514
518
514
506
500
510
510
508
508
510
518
510
508
510
506
506
506
506
508
504
510
512
514
522
510
506
500
498
496
500
498
508
514
510
514
508
504
494
504
506
516
522
522
514
520
528
522
524
512
502
514
508
518
510
516
506
506
502
508
506
508
508
516
510
504
502
496
488
490
488
496
502
496
492
488
480
480
480
482
478
484
484
474
474
468
466
464
468
470
478
474
476
474
486
480
474
476
474
478
476
488
494
478
478
488
496
494
498
498
498
500
508
512
508
496
500
516
520
520
522
520
516
512
518
506
500
502
494
494
500
494
496
488
496
494
496
496
504
508
506
494
498
506
498
500
492
498
498
494
494
498
490
492
496
500
504
498
494
492
494
500
510
508
506
498
496
498
506
504
502
508
512
506
502
496
488
482
482
480
476
464
460
452
450
448
446
454
456
452
456
460
460
456
454
448
452
450
458
468
470
468
464
468
466
470
468
468
468
466
474
476
484
480
482
474
470
470
472
474
470
468
464
458
452
456
464
468
464
456
458
454
452
454
454
440
444
444
450
444
450
450
448
442
442
448
448
450
446
446
454
454
456
448
460
470
462
474
474
476
478
478
484
490
496
490
494
494
496
502
506
494
496
492
490
500
506
506
508
518
512
516
520
520
516
508
516
528
534
538
540
550
552
554
548
540
540
536
544
548
552
556
554
550
548
554
564
568
558
564
552
552
562
564
570
572
576
584
588
588
588
582
582
576
566
566
572
568
562
572
576
578
586
590
586
588
594
596
600
602
602
602
596
598
598
594
584
584
582
576
572
586
584
592
602
598
596
590
598
596
596
598
588
592
586
582
570
574
576
574
572
572
