-2623
-2615
-2615
-2615
-2611
-2607
-2597
-2587
-2583
-2577
-2571
-2563
-2553
-2553
-2551
-2551
-2539
-2539
-2529
-2525
-2525
-2525
-2511
-2501
-2501
-2497
-2493
-2489
-2479
-2469
-2455
-2449
-2443
-2431
-2421
-2421
-2417
-2411
-2411
-2405
-2391
-2383
-2375
-2373
-2375
-2365
-2357
-2353
-2343
-2335
-2329
-2333
-2319
-2311
-2311
-2309
-2301
-2299
-2299
-2291
-2291
-2299
-2289
-2283
-2277
-2273
-2273
-2269
-2263
-2249
-2243
-2235
-2221
-2215
-2205
-2201
-2191
-2187
-2183
-2185
-2175
-2165
-2157
-2157
-2151
-2143
-2139
-2123
-2107
-2097
-2085
-2075
-2075
-2071
-2069
-2065
-2057
-2065
-2065
-2051
-2039
-2031
-2023
-2015
-2003
-1995
-1983
-1979
-1977
-1983
-1975
-1969
-1955
-1945
-1941
-1939
-1941
-1943
-1939
-1939
-1925
-1921
-1923
-1917
-1905
-1899
-1897
-1887
-1889
-1883
-1873
-1863
-1855
-1841
-1833
-1831
-1831
-1835
-1829
-1829
-1829
-1821
-1827
-1821
-1817
-1813
-1805
-1791
-1783
-1775
-1777
-1769
-1769
-1773
-1779
-1771
-1765
-1759
-1745
-1739
-1731
-1727
-1719
-1709
-1707
-1707
-1699
-1689
-1679
-1689
-1681
-1679
-1679
-1673
-1677
-1671
-1665
-1665
-1655
-1647
-1653
-1651
-1653
-1647
-1647
-1639
-1627
-1621
-1623
-1615
-1607
-1609
-1595
-1593
-1585
-1581
-1585
-1581
-1579
-1569
-1559
-1571
-1565
-1553
-1545
-1535
-1531
-1529
-1527
-1525
-1519
-1521
-1521
-1517
-1511
-1499
-1493
-1487
-1487
-1487
-1479
-1475
-1463
-1451
-1453
-1449
-1443
-1431
-1431
-1427
-1419
-1413
-1419
-1417
-1415
-1415
-1415
-1405
-1411
-1415
-1405
-1401
-1399
-1399
-1389
-1381
-1371
-1365
-1349
-1353
-1351
-1351
-1345
-1345
-1343
-1335
-1335
-1327
-1327
-1317
-1319
-1323
-1317
-1307
-1299
-1305
-1303
-1295
-1291
-1285
-1273
-1279
-1277
-1265
-1265
-1263
-1263
-1261
-1251
-1235
-1231
-1233
-1229
-1235
-1239
-1237
-1237
-1241
-1231
-1221
-1219
-1217
-1215
-1203
-1199
-1189
-1191
-1183
-1173
-1167
-1155
-1157
-1149
-1159
-1159
-1159
-1153
-1157
-1157
-1169
-1163
-1161
-1157
-1157
-1157
-1157
-1155
-1151
-1151
-1143
-1143
-1133
-1123
-1121
-1115
-1109
-1111
-1109
-1107
-1095
-1089
-1081
-1075
-1071
-1071
-1071
-1077
-1079
-1075
-1079
-1077
-1073
-1071
-1069
-1063
-1069
-1067
-1061
-1053
-1051
-1051
-1047
-1047
-1047
-1045
-1035
-1029
-1021
-1025
-1033
-1025
-1013
-1013
-1005
-997
-987
-983
-985
-983
-979
-967
-957
-951
-945
-945
-939
-927
-925
-933
-931
-931
-935
-929
-925
-921
-921
-911
-901
-885
-879
-869
-871
-871
-867
-869
-871
-871
-871
-869
-865
-865
-865
-867
-875
-881
-887
-875
-871
-871
-867
-861
-861
-865
-865
-869
-869
-863
-863
-863
-859
-865
-865
-861
-859
-855
-851
-845
-845
-847
-847
-847
-847
-843
-847
-847
-845
-835
-833
-831
-823
-817
-817
-809
-813
-813
-817
-821
-815
-803
-801
-801
-795
-789
-785
-779
-777
-771
-777
-773
-783
-775
-763
-763
-755
-755
-745
-737
-739
-731
-729
-729
-729
-723
-719
-715
-711
-705
-709
-703
-691
-685
-681
-687
-683
-675
-669
-673
-667
-667
-663
-653
-643
-637
-637
-635
-625
-621
-623
-615
-613
-613
-613
-611
-609
-599
-605
-599
-601
-595
-593
-593
-587
-585
-573
-559
-557
-555
-549
-553
-553
-543
-535
-537
-537
-535
-535
-533
-525
-525
-531
-535
-529
-523
-523
-517
-515
-515
-511
-505
-521
-515
-503
-503
-499
-495
-495
-489
-477
-473
-469
-473
-477
-475
-463
-459
-455
-459
-459
-453
-445
-433
-433
-433
-435
-433
-431
-431
-433
-423
-423
-415
-405
-391
-393
-387
-387
-381
-381
-375
-383
-389
-383
-373
-373
-375
-383
-381
-377
-375
-375
-369
-367
-373
-371
-369
-361
-365
-365
-361
-371
-365
-367
-367
-359
-365
-369
-365
-357
-357
-349
-349
-349
-343
-331
-327
-327
-325
-325
-329
-327
-331
-321
-313
-319
-319
-311
-307
-309
-313
-313
-313
-313
-311
-313
-321
-311
-311
-315
-319
-315
-327
-321
-321
-321
-325
-317
-321
-315
-319
-323
-313
-315
-315
-315
-323
-321
-315
-317
-315
-305
-297
-291
-293
-293
-297
-293
-295
-299
-295
-295
-295
-287
-285
-281
-271
-267
-263
-257
-257
-257
-263
-261
-261
-269
-273
-271
-267
-259
-259
-261
-253
-249
-243
-239
-239
-225
-227
-221
-223
-225
-227
-227
-227
-215
-209
-211
-199
-199
-189
-189
-187
-185
-177
-181
-183
-181
-181
-181
-173
-171
-171
-167
-167
-161
-159
-159
-153
-141
-137
-135
-133
-137
-139
-137
-133
-135
-141
-141
-139
-137
-137
-143
-143
-143
-147
-147
-147
-139
-137
-139
-137
-143
-145
-145
-137
-135
-133
-133
-129
-131
-129
-121
-115
-117
-109
-111
-119
-119
-119
-119
-131
-125
-131
-129
-125
-129
-133
-129
-135
-121
-123
-121
-119
-113
-109
-103
-101
-95
-97
-97
-105
-87
-89
-93
-95
-87
-81
-77
-77
-81
-79
-79
-79
-81
-77
-81
-77
-75
-77
-77
-77
-73
-71
-65
-59
-59
-53
-51
-55
-45
-51
-59
-61
-57
-51
-51
-47
-45
-33
-19
-13
-15
-11
-15
-9
-17
-15
-17
-17
-13
-11
-15
-13
-7
5
7
9
9
11
19
19
21
17
13
5
5
3
3
-7
-9
-9
-13
-21
-15
-9
-21
-27
-23
-17
-25
-21
-13
-15
-15
-7
-3
-1
-7
5
15
25
15
15
15
17
17
17
25
31
31
31
29
29
35
33
21
21
23
29
39
43
33
39
39
39
51
47
53
41
45
43
43
51
53
53
55
59
53
47
49
33
29
25
25
21
17
5
-1
3
7
5
9
5
-3
-1
-5
-5
3
3
3
7
5
-3
3
1
7
5
-1
13
13
13
17
15
9
5
5
1
-1
3
3
5
5
7
9
9
3
3
3
3
7
1
-5
-1
1
7
1
3
9
17
21
21
25
25
17
11
17
23
23
25
31
31
33
29
25
41
45
49
49
55
57
63
71
71
67
71
67
57
49
47
45
45
45
45
41
39
35
33
33
25
23
17
25
25
33
43
29
29
35
35
33
31
31
25
35
35
33
25
33
37
33
33
37
29
23
19
17
23
21
23
23
27
31
27
37
31
35
39
43
37
41
41
43
37
29
31
31
33
33
35
45
45
31
31
37
35
45
51
51
43
55
65
73
73
71
85
81
79
79
73
73
79
81
81
85
67
55
55
51
39
45
47
55
49
49
53
51
61
61
65
69
69
63
53
53
45
47
49
49
55
55
57
61
65
67
59
55
49
49
47
43
43
33
25
31
35
45
45
51
59
61
49
41
39
35
33
39
37
39
41
41
43
37
31
31
25
25
21
23
25
25
27
31
21
23
33
25
25
29
29
27
19
29
35
33
33
33
21
11
17
15
25
29
29
29
21
27
33
29
27
21
23
17
19
19
13
13
21
15
13
13
15
5
-5
-5
-5
-13
-15
-9
-9
-11
-11
-13
-7
-7
-7
-11
-3
-1
-3
-1
7
7
1
-3
-13
-7
-7
-5
-15
-19
-17
-13
-7
-7
-11
-19
-25
-31
-27
-29
-31
-25
-15
-11
-11
-23
-25
-17
-15
-23
-23
-15
-13
-13
-7
-3
1
-11
-7
-11
-13
-15
-15
-7
-5
3
3
7
1
-3
-3
-5
-1
-3
-7
-5
-11
-13
-5
-3
-3
-3
1
13
15
19
25
27
29
33
33
35
35
35
33
33
31
37
37
39
41
51
51
59
55
59
55
55
57
61
71
73
69
63
55
53
45
43
45
41
41
51
51
59
63
63
65
61
55
63
61
69
65
65
73
71
59
69
71
79
79
75
73
67
67
67
63
57
65
59
57
59
59
59
53
57
67
61
53
47
51
53
53
53
55
61
55
51
55
53
45
39
37
41
37
37
37
39
39
31
37
39
43
49
47
51
43
43
43
35
31
35
47
43
43
51
51
53
53
55
59
61
67
67
63
63
53
53
45
45
51
43
35
33
37
33
33
39
47
33
29
31
31
37
29
27
39
39
45
47
33
29
29
21
13
9
9
5
5
7
7
5
3
3
1
3
5
7
7
7
7
7
5
-1
-3
-3
3
-5
-13
-21
-7
-1
-1
11
3
-1
-9
-3
7
21
19
31
29
29
23
23
27
21
13
5
9
1
5
11
11
7
5
7
-3
3
1
-1
-5
-11
-19
-19
-27
-29
-29
-31
-31
-31
-27
-31
-19
-21
-23
-23
-23
-25
-29
-17
-13
-3
-11
-3
7
3
3
-3
-1
-5
-7
-13
-19
-19
-21
-15
-9
-17
-23
-31
-31
-31
-39
-45
-39
-49
-49
-43
-47
-45
-47
-47
-45
-55
-61
-61
-57
-69
-75
-79
-75
-75
-75
-71
-83
-81
-79
-75
-77
-79
-75
-81
-75
-75
-71
-65
-51
-53
-63
-53
-37
-37
-31
-27
-27
-39
-33
-41
-41
-41
-37
-29
-27
-29
-31
-23
-31
-31
-23
-25
-29
-33
-31
-31
-31
-21
-13
-13
-15
-15
-11
-5
3
7
1
1
3
1
-3
1
1
-1
1
1
1
1
3
3
-5
-5
9
9
9
7
9
3
5
5
9
9
17
23
35
35
39
37
37
43
43
43
41
41
49
41
45
47
45
41
47
49
39
39
27
29
23
29
37
39
45
45
45
49
49
49
49
49
43
47
49
49
57
65
69
69
69
69
61
63
67
59
63
61
57
59
59
59
59
61
69
75
79
79
89
97
97
97
89
93
107
113
117
115
113
113
119
121
131
133
135
137
133
133
125
129
129
125
125
127
123
119
121
125
109
111
117
117
121
113
105
91
85
83
91
91
91
91
91
91
93
91
89
81
85
85
85
83
83
81
81
85
93
97
97
97
99
89
85
85
77
77
85
87
95
85
93
91
87
89
81
79
67
65
67
73
73
73
61
63
57
53
65
73
67
65
69
69
71
83
83
95
97
101
105
107
103
107
107
109
111
113
113
117
121
119
121
123
131
127
121
127
123
131
133
131
119
121
117
113
113
113
113
107
109
115
115
125
117
127
129
123
113
121
121
121
121
129
129
129
127
127
127
133
143
137
141
127
119
119
117
117
119
121
123
117
115
115
111
115
113
113
107
107
107
97
93
95
95
95
101
105
109
107
107
99
97
97
97
93
91
91
93
87
81
81
83
93
89
87
99
103
113
121
127
125
131
127
131
127
129
117
119
111
111
105
99
95
103
105
105
101
99
93
87
89
89
81
73
73
73
79
81
75
85
83
83
83
69
59
57
55
49
51
49
51
55
51
47
45
47
49
49
49
45
39
41
37
35
35
35
37
39
45
55
59
53
57
65
69
73
75
83
83
79
87
89
91
89
95
95
103
105
111
113
111
111
111
115
121
123
115
109
109
109
101
95
99
101
91
91
91
87
87
97
103
111
111
109
121
117
113
123
113
113
117
123
135
135
141
147
153
157
157
157
159
155
157
157
155
163
167
167
163
169
169
171
171
175
169
163
153
149
149
149
155
155
155
163
161
163
163
163
169
171
169
173
165
175
175
173
173
169
169
159
167
171
171
175
181
185
185
181
175
171
177
165
161
169
169
165
171
167
161
165
165
159
159
167
159
155
157
157
157
157
151
155
151
153
153
155
161
165
161
171
177
173
167
159
163
163
157
157
145
149
149
149
145
149
147
147
147
147
139
137
127
121
123
123
119
117
121
119
113
111
115
121
121
127
127
139
143
145
149
153
151
147
143
143
145
137
135
141
139
141
139
129
127
127
127
121
129
133
133
133
137
135
129
131
129
135
127
133
131
139
135
129
119
125
117
129
133
133
133
123
119
129
123
125
115
113
113
103
91
89
89
93
99
95
93
93
99
97
99
91
87
87
89
91
87
87
81
89
91
91
89
89
91
89
85
87
87
83
75
63
61
53
55
55
57
65
55
67
63
63
67
77
77
77
67
75
81
77
81
89
89
89
105
105
107
113
107
103
99
95
99
97
99
91
91
91
91
101
105
105
99
95
97
97
95
95
99
95
91
93
87
87
89
89
93
95
87
83
77
69
67
67
73
73
79
79
85
85
81
89
95
101
95
97
95
89
97
91
91
93
93
91
93
93
93
93
93
95
95
97
103
111
103
101
101
95
99
95
89
91
91
97
93
101
103
105
105
99
93
93
103
107
105
107
105
101
107
101
105
107
109
105
107
115
105
95
99
87
87
83
89
83
77
77
75
79
79
79
77
81
89
91
91
85
83
75
77
83
99
97
105
99
97
91
95
101
101
97
105
103
101
101
99
95
89
95
97
103
101
101
105
105
109
107
107
113
113
123
121
121
113
113
113
119
121
113
105
105
103
111
117
117
127
127
125
129
129
139
139
145
153
153
157
159
153
153
155
151
149
147
137
137
129
131
131
135
141
133
135
141
141
141
137
147
151
149
157
155
157
157
163
167
165
165
159
159
161
165
173
183
185
177
165
165
165
165
167
167
161
163
163
165
163
167
165
167
169
175
179
175
169
163
163
163
165
175
175
173
173
169
165
165
173
177
177
179
189
189
187
179
179
177
181
181
183
175
173
173
181
181
169
169
173
165
163
159
147
145
149
153
157
157
157
153
151
153
151
155
155
151
143
151
137
147
145
143
143
129
135
127
115
117
121
125
119
111
103
97
93
85
91
91
79
65
67
75
69
69
71
77
79
77
75
81
91
85
85
85
83
79
79
79
79
83
87
95
89
93
93
95
93
93
91
83
93
99
93
93
85
85
87
89
85
91
97
105
99
95
101
105
113
113
109
113
105
107
111
115
115
117
109
111
103
101
105
99
101
101
103
99
99
99
101
103
93
105
105
113
109
95
91
89
89
89
95
95
95
97
101
91
87
91
93
91
95
87
85
87
89
87
89
85
77
77
75
71
61
63
59
61
61
55
57
53
57
55
63
67
59
59
55
47
39
41
43
41
51
51
51
51
51
47
39
43
33
39
41
41
47
39
33
33
29
37
37
37
25
27
21
13
13
19
21
19
11
17
17
19
25
25
21
29
23
31
35
29
23
21
29
33
35
29
29
37
37
35
43
33
33
27
19
17
29
27
33
33
33
31
31
27
31
23
35
35
31
37
39
55
49
49
55
55
53
55
63
61
57
65
59
53
57
55
59
51
45
41
51
51
57
59
47
41
33
33
39
39
39
39
45
43
45
51
51
51
49
45
47
37
39
33
31
29
29
31
31
31
17
9
9
5
17
17
11
17
17
13
19
13
13
21
19
21
33
35
31
31
29
31
29
37
37
37
41
51
43
41
45
49
51
51
53
51
51
61
67
65
63
63
79
79
75
77
71
69
67
61
57
67
69
75
77
63
63
73
73
63
75
79
81
81
77
75
71
61
63
59
73
73
79
79
81
89
95
99
95
95
95
95
103
103
105
107
119
121
119
117
111
109
113
107
97
97
103
107
111
105
111
101
101
101
103
103
101
99
109
109
115
123
129
129
139
129
131
127
123
125
123
125
129
123
119
119
123
135
141
145
143
139
139
135
137
137
127
123
131
133
127
129
119
123
121
119
119
127
129
135
121
115
105
107
113
117
109
107
109
99
97
103
109
107
107
99
109
109
101
99
95
95
95
101
97
95
93
97
99
97
97
97
97
97
95
97
93
83
83
83
75
69
79
87
93
93
93
87
85
83
89
87
87
95
103
107
107
105
105
103
93
91
91
91
95
95
87
89
91
89
85
85
89
83
81
77
77
83
79
81
75
75
75
69
63
63
61
65
65
69
71
71
83
89
89
85
89
89
87
77
69
67
65
71
71
83
81
81
79
83
87
79
83
81
79
79
71
77
89
93
101
101
95
89
85
89
85
85
91
95
101
101
87
83
81
83
81
79
79
79
75
67
67
63
65
63
53
49
47
47
47
43
37
25
21
19
11
9
15
9
13
11
13
15
11
5
-1
-9
-11
-13
1
-5
-9
-3
-5
-1
-1
-5
-3
9
15
15
9
5
1
5
11
5
1
1
7
15
23
19
15
21
25
27
41
39
43
41
41
33
33
41
41
49
39
37
31
35
33
39
41
51
45
47
35
35
35
35
35
43
49
41
47
55
57
53
55
57
59
59
53
49
45
31
31
25
21
25
23
27
23
21
25
31
33
29
23
23
29
33
33
31
35
33
31
37
37
37
35
31
43
33
35
37
29
33
41
47
53
57
63
63
57
61
67
67
71
61
65
59
61
67
67
75
63
61
61
59
63
71
69
71
69
75
85
85
87
91
91
91
91
87
89
89
89
93
99
103
103
89
89
93
91
83
77
81
77
71
73
77
75
83
81
85
85
75
77
77
81
81
79
83
87
87
91
93
95
93
91
99
101
99
95
101
101
101
95
95
93
91
91
89
91
91
79
81
85
89
89
87
89
87
83
97
93
97
99
99
101
97
97
99
99
107
111
113
111
111
115
113
109
115
119
117
115
129
125
125
127
127
121
127
121
125
125
129
133
137
143
141
145
145
141
145
147
137
145
145
149
147
147
147
151
147
147
147
147
153
155
149
149
147
151
151
151
153
153
159
159
159
157
161
153
155
145
147
151
151
149
147
149
153
149
143
139
129
127
127
127
133
135
137
137
125
127
129
133
137
141
145
141
139
135
135
137
139
139
139
141
141
151
151
149
151
143
145
145
139
141
145
137
139
131
137
149
151
147
149
147
149
149
153
151
159
161
169
163
173
165
163
169
169
169
173
171
175
177
175
175
175
173
179
179
179
191
191
193
195
195
193
189
189
189
181
187
179
177
173
173
163
161
167
169
161
155
159
151
151
153
147
153
149
149
153
159
155
157
153
153
145
139
151
153
157
159
155
151
153
159
159
159
161
159
159
157
165
165
161
157
157
159
167
171
161
161
155
149
137
133
137
137
135
137
137
137
141
143
133
133
133
133
135
139
145
145
157
153
145
135
135
141
137
139
139
135
135
135
137
131
137
129
143
143
141
143
157
145
143
155
159
157
157
161
161
155
151
151
151
151
147
151
143
143
147
149
155
161
163
159
151
151
153
147
151
149
153
155
163
155
161
159
151
153
147
145
145
151
147
147
141
133
135
137
129
125
119
117
109
109
103
111
119
109
111
111
111
99
105
105
113
113
117
127
127
129
131
131
133
129
129
131
129
129
139
139
131
129
133
131
127
129
129
135
129
137
141
141
137
145
143
133
133
137
141
141
141
151
155
157
159
153
155
155
161
161
155
161
161
151
157
155
157
161
157
157
159
165
169
171
169
169
171
169
159
157
155
149
155
151
153
157
155
165
165
163
163
165
165
167
173
179
177
177
181
191
197
187
187
195
203
205
205
195
193
195
195
187
179
173
169
167
165
159
159
163
169
169
173
173
173
165
167
165
165
173
171
173
163
157
167
167
175
173
173
177
177
179
183
181
175
171
173
171
175
173
175
183
181
181
181
177
171
167
173
179
177
177
177
171
169
167
165
167
171
161
161
163
173
175
179
179
165
173
181
181
181
179
175
185
185
193
191
191
203
203
197
193
199
195
199
191
187
187
191
183
179
173
171
171
185
183
189
185
181
177
177
185
183
187
191
197
201
211
207
207
207
207
207
207
211
211
217
213
219
213
213
213
211
217
207
201
197
201
201
197
195
193
193
193
185
179
177
177
179
183
187
187
187
183
185
177
175
183
173
171
181
177
171
171
171
155
157
157
153
151
153
163
159
159
155
161
163
171
171
173
163
165
167
159
159
159
161
157
153
155
151
157
153
155
157
165
157
157
161
165
171
171
173
165
165
157
149
153
153
153
151
153
149
149
155
153
143
131
133
127
117
125
123
133
137
131
131
131
133
133
133
131
119
129
131
133
133
127
123
123
125
123
119
119
117
119
115
109
111
115
103
103
105
109
101
101
101
105
103
111
95
83
83
83
81
85
85
87
77
83
83
83
81
77
65
53
53
57
55
55
59
57
49
41
49
47
47
47
51
55
55
57
59
63
73
65
65
63
67
67
71
73
83
89
89
87
87
87
93
101
93
103
107
115
115
115
123
137
141
137
135
135
135
131
131
131
143
147
147
147
149
151
151
151
143
143
151
153
155
153
153
155
157
161
159
157
149
149
143
151
159
155
147
145
143
143
135
147
143
139
139
133
135
137
133
131
125
125
125
121
121
123
123
123
115
113
115
125
121
119
119
119
119
117
123
127
127
127
123
123
113
113
117
107
113
121
115
119
113
107
103
99
99
101
99
97
99
111
113
111
113
105
115
113
111
101
99
99
101
95
91
83
91
91
95
93
97
99
103
99
109
109
101
101
107
101
103
101
105
109
105
109
107
107
109
105
107
105
103
103
105
105
105
107
113
109
107
111
115
115
111
103
95
87
93
95
91
89
91
89
93
93
99
99
99
99
97
103
103
103
103
107
103
111
111
111
115
113
111
107
119
119
119
113
119
119
123
121
115
117
113
113
111
119
113
105
113
115
117
117
115
117
117
119
115
115
115
111
125
127
125
133
141
143
141
137
139
145
131
135
141
133
133
129
121
127
127
133
135
129
135
127
129
127
123
131
129
129
131
137
133
127
135
123
115
111
109
111
111
117
121
119
127
129
123
121
119
115
115
117
119
123
123
127
129
123
125
123
129
123
129
131
135
135
139
139
155
147
147
139
131
131
137
143
145
147
147
149
151
153
151
151
145
151
147
137
139
145
145
139
147
137
139
143
143
145
151
149
153
143
147
139
143
141
133
135
135
131
137
137
133
133
129
135
137
143
143
149
155
151
147
149
149
161
163
163
163
165
165
175
171
171
175
179
171
171
179
181
181
181
181
181
175
183
179
173
167
173
167
171
173
171
169
159
159
159
161
167
167
171
177
171
163
175
169
155
151
145
131
125
127
133
127
131
129
125
121
119
111
119
121
117
111
111
113
113
113
119
121
123
117
115
121
121
125
125
125
121
117
117
119
119
121
125
127
129
125
131
127
127
123
117
119
119
119
109
121
117
117
123
115
121
117
115
109
111
99
95
93
99
97
101
109
103
103
105
107
107
111
113
121
125
125
127
127
131
131
131
139
139
135
139
141
143
135
139
133
133
137
137
139
137
137
141
137
139
145
145
143
151
147
155
155
159
167
161
161
159
167
169
177
177
183
179
183
179
187
187
191
191
187
193
193
185
183
179
175
175
175
179
183
181
175
173
183
175
175
173
181
181
181
177
185
185
185
183
183
183
191
187
189
197
187
193
187
187
195
191
197
197
197
193
193
195
199
207
209
209
213
213
213
209
213
219
219
215
213
213
207
205
211
205
209
211
211
209
213
215
211
205
205
209
215
215
215
217
219
221
221
221
219
215
207
203
195
195
195
201
207
209
213
215
219
217
215
211
211
199
193
193
195
191
193
189
187
187
181
179
177
179
173
165
171
171
167
179
179
185
183
177
171
181
183
187
179
181
183
189
193
193
201
203
207
209
213
203
209
197
201
197
193
201
207
215
217
211
201
201
201
207
215
213
217
217
207
201
201
195
193
193
193
189
183
189
187
195
191
179
187
193
181
175
183
181
189
191
189
189
179
181
179
183
189
189
199
193
187
195
195
191
185
185
193
193
197
195
195
191
183
185
183
185
181
171
179
181
191
199
203
209
209
211
207
215
205
211
219
219
219
213
211
203
205
205
205
207
209
221
225
233
235
233
243
251
251
249
255
263
271
267
281
277
277
285
293
293
301
303
301
307
313
311
311
309
305
307
307
311
307
307
303
301
311
311
321
327
323
333
343
345
345
349
355
357
357
351
353
355
355
351
349
339
339
343
335
335
337
339
333
329
333
323
319
323
331
325
327
333
335
331
333
335
325
331
335
327
319
319
317
321
325
325
327
331
327
335
335
331
333
339
351
353
351
351
349
339
337
337
337
331
329
341
339
335
335
339
341
343
343
335
337
333
335
325
315
315
315
311
311
311
307
301
295
299
299
289
291
293
293
305
307
307
301
311
315
317
311
311
305
313
307
305
315
313
309
305
311
299
293
287
287
275
271
271
273
275
269
279
281
281
283
285
279
269
277
273
285
285
283
283
289
291
285
281
287
291
289
285
285
291
295
295
295
295
295
285
279
275
283
281
281
275
275
285
281
287
291
285
285
289
285
295
299
305
305
301
297
299
295
301
309
309
309
299
291
303
299
303
307
305
305
301
299
303
307
303
295
297
291
291
283
281
271
271
273
277
285
273
267
265
265
261
263
269
277
285
285
285
285
291
297
297
295
297
293
281
273
279
285
281
283
271
273
273
275
283
269
255
265
275
267
275
265
265
269
269
271
275
277
277
291
285
289
287
277
269
273
259
251
237
239
239
239
231
231
227
229
237
237
237
231
231
231
227
243
241
241
241
237
239
239
231
229
229
231
223
229
227
233
225
225
223
223
223
217
215
213
215
207
197
199
201
199
197
205
199
199
197
197
205
203
207
209
213
215
209
211
213
213
215
213
213
211
215
205
197
205
197
197
203
195
195
185
199
199
209
217
221
229
225
229
229
219
223
221
219
217
209
205
207
201
195
207
191
197
193
193
203
209
215
215
215
203
199
203
207
203
205
205
205
203
203
207
201
199
201
193
187
183
171
167
167
169
167
167
161
167
179
179
187
187
193
197
197
199
197
197
195
199
193
187
191
199
205
199
211
203
197
203
205
205
207
211
215
217
231
231
231
223
223
225
219
227
231
229
233
241
237
233
245
243
257
257
255
249
249
247
249
249
255
255
255
255
261
263
265
261
261
261
261
247
251
259
265
271
273
259
251
251
251
247
243
247
247
247
243
237
235
247
255
257
261
257
257
255
251
253
247
237
241
249
251
251
255
255
255
251
255
251
249
249
243
245
245
247
243
241
235
235
241
243
247
247
241
241
239
239
233
225
219
219
215
217
211
211
211
203
197
197
201
201
201
197
195
193
189
187
195
197
193
191
183
177
185
185
189
189
189
193
193
189
191
191
179
177
171
171
171
175
175
181
181
185
185
179
179
191
185
189
185
177
177
175
177
173
169
165
171
169
169
173
167
161
171
167
161
157
157
159
167
171
169
165
165
163
165
163
163
151
147
147
155
153
151
147
147
145
147
147
143
145
141
145
147
147
141
137
135
125
135
135
143
135
135
123
119
127
125
121
127
121
121
121
123
119
117
115
109
117
119
119
111
113
123
121
113
113
113
113
115
111
105
97
97
103
111
115
117
119
113
113
119
121
121
117
119
125
127
133
139
139
143
133
137
139
139
145
145
135
125
121
113
107
107
117
119
123
123
121
123
131
131
137
143
145
151
145
139
139
135
133
137
127
127
129
125
123
119
123
127
119
117
117
133
133
131
141
145
145
153
153
145
145
139
139
137
137
143
147
147
147
147
137
143
131
131
137
139
147
137
139
135
139
147
141
141
137
135
147
147
147
151
157
151
153
165
173
171
161
157
153
151
151
149
149
143
153
155
157
157
157
155
167
155
157
157
157
159
169
173
167
175
179
179
187
175
171
173
167
167
171
179
175
185
185
185
195
199
195
203
203
207
207
197
193
187
195
193
203
197
185
185
195
193
191
175
177
187
187
183
183
185
185
177
165
169
177
175
165
165
165
169
175
175
163
165
157
165
161
155
151
155
149
151
159
149
151
147
155
155
157
171
171
169
181
185
189
195
189
187
187
191
187
191
193
193
195
197
201
193
195
195
189
189
191
187
189
193
185
191
195
195
195
185
175
171
179
177
175
167
165
157
161
155
149
143
143
145
137
133
127
121
121
117
121
127
127
125
123
125
135
139
143
145
149
147
147
151
149
145
153
153
151
145
147
153
151
151
151
153
153
153
149
145
147
147
143
141
141
145
137
131
127
121
131
127
127
123
125
129
129
129
133
133
145
147
151
157
151
145
147
139
143
147
153
153
151
159
159
171
177
177
177
173
169
161
163
159
163
159
163
169
169
177
177
179
179
193
183
183
187
193
191
191
189
189
189
195
199
197
195
195
193
189
187
185
185
181
175
179
177
183
179
169
171
173
169
177
175
183
183
175
187
175
171
177
179
179
167
165
165
159
151
159
167
167
165
163
163
163
157
151
145
145
155
163
161
153
161
161
169
159
155
151
163
171
173
165
169
165
165
169
169
179
175
175
171
175
175
179
187
183
177
189
195
195
199
203
201
197
197
197
201
187
177
179
179
175
165
161
163
163
171
175
179
177
173
171
159
155
159
167
167
177
175
177
171
171
177
173
169
169
171
163
165
161
153
153
159
149
147
139
139
139
149
141
143
149
155
149
153
155
159
153
153
161
167
167
167
169
171
173
173
173
173
173
169
173
177
169
167
165
163
167
159
159
153
145
155
157
153
163
155
159
169
163
163
173
173
169
169
171
163
151
149
141
139
145
143
149
149
141
151
151
159
167
161
165
161
159
151
153
147
143
135
135
137
139
141
155
155
155
155
157
157
159
159
163
163
171
169
173
167
161
155
149
149
153
153
151
141
141
141
145
145
149
149
147
153
153
157
157
155
153
153
147
147
155
149
149
149
143
143
141
147
151
145
153
153
149
149
149
153
147
145
139
145
139
149
145
149
155
161
161
159
159
163
155
161
169
173
167
169
169
173
173
169
179
175
181
187
181
173
175
171
171
169
171
169
169
163
169
171
163
161
153
153
149
149
151
151
155
151
147
149
145
145
155
153
151
151
143
137
137
135
143
143
139
141
143
153
157
159
157
151
153
145
151
151
159
159
153
153
151
161
161
161
161
169
163
159
165
159
155
165
167
171
169
163
161
153
161
159
155
159
171
175
169
163
151
149
155
149
145
141
139
133
135
125
127
121
133
129
133
131
131
129
119
113
119
117
125
125
135
135
133
135
139
143
147
155
149
149
143
149
147
151
151
151
151
145
145
149
155
167
167
169
177
163
161
165
161
155
149
147
145
143
139
139
131
133
135
135
133
123
129
115
115
115
105
109
109
109
113
123
129
123
127
133
129
121
121
121
117
123
127
133
133
133
135
141
133
131
143
149
153
155
161
161
159
151
157
157
157
163
167
161
159
159
161
157
157
151
147
155
161
159
157
157
155
157
157
153
153
149
147
137
137
137
141
141
137
129
129
127
127
127
135
137
147
147
147
147
147
137
137
137
129
133
119
113
113
117
117
125
119
119
129
123
119
113
105
101
93
101
101
93
89
91
87
91
91
81
83
83
81
75
75
83
83
93
97
99
107
105
107
103
103
99
97
99
97
93
91
87
89
97
101
95
93
95
89
81
87
79
81
81
73
69
63
63
65
69
63
79
81
81
73
71
71
71
81
85
89
93
99
99
93
93
89
101
95
95
101
93
97
95
89
97
97
91
87
89
91
95
97
97
97
95
83
85
73
77
77
77
93
91
87
97
93
97
97
101
99
91
79
77
71
67
63
59
63
61
69
69
65
61
57
57
61
65
63
67
67
57
57
49
49
53
55
55
57
57
59
59
53
51
53
47
41
33
41
41
47
53
61
61
65
63
61
61
65
75
77
83
87
83
83
81
75
79
69
69
57
55
55
65
61
59
67
61
65
77
79
75
75
77
77
71
85
85
85
83
79
77
63
63
59
57
53
47
53
49
49
57
63
59
55
67
77
77
77
75
83
83
65
69
65
65
75
73
77
81
91
85
89
91
89
89
101
111
121
117
121
121
121
121
123
127
131
135
141
145
139
141
135
135
137
141
141
147
143
139
143
143
139
145
145
155
153
155
159
151
151
157
157
145
137
135
133
129
129
121
119
117
111
95
93
93
91
95
109
119
119
121
121
133
137
143
147
145
139
139
139
133
135
143
149
147
147
153
155
157
153
151
151
153
151
157
147
147
155
159
171
175
181
179
179
185
193
189
191
191
193
199
203
205
203
195
201
209
215
215
227
229
231
233
239
241
241
233
227
227
221
227
223
225
221
221
217
215
217
229
223
225
239
233
235
237
235
241
235
229
223
217
217
213
221
221
221
209
215
217
211
221
231
231
235
235
233
231
231
221
219
215
213
221
221
217
217
217
221
211
207
199
197
195
193
191
197
191
179
189
191
187
195
197
193
191
187
203
203
205
197
197
191
207
201
199
199
187
193
197
207
207
209
207
205
209
209
219
221
215
215
217
225
219
217
217
215
211
209
197
199
199
199
195
189
191
191
195
207
217
207
207
209
213
211
219
217
219
217
223
227
235
233
237
235
237
227
221
219
221
221
231
225
233
235
223
223
231
235
231
225
229
223
217
223
229
237
239
243
237
237
229
241
251
253
255
263
269
263
267
275
275
275
271
277
265
265
267
257
257
251
243
245
237
235
235
231
231
225
217
221
217
221
225
221
209
209
205
201
191
193
199
191
193
199
201
205
205
215
217
223
217
215
215
221
221
215
213
205
193
193
183
189
183
179
183
177
179
181
189
189
193
189
195
195
197
197
193
185
195
197
199
197
199
199
199
199
209
217
215
201
199
193
193
197
191
187
183
183
181
177
181
185
185
189
201
207
203
205
203
199
203
205
201
201
203
211
227
215
213
223
229
229
229
225
229
243
245
247
243
239
241
241
237
239
241
245
241
231
227
227
217
217
221
221
219
219
223
217
223
221
211
223
221
227
227
229
229
229
229
227
225
225
227
229
229
229
221
229
227
223
215
209
205
211
207
219
217
225
227
231
231
233
233
237
239
239
229
227
217
215
217
219
207
205
205
209
213
215
209
211
213
223
235
233
233
227
227
229
225
223
235
239
229
231
235
227
233
241
243
247
251
253
251
243
241
241
245
247
247
243
253
249
249
249
247
247
245
237
245
243
245
251
255
259
253
257
253
251
239
249
249
251
247
251
251
249
249
259
259
247
237
237
227
223
235
233
237
247
243
237
227
229
231
233
241
243
243
247
235
239
247
239
227
227
229
231
227
227
225
229
247
247
249
263
265
263
259
265
265
255
259
247
257
257
253
257
259
247
255
243
261
255
257
251
243
239
245
245
245
245
231
227
233
245
239
243
237
237
237
229
223
223
221
225
227
223
233
237
233
225
213
217
221
217
227
229
225
225
227
233
227
215
211
201
191
193
191
191
203
207
207
199
193
195
193
189
191
203
201
209
213
211
205
205
205
205
213
205
209
211
211
209
201
205
199
207
197
197
191
185
191
185
179
183
187
183
179
175
177
185
181
181
185
187
179
171
163
165
169
165
165
163
163
169
169
163
167
161
159
165
155
153
155
153
165
155
153
151
141
141
149
149
149
151
157
157
145
145
143
141
145
141
153
159
159
155
157
145
145
145
141
133
129
133
129
129
125
127
127
141
141
147
145
137
137
145
141
135
139
129
127
123
131
131
125
121
121
129
129
121
119
119
127
123
125
123
117
125
125
117
117
123
121
125
121
123
121
119
117
115
113
115
115
111
123
121
121
123
123
127
123
127
125
125
141
127
127
125
115
125
123
119
113
113
109
109
115
113
107
111
109
109
107
99
99
101
103
105
105
105
109
95
97
99
93
89
91
91
95
89
103
105
105
99
99
103
117
129
129
129
135
135
135
143
151
153
159
157
161
155
155
149
143
139
131
123
125
125
133
123
113
103
101
95
91
97
91
91
89
89
89
87
87
95
87
89
101
101
99
109
107
103
103
103
103
109
109
115
115
111
119
127
131
131
131
131
131
129
127
127
123
111
117
105
95
95
83
89
91
81
91
97
97
91
99
97
95
105
101
87
87
83
85
85
85
77
83
79
79
75
75
65
67
73
71
71
73
75
75
75
73
75
87
91
91
81
83
79
79
73
77
83
83
83
75
71
79
87
91
91
93
97
99
99
97
99
103
97
99
99
99
97
97
93
93
91
91
93
93
91
79
81
75
75
81
87
87
83
83
75
73
65
65
57
55
51
53
55
55
63
57
55
55
51
49
47
47
47
37
43
37
31
33
29
31
35
37
41
43
49
47
49
57
63
65
59
63
65
63
71
69
59
59
51
55
51
49
45
43
43
39
31
41
39
39
53
51
47
47
41
45
45
45
57
55
57
57
53
51
57
61
67
67
63
61
59
63
55
61
61
61
61
55
55
59
61
55
49
55
57
65
67
67
65
61
67
65
65
65
77
79
79
81
83
73
73
73
75
85
87
85
87
83
91
89
83
87
81
89
89
91
101
107
109
109
113
123
121
115
113
103
99
97
103
101
101
97
103
103
107
105
105
99
101
101
105
93
93
89
89
89
93
83
81
81
81
81
75
91
93
95
95
97
99
103
109
105
101
113
105
105
105
109
113
119
119
119
119
125
129
133
135
141
147
149
151
149
151
151
147
147
139
135
125
133
127
133
133
137
141
147
155
141
139
149
147
147
151
141
137
131
135
139
147
153
143
141
147
143
147
147
147
151
151
151
145
155
171
173
171
175
185
185
177
177
193
203
195
197
201
201
203
205
197
185
181
169
161
159
159
157
157
161
161
165
165
165
165
161
157
147
151
151
157
163
167
163
163
163
167
169
169
165
163
165
165
173
171
173
175
173
175
169
169
169
159
161
161
157
157
159
163
161
165
165
157
157
165
161
171
173
165
161
163
161
169
171
175
175
183
181
181
181
177
177
179
181
185
181
187
187
189
191
185
185
179
183
185
189
187
187
185
183
179
179
187
191
191
191
197
199
195
197
191
191
191
203
195
191
189
181
183
179
179
185
189
183
185
183
181
177
177
181
187
191
191
191
197
195
187
191
199
201
197
201
201
207
215
215
215
207
207
207
205
209
209
219
225
221
215
219
223
223
223
219
213
213
217
217
213
217
221
217
213
217
215
219
221
213
211
213
209
207
207
213
211
205
197
203
201
195
191
181
181
181
179
181
177
175
169
165
161
167
171
173
169
173
175
175
175
175
179
179
189
193
193
193
201
205
195
195
191
187
193
193
203
205
211
213
219
219
221
215
217
215
209
209
207
217
215
225
227
223
225
231
237
241
231
231
221
225
223
223
227
237
233
233
217
217
219
219
217
217
203
203
205
199
199
201
201
203
209
201
209
205
201
201
193
183
183
189
181
179
175
177
177
