-2623
-2611
-2601
-2595
-2587
-2575
-2569
-2557
-2545
-2537
-2531
-2531
-2523
-2511
-2503
-2495
-2495
-2489
-2485
-2483
-2471
-2465
-2459
-2457
-2445
-2433
-2421
-2407
-2397
-2383
-2379
-2373
-2365
-2361
-2357
-2347
-2341
-2335
-2331
-2323
-2319
-2317
-2311
-2309
-2305
-2303
-2299
-2299
-2293
-2287
-2277
-2261
-2249
-2249
-2249
-2237
-2229
-2221
-2215
-2205
-2191
-2185
-2175
-2171
-2173
-2177
-2171
-2163
-2153
-2133
-2121
-2117
-2121
-2113
-2115
-2117
-2119
-2101
-2095
-2087
-2079
-2085
-2073
-2073
-2063
-2061
-2053
-2043
-2031
-2027
-2021
-2013
-2005
-2003
-1999
-1993
-1979
-1975
-1965
-1961
-1957
-1951
-1955
-1955
-1951
-1951
-1947
-1939
-1931
-1929
-1927
-1927
-1927
-1931
-1925
-1921
-1917
-1923
-1913
-1909
-1901
-1897
-1893
-1881
-1879
-1879
-1873
-1867
-1855
-1849
-1843
-1839
-1839
-1837
-1833
-1829
-1825
-1821
-1813
-1799
-1785
-1773
-1775
-1775
-1765
-1749
-1741
-1733
-1729
-1725
-1727
-1717
-1715
-1709
-1709
-1703
-1697
-1687
-1681
-1677
-1679
-1673
-1667
-1657
-1657
-1647
-1641
-1639
-1633
-1629
-1623
-1619
-1607
-1607
-1601
-1595
-1597
-1599
-1587
-1591
-1583
-1569
-1557
-1567
-1553
-1551
-1543
-1537
-1541
-1543
-1541
-1535
-1533
-1531
-1531
-1527
-1519
-1511
-1501
-1487
-1481
-1477
-1475
-1465
-1457
-1457
-1457
-1461
-1463
-1465
-1467
-1469
-1467
-1459
-1455
-1459
-1449
-1447
-1457
-1449
-1445
-1441
-1433
-1435
-1439
-1435
-1423
-1419
-1423
-1423
-1421
-1425
-1423
-1423
-1419
-1417
-1423
-1417
-1421
-1417
-1409
-1401
-1391
-1391
-1387
-1381
-1371
-1377
-1371
-1371
-1355
-1347
-1337
-1335
-1335
-1335
-1341
-1329
-1321
-1329
-1325
-1319
-1309
-1309
-1309
-1301
-1299
-1295
-1293
-1289
-1279
-1279
-1277
-1277
-1277
-1273
-1269
-1271
-1257
-1255
-1251
-1253
-1247
-1243
-1237
-1235
-1231
-1223
-1223
-1215
-1211
-1207
-1207
-1199
-1191
-1195
-1185
-1181
-1183
-1183
-1179
-1173
-1161
-1161
-1159
-1155
-1143
-1131
-1125
-1121
-1117
-1113
-1113
-1107
-1105
-1101
-1105
-1095
-1087
-1073
-1077
-1063
-1061
-1059
-1061
-1053
-1043
-1043
-1035
-1033
-1031
-1027
-1021
-1031
-1025
-1035
-1035
-1035
-1023
-1017
-1007
-1003
-1005
-1003
-995
-983
-971
-967
-959
-955
-951
-945
-939
-933
-927
-931
-921
-929
-927
-919
-915
-917
-909
-911
-905
-907
-907
-905
-899
-889
-889
-881
-869
-871
-871
-879
-879
-867
-867
-871
-877
-871
-859
-859
-849
-851
-851
-857
-857
-851
-849
-853
-851
-847
-841
-829
-835
-835
-827
-825
-831
-827
-821
-811
-805
-805
-809
-803
-793
-793
-793
-797
-797
-787
-787
-773
-771
-769
-767
-781
-767
-769
-761
-763
-763
-765
-767
-763
-751
-753
-745
-747
-743
-739
-735
-735
-737
-735
-739
-733
-731
-719
-709
-715
-715
-711
-709
-701
-707
-697
-695
-699
-695
-689
-683
-677
-681
-689
-681
-669
-669
-661
-655
-651
-651
-657
-667
-671
-673
-675
-671
-671
-673
-667
-661
-667
-665
-655
-655
-653
-649
-645
-645
-647
-649
-639
-645
-647
-647
-639
-637
-645
-629
-631
-625
-629
-633
-621
-619
-621
-607
-599
-599
-609
-613
-615
-611
-613
-603
-607
-607
-605
-605
-613
-611
-615
-615
-623
-619
-617
-613
-613
-609
-607
-593
-599
-611
-603
-597
-597
-593
-585
-583
-583
-579
-579
-581
-575
-571
-567
-561
-569
-571
-573
-571
-571
-573
-557
-559
-559
-565
-565
-563
-557
-563
-561
-563
-559
-563
-565
-557
-555
-553
-553
-553
-551
-549
-553
-559
-563
-565
-557
-555
-547
-539
-539
-549
-539
-539
-535
-537
-523
-523
-515
-511
-513
-505
-499
-497
-495
-497
-509
-511
-509
-509
-515
-515
-519
-519
-517
-519
-519
-519
-519
-523
-519
-511
-513
-505
-503
-493
-491
-489
-505
-505
-501
-499
-495
-493
-497
-503
-495
-497
-501
-487
-485
-475
-477
-469
-473
-469
-463
-465
-467
-469
-477
-477
-475
-471
-465
-459
-449
-449
-441
-443
-441
-437
-433
-433
-433
-427
-435
-427
-429
-431
-431
-437
-435
-443
-437
-437
-445
-437
-447
-443
-437
-429
-441
-437
-437
-433
-427
-421
-417
-417
-409
-407
-403
-403
-393
-397
-397
-391
-387
-381
-377
-375
-377
-375
-367
-363
-365
-361
-355
-357
-359
-351
-349
-341
-337
-343
-353
-347
-351
-351
-351
-355
-355
-371
-371
-367
-367
-361
-353
-353
-355
-355
-353
-347
-353
-349
-351
-347
-349
-357
-357
-363
-363
-367
-375
-367
-363
-359
-353
-345
-345
-345
-351
-343
-343
-343
-337
-327
-333
-335
-329
-327
-325
-329
-323
-321
-311
-309
-305
-297
-299
-297
-303
-301
-301
-291
-283
-285
-279
-279
-279
-273
-279
-273
-273
-269
-269
-273
-263
-249
-249
-251
-249
-249
-241
-241
-237
-241
-239
-233
-237
-233
-225
-235
-229
-225
-219
-223
-225
-229
-221
-225
-227
-231
-237
-237
-229
-223
-229
-225
-217
-221
-217
-225
-227
-219
-221
-227
-227
-229
-233
-233
-237
-235
-231
-237
-241
-251
-249
-243
-243
-237
-229
-225
-231
-241
-235
-239
-247
-249
-241
-235
-235
-229
-227
-231
-223
-221
-227
-225
-221
-221
-225
-225
-225
-219
-211
-207
-199
-203
-193
-189
-189
-181
-185
-187
-185
-191
-187
-181
-181
-181
-187
-181
-173
-171
-169
-167
-167
-169
-173
-169
-171
-173
-171
-171
-171
-169
-169
-169
-177
-175
-177
-177
-175
-179
-185
-183
-185
-181
-181
-191
-195
-189
-189
-195
-185
-185
-175
-173
-161
-157
-163
-175
-169
-169
-165
-163
-157
-159
-149
-143
-141
-133
-117
-113
-121
-119
-113
-113
-111
-113
-113
-115
-111
-103
-107
-107
-115
-109
-115
-105
-107
-109
-109
-105
-103
-93
-85
-89
-87
-83
-81
-83
-89
-87
-93
-97
-95
-99
-91
-85
-87
-85
-81
-73
-73
-69
-67
-75
-83
-89
-89
-89
-91
-81
-73
-73
-79
-73
-83
-77
-81
-75
-79
-77
-73
-57
-59
-51
-49
-55
-65
-63
-75
-69
-69
-75
-85
-81
-85
-83
-87
-85
-87
-93
-87
-87
-87
-89
-89
-95
-87
-89
-91
-89
-85
-85
-89
-93
-93
-91
-93
-101
-89
-75
-81
-87
-89
-87
-87
-89
-91
-97
-93
-97
-91
-91
-99
-105
-107
-99
-89
-89
-95
-97
-103
-99
-95
-97
-95
-83
-79
-77
-73
-71
-69
-79
-77
-71
-75
-71
-61
-59
-59
-63
-63
-71
-79
-79
-81
-83
-75
-75
-71
-81
-85
-73
-73
-75
-71
-79
-73
-75
-67
-69
-73
-83
-79
-85
-79
-77
-87
-87
-79
-73
-81
-79
-81
-83
-83
-87
-83
-81
-75
-85
-79
-77
-79
-87
-85
-85
-77
-77
-73
-69
-69
-77
-69
-73
-63
-61
-59
-59
-61
-55
-55
-53
-49
-49
-49
-53
-55
-53
-53
-61
-57
-57
-57
-61
-57
-57
-67
-61
-57
-57
-57
-47
-49
-47
-51
-53
-57
-51
-47
-51
-43
-39
-45
-51
-59
-51
-49
-45
-39
-37
-33
-43
-51
-57
-55
-55
-45
-47
-51
-45
-45
-47
-39
-29
-23
-27
-23
-23
-23
-17
-27
-25
-29
-35
-33
-33
-37
-37
-39
-33
-31
-35
-37
-21
-21
-23
-15
-21
-25
-17
-17
-25
-23
-17
-17
-17
-19
-17
-17
-29
-19
-19
-19
-25
-31
-29
-31
-25
-15
-11
-15
-17
-9
-5
5
9
1
-1
5
-5
-7
-15
-15
-11
-13
-15
-21
-11
-13
-11
-9
-9
-15
-9
-15
-17
-21
-29
-29
-33
-29
-33
-37
-43
-47
-45
-45
-35
-35
-35
-33
-31
-23
-27
-25
-33
-35
-29
-25
-23
-19
-13
-3
1
1
3
11
7
5
7
15
15
11
3
1
1
-7
-9
-13
-13
-15
-21
-21
-23
-17
-17
-13
-3
-11
-13
-3
-3
9
5
7
7
1
7
7
13
15
9
1
5
11
11
7
9
3
-7
-7
-13
-13
-13
-15
-13
-5
-11
-15
-17
-3
-9
-9
-3
3
11
3
15
11
17
27
29
41
41
39
35
27
23
27
27
35
41
49
53
55
59
65
69
71
79
67
65
69
73
69
67
65
61
55
53
55
63
71
71
67
69
61
67
67
73
67
67
73
73
81
81
65
65
77
81
73
71
65
59
57
57
61
61
59
59
57
65
69
69
73
69
61
55
53
59
69
69
71
67
75
77
79
81
77
63
65
67
67
69
69
61
57
57
53
63
65
65
57
51
49
49
49
55
51
53
55
49
53
55
49
53
55
55
41
37
35
23
17
27
29
27
23
21
23
13
13
19
11
7
-5
-5
-11
-11
-9
-15
-9
-13
-19
-27
-31
-27
-33
-29
-23
-27
-35
-41
-49
-41
-47
-49
-49
-49
-53
-61
-63
-63
-65
-59
-59
-65
-63
-69
-63
-67
-67
-67
-67
-67
-73
-67
-61
-61
-63
-73
-71
-67
-65
-63
-57
-55
-61
-57
-65
-53
-57
-63
-57
-61
-65
-59
-57
-57
-51
-45
-47
-49
-45
-45
-39
-31
-31
-23
-23
-31
-25
-25
-25
-19
-13
-15
-3
-5
1
1
-1
-1
11
11
5
21
19
19
27
31
25
19
27
25
25
33
33
29
35
43
43
35
35
27
27
19
15
11
17
13
15
21
13
15
15
19
17
7
-3
-3
3
3
9
5
-3
-13
-15
-5
1
-3
3
1
-3
-7
-11
-13
-13
-13
-11
-11
-7
-13
-9
-13
-21
-27
-25
-27
-35
-27
-31
-35
-31
-35
-37
-27
-17
-15
-17
-9
-5
-3
-5
1
-9
-11
-13
-17
-17
-17
-17
-15
-11
-3
-5
3
-1
-3
1
1
7
9
17
19
17
21
25
25
29
29
29
35
35
25
29
33
39
35
49
49
59
51
49
57
61
55
53
61
47
41
51
45
47
53
53
45
45
41
41
35
37
41
35
39
39
39
39
39
27
29
29
25
31
19
17
15
19
19
17
13
13
11
1
3
3
1
3
9
5
5
1
1
-1
-3
3
15
11
9
9
21
17
19
13
17
11
9
9
13
13
11
7
3
7
7
15
9
5
7
5
11
7
3
3
11
19
31
29
39
47
43
39
43
37
33
31
31
37
39
45
45
41
43
45
37
37
29
31
31
35
31
39
43
45
47
47
45
47
49
41
41
47
55
57
55
63
63
63
61
75
71
75
89
87
87
89
85
85
87
93
93
95
95
95
83
83
85
85
79
75
77
75
71
65
61
65
55
57
59
59
67
55
55
51
53
51
53
53
49
45
43
43
49
51
49
41
45
43
35
29
31
21
27
43
43
37
35
39
39
47
47
43
47
49
47
53
59
71
71
77
77
69
71
67
67
71
69
69
71
67
77
71
69
77
81
85
81
73
71
71
73
75
77
79
87
95
95
95
91
91
89
95
91
87
85
81
75
69
67
75
77
87
81
89
95
99
95
87
87
89
87
101
99
95
97
91
101
101
107
115
115
117
123
113
111
103
99
105
105
107
115
113
113
115
115
113
111
111
101
111
109
115
113
109
121
121
125
125
117
107
107
95
95
97
89
83
83
85
79
83
79
85
87
89
89
95
95
101
107
109
107
115
107
97
93
91
91
89
87
91
91
101
103
103
105
107
121
115
107
113
111
109
105
103
97
105
109
101
107
109
113
113
115
107
103
91
83
83
81
83
81
95
95
97
99
101
105
105
95
101
95
91
93
95
99
99
93
95
93
93
93
91
95
101
97
99
91
91
91
93
97
95
103
111
109
109
113
101
105
101
101
101
97
97
93
83
83
85
87
95
99
97
93
95
91
85
83
77
63
69
63
63
57
53
55
47
39
49
51
45
45
53
61
61
69
67
73
63
69
81
81
83
87
99
101
107
107
101
101
109
111
113
115
123
125
129
131
129
127
131
137
137
139
145
143
149
153
163
167
159
161
163
161
161
165
151
147
153
145
135
139
147
139
143
139
145
131
135
133
129
135
143
143
149
157
163
165
167
165
161
165
161
163
163
163
167
157
161
155
155
161
159
157
165
157
155
161
151
159
159
155
149
147
153
159
157
157
159
159
153
157
153
153
151
141
145
143
151
145
151
147
147
147
153
157
169
171
177
177
175
171
165
165
165
159
161
155
145
141
137
139
135
137
131
123
119
121
119
119
123
137
135
127
125
127
129
131
129
141
135
141
149
143
145
149
151
149
145
149
143
145
141
143
139
145
145
149
157
163
157
165
171
175
171
171
175
171
177
183
189
193
193
191
195
197
199
203
207
209
211
205
205
201
195
193
201
189
197
199
207
209
215
217
213
217
217
219
211
207
207
211
209
203
203
207
209
209
201
199
201
205
201
201
203
195
195
195
189
183
187
189
191
193
191
189
191
193
185
189
183
185
183
185
183
179
187
187
181
181
179
191
193
207
217
227
233
229
227
225
229
221
223
225
219
223
219
229
237
231
239
241
245
245
253
249
249
257
257
253
251
251
251
253
249
249
255
255
255
257
259
253
259
257
263
253
253
257
261
261
261
259
247
243
253
245
245
245
237
237
229
219
223
221
225
239
237
237
245
245
241
251
253
253
253
251
259
259
267
271
285
285
283
273
279
273
277
285
277
273
271
273
273
273
271
281
281
285
289
289
291
287
293
293
297
293
291
291
295
301
297
301
299
299
299
307
305
303
307
293
287
293
287
287
289
293
299
299
287
279
279
281
281
285
287
281
277
287
295
297
293
287
293
289
289
291
287
283
279
275
271
269
269
267
267
265
273
277
269
263
271
263
263
267
267
265
271
263
259
261
257
247
257
255
253
243
247
249
249
249
251
249
257
257
257
255
255
257
257
261
269
273
273
267
271
275
269
269
271
265
273
281
285
285
279
277
271
267
273
265
263
267
267
267
263
271
269
265
273
267
267
271
279
275
271
283
283
283
289
287
293
295
297
285
287
289
289
301
297
301
295
291
299
303
305
301
299
295
285
269
263
255
251
255
253
251
251
259
265
269
273
269
267
271
263
263
267
267
275
275
271
265
265
261
267
257
265
271
279
267
263
265
257
253
251
251
251
245
247
255
253
251
251
251
257
267
265
271
269
265
257
257
265
271
279
275
273
269
275
279
271
275
275
269
277
277
277
277
283
279
279
277
277
267
263
263
259
261
265
271
277
283
283
291
285
291
285
279
269
273
271
269
271
261
265
259
255
247
241
239
231
225
231
241
237
241
247
237
243
251
245
245
241
239
235
233
219
221
229
217
223
225
223
223
223
223
227
231
233
231
231
229
229
231
225
217
217
219
217
219
217
221
221
223
227
229
223
215
211
201
197
201
209
215
217
221
219
219
211
215
217
219
219
215
213
209
215
207
201
199
205
211
219
223
225
223
207
211
207
205
203
203
219
215
221
229
225
235
235
233
247
243
249
249
251
253
247
247
247
247
243
253
249
255
259
261
269
261
265
265
267
267
265
265
267
255
259
257
261
265
263
267
265
265
255
255
263
263
273
277
279
277
273
277
279
271
271
265
265
265
265
269
271
271
277
277
275
287
281
287
287
287
293
295
299
301
301
297
299
295
291
287
289
289
283
279
285
283
283
289
285
281
285
275
275
271
273
271
271
259
265
263
273
275
271
269
269
267
275
277
283
287
289
279
277
283
281
279
273
267
271
269
263
251
249
241
241
229
235
227
221
223
221
227
231
233
237
241
239
243
247
241
241
233
229
231
231
227
239
233
231
237
237
233
233
237
235
237
233
231
229
231
225
225
223
217
219
213
209
209
207
201
199
207
211
217
217
207
203
195
185
181
181
185
189
195
193
187
183
183
183
185
187
193
191
191
209
211
205
205
209
201
203
189
197
191
187
187
191
197
197
199
195
185
193
191
185
185
179
185
185
191
199
199
195
203
207
211
219
225
223
229
221
227
223
227
221
213
213
217
205
203
201
203
203
201
195
195
191
187
191
189
191
189
189
189
187
185
181
179
173
179
189
205
205
199
203
201
197
201
209
207
209
211
201
199
201
201
201
193
203
213
221
221
227
241
247
245
251
249
249
247
237
235
235
239
243
243
245
249
247
251
249
249
253
255
261
255
265
267
261
261
247
255
253
249
251
247
249
253
247
249
257
261
263
259
245
249
239
235
233
233
235
231
239
241
245
247
249
249
247
253
249
253
267
263
267
261
263
263
263
263
267
259
261
257
259
255
249
241
231
231
227
223
219
219
217
219
219
221
219
223
221
225
219
219
225
223
227
227
221
225
233
235
227
221
221
219
227
231
227
231
221
219
215
205
205
205
211
215
219
217
227
225
225
217
219
223
229
227
227
227
233
223
221
235
243
251
255
259
249
255
247
241
235
239
247
249
255
255
249
247
247
245
245
241
231
227
233
237
239
237
231
233
233
237
231
229
235
243
239
245
249
253
251
249
243
247
247
257
269
265
257
255
259
255
247
247
247
245
237
239
241
227
227
229
237
229
217
219
223
217
215
221
223
217
213
209
207
207
201
197
185
189
179
177
183
181
181
185
189
187
179
173
171
163
159
155
153
155
157
159
155
151
153
145
149
141
137
135
129
113
111
101
99
101
101
97
101
95
99
91
99
99
95
87
81
73
75
83
81
89
87
95
93
85
87
93
91
99
103
101
105
115
111
117
117
109
107
103
109
111
103
107
101
105
99
99
99
105
93
91
83
77
79
85
85
77
87
83
89
79
75
69
63
71
77
87
79
79
77
77
73
65
67
65
65
67
71
77
69
63
63
63
67
67
71
63
63
63
65
61
67
63
65
61
53
57
57
49
45
47
59
61
55
59
53
53
43
43
43
39
31
35
23
27
39
39
43
47
47
51
57
57
61
73
71
77
77
83
77
77
83
85
83
83
85
79
77
79
77
83
77
75
71
69
71
77
79
79
71
77
85
85
87
81
77
79
75
91
87
91
85
85
87
91
93
105
109
115
111
117
119
135
143
139
137
137
135
135
135
129
127
123
119
119
129
127
127
135
125
125
129
135
131
137
131
133
129
133
131
129
137
139
145
145
151
153
163
161
171
171
169
175
175
177
177
183
185
185
185
195
199
197
197
195
195
187
181
179
175
177
183
183
183
191
187
195
199
193
189
185
187
183
183
183
189
185
187
183
191
187
193
193
187
179
179
179
169
163
167
167
171
169
177
183
179
181
191
185
187
193
189
181
187
181
185
179
183
179
177
173
179
185
189
191
199
207
207
203
205
199
201
199
205
207
201
203
203
201
205
203
201
195
195
195
203
195
195
183
187
185
187
181
181
179
177
175
167
169
161
163
163
165
165
165
165
169
185
183
191
199
203
207
209
209
213
213
215
205
201
201
201
193
193
193
189
181
185
193
199
203
207
209
219
221
229
223
211
209
217
221
225
217
223
219
219
221
217
219
223
229
229
219
225
221
213
211
213
211
211
205
199
193
197
195
203
213
209
201
205
211
203
203
201
199
193
189
181
173
163
161
161
155
157
155
157
165
169
167
169
171
177
177
181
181
179
177
169
171
171
179
181
185
183
185
177
177
181
187
191
195
193
193
193
185
189
179
195
195
189
193
197
195
191
199
199
209
201
199
189
187
187
189
187
197
195
199
205
213
213
221
231
239
233
233
231
233
243
247
251
245
249
255
249
241
239
247
239
231
227
225
217
223
223
227
221
231
229
223
217
219
225
227
231
225
231
227
225
231
231
229
227
231
225
223
225
225
219
217
203
195
199
199
191
193
201
199
199
197
187
187
181
183
183
181
183
191
187
181
175
169
167
159
157
159
155
155
155
157
151
157
167
165
167
165
165
171
169
171
177
171
171
171
159
153
151
159
155
163
157
159
159
153
157
155
163
167
173
171
173
171
163
161
169
175
175
177
177
169
163
163
165
167
171
169
165
165
167
173
169
169
177
179
175
173
177
165
157
153
147
153
141
145
151
153
153
147
149
141
141
137
133
147
141
147
143
147
145
141
147
147
153
143
143
139
133
141
135
139
137
141
133
131
131
135
125
129
127
139
137
143
145
153
155
157
153
149
141
147
141
139
141
143
147
151
165
167
169
173
175
175
171
159
157
159
161
165
165
165
171
171
171
167
171
175
169
177
183
187
181
181
189
185
181
179
183
187
189
197
201
201
211
223
215
213
211
221
225
225
221
221
221
217
217
213
225
225
221
223
223
215
211
217
211
205
205
201
199
187
193
191
201
197
201
209
209
211
213
205
211
211
207
207
205
201
195
195
199
199
203
201
209
201
203
205
213
219
221
211
209
213
215
219
219
217
225
229
243
241
237
237
227
217
217
221
225
229
227
223
227
231
229
237
237
247
245
247
253
247
235
243
241
239
233
227
227
227
221
215
223
223
215
215
205
211
221
221
223
223
219
215
219
227
231
219
211
221
209
207
207
207
221
223
219
221
227
231
227
233
231
239
237
223
211
211
209
209
209
207
209
209
205
205
203
201
207
209
219
221
219
219
217
221
225
225
225
225
227
231
221
227
223
219
223
219
215
213
205
207
205
205
195
197
199
189
187
183
189
189
193
197
191
189
193
197
197
191
197
199
201
195
181
177
171
161
155
153
157
159
157
153
157
157
165
161
157
159
161
159
155
155
163
159
159
167
159
157
159
155
155
147
143
151
147
143
147
141
141
135
143
145
141
147
149
149
147
155
145
153
155
161
169
169
169
167
167
169
165
165
169
169
167
169
165
163
163
171
163
157
153
163
161
155
165
165
159
169
161
167
161
165
161
173
181
175
181
185
179
181
183
181
181
193
195
203
199
201
193
205
209
207
205
211
219
221
221
229
227
233
239
241
235
233
239
235
229
233
219
217
219
219
219
215
219
217
219
213
215
211
215
225
221
231
231
231
233
239
247
249
247
255
253
255
261
255
263
267
273
271
277
275
275
271
267
271
273
265
261
253
249
255
255
259
259
257
267
275
277
287
295
309
305
303
297
307
295
291
295
307
309
303
303
309
311
307
313
307
307
313
309
315
311
313
311
319
319
327
327
317
323
319
315
313
321
311
305
303
307
305
301
301
303
297
291
287
287
295
291
287
285
283
285
279
275
275
273
269
277
285
283
271
265
267
265
261
259
253
257
257
257
257
261
263
261
263
261
255
257
251
255
263
257
263
261
257
265
269
269
263
265
261
265
255
247
253
241
243
239
235
235
235
239
251
257
259
259
257
259
259
255
253
249
261
265
269
273
275
281
281
275
273
281
281
277
275
279
287
287
285
289
281
275
281
271
271
265
261
267
275
277
289
295
293
291
299
293
277
273
277
271
269
269
261
261
267
267
269
275
283
275
273
259
251
253
245
239
251
259
265
275
271
271
259
251
243
239
233
239
229
229
233
239
239
239
243
241
241
233
239
237
243
239
233
227
229
229
227
225
219
223
225
235
233
233
235
229
217
217
217
223
233
231
239
235
237
239
245
243
243
245
253
253
249
249
241
241
239
239
229
225
237
229
229
239
243
237
235
237
241
247
243
243
247
251
249
257
259
253
265
263
265
267
257
253
257
265
267
271
271
261
263
271
273
263
255
261
267
267
261
261
257
259
255
259
267
259
257
259
261
253
243
251
249
247
245
249
247
247
251
261
263
263
255
255
255
263
261
259
249
249
241
237
235
239
237
241
239
237
243
239
233
233
231
233
231
231
231
231
233
237
243
245
239
239
243
247
245
243
245
243
243
247
247
245
257
269
265
267
267
271
269
273
269
269
259
261
263
257
257
259
257
249
255
257
261
263
255
263
263
267
269
271
271
263
263
273
269
273
281
281
277
283
289
285
287
287
283
285
289
289
287
289
289
295
293
285
285
291
301
303
307
303
319
325
329
339
333
333
335
329
325
321
307
319
317
311
303
311
313
305
313
319
319
315
313
309
305
301
301
309
303
301
299
295
291
295
291
303
301
307
303
303
299
293
291
293
295
291
301
299
297
293
295
297
299
311
309
311
305
305
309
307
313
313
309
309
305
301
303
293
293
287
285
285
281
287
285
281
283
295
287
277
281
283
287
283
289
291
285
285
279
289
289
291
291
297
299
301
299
307
309
313
313
315
315
317
315
305
305
309
305
313
303
309
317
309
315
325
327
317
315
307
307
313
311
311
315
317
321
313
313
307
321
319
311
315
315
311
315
315
309
319
319
313
311
305
303
293
297
305
297
305
303
315
319
311
321
321
327
339
343
351
345
343
331
327
323
309
315
317
311
305
315
319
323
331
333
333
329
323
325
331
335
333
329
327
333
331
333
331
327
321
321
321
321
323
333
333
325
327
311
317
319
319
319
317
309
299
291
291
291
279
289
287
291
285
281
285
287
289
291
291
303
299
289
281
277
271
273
265
265
269
267
269
271
267
259
255
245
235
229
229
227
223
223
223
213
213
219
219
213
219
215
223
223
215
219
229
231
221
233
227
219
215
219
215
229
239
249
243
247
259
257
251
245
251
251
247
245
243
241
237
227
227
231
219
213
227
227
225
221
217
217
213
211
211
201
195
185
181
173
173
169
177
177
191
187
185
181
177
177
173
171
165
151
147
153
145
153
149
151
153
159
157
151
143
135
133
125
127
123
127
129
135
133
133
133
129
129
127
123
129
139
139
139
143
147
147
157
151
149
139
143
143
139
137
137
135
141
147
147
155
155
155
153
157
161
171
173
179
181
179
183
191
191
189
189
189
191
183
183
183
183
189
191
193
197
197
193
189
191
197
199
207
215
207
205
201
197
195
201
205
205
207
213
215
215
213
215
211
223
223
227
229
229
235
229
221
231
239
243
239
239
231
241
233
227
221
229
225
233
233
241
231
223
229
235
235
235
229
221
221
223
221
229
233
241
235
233
245
245
237
227
227
223
221
227
215
219
221
229
229
229
237
245
249
249
241
237
239
235
233
237
239
247
257
245
253
247
241
245
239
241
249
251
259
255
259
263
261
273
279
275
273
261
271
267
263
261
257
251
255
249
249
251
253
249
243
243
243
251
249
245
245
245
247
247
245
247
239
239
243
241
249
245
247
247
253
249
257
251
247
255
265
271
275
273
277
265
267
271
269
277
291
297
293
299
303
297
297
297
295
299
297
297
301
293
289
291
289
287
287
279
279
293
291
291
283
279
269
267
263
253
267
269
275
261
267
267
271
283
285
289
287
279
279
277
281
279
285
289
293
297
291
295
305
307
309
309
307
307
311
315
323
323
337
337
337
335
343
341
333
333
323
315
317
311
301
301
305
305
303
297
303
305
305
309
299
297
295
289
287
281
285
281
285
287
285
287
281
287
285
281
285
273
267
273
277
277
285
279
271
273
279
277
275
277
275
273
269
269
273
275
279
275
271
277
283
287
285
283
287
281
285
289
291
279
281
283
283
265
261
263
263
265
267
267
271
277
275
275
273
273
281
293
297
307
299
311
307
303
299
297
301
287
283
289
289
289
287
275
269
275
281
281
291
291
291
283
295
295
291
293
295
301
293
293
289
281
283
281
289
291
289
289
289
289
297
297
295
289
289
289
293
299
305
303
301
303
313
309
309
305
303
297
293
299
299
297
299
299
287
289
297
297
295
295
293
289
287
295
295
301
289
291
287
289
283
279
277
273
263
255
255
255
253
255
247
249
247
243
239
235
231
235
245
245
239
235
233
233
233
237
237
235
233
227
231
229
227
229
229
221
223
231
225
225
217
211
209
197
199
195
195
195
189
199
191
195
193
201
201
207
197
185
183
191
189
183
193
191
207
209
203
205
209
211
211
209
209
213
211
207
205
195
195
205
205
209
207
209
203
203
201
197
199
201
205
207
201
201
203
201
199
199
203
205
205
207
211
201
205
213
211
211
209
213
213
223
217
223
223
225
225
229
231
227
221
219
217
213
209
207
211
217
215
205
201
201
203
205
209
213
207
209
213
223
227
219
223
221
219
211
219
229
231
229
233
241
241
243
249
249
249
253
239
231
227
229
233
233
235
241
241
235
239
245
245
251
259
263
257
265
261
261
267
267
269
273
269
259
261
263
263
255
261
275
269
269
265
263
257
255
251
257
261
263
257
263
257
265
269
271
271
269
271
271
269
261
257
261
255
259
255
261
261
255
243
247
235
233
239
237
237
237
237
235
231
233
229
225
237
233
239
233
239
245
239
253
251
253
253
259
267
271
265
267
269
273
277
285
285
289
289
283
285
291
287
279
285
285
285
271
259
263
273
271
283
283
277
277
279
279
277
273
267
261
253
259
251
245
239
245
245
251
247
261
267
273
271
279
275
267
269
263
263
259
245
237
247
255
249
247
245
239
247
241
243
251
245
253
253
265
267
269
267
269
269
257
253
249
249
249
253
259
257
257
267
275
279
279
271
271
271
267
273
265
271
263
261
259
253
249
257
261
259
251
253
263
271
277
263
273
273
275
275
263
257
255
241
247
243
243
253
257
263
265
267
265
265
257
255
267
271
273
279
281
281
279
273
265
269
267
271
285
277
269
265
265
273
267
263
265
269
277
275
275
263
273
271
271
267
265
263
269
267
267
261
259
253
257
249
251
247
245
237
233
235
227
227
227
219
225
225
217
211
215
213
211
219
217
211
215
209
215
203
197
187
185
183
193
197
193
187
181
177
173
175
171
179
187
193
199
199
193
191
191
209
201
197
193
183
181
175
175
181
185
185
179
177
173
169
163
157
159
167
167
169
169
171
165
167
179
181
171
167
169
161
157
157
151
147
147
135
139
135
141
143
151
147
153
153
149
149
147
145
139
135
143
137
129
131
139
145
147
141
149
155
155
155
149
153
157
155
163
169
165
165
175
171
169
169
167
165
159
163
157
165
169
173
171
171
167
171
167
173
179
173
177
175
175
179
181
173
189
187
191
189
187
179
183
183
183
179
177
169
167
169
179
179
183
189
189
193
197
195
201
209
203
209
213
205
199
191
189
195
189
189
189
191
189
193
185
179
179
183
187
181
185
181
179
189
187
189
197
203
199
205
209
211
217
225
215
219
221
221
229
229
223
227
223
233
227
237
237
239
237
237
233
235
231
239
247
247
243
245
253
257
263
263
259
257
263
259
259
261
269
267
267
269
263
261
267
265
261
263
263
265
259
259
251
241
239
233
231
237
233
235
235
235
235
229
231
227
231
231
241
241
243
249
247
257
259
259
257
255
263
261
267
265
265
265
275
267
263
267
257
249
243
241
245
237
241
235
235
239
235
245
237
243
249
243
241
237
233
223
223
223
229
237
235
229
229
231
231
225
219
217
223
217
221
217
215
217
211
219
223
221
221
225
225
223
227
225
231
221
225
225
231
231
227
223
221
225
219
221
215
219
221
219
215
213
215
207
207
207
209
207
207
207
197
211
203
205
199
211
205
199
199
195
187
183
187
189
193
205
205
203
215
213
207
201
203
211
213
207
207
207
213
213
221
219
217
217
233
235
247
233
227
229
227
221
233
237
235
231
237
231
239
235
237
229
231
223
221
221
211
201
201
201
193
191
193
197
197
201
205
199
199
201
201
197
199
205
209
213
213
213
223
221
225
235
237
245
243
239
237
239
251
247
249
249
251
257
257
265
271
277
271
263
269
273
265
265
275
277
271
277
277
291
299
307
307
305
301
303
311
311
311
317
321
327
335
331
335
333
321
311
313
317
309
309
307
299
299
289
299
303
289
289
289
297
301
297
293
293
289
295
303
301
297
291
283
287
285
283
277
271
273
277
271
257
249
241
247
251
259
259
257
261
269
267
267
263
271
273
279
279
271
279
291
299
301
301
305
299
301
301
301
293
307
303
299
297
291
285
281
281
281
281
281
279
281
291
279
287
279
279
269
267
269
273
269
265
263
269
271
279
269
273
261
261
259
263
259
259
257
251
249
253
259
251
249
243
241
245
243
247
239
247
245
257
263
257
265
269
271
269
277
273
269
271
273
263
259
261
263
251
257
263
251
253
253
251
247
241
237
229
219
211
199
199
199
193
191
189
183
183
189
185
185
187
185
181
179
175
175
175
185
195
201
213
207
207
211
213
217
217
211
209
199
195
191
195
191
189
193
195
197
205
201
203
203
205
205
207
207
209
205
207
205
199
195
187
185
185
177
179
175
173
161
161
165
159
167
167
173
177
179
173
169
165
159
167
167
155
153
153
153
153
153
149
155
151
159
155
145
147
147
145
149
151
147
139
137
145
143
127
133
129
127
129
125
121
121
117
119
123
127
119
107
97
97
95
97
101
107
109
101
101
93
87
83
95
91
91
83
79
71
81
85
81
77
83
83
83
83
79
79
83
73
63
63
65
63
73
73
75
75
75
77
87
85
81
81
81
69
69
75
67
69
75
73
75
71
69
59
59
65
63
73
73
65
73
75
71
71
71
65
63
63
59
61
57
63
59
55
43
35
41
41
43
31
33
27
31
29
33
37
41
39
41
33
33
27
29
19
15
17
7
7
5
19
13
11
9
-3
7
3
-3
-9
-13
-5
-21
-21
-13
-13
-13
-19
-15
-3
7
11
11
17
23
29
37
39
41
37
33
33
37
45
45
37
37
41
43
47
59
65
63
73
75
83
91
103
103
107
111
121
119
123
121
123
123
123
123
117
113
115
113
123
111
111
115
121
137
139
147
153
163
163
165
167
157
157
157
155
165
161
169
173
159
161
161
163
163
163
173
173
173
181
189
187
187
197
205
191
179
175
171
171
173
171
169
169
171
175
179
177
179
185
179
173
183
189
195
197
195
197
203
211
205
209
211
213
205
209
205
211
201
205
195
203
205
205
201
207
213
207
201
203
203
207
197
209
211
209
213
217
223
227
225
225
229
221
225
225
231
225
229
215
217
211
205
195
183
181
179
171
169
165
163
153
151
151
143
147
149
139
147
139
143
143
149
159
167
173
167
161
167
173
171
173
185
187
189
189
187
185
189
197
201
203
201
197
191
187
187
195
199
197
197
201
207
207
207
205
205
207
205
203
209
209
201
187
193
195
189
189
181
183
189
195
191
197
193
205
199
207
213
215
205
205
207
209
205
211
223
229
227
227
215
219
217
217
215
209
207
207
209
211
209
207
205
213
217
215
215
209
217
217
217
223
219
221
225
221
227
225
223
209
203
207
207
205
215
217
221
221
227
227
223
233
245
251
251
243
241
239
243
239
235
229
221
219
223
215
221
213
207
207
207
209
207
207
207
199
201
201
205
207
207
211
205
213
213
203
207
207
211
215
209
207
203
199
201
201
203
201
203
209
209
209
199
209
213
215
229
231
237
247
263
267
265
279
273
267
261
267
273
279
283
291
301
305
309
305
301
305
303
309
311
313
305
305
303
319
325
321
319
307
311
303
307
315
323
323
321
307
305
299
307
303
309
309
303
297
295
293
295
303
295
295
291
289
287
295
295
297
297
303
305
311
317
319
321
325
337
341
349
359
361
369
367
367
373
373
369
371
371
365
369
367
367
363
361
361
365
359
365
361
361
373
371
371
373
367
375
379
375
373
377
381
369
379
379
373
379
385
385
387
387
381
385
377
375
369
369
375
377
381
375
375
379
373
371
367
365
355
363
369
369
377
377
363
359
353
357
353
361
371
369
373
361
357
363
361
367
375
375
369
365
361
351
347
349
357
365
371
361
361
369
369
367
365
365
355
357
359
357
353
353
353
347
345
343
335
331
333
343
341
343
345
349
347
339
347
349
349
347
351
347
351
351
357
361
365
361
359
355
355
341
329
339
347
349
357
363
367
371
375
375
381
387
385
377
371
369
371
379
383
397
395
399
393
389
395
395
397
395
403
395
393
387
387
385
381
375
373
369
367
367
367
363
363
369
361
361
371
373
375
369
377
377
379
387
385
393
397
395
395
393
383
379
379
381
381
389
393
389
385
387
389
389
381
381
381
385
387
381
377
369
367
367
377
369
371
367
367
371
371
379
375
381
391
391
389
391
391
389
391
391
381
387
377
375
371
369
367
367
369
379
371
377
383
383
375
381
389
377
367
371
373
379
373
369
369
365
373
373
377
367
365
363
365
365
361
361
375
373
367
375
379
379
385
387
391
389
387
387
393
387
393
387
391
393
397
389
383
369
367
363
365
367
367
371
369
379
377
379
381
379
385
391
387
393
391
393
385
387
393
381
377
381
381
385
391
391
393
401
403
395
391
381
379
373
367
365
365
365
363
357
359
359
357
349
351
357
353
355
349
347
343
335
335
339
339
337
331
335
333
331
327
327
325
325
321
319
315
311
311
309
313
313
309
299
305
311
321
311
311
305
311
319
319
323
315
311
323
329
335
339
349
345
343
341
339
335
339
343
353
353
351
349
345
347
355
355
365
365
363
363
361
365
365
353
349
349
361
369
371
381
385
381
367
367
375
369
373
371
383
385
391
387
387
397
399
399
401
401
409
399
395
387
389
387
379
391
381
377
377
377
377
387
395
397
395
401
403
397
387
387
389
377
383
381
369
367
359
355
355
363
359
365
365
363
361
361
367
373
381
381
377
381
389
377
375
377
377
383
379
369
367
369
365
357
351
355
355
357
355
363
367
363
361
365
365
361
361
363
361
355
361
369
361
363
359
355
353
355
353
353
353
357
347
357
353
361
359
367
365
357
369
365
363
365
363
367
365
357
367
377
385
381
387
385
383
375
375
365
365
367
377
385
391
393
389
397
383
373
375
367
355
355
351
351
353
349
353
359
351
349
343
353
357
355
357
359
367
367
363
355
349
351
359
357
361
359
357
357
357
349
353
355
347
345
339
343
345
339
331
327
317
321
317
325
323
321
319
327
323
331
339
335
345
335
335
327
319
321
321
311
309
309
315
315
317
311
309
301
301
301
309
305
301
311
311
315
317
313
311
299
301
303
303
297
305
315
317
321
321
321
315
309
303
313
303
309
309
305
315
323
319
319
325
325
327
323
319
317
313
321
313
317
319
329
331
325
339
329
321
321
315
317
315
311
303
311
307
309
303
307
295
301
301
295
297
303
307
305
293
293
291
289
279
291
289
291
291
285
287
283
281
283
291
283
279
271
277
281
291
287
283
281
285
279
287
289
289
287
291
291
287
279
279
287
299
297
297
287
295
289
285
289
285
275
269
265
265
265
267
267
271
267
269
277
277
283
283
279
279
269
275
271
271
271
261
257
267
265
267
279
269
267
263
265
263
259
259
249
243
249
249
249
251
251
251
255
255
243
239
239
239
231
219
215
203
199
211
211
217
217
213
213
217
215
219
213
221
231
237
235
237
241
243
247
235
239
235
239
237
233
225
217
207
215
