-10476
-10466
-10460
-10452
-10442
-10430
-10422
-10412
-10404
-10404
-10400
-10394
-10384
-10384
-10376
-10366
-10360
-10354
-10348
-10348
-10352
-10344
-10346
-10340
-10330
-10330
-10330
-10318
-10314
-10312
-10304
-10294
-10294
-10290
-10282
-10274
-10270
-10260
-10248
-10242
-10230
-10222
-10210
-10206
-10198
-10188
-10182
-10174
-10162
-10160
-10158
-10156
-10150
-10146
-10136
-10128
-10124
-10124
-10112
-10106
-10100
-10092
-10078
-10066
-10056
-10052
-10038
-10032
-10028
-10022
-10018
-10010
-10006
-9998
-9996
-9980
-9970
-9970
-9958
-9948
-9940
-9926
-9920
-9910
-9906
-9906
-9902
-9904
-9898
-9892
-9896
-9882
-9876
-9878
-9866
-9860
-9850
-9846
-9838
-9832
-9830
-9828
-9826
-9818
-9812
-9804
-9796
-9800
-9794
-9796
-9788
-9776
-9768
-9762
-9756
-9744
-9738
-9730
-9724
-9716
-9710
-9704
-9694
-9692
-9690
-9680
-9664
-9668
-9656
-9648
-9642
-9632
-9624
-9618
-9616
-9616
-9610
-9596
-9594
-9586
-9582
-9578
-9576
-9570
-9568
-9560
-9550
-9544
-9536
-9526
-9524
-9516
-9508
-9498
-9496
-9492
-9484
-9478
-9464
-9456
-9448
-9436
-9430
-9426
-9424
-9416
-9416
-9408
-9406
-9392
-9382
-9386
-9384
-9388
-9384
-9378
-9370
-9362
-9354
-9344
-9334
-9332
-9324
-9324
-9330
-9322
-9314
-9308
-9292
-9290
-9280
-9276
-9272
-9272
-9262
-9258
-9254
-9250
-9240
-9238
-9234
-9230
-9222
-9214
-9208
-9202
-9194
-9190
-9184
-9184
-9176
-9176
-9172
-9166
-9158
-9156
-9146
-9138
-9128
-9118
-9116
-9102
-9102
-9106
-9096
-9088
-9078
-9080
-9072
-9074
-9064
-9052
-9048
-9044
-9042
-9036
-9034
-9026
-9028
-9016
-9010
-9002
-8994
-8996
-8992
-8986
-8980
-8972
-8956
-8950
-8944
-8932
-8926
-8922
-8928
-8930
-8918
-8906
-8902
-8902
-8906
-8892
-8884
-8874
-8860
-8868
-8860
-8860
-8848
-8842
-8840
-8842
-8840
-8832
-8830
-8830
-8830
-8826
-8830
-8824
-8828
-8828
-8826
-8818
-8814
-8816
-8804
-8796
-8796
-8788
-8780
-8774
-8768
-8768
-8764
-8754
-8758
-8754
-8756
-8752
-8744
-8740
-8730
-8724
-8724
-8718
-8720
-8710
-8706
-8704
-8692
-8692
-8694
-8686
-8688
-8678
-8672
-8662
-8656
-8658
-8664
-8662
-8664
-8650
-8642
-8632
-8620
-8612
-8600
-8596
-8598
-8590
-8582
-8576
-8576
-8570
-8558
-8552
-8546
-8540
-8538
-8528
-8526
-8514
-8498
-8500
-8496
-8484
-8480
-8478
-8470
-8476
-8480
-8470
-8460
-8458
-8448
-8448
-8440
-8434
-8434
-8428
-8432
-8416
-8408
-8412
-8402
-8384
-8380
-8372
-8374
-8376
-8376
-8370
-8366
-8364
-8364
-8366
-8368
-8356
-8356
-8356
-8350
-8346
-8336
-8324
-8316
-8314
-8302
-8302
-8290
-8292
-8288
-8284
-8282
-8284
-8278
-8266
-8258
-8254
-8250
-8250
-8238
-8238
-8234
-8232
-8220
-8228
-8224
-8212
-8204
-8194
-8190
-8192
-8184
-8184
-8168
-8164
-8154
-8136
-8124
-8114
-8112
-8112
-8104
-8094
-8082
-8076
-8074
-8066
-8062
-8062
-8060
-8058
-8060
-8062
-8052
-8052
-8044
-8038
-8032
-8026
-8024
-8024
-8014
-8014
-8006
-8006
-8016
-8010
-8004
-8004
-8002
-8004
-8002
-7990
-7988
-7984
-7978
-7970
-7962
-7950
-7948
-7944
-7942
-7944
-7938
-7938
-7936
-7938
-7934
-7940
-7934
-7928
-7922
-7920
-7922
-7922
-7918
-7912
-7904
-7898
-7886
-7880
-7872
-7870
-7868
-7866
-7866
-7858
-7852
-7850
-7846
-7836
-7832
-7830
-7822
-7816
-7810
-7812
-7804
-7800
-7792
-7778
-7778
-7776
-7776
-7774
-7756
-7754
-7750
-7748
-7744
-7740
-7732
-7724
-7718
-7714
-7710
-7704
-7702
-7694
-7688
-7682
-7680
-7674
-7674
-7660
-7656
-7650
-7642
-7634
-7634
-7630
-7624
-7612
-7612
-7610
-7598
-7594
-7592
-7592
-7590
-7584
-7568
-7564
-7562
-7552
-7552
-7548
-7548
-7546
-7540
-7536
-7534
-7532
-7526
-7516
-7512
-7504
-7496
-7490
-7488
-7478
-7468
-7464
-7470
-7468
-7460
-7454
-7440
-7440
-7432
-7422
-7418
-7408
-7406
-7402
-7396
-7398
-7402
-7394
-7388
-7380
-7376
-7364
-7352
-7352
-7340
-7334
-7324
-7320
-7310
-7306
-7306
-7294
-7286
-7284
-7278
-7264
-7260
-7250
-7244
-7234
-7234
-7236
-7226
-7222
-7220
-7210
-7206
-7202
-7194
-7188
-7186
-7172
-7164
-7168
-7156
-7146
-7144
-7144
-7146
-7142
-7142
-7130
-7128
-7126
-7128
-7124
-7122
-7118
-7116
-7112
-7110
-7110
-7096
-7092
-7080
-7080
-7072
-7070
-7058
-7050
-7040
-7038
-7032
-7024
-7024
-7026
-7016
-7010
-6998
-6998
-6998
-6996
-6990
-6988
-6988
-6982
-6968
-6962
-6948
-6942
-6944
-6940
-6934
-6922
-6918
-6908
-6906
-6894
-6890
-6884
-6876
-6872
-6870
-6868
-6862
-6866
-6872
-6862
-6868
-6872
-6862
-6860
-6868
-6860
-6858
-6866
-6866
-6866
-6850
-6842
-6842
-6844
-6836
-6832
-6826
-6820
-6810
-6798
-6792
-6786
-6784
-6778
-6778
-6772
-6762
-6762
-6758
-6760
-6744
-6732
-6728
-6730
-6728
-6718
-6706
-6712
-6704
-6692
-6688
-6686
-6688
-6684
-6686
-6680
-6676
-6678
-6674
-6676
-6672
-6674
-6668
-6662
-6652
-6644
-6638
-6632
-6630
-6618
-6606
-6604
-6600
-6588
-6590
-6580
-6570
-6566
-6568
-6566
-6554
-6548
-6548
-6536
-6530
-6526
-6530
-6522
-6520
-6518
-6518
-6506
-6496
-6490
-6490
-6492
-6490
-6480
-6484
-6472
-6468
-6462
-6456
-6454
-6446
-6446
-6444
-6442
-6440
-6434
-6428
-6428
-6420
-6420
-6410
-6410
-6408
-6406
-6404
-6402
-6402
-6396
-6390
-6386
-6374
-6372
-6358
-6358
-6362
-6366
-6360
-6356
-6348
-6342
-6330
-6316
-6316
-6318
-6318
-6320
-6322
-6324
-6322
-6320
-6304
-6294
-6288
-6292
-6290
-6290
-6288
-6290
-6278
-6274
-6280
-6276
-6282
-6278
-6278
-6270
-6268
-6266
-6258
-6250
-6246
-6248
-6240
-6236
-6226
-6224
-6220
-6216
-6210
-6210
-6204
-6190
-6188
-6188
-6182
-6182
-6182
-6176
-6172
-6176
-6166
-6166
-6150
-6148
-6150
-6144
-6142
-6132
-6140
-6130
-6126
-6120
-6118
-6116
-6112
-6108
-6106
-6102
-6102
-6092
-6086
-6084
-6074
-6070
-6070
-6072
-6072
-6068
-6064
-6058
-6060
-6056
-6056
-6044
-6036
-6028
-6028
-6030
-6022
-6012
-6012
-6010
-6012
-6004
-5992
-5996
-5994
-6000
-5992
-5990
-5988
-5990
-5978
-5978
-5974
-5976
-5974
-5972
-5964
-5972
-5972
-5962
-5956
-5954
-5948
-5946
-5952
-5954
-5950
-5944
-5940
-5932
-5928
-5924
-5916
-5914
-5908
-5908
-5906
-5894
-5894
-5884
-5886
-5888
-5888
-5890
-5882
-5872
-5868
-5860
-5850
-5842
-5836
-5828
-5824
-5812
-5802
-5790
-5784
-5784
-5784
-5778
-5774
-5774
-5768
-5756
-5744
-5734
-5722
-5720
-5718
-5714
-5708
-5710
-5710
-5710
-5700
-5700
-5696
-5684
-5688
-5678
-5674
-5674
-5662
-5648
-5638
-5626
-5616
-5602
-5594
-5590
-5586
-5582
-5572
-5572
-5566
-5558
-5560
-5556
-5546
-5540
-5542
-5540
-5534
-5532
-5524
-5518
-5506
-5510
-5506
-5510
-5508
-5512
-5506
-5506
-5502
-5498
-5494
-5480
-5474
-5472
-5468
-5468
-5472
-5468
-5458
-5452
-5444
-5434
-5428
-5434
-5438
-5438
-5438
-5426
-5426
-5414
-5404
-5400
-5394
-5388
-5382
-5374
-5378
-5378
-5378
-5378
-5366
-5370
-5366
-5372
-5370
-5372
-5370
-5370
-5364
-5362
-5366
-5362
-5352
-5352
-5342
-5344
-5336
-5332
-5338
-5334
-5332
-5332
-5332
-5330
-5324
-5332
-5330
-5330
-5326
-5310
-5310
-5318
-5314
-5306
-5304
-5302
-5294
-5286
-5284
-5278
-5276
-5282
-5274
-5274
-5268
-5264
-5262
-5258
-5254
-5252
-5244
-5242
-5234
-5236
-5232
-5236
-5232
-5224
-5220
-5216
-5202
-5204
-5206
-5196
-5200
-5204
-5206
-5202
-5194
-5192
-5186
-5182
-5176
-5186
-5186
-5186
-5180
-5174
-5170
-5170
-5164
-5164
-5166
-5160
-5148
-5144
-5142
-5134
-5126
-5122
-5122
-5128
-5126
-5124
-5126
-5124
-5116
-5108
-5108
-5116
-5118
-5110
-5102
-5102
-5104
-5106
-5110
-5114
-5102
-5096
-5100
-5102
-5094
-5092
-5092
-5086
-5082
-5076
-5062
-5062
-5054
-5056
-5052
-5048
-5042
-5032
-5030
-5026
-5016
-5022
-5024
-5018
-5014
-5012
-5012
-5014
-5006
-5000
-4996
-4990
-4988
-4990
-4984
-4978
-4978
-4982
-4980
-4970
-4974
-4974
-4960
-4954
-4950
-4952
-4954
-4954
-4948
-4938
-4934
-4922
-4912
-4912
-4912
-4906
-4904
-4900
-4890
-4886
-4886
-4874
-4874
-4874
-4874
-4872
-4872
-4864
-4860
-4846
-4834
-4826
-4822
-4812
-4804
-4810
-4806
-4806
-4798
-4790
-4792
-4786
-4780
-4788
-4796
-4796
-4796
-4792
-4792
-4790
-4788
-4782
-4786
-4780
-4792
-4788
-4786
-4780
-4780
-4768
-4772
-4760
-4760
-4764
-4760
-4754
-4752
-4744
-4736
-4732
-4728
-4720
-4718
-4724
-4718
-4714
-4710
-4710
-4702
-4694
-4686
-4680
-4678
-4674
-4662
-4662
-4648
-4646
-4642
-4638
-4634
-4628
-4624
-4610
-4600
-4596
-4596
-4598
-4590
-4588
-4578
-4580
-4582
-4576
-4566
-4566
-4560
-4560
-4552
-4558
-4552
-4544
-4542
-4532
-4528
-4524
-4516
-4518
-4506
-4500
-4510
-4502
-4498
-4492
-4490
-4492
-4490
-4484
-4490
-4484
-4484
-4488
-4488
-4494
-4496
-4496
-4496
-4496
-4488
-4486
-4490
-4478
-4470
-4474
-4460
-4450
-4452
-4440
-4432
-4428
-4426
-4422
-4416
-4416
-4414
-4412
-4410
-4406
-4400
-4394
-4398
-4392
-4382
-4370
-4364
-4362
-4360
-4360
-4360
-4346
-4334
-4328
-4316
-4320
-4312
-4312
-4304
-4312
-4308
-4294
-4286
-4296
-4298
-4292
-4288
-4286
-4272
-4272
-4284
-4288
-4272
-4272
-4260
-4254
-4248
-4242
-4232
-4232
-4222
-4212
-4212
-4208
-4214
-4216
-4218
-4212
-4212
-4214
-4202
-4204
-4210
-4210
-4210
-4218
-4212
-4204
-4194
-4192
-4192
-4192
-4194
-4186
-4200
-4196
-4196
-4196
-4206
-4200
-4200
-4196
-4196
-4188
-4192
-4188
-4186
-4182
-4174
-4174
-4176
-4166
-4156
-4154
-4152
-4136
-4132
-4124
-4122
-4110
-4098
-4088
-4080
-4074
-4068
-4064
-4064
-4068
-4070
-4068
-4058
-4056
-4052
-4050
-4042
-4048
-4040
-4028
-4022
-4010
-4006
-4000
-3984
-3988
-3984
-3992
-3994
-3996
-3984
-3974
-3986
-3992
-3988
-3980
-3992
-3994
-3994
-3986
-3984
-3994
-3982
-3992
-3988
-3986
-3986
-3990
-3982
-3974
-3960
-3960
-3952
-3948
-3944
-3940
-3928
-3928
-3928
-3926
-3916
-3912
-3912
-3900
-3892
-3884
-3884
-3882
-3880
-3880
-3878
-3882
-3876
-3872
-3876
-3876
-3864
-3862
-3858
-3862
-3854
-3856
-3862
-3858
-3852
-3848
-3848
-3842
-3840
-3838
-3840
-3838
-3840
-3846
-3844
-3834
-3828
-3822
-3810
-3812
-3808
-3808
-3794
-3796
-3780
-3774
-3772
-3762
-3762
-3756
-3750
-3748
-3748
-3744
-3748
-3752
-3752
-3746
-3748
-3744
-3748
-3740
-3738
-3732
-3722
-3728
-3726
-3718
-3710
-3714
-3706
-3706
-3704
-3696
-3692
-3704
-3696
-3690
-3690
-3684
-3684
-3674
-3674
-3676
-3678
-3678
-3670
-3672
-3672
-3668
-3662
-3666
-3660
-3658
-3650
-3650
-3650
-3650
-3642
-3640
-3642
-3642
-3648
-3642
-3636
-3620
-3618
-3612
-3616
-3620
-3614
-3618
-3618
-3616
-3608
-3608
-3610
-3608
-3594
-3598
-3598
-3590
-3596
-3590
-3580
-3576
-3576
-3568
-3576
-3570
-3558
-3548
-3542
-3540
-3540
-3540
-3540
-3530
-3526
-3526
-3518
-3516
-3512
-3502
-3492
-3488
-3488
-3492
-3484
-3482
-3476
-3472
-3478
-3486
-3486
-3472
-3466
-3462
-3462
-3468
-3474
-3470
-3470
-3460
-3462
-3458
-3462
-3458
-3462
-3470
-3470
-3460
-3458
-3448
-3450
-3450
-3442
-3448
-3448
-3456
-3458
-3454
-3458
-3458
-3464
-3458
-3464
-3454
-3454
-3456
-3456
-3452
-3444
-3452
-3460
-3456
-3448
-3442
-3450
-3456
-3456
-3450
-3442
-3432
-3428
-3438
-3440
-3432
-3432
-3420
-3420
-3420
-3420
-3412
-3410
-3400
-3398
-3390
-3378
-3376
-3366
-3366
-3366
-3364
-3364
-3364
-3356
-3356
-3354
-3358
-3350
-3362
-3356
-3358
-3354
-3354
-3352
-3348
-3350
-3352
-3360
-3360
-3364
-3360
-3364
-3364
-3366
-3354
-3358
-3350
-3352
-3352
-3354
-3352
-3354
-3354
-3338
-3334
-3332
-3332
-3320
-3326
-3322
-3318
-3318
-3314
-3308
-3310
-3310
-3314
-3312
-3306
-3304
-3298
-3294
-3288
-3286
-3284
-3280
-3280
-3276
-3280
-3276
-3282
-3288
-3286
-3292
-3290
-3286
-3286
-3286
-3286
-3278
-3278
-3266
-3262
-3262
-3256
-3250
-3250
-3250
-3246
-3246
-3238
-3240
-3238
-3234
-3240
-3230
-3224
-3216
-3216
-3214
-3206
-3210
-3212
-3208
-3204
-3198
-3188
-3186
-3178
-3174
-3174
-3176
-3170
-3170
-3176
-3176
-3182
-3184
-3194
-3194
-3192
-3192
-3190
-3184
-3182
-3182
-3182
-3178
-3168
-3156
-3170
-3172
-3162
-3152
-3150
-3140
-3146
-3148
-3144
-3140
-3134
-3132
-3128
-3112
-3110
-3120
-3122
-3124
-3122
-3118
-3112
-3114
-3114
-3116
-3116
-3116
-3112
-3110
-3112
-3106
-3106
-3100
-3100
-3100
-3096
-3098
-3098
-3090
-3080
-3078
-3086
-3086
-3088
-3084
-3080
-3074
-3072
-3072
-3064
-3062
-3066
-3064
-3052
-3050
-3050
-3050
-3048
-3048
-3044
-3040
-3028
-3022
-3022
-3012
-3006
-2998
-3002
-3006
-3006
-3000
-3000
-3002
-3006
-3008
-3014
-3018
-3008
-3008
-3014
-3006
-3010
-3014
-3012
-3014
-3010
-3002
-3000
-2998
-2994
-2986
-2988
-2982
-2978
-2968
-2964
-2960
-2966
-2958
-2956
-2954
-2960
-2962
-2960
-2956
-2954
-2948
-2944
-2942
-2940
-2932
-2928
-2934
-2934
-2930
-2914
-2914
-2912
-2908
-2904
-2902
-2894
-2894
-2894
-2892
-2898
-2892
-2886
-2882
-2882
-2874
-2882
-2878
-2878
-2876
-2878
-2874
-2878
-2890
-2886
-2880
-2880
-2888
-2886
-2878
-2874
-2862
-2862
-2846
-2842
-2842
-2846
-2848
-2850
-2850
-2846
-2846
-2846
-2852
-2850
-2854
-2848
-2850
-2848
-2844
-2842
-2846
-2854
-2850
-2846
-2846
-2830
-2830
-2840
-2842
-2844
-2838
-2840
-2836
-2844
-2850
-2856
-2852
-2850
-2848
-2856
-2852
-2858
-2858
-2860
-2848
-2836
-2822
-2812
-2808
-2806
-2806
-2796
-2790
-2790
-2790
-2790
-2788
-2790
-2782
-2772
-2770
-2762
-2760
-2750
-2736
-2746
-2748
-2746
-2750
-2754
-2756
-2754
-2752
-2752
-2756
-2752
-2746
-2740
-2744
-2732
-2734
-2728
-2728
-2720
-2720
-2724
-2718
-2710
-2718
-2718
-2718
-2726
-2726
-2718
-2720
-2714
-2704
-2710
-2714
-2716
-2714
-2702
-2694
-2690
-2676
-2674
-2680
-2682
-2686
-2686
-2684
-2670
-2668
-2668
-2662
-2666
-2664
-2664
-2666
-2664
-2654
-2646
-2648
-2644
-2638
-2640
-2644
-2646
-2646
-2636
-2632
-2620
-2624
-2614
-2612
-2614
-2618
-2626
-2622
-2628
-2628
-2624
-2618
-2628
-2624
-2636
-2630
-2626
-2628
-2638
-2638
-2642
-2644
-2634
-2634
-2640
-2638
-2640
-2638
-2638
-2638
-2636
-2640
-2634
-2626
-2620
-2604
-2606
-2596
-2592
-2590
-2600
-2604
-2596
-2590
-2586
-2592
-2594
-2594
-2598
-2596
-2596
-2598
-2590
-2588
-2590
-2592
-2594
-2594
-2606
-2612
-2618
-2614
-2614
-2626
-2626
-2624
-2616
-2624
-2620
-2626
-2626
-2632
-2634
-2636
-2626
-2610
-2604
-2592
-2588
-2586
-2580
-2574
-2574
-2566
-2550
-2546
-2552
-2544
-2540
-2540
-2540
-2532
-2530
-2524
-2522
-2528
-2520
-2520
-2522
-2516
-2514
-2508
-2506
-2500
-2496
-2500
-2492
-2490
-2494
-2492
-2496
-2488
-2484
-2466
-2462
-2462
-2462
-2460
-2462
-2464
-2468
-2460
-2452
-2452
-2450
-2452
-2452
-2444
-2442
-2444
-2442
-2442
-2446
-2442
-2434
-2426
-2420
-2416
-2412
-2404
-2400
-2400
-2386
-2384
-2380
-2378
-2382
-2384
-2380
-2382
-2386
-2396
-2390
-2382
-2382
-2374
-2372
-2362
-2358
-2352
-2364
-2366
-2364
-2364
-2370
-2372
-2374
-2368
-2362
-2366
-2360
-2352
-2354
-2346
-2348
-2344
-2338
-2338
-2338
-2338
-2330
-2326
-2326
-2324
-2324
-2330
-2330
-2332
-2328
-2322
-2322
-2336
-2338
-2336
-2344
-2348
-2348
-2356
-2354
-2356
-2364
-2362
-2364
-2360
-2358
-2354
-2350
-2362
-2354
-2364
-2364
-2370
-2362
-2370
-2378
-2368
-2362
-2366
-2356
-2342
-2338
-2342
-2344
-2340
-2336
-2334
-2342
-2350
-2338
-2338
-2340
-2334
-2334
-2334
-2328
-2322
-2328
-2328
-2326
-2326
-2324
-2328
-2334
-2328
-2326
-2324
-2320
-2310
-2308
-2308
-2318
-2306
-2316
-2310
-2312
-2302
-2298
-2298
-2306
-2308
-2312
-2306
-2306
-2308
-2308
-2304
-2298
-2292
-2300
-2300
-2286
-2278
-2272
-2272
-2266
-2270
-2268
-2266
-2272
-2274
-2274
-2272
-2278
-2286
-2292
-2286
-2286
-2272
-2262
-2264
-2268
-2268
-2264
-2260
-2258
-2262
-2264
-2262
-2258
-2258
-2250
-2240
-2240
-2246
-2234
-2226
-2230
-2226
-2222
-2222
-2216
-2214
-2218
-2220
-2218
-2212
-2212
-2212
-2208
-2204
-2198
-2194
-2196
-2210
-2214
-2218
-2214
-2210
-2208
-2214
-2214
-2216
-2212
-2204
-2202
-2202
-2202
-2198
-2192
-2188
-2194
-2194
-2186
-2190
-2186
-2188
-2188
-2190
-2178
-2178
-2174
-2170
-2174
-2174
-2174
-2182
-2196
-2190
-2180
-2182
-2188
-2188
-2196
-2198
-2190
-2186
-2184
-2182
-2178
-2176
-2176
-2184
-2194
-2194
-2194
-2186
-2190
-2184
-2188
-2182
-2178
-2178
-2166
-2158
-2158
-2158
-2158
-2162
-2156
-2150
-2144
-2140
-2138
-2144
-2134
-2126
-2126
-2128
-2122
-2120
-2120
-2118
-2112
-2106
-2100
-2096
-2098
-2088
-2090
-2090
-2092
-2092
-2092
-2088
-2078
-2070
-2074
-2070
-2058
-2058
-2056
-2056
-2048
-2054
-2054
-2056
-2058
-2062
-2064
-2058
-2046
-2032
-2034
-2038
-2034
-2038
-2038
-2038
-2034
-2038
-2044
-2032
-2016
-2008
-2006
-2010
-2010
-2018
-2020
-2018
-2014
-2016
-2022
-2024
-2022
-2016
-2008
-2000
-1990
-1992
-1990
-1990
-1984
-1970
-1966
-1972
-1982
-1978
-1972
-1982
-1986
-1978
-1990
-1986
-1992
-1986
-1988
-1988
-1994
-1994
-1988
-1982
-1982
-1990
-1988
-1986
-1972
-1966
-1968
-1968
-1962
-1968
-1968
-1966
-1966
-1970
-1966
-1968
-1964
-1966
-1956
-1956
-1960
-1962
-1950
-1952
-1952
-1940
-1946
-1950
-1950
-1950
-1948
-1944
-1944
-1938
-1936
-1932
-1928
-1936
-1934
-1938
-1938
-1940
-1936
-1932
-1928
-1916
-1908
-1898
-1896
-1886
-1888
-1878
-1874
-1866
-1866
-1854
-1848
-1848
-1850
-1850
-1848
-1840
-1834
-1838
-1842
-1840
-1838
-1824
-1824
-1814
-1820
-1812
-1804
-1804
-1792
-1792
-1786
-1790
-1792
-1792
-1792
-1792
-1788
-1786
-1792
-1792
-1796
-1794
-1790
-1786
-1774
-1774
-1776
-1776
-1774
-1772
-1764
-1768
-1764
-1758
-1750
-1738
-1740
-1742
-1730
-1722
-1710
-1712
-1710
-1696
-1698
-1696
-1696
-1694
-1694
-1696
-1694
-1688
-1690
-1682
-1682
-1678
-1672
-1678
-1668
-1666
-1666
-1662
-1666
-1672
-1678
-1670
-1664
-1662
-1658
-1666
-1666
-1660
-1656
-1656
-1648
-1636
-1632
-1626
-1618
-1614
-1614
-1608
-1608
-1608
-1602
-1610
-1606
-1608
-1610
-1622
-1616
-1614
-1616
-1608
-1614
-1604
-1598
-1598
-1596
-1586
-1588
-1590
-1588
-1586
-1590
-1586
-1580
-1588
-1584
-1582
-1590
-1598
-1600
-1598
-1594
-1596
-1600
-1600
-1588
-1594
-1580
-1580
-1582
-1568
-1576
-1574
-1570
-1570
-1562
-1562
-1560
-1552
-1548
-1544
-1538
-1544
-1544
-1536
-1530
-1532
-1530
-1528
-1526
-1524
-1534
-1536
-1528
-1530
-1528
-1528
-1524
-1534
-1536
-1536
-1530
-1530
-1520
-1522
-1522
-1528
-1526
-1516
-1504
-1496
-1488
-1494
-1498
-1502
-1512
-1508
-1518
-1512
-1516
-1510
-1508
-1506
-1506
-1506
-1506
-1508
-1510
-1508
-1504
-1500
-1506
-1492
-1484
-1482
-1488
-1482
-1480
-1480
-1472
-1468
-1462
-1466
-1474
-1470
-1470
-1468
-1466
-1460
-1456
-1454
-1466
-1468
-1464
-1460
-1458
-1466
-1466
-1478
-1492
-1492
-1492
-1492
-1492
-1486
-1496
-1488
-1488
-1478
-1486
-1486
-1480
-1486
-1492
-1482
-1480
-1490
-1488
-1490
-1480
-1484
-1480
-1474
-1472
-1466
-1466
-1460
-1466
-1472
-1468
-1468
-1466
-1466
-1466
-1464
-1466
-1462
-1462
-1454
-1448
-1452
-1458
-1458
-1466
-1456
-1454
-1458
-1458
-1454
-1454
-1442
-1438
-1432
-1436
-1446
-1440
-1446
-1436
-1438
-1446
-1444
-1442
-1434
-1434
-1428
-1428
-1416
-1422
-1416
-1424
-1420
-1416
-1426
-1422
-1418
-1422
-1416
-1412
-1412
-1402
-1402
-1402
-1404
-1398
-1400
-1406
-1406
-1414
-1408
-1406
-1396
-1386
-1376
-1378
-1386
-1384
-1386
-1392
-1382
-1382
-1386
-1388
-1390
-1386
-1384
-1388
-1394
-1394
-1386
-1384
-1386
-1396
-1396
-1402
-1406
-1412
-1410
-1418
-1416
-1410
-1408
-1404
-1404
-1392
-1390
-1386
-1392
-1400
-1404
-1408
-1406
-1406
-1404
-1404
-1398
-1402
-1398
-1402
-1392
-1394
-1394
-1400
-1408
-1404
-1408
-1402
-1388
-1382
-1380
-1382
-1374
-1370
-1378
-1366
-1362
-1366
-1354
-1350
-1346
-1340
-1346
-1344
-1344
-1350
-1346
-1356
-1356
-1358
-1358
-1348
-1340
-1328
-1328
-1328
-1324
-1322
-1314
-1306
-1302
-1294
-1288
-1286
-1284
-1284
-1284
-1286
-1288
-1294
-1302
-1304
-1308
-1308
-1302
-1308
-1306
-1294
-1300
-1304
-1306
-1300
-1308
-1304
-1314
-1324
-1322
-1314
-1304
-1298
-1300
-1300
-1296
-1292
-1294
-1288
-1288
-1288
-1286
-1282
-1282
-1282
-1284
-1282
-1278
-1276
-1280
-1274
-1282
-1280
-1288
-1294
-1286
-1282
-1282
-1280
-1274
-1270
-1282
-1288
-1278
-1278
-1274
-1272
-1272
-1268
-1262
-1258
-1250
-1254
-1254
-1252
-1256
-1258
-1258
-1258
-1262
-1260
-1254
-1258
-1258
-1258
-1268
-1268
-1270
-1270
-1270
-1272
-1268
-1276
-1270
-1258
-1246
-1246
-1248
-1246
-1248
-1250
-1254
-1258
-1252
-1250
-1246
-1242
-1240
-1250
-1250
-1254
-1258
-1264
-1268
-1268
-1266
-1274
-1274
-1272
-1272
-1282
-1278
-1266
-1260
-1264
-1262
-1270
-1262
-1266
-1258
-1246
-1242
-1230
-1224
-1212
-1214
-1216
-1210
-1208
-1202
-1196
-1196
-1196
-1190
-1180
-1186
-1176
-1172
-1178
-1180
-1182
-1168
-1166
-1172
-1176
-1182
-1184
-1188
-1182
-1184
-1180
-1166
-1168
-1154
-1148
-1142
-1150
-1158
-1156
-1152
-1144
-1142
-1136
-1142
-1150
-1166
-1158
-1146
-1146
-1144
-1144
-1142
-1148
-1150
-1146
-1140
-1140
-1146
-1144
-1140
-1134
-1136
-1138
-1144
-1148
-1144
-1144
-1150
-1152
-1162
-1168
-1170
-1170
-1178
-1172
-1174
-1174
-1164
-1158
-1168
-1162
-1164
-1172
-1174
-1174
-1174
-1168
-1160
-1162
-1154
-1154
-1158
-1154
-1160
-1166
-1170
-1174
-1170
-1164
-1164
-1152
-1154
-1152
-1144
-1132
-1132
-1134
-1140
-1138
-1140
-1134
-1126
-1120
-1116
-1110
-1108
-1114
-1114
-1114
-1114
-1112
-1112
-1112
-1108
-1108
-1104
-1100
-1100
-1096
-1084
-1098
-1088
-1086
-1088
-1090
-1090
-1088
-1082
-1074
-1076
-1072
-1078
-1074
-1068
-1070
-1062
-1066
-1064
-1076
-1076
-1076
-1074
-1068
-1070
-1064
-1068
-1072
-1076
-1078
-1084
-1088
-1086
-1090
-1092
-1100
-1102
-1104
-1102
-1104
-1108
-1110
-1104
-1102
-1098
-1096
-1096
-1090
-1084
-1082
-1084
-1080
-1078
-1080
-1072
-1068
-1070
-1078
-1070
-1078
-1076
-1080
-1076
-1070
-1072
-1062
-1066
-1074
-1064
-1062
-1062
-1064
-1068
-1070
-1066
-1062
-1052
-1044
-1040
-1032
-1036
-1046
-1042
-1042
-1042
-1036
-1028
-1036
-1028
-1030
-1030
-1032
-1034
-1030
-1022
-1024
-1024
-1016
-1014
-1008
-1012
-1012
-1006
-1000
-996
-998
-988
-988
-988
-990
-996
-994
-1000
-996
-996
-994
-988
-982
-982
-974
-974
-978
-980
-984
-992
-1000
-992
-990
-996
-996
-996
-988
-998
-996
-998
-990
-994
-996
-988
-990
-986
-978
-974
-974
-962
-958
-956
-952
-948
-944
-942
-950
-954
-954
-950
-952
-952
-958
-958
-954
-944
-942
-932
-930
-932
-926
-926
-928
-922
-914
-906
-912
-904
-900
-888
-890
-886
-880
-878
-870
-868
-868
-862
-854
-852
-848
-854
-858
-862
-854
-848
-852
-846
-844
-838
-838
-838
-832
-832
-830
-826
-828
-832
-832
-830
-840
-838
-844
-834
-832
-828
-816
-812
-808
-810
-800
-802
-800
-802
-802
-798
-788
-786
-786
-780
-784
-780
-776
-772
-772
-772
-772
-760
-766
-772
-762
-766
-774
-780
-784
-780
-774
-768
-774
-768
-772
-778
-768
-770
-770
-772
-766
-768
-768
-768
-762
-766
-770
-770
-778
-778
-768
-764
-756
-762
-758
-750
-740
-744
-750
-744
-744
-744
-746
-750
-746
-752
-744
-736
-740
-738
-736
-742
-742
-742
-738
-730
-724
-720
-718
-718
-716
-716
-716
-716
-716
-718
-720
-710
-708
-714
-720
-722
-718
-716
-720
-724
-720
-718
-714
-712
-708
-704
-706
-698
-700
-700
-700
-690
-690
-694
-688
-680
-676
-678
-676
-674
-674
-680
-680
-686
-684
-682
-682
-676
-672
-670
-670
-672
-672
-668
-674
-676
-676
-678
-670
-668
-670
-676
-674
-678
-680
-668
-662
-660
-656
-648
-640
-644
-646
-646
-654
-648
-652
-664
-664
-664
-674
-660
-664
-660
-664
-664
-656
-646
-648
-648
-646
-636
-632
-630
-624
-616
-622
-630
-626
-626
-630
-640
-648
-642
-634
-626
-626
-628
-616
-610
-600
-598
-602
-606
-606
-602
-594
-590
-590
-596
-598
-594
-596
-586
-588
-586
-582
-574
-572
-566
-574
-570
-570
-556
-562
-562
-556
-566
-568
-576
-572
-572
-572
-576
-576
-578
-582
-578
-578
-578
-578
-584
-582
-578
-580
-576
-576
-570
-570
-562
-562
-556
-558
-562
-566
-572
-570
-564
-568
-570
-568
-568
-572
-576
-582
-578
-588
-588
-588
-590
-584
-576
-572
-574
-566
-570
-564
-564
-564
-556
-548
-542
-540
-546
-554
-554
-566
-566
-572
-572
-572
-572
-574
-566
-564
-558
-558
-556
-554
-556
-556
-548
-544
-544
-542
-544
-540
-540
-554
-550
-556
-562
-566
-560
-564
-556
-552
-548
-544
-540
-532
-542
-534
-544
-548
-544
-552
-558
-558
-554
-558
-560
-558
-554
-554
-554
-554
-554
-556
-554
-554
-556
-554
-548
-554
-558
-560
-564
-560
-566
-568
-566
-566
-572
-564
-564
-566
-566
-566
-570
-568
-580
-588
-590
-592
-592
-592
-592
-602
-594
-594
-590
-582
-580
-582
-584
-590
-586
-580
-570
-566
-560
-554
-540
-544
-540
-540
-544
-540
-544
-540
-536
-536
-536
-540
-532
-528
-540
-540
-538
-536
-546
-538
-536
-530
-530
-530
-524
-522
-522
-524
-534
-544
-548
-558
-568
-560
-550
-538
-534
-532
-530
-532
-530
-530
-530
-538
-536
-544
-546
-540
-534
-532
-534
-538
-538
-532
-530
-526
-518
-518
-522
-518
-516
-516
-510
-510
-514
-518
-520
-524
-522
-520
-522
-528
-528
-532
-542
-550
-544
-540
-546
-550
-544
-550
-548
-554
-550
-546
-556
-560
-564
-564
-568
-572
-572
-574
-578
-578
-572
-570
-562
-556
-548
-554
-548
-546
-558
-566
-568
-570
-562
-564
-564
-556
-562
-562
-566
-556
-556
-540
-540
-540
-538
-542
-540
-548
-544
-542
-546
-548
-548
-546
-540
-534
-532
-520
-516
-508
-508
-524
-522
-522
-526
-528
-530
-530
-530
-530
-524
-532
-536
-536
-538
-530
-526
-526
-522
-514
-514
-518
-522
-534
-530
-520
-512
-512
-524
-534
-536
-528
-532
-534
-526
-528
-526
-522
-524
-532
-532
-522
-516
-522
-522
-530
-536
-544
-548
-554
-554
-550
-546
-544
-546
-546
-542
-540
-528
-530
-532
-530
-532
-528
-532
-528
-518
-518
-516
-512
-510
-518
-526
-518
-518
-518
-514
-516
-520
-522
-526
-524
-524
-534
-534
-536
-536
-534
-528
-530
-528
-518
-518
-522
-518
-516
-510
-514
-514
-514
-508
-502
-500
-500
-492
-488
-488
-474
-472
-466
-460
-458
-454
-452
-454
-456
-462
-456
-462
-450
-458
-454
-450
-446
-450
-448
-452
-454
-452
-446
-442
-446
-436
-442
-444
-440
-432
-432
-432
-434
-426
-430
-426
-430
-430
-426
-424
-420
-416
-426
-420
-416
-420
-426
-434
-444
-450
-456
-456
-458
-456
-446
-448
-444
-448
-444
-448
-452
-464
-462
-470
-472
-472
-476
-474
-478
-470
-472
-476
-482
-486
-484
-484
-480
-482
-492
-500
-494
-496
-488
-478
-478
-480
-476
-478
-480
-480
-478
-486
-480
-474
-466
-464
-458
-454
-466
-464
-464
-454
-448
-448
-448
-440
-442
-430
-422
-410
-400
-400
-400
-404
-400
-400
-392
-388
-398
-402
-388
-382
-388
-386
-378
-376
-384
-378
-378
-384
-384
-380
-380
-380
-382
-386
-386
-390
-386
-380
-370
-370
-380
-372
-374
-374
-376
-380
-384
-370
-370
-370
-370
-366
-376
-370
-360
-364
-360
-360
-366
-362
-352
-352
-356
-354
-354
-348
-340
-344
-344
-350
-352
-346
-342
-344
-340
-340
-340
-338
-336
-324
-330
-324
-334
-326
-320
-314
-310
-310
-306
-314
-324
-322
-326
-324
-326
-320
-316
-320
-320
-316
-316
-312
-322
-328
-332
-332
-328
-314
-312
-308
-316
-312
-322
-324
-324
-324
-318
-316
-324
-322
-326
-322
-322
-320
-310
-302
-300
-306
-312
-312
-304
-306
-306
-310
-312
-308
-310
-316
-316
-318
-322
-326
-332
-332
-330
-336
-344
-348
-346
-350
-344
-352
-350
-352
-360
-362
-356
-354
-350
-344
-342
-346
-352
-352
-348
-348
-348
-348
-346
-344
-352
-356
-358
-362
-360
-356
-356
-356
-372
-372
-380
-380
-386
-384
-386
-380
-376
-376
-378
-382
-376
-372
-368
-358
-352
-356
-350
-350
-348
-346
-358
-364
-368
-366
-362
-368
-362
-366
-378
-378
-364
-364
-360
-368
-368
-370
-370
-360
-360
-352
-354
-360
-356
-356
-360
-362
-366
-370
-374
-376
-374
-376
-370
-370
-370
-364
-358
-364
-372
-376
-376
-368
-358
-358
-356
-366
-370
-368
-368
-368
-368
-368
-374
-380
-386
-380
-390
-386
-378
-374
-376
-380
-380
-368
-366
-368
-374
-370
-364
-366
-358
-372
-366
-354
-358
-348
-338
-336
-340
-330
-334
-334
-332
-320
-312
-314
-320
-310
-308
-304
-298
-290
-288
-290
-294
-300
-300
-306
-310
-300
-306
-306
-296
-300
-312
-308
-308
-306
-308
-308
-312
-310
-306
-308
-308
-312
-308
-316
-314
-314
-316
-308
-302
-302
-296
-294
-290
-288
-282
-286
-274
-268
-262
-262
-258
-244
-246
-246
-250
-246
-248
-256
-258
-248
-242
-248
-248
-250
-238
-232
-238
-230
-224
-224
-226
-238
-236
-230
-236
-232
-234
-230
-230
-230
-232
-236
-240
-240
-240
-248
-240
-238
-232
-234
-230
-222
-222
-224
-216
-206
-206
-206
-216
-218
-212
-212
-216
-210
-210
-210
-220
-216
-212
-210
-212
-220
-218
-218
-216
-216
-218
-216
-224
-232
-232
-224
-226
-222
-216
-222
-216
-208
-210
-214
-218
-214
-216
-222
-228
-226
-234
-230
-234
-232
-224
-226
-220
-220
-220
-222
-226
-224
-226
-226
-228
-218
-220
-214
-218
-214
-218
-216
-212
-212
-214
-210
-214
-206
-208
-212
-214
-220
-222
-226
-230
-224
-222
-226
-226
-236
-230
-224
-218
-220
-220
-220
-222
-228
-234
-230
-218
-224
-216
-214
-210
-202
-196
-198
-202
-200
-198
-196
-190
-190
-180
-182
-180
-184
-190
-184
-190
-192
-198
-196
-192
-188
-184
-184
-182
-180
-180
-182
-182
-182
-186
-186
-180
-174
-180
-190
-196
-194
-194
-190
-192
-190
-188
-184
-186
-190
-182
-182
-178
-172
-168
-158
-156
-152
-148
-156
-160
-164
-158
-158
-158
-154
-148
-138
-140
-142
-148
-140
-140
-140
-132
-122
-118
-124
-124
-132
-140
-148
-148
-150
-150
-150
-146
-148
-148
-154
-150
-150
-156
-154
-160
-156
-156
-168
-170
-170
-166
-166
-166
-166
-166
-158
-154
-158
-162
-164
-162
-158
-150
-148
-152
-150
-144
-146
-150
-148
-142
-142
-146
-146
-150
-158
-158
-162
-174
-170
-172
-164
-154
-144
-146
-144
-148
-148
-146
-146
-148
-146
-138
-142
-138
-142
-140
-142
-144
-148
-152
-152
-150
-152
-142
-142
-142
-136
-136
-132
-134
-130
-136
-136
-140
-136
-132
-134
-134
-140
-148
-152
-150
-146
-140
-138
-144
-130
-128
-128
-124
-126
-120
-122
-124
-120
-120
-116
-118
-112
-112
-112
-116
-116
-122
-120
-114
-112
-114
-116
-120
-122
-114
-124
-116
-126
-120
-124
-130
-132
-130
-124
-124
-120
-110
-106
-102
-102
-96
-94
-98
-92
-94
-98
-108
-118
-116
-116
-108
-112
-104
-112
-98
-96
-98
-98
-98
-106
-104
-92
-100
-98
-114
-108
-106
-102
-96
-92
-96
-98
-98
-92
-94
-98
-92
-84
-82
-82
-84
-88
-84
-84
-86
-92
-96
-100
-108
-116
-116
-118
-116
-118
-126
-128
-126
-118
-120
-118
-108
-112
-104
-102
-94
-94
-98
-98
-90
-90
-96
-96
-100
-100
-104
-104
-110
-110
-112
-106
-110
-116
-110
-110
-116
-120
-128
-126
-136
-128
-124
-122
-132
-124
-116
-110
-106
-102
-98
-98
-104
-104
-98
-100
-100
-108
-104
-104
-112
-106
-102
-104
-98
-104
-104
-104
-106
-106
-108
-112
-100
-88
-86
-76
-72
-72
-62
-62
-54
-52
-54
-58
-60
-68
-62
-54
-48
-48
-48
-42
-42
-32
-20
-28
-28
-30
-38
-36
-34
-36
-30
-30
-34
-30
-26
-22
-28
-30
-30
-30
-34
-32
-28
-30
-24
-24
-14
-12
-4
-4
-10
-10
-8
-4
-6
-4
4
-6
-4
-4
0
-4
-2
0
2
0
2
2
2
-6
-8
-12
-2
-6
-20
-12
-18
-22
-24
-24
-24
-18
-24
-24
-26
-24
-24
-24
-28
-24
-32
-28
-32
-38
-48
-54
-56
-52
-52
-54
-58
-58
-56
-54
-48
-54
-56
-54
-48
-54
-54
-52
-56
-54
-66
-72
-68
-66
-66
-60
-64
-58
-60
-54
-46
-48
-44
-46
-46
-46
-38
-44
-36
-34
-34
-34
-36
-30
-38
-30
-20
-24
-18
-18
-10
-8
-12
-10
-12
-12
-10
-10
0
-4
-4
-12
-8
-4
-6
-2
-8
-8
-10
-10
-14
-10
-14
-8
2
-4
-6
-2
2
0
-6
-6
-8
-6
-12
-10
-8
-4
-12
-8
-16
-22
-22
-16
-14
-16
-16
-18
-14
-14
-18
-34
-36
-32
-34
-26
-22
-32
-38
-44
-44
-48
-40
-32
-38
-34
-34
-32
-32
-44
-50
-42
-42
-38
-32
-36
-42
-42
-38
-42
-32
-32
-30
-32
-34
-26
-36
-38
-26
-30
-30
-32
-40
-48
-42
-40
-42
-36
-32
-44
-44
-40
-36
-40
-46
-50
-50
-48
-40
-42
-44
-40
-42
-54
-48
-48
-56
-60
-62
-70
-70
-72
-74
-72
-78
-78
-82
-76
-78
-76
-76
-88
-96
-96
-102
-106
-102
-106
-110
-118
-130
-134
-134
-126
-126
-124
-126
-126
-126
-120
-126
-134
-134
-134
-134
-130
-122
-124
-122
-122
-118
-124
-132
-134
-128
-116
-116
-112
-116
-104
-110
-116
-110
-108
-100
-90
-92
-92
-86
-96
-100
-102
-106
-108
-102
-110
-114
-118
-118
-114
-110
-118
-114
-110
-106
-104
-106
-106
-108
-112
-122
-120
-130
-126
-136
-136
-142
-138
-128
-128
-140
-134
-130
-132
-134
-132
-132
-132
-136
-128
-124
-122
-130
-122
-120
-118
-118
-108
-112
-112
-118
-116
-114
-124
-116
-110
-110
-110
-110
-108
-104
-108
-106
-106
-96
-86
-86
-94
-92
-98
-90
-88
-86
-82
-86
-86
-80
-80
-78
-80
-82
-78
-78
-72
-62
-58
-54
-54
-62
-62
-68
-78
-74
-84
-78
-68
-58
-60
-52
-52
-44
-40
-40
-28
-28
-30
-22
-20
-22
-28
-34
-28
-22
-32
-40
-42
-56
-56
-50
-56
-56
-52
-56
-58
-66
-72
-82
-82
-84
-70
-70
-78
-86
-86
-82
-76
-80
-80
-76
-78
-72
-68
-76
-76
-68
-68
-82
-84
-82
-76
-76
-76
-76
-76
-76
-66
-66
-66
-68
-64
-60
-60
-60
-58
-62
-56
-56
-48
-42
-40
-40
-46
-46
-40
-48
-46
-48
-56
-58
-58
-56
-56
-66
-66
-66
-68
-74
-80
-74
-70
-64
-66
-68
-64
-66
-66
-62
-56
-56
-56
-52
-54
-58
-60
-50
-52
-52
-56
-60
-56
-44
-54
-64
-60
-68
-58
-56
-50
-42
-48
-42
-42
-52
-62
-66
-66
-68
-64
-64
-60
-58
-54
-58
-60
-58
-56
-52
-58
-62
-64
-54
-58
-62
-64
-68
-64
-56
-48
-48
-44
-46
-46
-42
-48
-42
-44
-34
-24
-28
-16
-14
-14
-10
-10
-6
-14
-16
-16
-18
-16
-16
-12
-12
-14
-16
-16
-18
-14
-6
-4
2
0
0
6
6
10
10
12
24
24
22
22
18
20
20
18
18
28
28
30
30
34
38
34
30
28
20
16
32
24
24
20
26
24
24
22
20
20
22
22
26
28
24
26
26
20
34
28
28
24
26
32
22
18
18
28
32
42
42
46
46
48
44
44
44
44
48
42
50
54
50
52
48
48
46
50
50
54
52
52
58
62
66
60
60
64
72
82
76
78
80
88
92
88
88
94
96
100
98
102
104
104
104
104
104
104
104
104
104
108
108
110
104
108
104
102
106
112
116
112
110
116
118
110
106
106
110
108
104
104
102
98
92
94
92
98
98
96
88
90
90
100
100
102
98
92
92
98
98
106
120
114
114
114
124
138
130
120
124
126
122
122
120
128
134
134
140
130
128
124
128
130
132
126
128
132
134
134
124
130
134
138
128
126
126
124
132
132
132
140
130
130
134
126
130
134
128
134
138
130
120
120
126
130
130
130
120
120
128
124
122
128
124
126
138
138
136
130
132
128
132
138
136
132
130
124
128
134
136
134
124
128
130
132
132
128
128
130
126
124
118
120
116
108
110
110
110
104
114
112
118
120
124
122
126
130
134
138
142
146
150
150
140
130
130
134
130
132
142
152
152
150
144
134
128
124
124
130
138
138
146
146
150
154
158
162
160
170
174
176
170
174
176
176
176
170
166
170
168
168
172
176
188
184
182
174
172
178
172
168
164
166
166
174
174
172
170
176
174
166
166
166
164
170
174
176
176
174
176
176
184
170
162
170
164
168
170
166
166
182
180
176
170
166
168
170
166
166
166
172
174
176
174
172
174
182
198
194
188
198
200
200
204
192
188
182
182
194
188
182
184
190
192
194
200
192
200
196
202
208
208
208
204
204
204
206
208
206
204
206
214
206
214
214
222
222
218
214
208
206
206
210
210
210
208
210
208
204
208
210
204
202
202
194
194
202
200
210
212
208
198
200
204
212
216
218
218
210
210
208
206
200
206
208
212
212
212
212
206
206
214
214
218
220
220
226
226
224
224
226
230
238
236
232
232
238
240
242
236
242
240
242
236
230
232
232
236
232
242
236
242
246
244
234
228
226
222
222
228
224
226
226
230
234
240
240
238
228
226
232
228
232
234
234
228
234
236
236
238
234
232
242
242
236
248
242
242
238
228
226
214
222
226
230
224
224
214
220
210
206
204
202
200
194
194
192
192
186
184
188
196
188
190
182
188
198
202
206
214
216
216
220
222
216
216
220
218
222
218
226
226
226
230
232
224
226
228
232
230
232
234
236
236
240
242
240
246
246
246
250
246
254
260
256
254
252
248
248
246
242
234
228
234
234
234
236
236
236
232
228
234
234
238
238
240
238
238
234
230
234
234
240
236
230
226
218
218
216
214
214
208
208
210
208
208
210
202
208
208
206
210
212
206
206
214
214
226
226
224
220
220
220
228
234
238
236
240
234
240
248
248
254
256
250
250
254
256
258
252
244
234
242
240
240
238
238
240
244
248
256
260
258
262
260
266
268
268
266
264
258
272
270
268
274
278
276
274
266
262
246
246
242
246
238
238
230
228
234
228
226
218
218
220
222
218
226
234
234
246
260
260
256
264
266
278
278
272
276
274
280
280
290
280
284
290
290
300
300
298
304
312
314
316
322
318
318
316
318
316
324
334
334
340
342
340
342
352
348
344
344
346
338
342
338
332
330
322
328
326
330
324
322
324
330
338
330
330
332
334
332
328
334
332
338
346
354
350
358
362
358
354
354
352
348
354
348
346
346
346
338
336
328
326
326
330
326
334
334
330
330
334
332
334
334
334
332
336
332
342
336
334
344
360
364
366
368
366
368
362
370
370
372
372
362
362
364
354
344
350
344
338
342
348
350
350
350
344
344
342
342
340
334
338
344
348
346
350
356
360
366
370
364
364
356
356
368
362
362
362
362
362
370
370
370
376
376
370
366
374
368
356
354
352
352
356
358
354
350
344
348
354
358
364
360
362
362
352
354
350
350
346
340
332
330
336
340
336
342
354
348
346
346
350
348
350
354
350
348
350
362
364
364
364
364
372
372
366
360
362
358
352
344
338
340
350
352
354
352
356
368
372
386
386
382
378
378
378
380
376
382
376
382
388
388
386
396
388
384
390
384
376
380
378
378
370
370
370
374
376
378
378
372
372
370
370
374
382
382
386
376
376
364
356
360
356
350
350
350
350
348
348
348
354
354
362
368
370
370
376
372
378
378
370
372
372
372
372
374
374
374
372
368
366
366
368
358
358
352
354
358
360
362
360
356
352
346
350
348
344
344
340
344
344
346
334
334
340
346
348
346
356
356
358
364
358
350
354
348
350
360
362
360
360
360
366
366
374
378
372
372
368
374
362
368
370
370
364
356
362
370
362
356
354
346
354
350
338
338
340
352
348
350
362
362
366
374
370
374
378
374
368
370
374
370
374
372
372
380
376
376
372
378
374
370
378
380
370
366
360
360
358
356
354
358
356
354
362
364
364
362
356
352
348
348
346
338
342
342
344
340
340
332
336
338
336
338
340
344
344
332
336
340
336
336
334
330
334
334
336
330
336
342
348
344
344
344
352
352
360
366
360
344
346
344
348
348
344
344
344
352
360
350
350
354
348
348
346
350
342
344
340
340
338
342
340
348
350
350
346
356
356
362
360
360
346
348
346
344
332
338
322
318
326
326
326
328
324
324
330
332
334
342
342
344
350
354
356
346
346
342
334
338
334
340
340
346
354
356
352
354
358
360
368
362
358
358
356
350
346
346
348
350
350
346
344
346
344
344
342
336
334
320
320
322
326
320
320
320
318
318
312
318
322
320
320
316
314
306
306
304
304
310
300
302
296
300
300
300
298
298
294
294
290
292
284
282
294
288
292
290
290
286
284
282
266
270
270
270
276
280
278
276
284
290
296
298
306
294
294
296
298
302
298
294
298
302
300
292
298
302
308
300
296
292
286
286
288
292
292
304
292
292
294
296
290
282
294
284
286
290
290
298
294
294
300
308
304
298
294
294
290
290
284
288
290
290
296
300
292
284
282
288
296
296
294
296
296
296
292
302
304
310
316
320
322
322
316
318
322
322
318
320
318
310
308
308
308
310
314
306
302
298
302
302
298
296
290
288
286
296
298
300
300
298
302
306
306
306
302
294
294
302
306
308
308
322
320
316
322
314
310
314
304
298
312
310
310
306
312
316
316
314
320
324
318
318
324
324
324
328
328
334
330
320
322
328
326
326
328
330
328
324
330
338
330
330
330
334
334
332
328
332
334
340
338
342
344
356
354
354
358
366
368
368
372
374
372
366
376
372
368
372
386
382
384
382
386
386
392
402
398
392
396
394
392
390
392
388
396
396
392
394
398
398
406
402
400
400
394
402
398
408
410
408
408
402
396
396
396
388
384
382
382
376
368
376
372
372
372
372
372
370
370
372
368
364
364
364
362
362
366
356
362
352
348
356
362
368
366
362
362
356
356
370
378
370
368
376
380
388
384
384
384
376
372
382
386
382
378
368
358
346
340
334
338
338
332
330
330
330
338
346
356
356
354
352
352
344
344
342
340
348
346
344
344
338
330
340
348
352
354
354
356
350
356
362
358
362
366
366
370
372
368
376
372
366
370
370
374
374
386
384
370
370
366
368
366
362
374
364
362
362
362
356
354
354
360
364
358
354
354
354
356
350
352
350
348
356
348
350
350
354
358
362
352
352
352
348
340
346
334
342
342
340
338
340
340
346
346
346
344
344
352
346
344
346
344
346
348
348
348
358
370
362
362
362
366
370
376
376
366
368
368
364
358
362
370
370
368
366
370
360
352
348
344
344
338
342
338
340
334
330
330
326
320
320
322
324
320
322
326
330
330
334
334
320
320
320
328
336
338
330
336
342
344
338
338
350
350
348
338
336
336
338
338
346
350
346
344
350
354
352
354
350
356
364
374
376
382
376
372
386
388
392
394
398
406
406
404
420
416
420
416
418
414
414
416
416
414
410
416
426
432
428
424
422
422
422
414
416
410
412
416
416
420
422
422
428
428
428
432
440
440
444
448
448
448
454
464
464
456
458
450
454
452
456
456
464
464
460
458
462
452
450
448
448
440
446
446
450
456
452
452
464
462
460
462
462
468
468
470
470
462
458
456
456
454
450
456
458
460
460
454
454
454
446
444
446
442
446
444
434
428
434
436
444
444
452
462
460
470
470
470
476
468
466
462
460
454
454
454
458
456
456
454
444
430
430
430
442
442
448
456
452
452
452
456
456
450
438
436
434
436
442
440
438
444
436
434
434
432
438
440
440
442
442
440
438
422
416
416
418
428
430
422
422
428
428
432
436
436
436
438
432
434
430
436
440
438
436
440
438
438
444
442
444
446
440
438
446
446
448
450
450
454
456
454
448
442
448
446
448
448
450
440
438
438
432
434
428
422
426
420
420
416
406
400
400
408
410
398
402
408
410
414
416
420
418
412
408
412
412
412
402
410
404
392
388
388
384
394
398
398
398
404
408
404
404
408
406
402
402
394
390
396
396
398
408
420
412
410
414
412
408
404
404
410
416
416
422
414
416
428
430
438
428
424
426
414
412
410
402
402
398
396
396
390
394
390
398
396
398
400
392
392
392
398
406
400
398
386
398
408
414
412
408
406
406
406
406
408
416
416
418
412
402
394
386
386
386
392
386
390
384
386
392
392
386
388
388
386
378
382
374
380
378
378
380
382
392
394
394
402
398
394
400
404
400
400
396
406
408
408
408
408
408
410
414
410
410
410
406
408
412
416
410
402
390
392
398
404
408
406
410
408
408
398
398
390
390
390
392
392
386
386
394
396
394
394
398
404
406
404
410
402
396
396
404
404
402
404
406
404
404
412
414
414
418
424
424
422
414
406
398
398
404
410
406
406
414
420
422
420
424
420
428
428
434
442
432
428
424
424
416
412
410
418
412
414
412
412
416
418
410
412
410
410
414
424
420
426
422
416
416
410
408
400
388
390
384
386
386
384
392
392
386
390
384
390
388
378
382
382
382
392
402
408
406
400
406
408
410
410
412
414
414
412
416
412
422
416
408
410
410
410
410
408
408
408
410
410
404
404
404
402
406
416
422
424
426
430
432
430
426
424
416
416
420
416
416
412
412
400
400
400
410
406
414
416
416
416
424
428
422
416
422
426
438
432
434
434
434
434
426
436
434
432
434
438
442
436
440
440
442
440
434
438
434
430
428
430
434
434
432
422
426
428
430
428
432
430
434
432
434
434
436
438
438
448
444
444
442
444
442
446
432
432
424
430
426
426
426
418
418
412
414
416
422
422
426
426
434
434
440
444
434
426
422
424
426
428
