-2625
-2615
-2611
-2603
-2599
-2585
-2583
-2571
-2563
-2551
-2535
-2529
-2517
-2509
-2505
-2491
-2483
-2475
-2475
-2471
-2455
-2451
-2439
-2433
-2425
-2413
-2407
-2405
-2399
-2385
-2385
-2379
-2371
-2371
-2371
-2379
-2371
-2361
-2351
-2345
-2335
-2327
-2321
-2321
-2313
-2311
-2305
-2297
-2287
-2281
-2283
-2281
-2271
-2261
-2259
-2247
-2249
-2239
-2227
-2225
-2217
-2205
-2205
-2197
-2191
-2179
-2173
-2173
-2171
-2163
-2151
-2149
-2141
-2131
-2121
-2115
-2107
-2095
-2095
-2091
-2083
-2079
-2071
-2061
-2049
-2051
-2049
-2037
-2027
-2017
-2003
-1995
-1989
-1981
-1975
-1979
-1971
-1963
-1973
-1969
-1975
-1965
-1961
-1949
-1943
-1941
-1925
-1917
-1909
-1901
-1897
-1893
-1885
-1891
-1883
-1871
-1863
-1863
-1865
-1857
-1855
-1847
-1839
-1821
-1815
-1813
-1805
-1799
-1807
-1807
-1803
-1795
-1793
-1789
-1785
-1781
-1771
-1765
-1767
-1769
-1755
-1757
-1759
-1755
-1749
-1741
-1735
-1725
-1717
-1713
-1707
-1721
-1731
-1725
-1719
-1707
-1707
-1707
-1699
-1689
-1679
-1669
-1663
-1659
-1655
-1647
-1637
-1633
-1623
-1617
-1607
-1601
-1585
-1579
-1583
-1577
-1579
-1567
-1563
-1555
-1551
-1549
-1541
-1531
-1531
-1531
-1521
-1515
-1513
-1513
-1507
-1513
-1513
-1523
-1517
-1507
-1507
-1499
-1501
-1495
-1491
-1487
-1489
-1481
-1465
-1451
-1437
-1437
-1435
-1431
-1435
-1427
-1413
-1409
-1401
-1397
-1393
-1383
-1379
-1373
-1369
-1361
-1353
-1343
-1343
-1335
-1325
-1327
-1339
-1325
-1331
-1333
-1337
-1335
-1323
-1323
-1323
-1313
-1311
-1313
-1315
-1311
-1311
-1315
-1309
-1303
-1297
-1293
-1293
-1285
-1273
-1269
-1273
-1275
-1281
-1275
-1277
-1281
-1283
-1269
-1271
-1267
-1255
-1263
-1259
-1261
-1249
-1237
-1237
-1229
-1229
-1227
-1219
-1213
-1213
-1207
-1199
-1187
-1189
-1187
-1189
-1183
-1177
-1175
-1183
-1185
-1195
-1193
-1193
-1183
-1175
-1175
-1169
-1167
-1165
-1161
-1161
-1161
-1163
-1151
-1157
-1157
-1149
-1143
-1143
-1143
-1137
-1123
-1113
-1107
-1111
-1105
-1093
-1087
-1077
-1081
-1081
-1073
-1073
-1073
-1073
-1077
-1077
-1075
-1073
-1071
-1063
-1059
-1057
-1055
-1049
-1037
-1031
-1027
-1023
-1011
-1011
-1009
-1015
-1005
-1001
-1001
-1007
-1005
-1007
-1005
-1005
-1005
-1013
-1005
-999
-1003
-1003
-993
-981
-981
-975
-971
-967
-949
-951
-953
-957
-955
-961
-951
-959
-963
-967
-957
-949
-957
-947
-943
-943
-945
-947
-943
-943
-933
-925
-921
-911
-897
-895
-893
-901
-897
-893
-895
-901
-891
-889
-883
-875
-875
-871
-873
-871
-869
-857
-847
-847
-853
-857
-847
-841
-839
-833
-827
-827
-829
-825
-819
-821
-821
-817
-813
-805
-807
-809
-805
-797
-789
-785
-779
-765
-765
-755
-763
-763
-761
-747
-741
-739
-733
-731
-725
-723
-727
-735
-739
-745
-743
-737
-747
-741
-729
-729
-729
-731
-733
-727
-731
-725
-721
-717
-713
-713
-709
-709
-711
-707
-713
-709
-699
-697
-689
-679
-677
-683
-679
-675
-665
-665
-677
-667
-667
-667
-661
-659
-663
-667
-661
-663
-657
-647
-647
-651
-643
-641
-631
-619
-611
-611
-613
-611
-605
-601
-597
-603
-611
-609
-601
-603
-599
-601
-601
-599
-597
-591
-589
-573
-571
-565
-555
-547
-547
-539
-533
-535
-523
-521
-521
-519
-521
-527
-521
-525
-531
-529
-523
-521
-515
-513
-513
-505
-503
-499
-495
-487
-487
-489
-487
-483
-489
-491
-483
-487
-481
-475
-485
-483
-497
-501
-499
-493
-489
-483
-471
-479
-491
-491
-491
-495
-507
-505
-517
-511
-513
-515
-521
-521
-527
-531
-539
-527
-539
-529
-533
-537
-535
-537
-533
-519
-519
-509
-519
-529
-531
-533
-527
-529
-523
-525
-521
-521
-523
-529
-519
-517
-509
-513
-507
-505
-509
-515
-515
-521
-513
-505
-501
-493
-489
-481
-475
-475
-467
-465
-465
-471
-463
-459
-459
-463
-465
-463
-469
-467
-465
-463
-459
-457
-443
-437
-431
-433
-425
-423
-427
-421
-421
-421
-423
-425
-415
-409
-415
-411
-413
-419
-409
-399
-393
-399
-391
-393
-393
-391
-391
-401
-393
-389
-383
-385
-379
-367
-371
-371
-371
-387
-385
-395
-403
-403
-403
-399
-401
-395
-389
-387
-395
-391
-391
-401
-403
-401
-405
-407
-397
-397
-399
-393
-395
-389
-387
-389
-397
-397
-399
-401
-405
-397
-395
-391
-385
-385
-391
-379
-375
-373
-369
-381
-375
-363
-367
-367
-361
-363
-353
-357
-359
-361
-363
-363
-365
-365
-365
-367
-365
-369
-373
-371
-371
-371
-373
-365
-367
-361
-355
-361
-359
-351
-355
-357
-351
-359
-365
-363
-357
-355
-359
-361
-363
-363
-361
-365
-359
-365
-361
-361
-357
-357
-359
-361
-357
-357
-357
-353
-359
-359
-357
-357
-357
-365
-365
-363
-361
-367
-369
-369
-363
-359
-359
-369
-367
-371
-369
-365
-371
-363
-369
-369
-361
-349
-347
-353
-347
-347
-341
-341
-341
-339
-329
-323
-317
-311
-305
-307
-297
-297
-297
-297
-297
-297
-303
-301
-299
-301
-301
-293
-281
-279
-277
-269
-265
-269
-263
-263
-275
-265
-261
-271
-269
-269
-259
-253
-245
-251
-249
-249
-245
-243
-243
-253
-253
-245
-243
-243
-231
-229
-223
-231
-229
-227
-217
-217
-223
-213
-213
-207
-203
-199
-205
-215
-215
-217
-209
-213
-215
-217
-221
-217
-219
-215
-219
-211
-207
-215
-215
-217
-217
-217
-223
-221
-217
-215
-221
-231
-227
-229
-229
-231
-225
-225
-217
-215
-223
-219
-219
-221
-215
-217
-221
-223
-217
-203
-193
-193
-201
-195
-189
-191
-187
-191
-193
-191
-183
-183
-185
-179
-169
-161
-163
-155
-149
-159
-159
-157
-149
-151
-137
-141
-139
-137
-139
-135
-121
-123
-129
-129
-133
-129
-129
-125
-121
-113
-109
-105
-97
-103
-95
-85
-97
-97
-99
-95
-89
-93
-83
-77
-75
-67
-69
-65
-65
-61
-63
-63
-69
-73
-71
-67
-63
-63
-65
-63
-67
-71
-65
-59
-53
-49
-41
-33
-33
-29
-31
-29
-37
-29
-27
-21
-15
-15
-19
-11
-11
-13
-7
-3
1
1
-3
7
3
1
-3
9
11
15
15
11
7
7
9
9
9
15
9
7
15
15
13
15
15
23
29
37
23
23
19
19
17
25
25
35
39
43
47
41
33
29
29
23
27
17
17
15
29
33
33
37
33
23
23
25
13
9
21
21
17
27
27
35
41
37
37
35
39
51
47
45
49
61
71
67
59
59
63
75
73
73
69
67
63
63
71
77
83
79
79
71
69
65
65
63
63
65
67
65
73
77
81
87
85
81
79
85
85
83
97
97
95
91
83
83
87
95
93
91
89
89
83
83
89
87
83
77
65
71
73
79
93
93
89
89
91
87
83
85
91
87
95
95
89
85
91
77
69
61
59
71
75
75
79
81
81
81
65
63
71
81
83
83
79
81
89
87
87
81
81
83
77
79
77
75
67
73
77
77
79
89
101
107
109
109
115
109
105
103
109
109
105
103
105
105
105
101
95
97
97
93
93
89
89
89
83
89
85
81
73
71
67
59
61
65
69
69
69
83
77
67
61
61
63
57
63
61
59
61
61
59
45
47
53
55
59
59
63
65
51
51
51
53
49
49
47
53
59
59
67
67
67
63
59
59
65
61
71
83
83
85
87
85
85
87
93
95
99
91
85
85
89
91
97
95
95
93
99
101
97
101
97
111
111
117
113
113
113
113
115
109
103
107
99
107
113
117
115
109
107
111
109
115
109
105
111
107
117
123
115
115
121
117
113
111
119
119
113
101
99
107
103
93
93
97
93
97
101
93
93
95
99
97
101
107
109
111
117
119
111
117
129
129
133
133
123
125
127
121
123
131
123
129
135
129
127
123
125
125
127
127
133
131
131
131
135
143
143
145
149
151
153
161
161
161
161
157
153
157
155
153
147
149
149
151
151
153
155
149
153
157
157
157
157
169
167
167
159
163
159
163
145
145
145
147
149
145
143
153
167
165
165
167
171
173
175
177
183
181
181
183
183
177
175
177
181
171
171
177
177
163
165
157
159
169
173
169
169
165
167
165
153
149
149
157
161
165
157
157
167
165
169
175
169
179
181
179
179
183
183
185
183
187
189
181
177
189
195
197
205
203
199
203
203
203
201
209
207
199
203
203
203
201
207
215
217
213
215
211
215
211
203
205
203
209
197
205
203
213
213
209
197
197
201
205
205
203
201
197
191
191
187
185
189
181
185
187
187
189
183
189
189
197
201
205
207
207
203
197
203
197
181
173
173
181
183
183
189
185
183
185
183
175
177
185
181
173
175
171
175
175
167
165
175
181
169
167
163
163
159
155
153
153
159
161
157
157
157
155
157
157
153
159
157
159
161
159
157
153
145
141
137
135
135
131
129
133
137
143
139
139
139
137
137
139
147
143
133
131
127
127
127
133
127
127
127
129
137
143
139
151
151
159
165
161
165
165
163
163
157
147
145
145
145
151
151
155
153
157
157
157
155
153
155
157
161
157
151
149
161
153
163
159
167
159
149
151
151
153
157
165
167
171
171
175
179
169
171
167
155
165
161
161
167
175
177
173
179
177
175
177
183
177
171
171
169
161
169
167
161
157
159
165
173
175
165
161
163
173
177
177
175
173
177
179
177
169
165
165
161
155
147
151
149
149
149
147
151
157
149
147
151
155
155
157
165
159
165
161
155
163
173
173
177
169
171
165
171
169
173
171
163
165
165
167
167
171
165
171
173
169
165
167
161
161
159
151
147
141
137
131
131
121
125
127
127
131
121
125
129
135
133
135
131
129
131
123
125
127
135
139
135
135
125
131
131
141
141
139
141
137
143
139
141
141
137
133
133
131
135
131
147
153
163
151
155
149
157
163
165
163
161
159
163
165
157
155
147
141
147
147
141
143
155
151
147
139
141
141
135
137
135
135
137
127
125
123
113
99
95
99
95
93
91
93
97
101
97
89
99
103
103
103
107
113
107
111
111
101
101
99
95
99
109
103
99
99
95
101
101
105
105
105
111
119
109
109
109
113
111
103
101
103
95
89
89
87
95
95
89
95
101
101
103
107
103
105
105
101
105
109
113
105
109
105
97
97
99
101
105
103
107
111
111
111
101
101
107
107
107
101
105
101
103
97
97
93
95
99
95
95
91
93
93
95
89
89
89
85
85
89
83
83
85
83
83
87
91
93
97
109
117
121
119
121
111
117
119
119
123
121
121
123
117
113
113
105
101
97
101
99
91
97
97
91
91
93
99
103
101
105
107
95
101
101
109
107
99
105
109
109
115
115
123
125
131
135
147
149
151
159
157
159
159
159
171
161
161
159
159
155
151
153
145
145
151
151
149
143
147
149
139
147
151
145
145
145
141
151
147
145
155
161
167
177
177
183
185
185
183
187
189
193
201
201
203
199
209
217
227
225
231
223
227
229
229
235
237
233
235
235
231
235
227
229
231
227
227
233
231
231
227
231
235
241
245
247
249
239
243
249
249
249
243
239
233
235
229
231
223
223
227
227
221
211
217
213
215
217
225
219
215
213
209
209
207
211
215
219
217
215
207
205
201
205
207
209
209
217
209
217
213
215
215
211
209
215
213
213
213
215
203
199
197
197
187
191
183
183
183
183
183
191
185
187
187
183
177
171
163
155
153
151
163
161
167
173
171
173
169
177
183
185
183
177
175
177
175
177
175
167
173
161
165
163
163
159
155
155
161
161
167
163
157
155
159
153
159
163
167
159
157
151
151
151
147
151
151
151
155
153
153
157
161
155
163
163
171
161
165
165
163
159
161
159
151
143
147
151
149
149
153
159
161
155
161
169
167
165
163
159
155
157
155
149
149
157
169
163
163
161
163
167
173
177
171
183
173
175
173
179
173
169
167
165
165
167
167
153
151
151
153
153
153
149
153
153
151
145
139
135
141
141
137
141
135
139
139
133
131
121
121
127
129
123
119
121
121
127
125
125
127
131
135
133
137
135
133
133
143
139
147
149
147
145
147
151
149
149
159
161
161
159
151
149
145
159
163
161
151
153
163
169
179
171
167
173
175
173
173
173
173
167
171
175
181
179
179
175
169
171
167
165
165
175
167
175
179
183
181
185
179
183
189
197
193
193
191
193
189
197
185
185
185
183
183
187
187
187
183
195
195
199
209
203
215
209
201
209
213
213
211
219
215
205
207
207
209
215
217
213
213
221
217
223
211
213
213
209
219
217
213
221
225
219
229
233
233
227
229
227
225
221
219
221
235
247
255
251
257
255
259
253
257
263
263
263
265
261
267
263
255
257
255
255
251
251
259
259
249
245
245
239
253
259
253
253
253
257
255
259
265
263
261
257
249
247
247
239
249
235
241
245
241
237
235
227
235
237
237
233
233
237
235
235
241
241
235
239
229
223
229
229
233
233
227
229
221
221
221
231
235
235
235
235
239
235
225
225
217
221
229
225
229
227
225
225
219
221
211
207
209
209
211
211
213
219
213
213
211
211
205
201
199
193
209
215
207
209
201
209
215
207
209
205
201
217
225
219
213
215
213
211
209
213
207
205
215
207
205
203
201
195
199
191
193
203
201
197
199
201
205
203
205
209
201
211
207
205
203
205
205
207
213
219
221
223
225
223
223
221
221
217
217
209
211
225
227
227
235
239
235
233
241
241
241
239
239
233
235
227
223
219
227
229
231
233
231
227
221
211
215
213
223
223
215
205
205
197
199
203
207
201
199
191
181
185
183
171
171
171
171
171
173
171
171
169
165
163
171
183
181
183
179
179
173
177
173
179
185
189
175
175
183
185
189
191
185
185
181
185
187
177
177
173
179
175
183
181
173
165
165
165
159
155
155
151
149
149
149
145
145
143
141
141
145
159
161
153
155
155
153
153
159
159
159
163
159
161
171
173
177
181
181
183
183
177
175
175
171
169
165
159
159
155
157
157
161
157
155
163
157
159
159
155
155
155
159
159
161
163
167
165
165
165
169
175
175
179
181
191
185
179
179
179
175
173
167
163
171
167
163
163
171
165
171
177
171
177
177
171
165
157
155
155
153
147
149
149
151
151
143
149
141
139
139
129
133
127
125
117
117
111
117
117
117
121
113
119
111
105
103
105
99
99
105
103
99
107
111
115
115
111
109
109
109
113
119
125
125
131
139
129
123
125
115
115
121
121
111
103
101
101
101
95
103
91
93
99
107
107
105
109
115
115
101
109
117
117
121
113
109
109
111
107
107
113
113
113
119
125
121
127
127
129
125
129
127
129
137
137
141
135
143
143
145
147
147
135
141
143
131
131
133
135
131
137
139
137
143
147
145
149
153
161
167
171
165
165
157
161
163
153
141
137
141
143
143
139
139
145
143
147
143
149
151
151
163
163
175
173
171
179
185
183
181
173
167
157
155
143
141
139
141
141
143
135
139
137
145
151
149
149
143
145
147
143
131
123
131
121
113
113
113
119
119
119
111
109
119
111
117
123
121
121
119
115
117
115
117
115
111
111
113
115
119
115
131
141
147
161
161
161
163
157
163
163
173
167
161
165
171
171
171
185
187
195
195
195
193
193
193
189
187
193
201
201
207
211
209
207
199
211
215
215
223
215
215
207
203
197
199
199
197
193
193
195
197
195
191
203
199
191
195
199
199
195
189
189
189
183
177
177
175
165
153
145
145
135
127
135
133
125
119
113
121
121
121
131
129
131
127
125
119
125
131
131
125
121
121
125
113
107
101
101
113
109
109
121
115
113
119
119
121
131
131
137
133
141
139
139
145
145
145
139
131
131
125
121
125
127
123
129
127
123
123
123
121
119
119
127
139
139
137
127
121
121
123
129
137
143
139
131
131
131
125
127
117
123
119
123
123
131
131
131
133
141
141
135
135
143
147
151
147
147
147
141
137
145
145
141
135
141
143
137
127
121
111
125
123
117
119
129
127
131
133
131
137
137
131
131
135
139
145
151
157
159
157
151
147
153
147
145
141
139
131
131
123
125
125
123
121
125
127
133
131
127
135
141
143
143
133
135
137
147
147
155
153
159
147
145
139
143
147
153
151
143
143
149
139
143
141
147
143
137
139
143
139
143
153
159
157
153
159
169
173
173
175
175
177
177
179
179
185
179
177
177
175
173
171
173
179
181
181
185
183
183
189
201
195
193
199
203
203
205
211
213
211
211
197
187
185
181
187
181
181
181
169
165
159
155
153
151
149
149
143
137
143
145
149
143
139
131
135
139
143
143
151
153
165
165
173
175
175
181
185
183
193
197
199
199
203
199
199
203
205
209
205
203
201
199
197
201
201
201
199
203
201
191
197
191
191
191
191
191
199
201
209
207
205
197
193
181
185
185
189
195
189
193
189
183
177
189
189
185
179
175
179
177
173
173
179
175
177
191
195
195
193
191
179
183
181
173
169
179
183
179
183
189
189
177
171
171
169
165
165
167
169
167
167
167
165
165
169
171
163
163
169
169
165
167
167
167
167
173
167
169
175
173
171
179
179
177
169
173
173
173
171
173
161
147
149
151
151
143
141
143
135
133
131
127
133
133
129
133
133
131
131
133
145
137
135
139
139
139
129
125
121
115
117
121
117
101
105
105
97
89
91
93
93
89
89
81
73
73
67
75
73
69
65
59
69
71
71
67
71
73
75
79
77
71
61
69
67
63
65
69
63
61
61
59
49
43
45
47
49
53
59
61
59
59
57
63
57
63
73
69
69
61
53
57
55
51
57
61
53
53
49
45
39
43
53
49
53
49
49
51
39
27
23
23
27
35
35
31
31
33
29
35
33
39
47
51
51
47
55
49
45
41
39
39
37
37
31
29
33
35
37
45
45
53
51
51
41
37
41
37
35
39
27
41
53
55
55
55
55
59
51
63
63
63
71
71
69
65
69
69
65
61
59
57
61
63
69
65
71
65
63
63
63
57
57
47
51
49
43
43
29
29
31
23
31
23
27
25
23
21
17
15
29
33
31
31
25
33
39
33
43
41
47
37
37
39
43
41
29
23
23
25
29
37
33
29
29
35
33
31
35
35
33
35
39
41
39
41
43
39
41
47
53
53
57
59
61
57
55
43
47
49
53
59
59
61
57
61
69
77
71
63
67
73
63
67
59
57
63
69
73
73
83
83
81
81
73
79
79
79
81
77
77
85
89
85
89
87
85
83
85
83
85
83
91
85
91
89
87
87
85
93
85
85
89
93
93
91
95
97
101
89
81
81
83
83
91
85
79
85
89
87
83
85
87
87
85
85
85
83
83
83
87
83
83
79
79
73
71
71
65
63
55
59
59
63
63
71
79
79
71
63
51
47
35
39
37
37
39
47
43
47
47
51
59
57
57
59
53
61
57
63
61
67
73
77
81
83
79
77
81
77
77
77
83
81
79
85
85
85
81
81
83
77
77
75
79
81
75
77
81
83
83
93
91
87
87
89
93
89
97
101
93
89
85
81
79
77
67
71
71
73
61
61
51
49
55
61
55
57
53
59
53
53
63
69
73
69
73
69
65
63
61
57
53
57
47
49
47
47
45
49
43
51
49
53
53
51
53
53
53
51
43
43
43
47
55
49
43
47
47
47
55
51
51
53
63
63
69
73
75
81
85
83
89
93
95
93
89
89
95
99
105
105
105
103
107
113
115
115
119
125
127
129
129
127
125
131
137
141
145
137
129
131
133
133
131
123
115
111
119
121
119
115
115
111
113
113
111
105
99
101
99
99
103
93
95
87
85
85
83
85
81
83
85
79
75
71
79
79
75
75
85
89
91
87
81
81
85
87
87
95
91
89
97
97
93
99
97
93
91
99
105
101
111
111
115
107
103
101
105
103
101
101
107
105
105
105
105
103
103
101
99
97
97
93
91
93
89
97
93
79
83
91
95
91
83
93
93
93
95
97
97
103
103
99
97
97
95
101
99
97
105
111
113
109
115
113
117
119
119
123
121
123
117
129
123
131
131
129
129
131
139
137
131
123
123
121
109
105
109
103
103
89
95
93
95
99
105
95
99
97
99
103
101
101
97
97
103
101
113
109
107
111
111
113
117
115
107
99
91
103
107
101
101
99
105
101
109
107
99
107
109
107
103
105
101
99
99
97
97
95
89
87
87
81
81
79
73
73
71
67
75
75
77
87
87
89
87
85
85
85
81
77
75
75
73
79
81
85
81
83
87
85
85
99
105
103
109
109
107
115
107
115
119
119
117
107
119
131
129
129
129
125
127
123
125
131
137
129
131
123
123
131
131
137
137
139
153
143
145
143
143
143
149
151
159
157
153
153
149
149
147
147
151
157
153
161
161
163
169
165
161
165
155
155
167
167
163
165
157
157
157
161
155
163
157
159
155
145
141
141
143
137
131
137
141
139
147
147
147
157
149
147
145
145
153
145
139
147
141
139
131
125
115
107
105
111
111
111
111
109
105
111
111
113
111
121
121
117
125
125
121
123
133
137
129
125
121
131
135
131
145
145
143
147
147
159
159
153
153
157
167
171
171
171
169
165
169
171
179
193
193
195
197
195
179
179
187
193
195
195
191
191
193
187
181
185
187
197
197
197
195
203
203
203
207
205
205
203
195
201
201
203
207
199
199
199
193
193
191
187
191
191
187
189
183
189
189
189
191
201
201
199
199
199
203
205
193
193
197
187
199
199
201
195
191
199
199
203
197
197
193
195
191
191
195
191
199
199
199
195
197
191
181
183
183
191
201
205
215
209
213
209
205
203
213
219
225
225
229
231
233
239
241
243
243
243
237
239
231
231
231
233
245
243
241
237
235
235
235
233
231
233
237
237
243
243
243
241
243
249
249
253
249
257
251
247
253
245
241
243
239
243
235
235
235
237
235
239
247
249
255
255
255
259
263
265
261
251
245
255
255
253
253
257
261
261
263
267
265
265
261
261
259
261
259
265
267
261
267
269
265
269
271
271
275
281
271
271
277
291
287
289
287
287
283
281
283
291
291
295
295
305
311
309
299
301
307
309
317
311
305
299
293
289
291
287
279
287
279
285
285
279
273
279
279
287
281
281
275
269
275
273
273
271
271
279
271
269
267
271
271
271
271
263
259
259
261
259
273
275
275
275
275
273
267
267
265
265
275
275
275
275
269
273
277
277
269
265
261
251
241
243
245
253
257
257
247
249
255
259
257
269
271
273
273
265
265
269
265
263
263
259
259
259
257
247
247
253
243
251
259
273
273
275
275
275
273
265
261
263
259
259
265
265
259
261
261
261
261
265
257
263
267
267
259
257
255
263
263
263
263
257
255
251
251
265
275
271
267
265
263
267
267
263
269
261
261
261
261
261
273
275
279
285
283
277
281
279
275
273
275
269
259
255
249
257
259
261
267
271
261
261
259
257
269
269
255
255
255
261
265
277
287
287
287
289
291
291
299
305
305
299
291
281
275
275
285
287
285
287
291
291
291
289
293
307
307
305
299
307
307
307
303
299
305
317
325
319
317
321
325
323
323
317
309
307
313
313
301
295
299
297
291
293
293
287
293
287
287
287
287
287
287
283
281
275
275
267
271
275
263
263
267
265
263
265
265
259
267
275
269
281
289
293
293
285
283
279
281
285
279
277
273
277
277
271
275
275
277
275
273
269
263
257
251
253
247
249
247
245
243
237
235
241
237
239
237
235
229
227
229
225
221
227
227
221
223
219
223
223
219
205
201
209
201
207
217
221
225
233
233
233
239
243
243
259
253
251
261
265
251
253
245
253
251
251
251
247
247
241
237
235
245
247
241
249
249
249
245
241
237
245
249
257
257
253
253
251
251
251
245
253
259
261
261
259
261
257
251
255
253
259
245
245
245
245
245
235
229
239
233
235
233
227
225
225
225
225
219
209
211
211
209
205
203
211
213
213
209
195
185
179
183
179
187
195
189
191
189
189
183
177
173
173
179
167
153
147
153
147
151
157
157
161
169
167
159
171
169
167
165
165
165
165
163
161
167
157
163
165
165
179
175
165
165
173
187
181
185
185
185
183
181
173
169
163
169
175
177
181
185
191
193
183
191
191
189
189
189
189
191
191
193
195
195
195
199
211
211
215
211
207
201
193
199
199
203
199
191
187
199
195
201
201
191
187
193
189
193
197
195
187
181
183
191
189
181
183
185
181
185
175
165
171
165
155
157
155
153
151
155
153
159
155
163
173
169
171
177
183
179
175
167
169
167
161
167
173
173
167
159
151
151
151
153
161
149
149
149
145
155
147
139
137
129
131
127
131
133
123
123
137
133
137
137
137
133
133
133
133
127
117
115
121
131
125
123
113
109
101
99
99
101
95
91
99
97
95
101
101
107
111
113
111
111
111
121
115
115
125
125
131
131
135
137
143
143
147
149
137
133
131
139
137
143
129
131
135
129
129
121
125
139
131
129
131
133
129
121
115
117
111
117
113
111
111
115
121
125
123
129
125
125
129
131
135
137
135
139
139
141
141
137
139
137
131
125
129
129
129
127
123
125
123
121
119
113
115
109
111
121
127
125
127
129
121
123
127
127
127
125
135
135
137
135
143
147
149
157
165
159
165
169
173
169
169
169
177
183
179
189
197
203
201
203
197
197
201
195
201
201
195
201
191
187
195
197
189
193
193
187
191
197
195
199
203
195
199
201
205
213
211
205
219
227
219
217
211
209
205
199
203
199
199
199
207
205
209
207
219
215
213
213
217
217
217
221
219
215
229
225
227
233
231
237
241
247
239
239
243
251
259
257
261
265
261
259
259
259
249
249
261
271
269
273
263
263
255
255
255
255
253
257
249
245
245
245
253
251
251
259
259
271
283
265
267
269
267
259
265
267
259
265
261
253
257
261
269
277
283
283
283
273
273
273
269
277
277
277
281
285
287
287
287
283
287
287
287
289
289
291
295
297
293
295
285
285
279
283
283
285
285
287
295
299
295
303
299
303
301
299
295
291
287
283
281
273
277
277
265
265
261
261
255
253
253
255
249
243
241
237
227
227
237
239
231
235
235
227
221
227
219
219
219
217
221
223
229
235
237
229
221
227
221
221
211
207
207
205
207
195
191
197
191
183
183
183
171
167
169
171
175
177
175
179
175
171
171
161
157
155
147
147
147
143
141
141
135
137
137
139
141
143
133
125
125
125
127
125
129
135
129
129
131
127
131
137
143
147
159
159
153
159
159
161
159
155
155
159
159
151
155
163
165
167
167
167
167
167
169
163
157
161
163
163
159
155
155
159
163
167
163
161
161
161
161
159
155
153
157
161
171
179
175
175
169
163
161
153
153
151
153
149
149
143
149
149
149
149
159
167
163
169
169
169
171
161
167
167
175
179
179
169
177
169
171
165
165
171
171
169
165
161
155
155
163
165
163
163
165
169
167
161
161
161
155
157
153
157
157
153
147
151
151
153
149
151
145
151
149
157
157
159
153
153
157
155
159
149
145
145
149
151
143
145
145
137
133
137
143
149
147
151
145
145
147
149
149
145
145
145
145
145
147
147
145
137
141
141
147
143
147
137
143
137
145
143
137
133
135
131
127
125
129
127
137
139
141
137
143
147
147
143
143
151
153
149
157
151
145
141
147
149
153
151
151
151
155
153
143
139
133
139
135
139
149
149
149
145
145
149
151
155
157
153
145
147
147
141
147
145
137
133
131
125
117
109
119
127
127
133
143
149
157
155
149
151
155
151
153
149
149
153
149
147
151
151
157
153
155
161
157
153
165
159
151
157
157
149
149
151
155
167
165
167
153
161
165
169
159
159
165
161
161
167
179
175
181
185
185
195
197
191
191
185
177
173
173
175
173
181
177
187
187
179
173
183
173
167
163
155
155
159
163
167
163
161
157
157
151
149
149
157
163
159
161
157
153
157
151
153
157
155
159
157
167
163
163
163
171
169
165
165
169
169
165
165
161
161
163
169
169
171
167
165
167
171
175
173
169
167
153
155
165
175
177
189
183
173
179
175
177
181
175
175
169
173
173
177
179
173
163
165
149
151
161
161
167
169
171
161
169
165
163
157
155
155
155
147
147
147
151
153
155
159
155
155
149
151
151
153
153
155
155
155
149
145
135
143
141
143
131
131
123
111
109
107
115
125
125
137
137
139
135
133
133
133
139
139
139
131
133
133
135
135
143
147
151
145
147
147
145
143
143
143
145
145
143
143
141
145
145
139
135
141
147
143
143
147
147
153
161
153
147
149
147
141
139
139
137
135
141
143
139
145
147
143
139
133
137
133
127
127
129
127
129
131
129
129
133
133
133
133
121
129
129
137
139
141
149
149
145
143
137
135
149
159
157
155
157
157
165
167
165
165
163
163
167
165
165
161
159
163
163
163
163
163
159
145
151
153
153
157
159
153
147
145
141
133
135
133
135
131
121
117
123
129
125
125
131
123
125
133
133
139
143
145
149
145
147
143
149
157
151
139
137
135
141
141
139
143
141
139
131
131
119
119
121
133
125
125
117
111
113
107
111
103
103
95
91
99
107
113
115
101
107
111
121
125
133
119
111
121
125
129
123
129
127
125
133
121
125
117
119
111
101
105
105
111
111
119
123
129
125
133
137
141
139
139
139
131
133
127
127
129
131
133
135
131
121
125
123
119
119
125
127
125
127
127
127
127
121
123
125
125
119
125
125
121
127
135
129
121
125
125
127
119
121
123
119
133
137
147
161
161
173
173
181
181
179
179
187
187
189
187
187
191
187
185
185
187
189
187
189
183
181
179
175
177
173
171
173
163
169
167
167
167
165
167
165
171
169
165
167
171
165
165
161
161
161
165
157
163
161
165
161
157
153
153
143
133
131
125
133
123
133
133
139
133
133
133
133
131
123
127
131
133
139
133
129
125
117
113
113
113
117
115
109
107
103
111
117
111
111
109
115
115
117
115
115
123
117
111
113
119
115
125
127
127
125
125
121
121
127
133
131
131
127
131
127
125
125
125
119
125
127
123
117
105
97
85
83
87
91
91
87
93
89
87
77
71
69
69
63
61
69
69
67
67
67
65
63
73
69
75
73
75
81
89
87
87
91
83
87
89
89
93
95
89
89
85
87
93
99
105
109
111
121
123
125
141
143
135
135
137
135
143
139
137
139
133
131
129
129
133
135
131
131
133
133
135
137
137
145
153
151
157
157
147
151
153
153
165
165
171
177
173
169
179
179
181
181
183
179
183
187
189
189
187
179
171
165
161
159
157
155
153
153
149
155
155
157
169
165
155
155
157
167
163
167
173
173
175
175
189
183
185
177
181
179
179
175
175
177
175
191
189
187
193
187
189
187
189
185
193
199
197
195
197
199
209
207
201
199
203
205
205
199
197
207
209
213
205
209
201
205
205
205
205
215
217
209
205
207
207
213
219
213
215
219
227
225
217
215
227
231
225
225
223
225
221
227
227
219
227
229
237
243
251
261
257
265
263
261
263
259
259
261
265
263
267
277
277
275
279
277
273
273
273
273
269
269
277
267
269
267
265
261
261
255
259
257
269
273
261
255
249
243
237
243
243
239
237
237
233
239
239
237
233
239
237
231
233
237
235
235
243
233
233
219
219
213
221
217
219
219
217
225
231
227
227
217
217
207
203
197
199
199
203
197
197
183
191
189
189
199
199
199
197
197
205
213
213
209
215
197
197
197
195
191
191
189
183
181
187
187
189
189
189
191
191
193
191
189
193
185
187
191
185
183
179
183
193
189
195
189
185
185
185
187
191
197
197
199
199
201
203
215
215
213
223
227
227
233
231
237
231
231
235
229
227
223
229
223
215
217
209
213
227
223
219
213
217
217
219
219
225
227
227
227
227
225
233
237
235
233
223
225
225
221
229
227
219
219
209
211
205
201
209
207
199
199
211
211
213
209
211
213
211
195
185
191
195
193
191
195
193
197
195
183
191
199
189
195
195
197
193
187
193
193
191
193
193
197
197
197
189
185
185
177
175
179
171
171
169
171
175
169
163
167
169
175
185
179
179
177
179
187
187
175
171
175
173
173
181
183
181
181
181
181
187
181
181
181
187
191
195
191
179
179
175
169
155
153
149
147
157
157
155
155
157
149
149
141
149
155
151
153
157
157
153
161
161
159
165
165
153
151
153
143
151
153
155
153
149
141
143
143
147
155
159
163
155
147
147
137
141
147
147
157
147
141
137
135
131
127
131
125
129
121
123
123
129
129
135
131
131
133
139
131
133
133
139
147
145
155
153
141
141
151
159
159
161
161
159
153
147
155
153
161
167
167
167
167
171
167
165
169
167
155
147
149
147
135
133
135
137
133
131
125
123
113
119
117
109
105
109
113
113
113
119
117
117
115
111
111
107
107
105
103
101
105
103
107
121
123
117
119
119
119
119
119
117
115
115
119
129
131
123
121
117
123
125
125
131
129
133
131
133
139
137
143
143
135
137
137
139
143
145
149
151
149
153
163
161
157
161
169
167
171
171
171
171
169
169
167
171
179
173
171
161
163
171
177
175
175
181
185
181
185
181
177
171
179
187
175
181
183
183
177
167
169
163
159
161
165
169
167
167
167
173
171
171
163
161
161
157
159
169
169
175
175
175
175
169
169
175
181
191
187
189
189
187
185
177
181
179
181
187
183
187
187
185
189
193
195
195
201
201
205
201
201
205
205
213
205
197
197
211
215
215
209
215
219
221
229
223
215
211
217
217
223
223
217
221
225
227
229
233
241
243
237
231
235
243
243
253
241
247
241
243
249
241
241
243
239
241
241
237
237
229
227
231
231
235
243
251
251
253
255
247
243
249
253
253
255
259
259
263
271
271
271
263
259
265
265
259
249
243
243
239
235
241
249
249
243
243
239
239
243
249
249
245
251
243
239
239
233
235
237
237
237
229
229
231
237
243
239
243
235
241
233
233
229
229
237
241
235
225
227
225
217
215
209
203
205
207
205
205
207
195
189
185
181
177
169
161
159
165
167
163
157
155
161
153
147
153
159
163
167
177
183
189
189
177
169
181
171
167
171
169
165
167
163
153
145
151
153
139
137
129
131
133
139
147
153
135
135
133
139
147
147
149
151
165
167
161
157
165
159
161
161
153
153
153
159
165
155
153
159
165
173
175
173
173
169
161
157
157
163
165
159
161
165
171
171
171
167
167
167
167
163
163
163
169
169
179
179
181
181
175
169
171
161
161
161
159
163
159
159
155
157
151
149
157
151
151
157
153
153
159
163
163
169
169
173
165
165
169
167
169
167
165
161
163
157
163
163
161
159
151
149
149
145
145
135
143
151
149
147
147
141
145
145
147
137
133
125
125
129
133
133
125
135
141
137
137
135
135
129
129
125
125
125
125
123
125
125
125
127
125
117
115
117
117
107
99
105
105
113
111
119
119
115
123
115
115
119
123
133
129
131
133
135
133
135
133
139
135
133
133
131
137
141
145
141
141
147
145
135
137
137
143
143
143
147
149
151
149
149
159
159
153
149
155
155
157
149
161
161
161
165
167
161
161
161
161
157
159
163
159
163
151
151
155
157
159
163
165
163
171
169
169
169
167
167
169
161
163
169
171
169
177
175
175
175
173
177
183
189
179
187
181
191
197
205
203
205
209
211
213
207
207
195
191
195
205
203
213
211
207
209
205
203
201
205
205
205
205
213
217
223
227
225
219
215
215
207
213
213
209
209
205
211
211
219
215
215
221
215
217
205
199
199
197
195
199
197
205
205
201
209
207
197
191
193
205
207
209
205
205
205
213
213
217
221
221
221
227
227
225
227
239
235
235
225
227
229
233
235
231
217
217
215
215
217
219
229
227
225
229
235
237
235
239
231
235
235
231
229
227
227
225
231
235
225
225
229
229
231
227
225
219
221
219
221
221
223
223
217
209
209
209
205
199
209
199
197
197
189
193
183
185
181
183
185
175
167
167
175
175
183
187
191
185
191
191
191
199
199
205
197
199
195
193
187
185
181
183
181
185
185
185
181
183
177
177
181
181
171
169
165
173
181
181
183
191
189
189
189
187
185
179
179
179
179
175
171
167
169
173
175
165
175
179
181
177
177
181
173
165
159
161
161
161
155
151
151
145
135
127
125
125
115
109
103
103
103
99
99
95
93
91
87
91
101
97
97
97
99
113
105
107
105
109
113
115
115
113
113
117
115
115
105
99
103
109
111
101
103
109
105
103
111
107
113
113
105
105
107
113
119
115
115
113
117
117
123
121
119
119
121
125
121
123
119
115
111
117
119
119
113
119
117
123
123
121
125
125
117
123
133
129
135
135
141
141
145
149
145
153
161
163
167
165
161
171
177
177
179
181
185
189
193
189
183
185
185
189
185
183
181
185
181
187
189
193
195
197
197
193
189
179
185
183
183
185
187
179
177
171
177
169
175
175
175
177
177
179
171
173
169
159
167
167
173
173
173
179
183
177
175
175
171
165
165
165
169
163
153
165
171
169
181
181
183
181
169
163
157
155
159
161
169
171
175
177
181
171
175
179
175
175
173
161
161
155
157
151
151
147
151
149
151
149
151
151
159
163
159
153
159
167
159
149
163
163
163
157
159
167
163
161
159
159
153
145
145
139
135
135
131
135
135
131
125
131
123
125
123
123
133
129
133
135
135
141
151
157
157
161
163
155
159
147
145
141
133
131
139
137
145
141
141
129
129
129
129
135
137
147
147
149
151
155
169
169
167
163
169
163
167
165
163
161
169
169
169
167
167
171
169
167
169
165
167
167
161
161
163
167
175
181
175
181
187
199
203
205
207
219
223
229
231
233
233
231
227
227
223
213
219
211
215
219
219
219
221
223
219
205
199
201
207
205
203
207
215
215
215
209
199
199
189
187
193
201
201
199
203
201
205
205
203
197
203
203
203
193
193
185
183
183
187
193
193
201
199
203
207
205
205
203
203
197
193
187
179
183
185
183
187
193
189
187
183
187
187
187
193
201
201
193
197
197
197
199
199
203
213
213
203
207
211
203
203
205
209
209
213
203
201
205
203
203
201
209
203
203
