-10474
-10474
-10472
-10462
-10462
-10458
-10452
-10442
-10430
-10430
-10418
-10410
-10400
-10396
-10390
-10390
-10392
-10392
-10382
-10380
-10368
-10364
-10358
-10354
-10342
-10332
-10320
-10320
-10312
-10306
-10302
-10296
-10296
-10290
-10280
-10280
-10268
-10258
-10258
-10246
-10246
-10238
-10238
-10228
-10218
-10212
-10204
-10196
-10188
-10188
-10186
-10186
-10186
-10188
-10186
-10172
-10156
-10148
-10148
-10148
-10148
-10136
-10120
-10110
-10096
-10094
-10086
-10080
-10072
-10070
-10070
-10066
-10062
-10058
-10044
-10040
-10038
-10028
-10030
-10018
-10012
-10008
-10004
-9990
-9990
-9992
-9992
-9990
-9990
-9990
-9984
-9978
-9962
-9952
-9946
-9936
-9934
-9922
-9916
-9916
-9906
-9896
-9886
-9880
-9880
-9878
-9876
-9868
-9868
-9860
-9854
-9848
-9846
-9846
-9846
-9844
-9840
-9840
-9832
-9832
-9832
-9820
-9820
-9820
-9818
-9810
-9806
-9800
-9796
-9794
-9778
-9778
-9764
-9764
-9754
-9742
-9740
-9726
-9720
-9718
-9712
-9702
-9688
-9680
-9680
-9674
-9660
-9654
-9642
-9638
-9628
-9626
-9618
-9608
-9608
-9596
-9586
-9586
-9586
-9586
-9578
-9576
-9570
-9564
-9558
-9552
-9550
-9542
-9532
-9524
-9518
-9512
-9512
-9512
-9498
-9496
-9484
-9474
-9464
-9452
-9452
-9454
-9450
-9446
-9442
-9428
-9418
-9410
-9398
-9404
-9396
-9386
-9382
-9382
-9372
-9370
-9374
-9368
-9358
-9352
-9352
-9338
-9338
-9332
-9320
-9316
-9308
-9304
-9294
-9286
-9272
-9270
-9270
-9262
-9258
-9248
-9246
-9236
-9232
-9232
-9232
-9230
-9230
-9224
-9226
-9226
-9216
-9208
-9208
-9208
-9208
-9202
-9194
-9180
-9178
-9166
-9164
-9152
-9152
-9146
-9134
-9128
-9122
-9116
-9112
-9102
-9094
-9090
-9084
-9078
-9066
-9054
-9054
-9046
-9048
-9040
-9040
-9028
-9024
-9024
-9024
-9010
-9000
-9000
-8994
-8984
-8970
-8964
-8948
-8950
-8954
-8938
-8942
-8942
-8938
-8938
-8938
-8938
-8938
-8938
-8940
-8934
-8924
-8924
-8924
-8916
-8912
-8908
-8904
-8900
-8900
-8896
-8896
-8888
-8880
-8870
-8868
-8858
-8852
-8838
-8826
-8814
-8814
-8802
-8804
-8790
-8782
-8774
-8774
-8764
-8754
-8748
-8742
-8736
-8736
-8734
-8730
-8730
-8730
-8730
-8726
-8722
-8716
-8706
-8702
-8702
-8702
-8702
-8702
-8702
-8696
-8688
-8680
-8676
-8670
-8662
-8664
-8658
-8650
-8638
-8638
-8638
-8636
-8630
-8618
-8622
-8614
-8602
-8596
-8582
-8582
-8576
-8576
-8572
-8562
-8562
-8562
-8562
-8556
-8550
-8550
-8544
-8540
-8534
-8534
-8528
-8532
-8532
-8532
-8526
-8520
-8516
-8514
-8506
-8504
-8496
-8484
-8484
-8472
-8460
-8460
-8450
-8442
-8436
-8436
-8422
-8422
-8416
-8408
-8402
-8388
-8386
-8380
-8380
-8376
-8374
-8366
-8356
-8348
-8348
-8340
-8336
-8332
-8332
-8332
-8332
-8326
-8326
-8320
-8312
-8312
-8298
-8292
-8284
-8284
-8284
-8276
-8276
-8268
-8266
-8254
-8240
-8238
-8234
-8234
-8220
-8212
-8212
-8210
-8202
-8190
-8182
-8180
-8178
-8162
-8154
-8144
-8140
-8140
-8134
-8134
-8126
-8114
-8106
-8106
-8106
-8104
-8104
-8102
-8102
-8088
-8080
-8068
-8056
-8056
-8046
-8046
-8036
-8026
-8020
-8020
-8020
-8012
-8012
-8012
-8004
-7996
-7994
-7990
-7982
-7984
-7984
-7974
-7972
-7970
-7966
-7960
-7962
-7964
-7962
-7962
-7962
-7956
-7944
-7936
-7938
-7928
-7928
-7920
-7920
-7906
-7894
-7894
-7896
-7892
-7884
-7884
-7874
-7864
-7856
-7854
-7840
-7846
-7844
-7838
-7828
-7818
-7816
-7818
-7810
-7810
-7804
-7798
-7784
-7780
-7780
-7784
-7778
-7774
-7774
-7774
-7780
-7780
-7770
-7764
-7762
-7754
-7754
-7752
-7752
-7752
-7752
-7746
-7740
-7734
-7734
-7734
-7716
-7716
-7710
-7708
-7696
-7690
-7684
-7676
-7666
-7658
-7648
-7638
-7638
-7636
-7640
-7634
-7626
-7626
-7626
-7616
-7616
-7610
-7610
-7612
-7610
-7604
-7600
-7600
-7600
-7592
-7578
-7562
-7550
-7552
-7548
-7538
-7534
-7534
-7530
-7534
-7532
-7532
-7532
-7520
-7512
-7508
-7506
-7506
-7502
-7502
-7502
-7498
-7498
-7494
-7494
-7486
-7486
-7486
-7476
-7476
-7466
-7462
-7450
-7450
-7436
-7432
-7426
-7426
-7426
-7426
-7426
-7420
-7420
-7416
-7420
-7420
-7420
-7412
-7404
-7396
-7386
-7386
-7386
-7382
-7378
-7372
-7360
-7360
-7358
-7358
-7348
-7330
-7324
-7324
-7324
-7328
-7314
-7314
-7308
-7306
-7302
-7298
-7298
-7292
-7280
-7280
-7280
-7272
-7270
-7266
-7258
-7252
-7248
-7244
-7234
-7238
-7236
-7236
-7226
-7226
-7216
-7204
-7202
-7194
-7188
-7188
-7182
-7180
-7180
-7176
-7166
-7158
-7144
-7136
-7132
-7126
-7114
-7108
-7100
-7098
-7088
-7088
-7090
-7090
-7084
-7074
-7074
-7066
-7064
-7060
-7052
-7048
-7046
-7036
-7028
-7028
-7022
-7022
-7012
-7010
-7002
-7004
-6990
-6990
-6990
-6992
-6982
-6972
-6972
-6974
-6972
-6972
-6966
-6956
-6960
-6956
-6952
-6956
-6956
-6954
-6950
-6952
-6952
-6952
-6952
-6944
-6944
-6940
-6938
-6946
-6946
-6946
-6928
-6922
-6912
-6912
-6912
-6912
-6908
-6894
-6882
-6868
-6858
-6844
-6836
-6836
-6836
-6834
-6834
-6834
-6832
-6826
-6826
-6814
-6808
-6798
-6796
-6790
-6784
-6784
-6782
-6782
-6772
-6772
-6772
-6780
-6774
-6766
-6758
-6758
-6758
-6752
-6750
-6750
-6746
-6746
-6750
-6746
-6746
-6740
-6740
-6738
-6738
-6738
-6732
-6726
-6716
-6716
-6712
-6712
-6706
-6706
-6706
-6696
-6684
-6676
-6676
-6678
-6666
-6666
-6674
-6666
-6666
-6676
-6678
-6676
-6676
-6678
-6678
-6678
-6668
-6666
-6656
-6656
-6656
-6648
-6648
-6648
-6644
-6636
-6636
-6628
-6626
-6622
-6616
-6616
-6608
-6610
-6606
-6606
-6606
-6602
-6600
-6598
-6594
-6594
-6592
-6592
-6584
-6580
-6570
-6560
-6562
-6558
-6546
-6534
-6522
-6526
-6526
-6528
-6522
-6516
-6516
-6524
-6514
-6516
-6520
-6522
-6514
-6524
-6524
-6516
-6516
-6516
-6504
-6506
-6500
-6494
-6486
-6482
-6468
-6460
-6454
-6454
-6446
-6436
-6434
-6434
-6430
-6426
-6424
-6412
-6414
-6406
-6408
-6406
-6398
-6402
-6400
-6390
-6390
-6382
-6380
-6380
-6366
-6364
-6352
-6352
-6354
-6354
-6354
-6354
-6362
-6356
-6342
-6332
-6322
-6320
-6312
-6300
-6300
-6292
-6292
-6292
-6292
-6292
-6284
-6280
-6266
-6260
-6260
-6260
-6254
-6248
-6238
-6250
-6244
-6236
-6228
-6232
-6224
-6222
-6220
-6214
-6208
-6206
-6206
-6198
-6186
-6182
-6182
-6182
-6172
-6182
-6170
-6170
-6164
-6158
-6150
-6146
-6146
-6146
-6146
-6146
-6132
-6124
-6118
-6110
-6106
-6102
-6098
-6084
-6080
-6080
-6080
-6070
-6070
-6062
-6062
-6048
-6052
-6052
-6046
-6042
-6040
-6032
-6018
-6010
-6004
-6004
-6000
-5982
-5974
-5972
-5972
-5962
-5962
-5962
-5962
-5958
-5960
-5954
-5958
-5952
-5954
-5954
-5954
-5954
-5948
-5942
-5942
-5934
-5934
-5926
-5918
-5908
-5910
-5904
-5902
-5900
-5896
-5890
-5890
-5892
-5892
-5890
-5880
-5872
-5868
-5868
-5866
-5866
-5866
-5866
-5858
-5858
-5856
-5846
-5836
-5836
-5838
-5828
-5826
-5828
-5828
-5824
-5826
-5832
-5826
-5820
-5822
-5812
-5798
-5788
-5776
-5784
-5786
-5784
-5776
-5776
-5776
-5768
-5762
-5752
-5750
-5748
-5736
-5734
-5736
-5736
-5730
-5730
-5728
-5720
-5720
-5722
-5722
-5716
-5708
-5708
-5708
-5700
-5690
-5688
-5680
-5680
-5680
-5672
-5668
-5656
-5656
-5642
-5636
-5636
-5636
-5636
-5636
-5630
-5618
-5612
-5602
-5596
-5602
-5602
-5604
-5604
-5604
-5596
-5590
-5580
-5580
-5580
-5576
-5576
-5576
-5576
-5576
-5576
-5576
-5574
-5566
-5572
-5572
-5572
-5558
-5552
-5546
-5540
-5542
-5540
-5550
-5550
-5544
-5536
-5536
-5530
-5522
-5514
-5518
-5502
-5502
-5504
-5506
-5500
-5500
-5500
-5500
-5492
-5486
-5486
-5478
-5478
-5478
-5486
-5490
-5486
-5486
-5482
-5480
-5480
-5480
-5480
-5474
-5468
-5468
-5468
-5474
-5468
-5468
-5472
-5476
-5470
-5472
-5462
-5462
-5454
-5454
-5444
-5432
-5422
-5432
-5436
-5434
-5434
-5430
-5428
-5418
-5418
-5418
-5414
-5414
-5410
-5408
-5408
-5408
-5408
-5408
-5396
-5396
-5386
-5384
-5384
-5384
-5384
-5382
-5374
-5364
-5364
-5364
-5362
-5362
-5356
-5354
-5338
-5342
-5344
-5344
-5336
-5332
-5330
-5328
-5324
-5320
-5320
-5314
-5320
-5322
-5318
-5318
-5314
-5318
-5318
-5306
-5306
-5306
-5304
-5304
-5304
-5302
-5294
-5282
-5282
-5280
-5272
-5272
-5262
-5256
-5256
-5254
-5248
-5240
-5232
-5228
-5220
-5224
-5224
-5228
-5228
-5228
-5218
-5210
-5208
-5210
-5210
-5206
-5200
-5204
-5196
-5192
-5192
-5192
-5192
-5178
-5178
-5168
-5158
-5152
-5144
-5148
-5148
-5148
-5148
-5138
-5132
-5124
-5124
-5118
-5108
-5106
-5106
-5108
-5104
-5098
-5096
-5096
-5094
-5090
-5090
-5084
-5084
-5082
-5090
-5084
-5084
-5074
-5074
-5068
-5060
-5062
-5064
-5050
-5050
-5050
-5048
-5054
-5054
-5050
-5042
-5034
-5034
-5028
-5026
-5024
-5022
-5012
-5010
-5010
-5010
-5010
-5006
-5002
-5002
-5002
-5002
-5016
-5016
-5024
-5024
-5024
-5024
-5022
-5020
-5022
-5010
-5010
-5010
-5010
-5002
-4996
-4996
-4996
-4996
-4996
-4998
-4986
-4986
-4986
-4980
-4966
-4960
-4960
-4960
-4964
-4964
-4958
-4958
-4954
-4954
-4952
-4952
-4948
-4948
-4954
-4954
-4952
-4952
-4946
-4944
-4952
-4962
-4958
-4956
-4958
-4954
-4954
-4942
-4946
-4932
-4932
-4932
-4932
-4934
-4934
-4934
-4926
-4926
-4920
-4920
-4920
-4914
-4904
-4892
-4892
-4884
-4888
-4890
-4890
-4888
-4886
-4890
-4898
-4896
-4896
-4896
-4890
-4886
-4888
-4880
-4878
-4866
-4866
-4856
-4850
-4846
-4856
-4864
-4852
-4848
-4846
-4840
-4838
-4822
-4822
-4820
-4820
-4816
-4806
-4804
-4802
-4794
-4792
-4792
-4786
-4788
-4790
-4790
-4786
-4784
-4782
-4778
-4776
-4766
-4768
-4768
-4768
-4768
-4766
-4758
-4750
-4742
-4736
-4736
-4722
-4722
-4712
-4712
-4720
-4720
-4718
-4718
-4718
-4718
-4718
-4720
-4716
-4702
-4700
-4694
-4686
-4684
-4682
-4682
-4674
-4674
-4670
-4670
-4670
-4664
-4664
-4660
-4666
-4660
-4652
-4652
-4652
-4646
-4640
-4634
-4634
-4634
-4634
-4632
-4626
-4622
-4622
-4622
-4614
-4616
-4612
-4612
-4608
-4608
-4606
-4606
-4606
-4606
-4600
-4592
-4588
-4588
-4576
-4572
-4572
-4566
-4574
-4574
-4578
-4576
-4576
-4572
-4572
-4568
-4558
-4554
-4546
-4542
-4544
-4544
-4534
-4540
-4536
-4536
-4532
-4528
-4526
-4524
-4524
-4520
-4514
-4516
-4512
-4508
-4512
-4508
-4498
-4496
-4496
-4494
-4490
-4486
-4478
-4476
-4476
-4474
-4468
-4462
-4462
-4462
-4456
-4452
-4452
-4438
-4438
-4434
-4438
-4424
-4424
-4424
-4414
-4414
-4414
-4412
-4400
-4394
-4394
-4380
-4384
-4374
-4380
-4378
-4380
-4382
-4372
-4366
-4364
-4356
-4354
-4352
-4348
-4348
-4350
-4340
-4340
-4328
-4318
-4318
-4320
-4314
-4306
-4300
-4300
-4296
-4296
-4296
-4298
-4298
-4288
-4292
-4292
-4302
-4306
-4298
-4298
-4304
-4294
-4284
-4280
-4276
-4272
-4272
-4272
-4272
-4272
-4274
-4274
-4264
-4262
-4246
-4246
-4246
-4240
-4240
-4240
-4246
-4242
-4242
-4240
-4238
-4232
-4234
-4228
-4228
-4228
-4214
-4206
-4206
-4200
-4200
-4200
-4196
-4194
-4182
-4176
-4172
-4172
-4172
-4166
-4156
-4156
-4148
-4140
-4140
-4136
-4136
-4124
-4120
-4124
-4124
-4124
-4136
-4128
-4116
-4116
-4114
-4112
-4112
-4104
-4114
-4104
-4102
-4100
-4100
-4098
-4098
-4096
-4094
-4092
-4084
-4082
-4078
-4074
-4074
-4074
-4068
-4068
-4062
-4054
-4046
-4046
-4050
-4042
-4048
-4040
-4044
-4040
-4042
-4038
-4032
-4036
-4036
-4040
-4034
-4032
-4028
-4022
-4020
-4022
-4014
-4012
-4006
-4010
-4010
-4010
-4014
-4012
-4006
-3992
-3996
-3998
-3998
-4002
-4002
-4006
-4006
-4004
-3998
-3998
-3992
-4000
-4004
-4010
-4002
-3994
-4002
-4008
-4000
-4000
-4000
-3990
-3990
-3988
-3990
-3980
-3980
-3982
-3984
-3992
-3988
-3996
-3992
-3992
-3990
-3994
-3996
-3988
-3976
-3972
-3964
-3964
-3956
-3954
-3942
-3926
-3914
-3914
-3912
-3910
-3900
-3892
-3896
-3896
-3896
-3898
-3890
-3892
-3902
-3902
-3894
-3898
-3890
-3888
-3886
-3882
-3878
-3878
-3882
-3870
-3870
-3870
-3864
-3864
-3860
-3850
-3848
-3848
-3850
-3850
-3856
-3852
-3846
-3846
-3846
-3846
-3846
-3840
-3840
-3828
-3826
-3826
-3826
-3826
-3832
-3826
-3826
-3826
-3822
-3826
-3826
-3822
-3820
-3820
-3818
-3812
-3804
-3804
-3802
-3792
-3794
-3792
-3796
-3794
-3786
-3788
-3776
-3776
-3770
-3770
-3770
-3766
-3762
-3764
-3760
-3752
-3744
-3742
-3744
-3738
-3738
-3734
-3734
-3726
-3728
-3724
-3724
-3724
-3724
-3724
-3714
-3704
-3692
-3686
-3684
-3672
-3672
-3668
-3654
-3654
-3654
-3652
-3638
-3642
-3638
-3638
-3630
-3630
-3624
-3624
-3636
-3632
-3630
-3630
-3628
-3628
-3634
-3638
-3638
-3630
-3624
-3624
-3624
-3620
-3624
-3624
-3618
-3616
-3618
-3618
-3616
-3618
-3618
-3624
-3624
-3628
-3620
-3618
-3622
-3622
-3612
-3610
-3602
-3602
-3602
-3602
-3592
-3592
-3588
-3584
-3576
-3576
-3570
-3570
-3570
-3568
-3568
-3568
-3562
-3562
-3572
-3564
-3556
-3556
-3550
-3552
-3552
-3544
-3544
-3538
-3540
-3534
-3538
-3536
-3534
-3524
-3524
-3528
-3518
-3518
-3508
-3508
-3508
-3508
-3508
-3508
-3508
-3508
-3508
-3512
-3506
-3506
-3496
-3496
-3488
-3488
-3484
-3484
-3484
-3478
-3472
-3472
-3472
-3462
-3466
-3466
-3466
-3472
-3464
-3464
-3454
-3450
-3446
-3450
-3450
-3442
-3442
-3444
-3448
-3444
-3440
-3440
-3438
-3424
-3424
-3424
-3418
-3408
-3408
-3412
-3412
-3410
-3398
-3398
-3396
-3398
-3384
-3386
-3380
-3380
-3378
-3374
-3374
-3372
-3372
-3378
-3368
-3368
-3372
-3372
-3372
-3370
-3362
-3362
-3356
-3356
-3350
-3342
-3340
-3334
-3334
-3326
-3316
-3312
-3306
-3310
-3300
-3300
-3300
-3300
-3300
-3292
-3290
-3300
-3298
-3298
-3298
-3298
-3294
-3298
-3298
-3298
-3298
-3290
-3294
-3294
-3294
-3282
-3270
-3262
-3262
-3266
-3258
-3250
-3248
-3260
-3252
-3240
-3232
-3226
-3226
-3226
-3212
-3204
-3200
-3200
-3210
-3202
-3196
-3188
-3186
-3180
-3170
-3180
-3178
-3182
-3182
-3182
-3174
-3170
-3170
-3170
-3162
-3154
-3154
-3144
-3148
-3158
-3158
-3160
-3156
-3154
-3156
-3156
-3156
-3158
-3154
-3148
-3146
-3144
-3142
-3132
-3132
-3128
-3136
-3136
-3134
-3134
-3140
-3140
-3134
-3134
-3144
-3136
-3138
-3142
-3138
-3134
-3124
-3116
-3114
-3114
-3112
-3112
-3112
-3106
-3110
-3120
-3116
-3116
-3124
-3112
-3102
-3102
-3102
-3092
-3092
-3092
-3086
-3086
-3084
-3072
-3076
-3076
-3072
-3080
-3086
-3086
-3086
-3084
-3080
-3082
-3066
-3062
-3060
-3058
-3058
-3056
-3054
-3054
-3054
-3050
-3052
-3052
-3058
-3058
-3058
-3056
-3048
-3048
-3040
-3034
-3026
-3026
-3022
-3016
-3020
-3020
-3018
-3022
-3018
-3018
-3018
-3016
-3016
-3016
-3016
-3010
-3010
-3010
-3008
-2994
-2998
-2998
-2992
-2988
-2984
-2984
-2984
-2984
-2990
-2984
-2984
-2980
-2980
-2978
-2978
-2978
-2980
-2972
-2974
-2966
-2970
-2968
-2968
-2960
-2954
-2958
-2966
-2966
-2966
-2966
-2966
-2972
-2962
-2958
-2958
-2956
-2962
-2960
-2966
-2952
-2944
-2944
-2932
-2932
-2932
-2932
-2942
-2940
-2940
-2934
-2930
-2922
-2914
-2918
-2906
-2896
-2886
-2886
-2882
-2868
-2876
-2880
-2880
-2880
-2876
-2872
-2868
-2868
-2868
-2868
-2872
-2868
-2864
-2858
-2856
-2856
-2856
-2856
-2852
-2854
-2860
-2858
-2858
-2858
-2858
-2856
-2852
-2854
-2858
-2848
-2840
-2832
-2836
-2830
-2830
-2830
-2832
-2836
-2836
-2836
-2836
-2842
-2844
-2844
-2848
-2836
-2832
-2830
-2832
-2832
-2832
-2824
-2824
-2814
-2812
-2800
-2800
-2800
-2800
-2806
-2812
-2808
-2808
-2798
-2798
-2790
-2786
-2780
-2780
-2774
-2774
-2758
-2750
-2748
-2744
-2754
-2754
-2750
-2746
-2752
-2756
-2750
-2748
-2740
-2740
-2740
-2736
-2736
-2736
-2736
-2730
-2730
-2726
-2726
-2720
-2712
-2712
-2712
-2708
-2696
-2690
-2688
-2682
-2682
-2674
-2674
-2676
-2670
-2662
-2662
-2662
-2662
-2668
-2674
-2674
-2674
-2678
-2690
-2690
-2686
-2686
-2686
-2686
-2698
-2698
-2698
-2698
-2700
-2700
-2694
-2690
-2686
-2678
-2692
-2692
-2696
-2688
-2688
-2688
-2680
-2688
-2680
-2682
-2682
-2682
-2686
-2684
-2684
-2684
-2680
-2680
-2676
-2676
-2676
-2662
-2662
-2662
-2670
-2662
-2662
-2654
-2664
-2654
-2654
-2660
-2660
-2666
-2670
-2668
-2670
-2666
-2674
-2672
-2680
-2674
-2674
-2670
-2670
-2666
-2666
-2666
-2660
-2658
-2650
-2652
-2652
-2644
-2636
-2632
-2632
-2626
-2624
-2618
-2618
-2612
-2618
-2616
-2616
-2612
-2612
-2608
-2608
-2616
-2610
-2610
-2610
-2600
-2600
-2592
-2596
-2586
-2586
-2586
-2586
-2584
-2584
-2574
-2570
-2576
-2572
-2568
-2562
-2562
-2568
-2556
-2568
-2566
-2562
-2562
-2548
-2542
-2538
-2534
-2536
-2530
-2536
-2536
-2536
-2536
-2536
-2544
-2550
-2544
-2544
-2540
-2540
-2546
-2540
-2530
-2530
-2534
-2534
-2532
-2534
-2524
-2532
-2528
-2524
-2522
-2510
-2506
-2492
-2496
-2512
-2508
-2510
-2512
-2512
-2512
-2512
-2512
-2510
-2502
-2498
-2500
-2492
-2492
-2492
-2498
-2500
-2500
-2490
-2486
-2484
-2484
-2486
-2486
-2486
-2486
-2488
-2482
-2478
-2480
-2470
-2478
-2470
-2470
-2472
-2462
-2458
-2458
-2460
-2464
-2462
-2456
-2460
-2450
-2458
-2460
-2466
-2466
-2470
-2458
-2450
-2442
-2444
-2444
-2444
-2452
-2452
-2450
-2450
-2444
-2452
-2454
-2454
-2450
-2442
-2454
-2462
-2460
-2456
-2454
-2444
-2444
-2438
-2438
-2430
-2428
-2428
-2434
-2428
-2424
-2424
-2428
-2430
-2440
-2436
-2432
-2426
-2422
-2424
-2418
-2412
-2412
-2412
-2412
-2412
-2406
-2410
-2406
-2406
-2402
-2394
-2388
-2388
-2378
-2380
-2386
-2376
-2376
-2372
-2374
-2366
-2366
-2356
-2358
-2356
-2350
-2350
-2346
-2346
-2352
-2344
-2364
-2354
-2350
-2350
-2346
-2344
-2328
-2326
-2324
-2324
-2334
-2334
-2328
-2328
-2320
-2318
-2316
-2316
-2310
-2302
-2302
-2296
-2296
-2294
-2298
-2292
-2292
-2292
-2284
-2290
-2282
-2288
-2288
-2286
-2270
-2272
-2272
-2274
-2264
-2260
-2274
-2274
-2264
-2266
-2266
-2254
-2260
-2258
-2250
-2248
-2238
-2238
-2246
-2246
-2246
-2244
-2246
-2248
-2248
-2248
-2250
-2256
-2256
-2248
-2256
-2254
-2248
-2248
-2242
-2240
-2240
-2236
-2236
-2230
-2236
-2236
-2236
-2240
-2240
-2240
-2240
-2244
-2254
-2260
-2260
-2250
-2250
-2250
-2248
-2244
-2242
-2236
-2226
-2220
-2214
-2216
-2204
-2206
-2200
-2202
-2204
-2196
-2188
-2200
-2200
-2200
-2198
-2198
-2194
-2194
-2184
-2178
-2176
-2166
-2164
-2172
-2168
-2162
-2156
-2156
-2162
-2162
-2162
-2158
-2158
-2152
-2160
-2160
-2160
-2168
-2174
-2174
-2168
-2166
-2166
-2166
-2166
-2164
-2168
-2164
-2156
-2156
-2154
-2154
-2154
-2154
-2154
-2154
-2148
-2152
-2150
-2144
-2144
-2142
-2134
-2134
-2138
-2140
-2140
-2144
-2146
-2138
-2136
-2140
-2140
-2140
-2140
-2140
-2140
-2130
-2114
-2118
-2118
-2120
-2124
-2110
-2108
-2108
-2106
-2108
-2100
-2092
-2090
-2082
-2084
-2086
-2090
-2096
-2100
-2106
-2104
-2098
-2096
-2094
-2090
-2082
-2082
-2076
-2076
-2072
-2068
-2076
-2080
-2084
-2082
-2082
-2078
-2078
-2078
-2070
-2078
-2074
-2076
-2076
-2076
-2074
-2074
-2062
-2062
-2068
-2068
-2074
-2074
-2082
-2084
-2090
-2090
-2094
-2096
-2090
-2078
-2078
-2084
-2082
-2084
-2082
-2072
-2072
-2080
-2078
-2078
-2068
-2068
-2074
-2066
-2074
-2082
-2076
-2074
-2070
-2074
-2074
-2066
-2064
-2056
-2052
-2048
-2048
-2054
-2046
-2042
-2042
-2036
-2040
-2048
-2048
-2048
-2048
-2046
-2040
-2046
-2048
-2050
-2050
-2044
-2044
-2038
-2032
-2014
-2004
-2002
-1998
-1986
-1978
-1982
-1982
-1978
-1974
-1982
-1982
-1982
-1990
-1992
-1992
-1982
-1980
-1980
-1978
-1982
-1982
-1982
-1982
-1976
-1980
-1980
-1978
-1978
-1974
-1974
-1974
-1972
-1958
-1958
-1964
-1964
-1964
-1958
-1954
-1942
-1942
-1942
-1942
-1926
-1922
-1918
-1918
-1912
-1910
-1902
-1902
-1898
-1898
-1898
-1894
-1888
-1890
-1880
-1878
-1878
-1886
-1880
-1872
-1862
-1862
-1862
-1862
-1854
-1854
-1854
-1862
-1862
-1862
-1862
-1860
-1852
-1852
-1854
-1854
-1854
-1854
-1860
-1846
-1840
-1840
-1828
-1828
-1828
-1826
-1826
-1812
-1804
-1808
-1806
-1804
-1806
-1806
-1806
-1806
-1804
-1812
-1818
-1818
-1834
-1834
-1830
-1822
-1824
-1826
-1826
-1814
-1802
-1802
-1808
-1802
-1794
-1792
-1788
-1790
-1788
-1784
-1790
-1790
-1786
-1794
-1794
-1790
-1790
-1788
-1776
-1776
-1770
-1774
-1774
-1772
-1768
-1760
-1758
-1758
-1754
-1754
-1742
-1726
-1726
-1724
-1724
-1716
-1716
-1716
-1718
-1718
-1718
-1718
-1712
-1712
-1712
-1712
-1708
-1712
-1710
-1702
-1704
-1702
-1700
-1700
-1702
-1698
-1694
-1692
-1692
-1692
-1692
-1694
-1704
-1706
-1710
-1710
-1700
-1704
-1704
-1702
-1700
-1700
-1700
-1688
-1682
-1682
-1682
-1682
-1678
-1678
-1684
-1686
-1682
-1670
-1666
-1666
-1666
-1666
-1666
-1662
-1660
-1656
-1652
-1650
-1656
-1658
-1656
-1656
-1650
-1642
-1636
-1624
-1624
-1620
-1618
-1618
-1620
-1624
-1624
-1618
-1622
-1618
-1618
-1620
-1624
-1618
-1616
-1614
-1618
-1622
-1622
-1620
-1620
-1616
-1622
-1626
-1628
-1632
-1640
-1632
-1620
-1612
-1616
-1616
-1616
-1606
-1606
-1606
-1606
-1606
-1608
-1606
-1614
-1624
-1624
-1626
-1632
-1636
-1650
-1650
-1650
-1636
-1634
-1634
-1634
-1642
-1652
-1654
-1650
-1646
-1644
-1644
-1644
-1636
-1636
-1634
-1636
-1644
-1646
-1642
-1642
-1640
-1640
-1646
-1654
-1654
-1650
-1638
-1622
-1622
-1622
-1622
-1622
-1618
-1600
-1598
-1604
-1610
-1610
-1598
-1584
-1580
-1582
-1578
-1578
-1588
-1590
-1582
-1580
-1574
-1580
-1580
-1582
-1582
-1582
-1582
-1574
-1574
-1566
-1566
-1554
-1554
-1554
-1554
-1554
-1542
-1542
-1540
-1550
-1542
-1540
-1540
-1536
-1540
-1544
-1536
-1536
-1530
-1530
-1530
-1530
-1532
-1532
-1528
-1528
-1532
-1532
-1532
-1534
-1538
-1540
-1536
-1534
-1534
-1536
-1534
-1534
-1534
-1534
-1524
-1526
-1520
-1516
-1516
-1516
-1510
-1510
-1510
-1516
-1516
-1506
-1514
-1512
-1510
-1498
-1498
-1486
-1486
-1486
-1492
-1496
-1494
-1500
-1506
-1502
-1502
-1502
-1498
-1490
-1492
-1492
-1484
-1482
-1482
-1488
-1492
-1496
-1498
-1492
-1492
-1480
-1480
-1482
-1486
-1486
-1482
-1488
-1484
-1478
-1478
-1480
-1480
-1480
-1480
-1486
-1486
-1478
-1478
-1478
-1480
-1482
-1468
-1464
-1466
-1468
-1468
-1474
-1472
-1470
-1470
-1470
-1476
-1470
-1470
-1470
-1464
-1462
-1464
-1464
-1464
-1460
-1450
-1446
-1436
-1436
-1436
-1438
-1442
-1452
-1438
-1440
-1444
-1444
-1446
-1442
-1438
-1436
-1446
-1446
-1446
-1454
-1450
-1448
-1448
-1448
-1440
-1432
-1424
-1418
-1408
-1406
-1400
-1410
-1410
-1410
-1410
-1410
-1416
-1416
-1416
-1410
-1404
-1394
-1394
-1394
-1394
-1394
-1386
-1386
-1386
-1380
-1384
-1384
-1384
-1378
-1370
-1358
-1358
-1358
-1358
-1354
-1354
-1346
-1354
-1356
-1366
-1368
-1370
-1370
-1368
-1362
-1362
-1362
-1350
-1348
-1360
-1368
-1368
-1366
-1366
-1364
-1364
-1370
-1364
-1364
-1364
-1354
-1360
-1366
-1358
-1358
-1354
-1354
-1348
-1348
-1346
-1346
-1342
-1342
-1346
-1346
-1342
-1346
-1354
-1350
-1348
-1348
-1344
-1348
-1348
-1346
-1346
-1346
-1344
-1334
-1334
-1334
-1340
-1340
-1340
-1334
-1332
-1330
-1336
-1334
-1326
-1320
-1318
-1318
-1320
-1318
-1312
-1316
-1316
-1320
-1310
-1300
-1298
-1292
-1294
-1294
-1302
-1298
-1298
-1292
-1288
-1288
-1294
-1302
-1302
-1308
-1310
-1306
-1310
-1306
-1306
-1310
-1314
-1318
-1314
-1322
-1314
-1314
-1314
-1312
-1308
-1310
-1318
-1322
-1312
-1312
-1312
-1312
-1312
-1312
-1300
-1298
-1292
-1288
-1288
-1288
-1280
-1286
-1286
-1292
-1290
-1286
-1300
-1304
-1310
-1310
-1312
-1304
-1304
-1302
-1302
-1298
-1292
-1284
-1288
-1288
-1288
-1298
-1306
-1306
-1306
-1298
-1298
-1298
-1294
-1294
-1288
-1282
-1276
-1270
-1282
-1278
-1278
-1278
-1284
-1282
-1276
-1272
-1262
-1252
-1252
-1258
-1260
-1258
-1250
-1252
-1248
-1248
-1248
-1248
-1246
-1246
-1248
-1250
-1252
-1262
-1262
-1256
-1254
-1246
-1246
-1246
-1246
-1248
-1234
-1242
-1242
-1244
-1252
-1252
-1250
-1252
-1260
-1264
-1264
-1264
-1252
-1250
-1250
-1242
-1242
-1242
-1242
-1248
-1248
-1248
-1252
-1252
-1252
-1248
-1242
-1250
-1248
-1252
-1252
-1250
-1246
-1240
-1238
-1238
-1238
-1242
-1246
-1246
-1262
-1268
-1258
-1266
-1270
-1270
-1270
-1272
-1282
-1282
-1278
-1280
-1282
-1282
-1286
-1286
-1286
-1292
-1288
-1288
-1290
-1284
-1284
-1278
-1278
-1278
-1286
-1288
-1288
-1290
-1290
-1296
-1294
-1290
-1290
-1286
-1286
-1292
-1294
-1288
-1288
-1286
-1294
-1296
-1292
-1300
-1298
-1294
-1290
-1298
-1302
-1300
-1294
-1294
-1292
-1292
-1292
-1278
-1284
-1282
-1282
-1282
-1280
-1270
-1270
-1270
-1266
-1254
-1258
-1258
-1258
-1258
-1258
-1254
-1260
-1260
-1260
-1262
-1264
-1272
-1258
-1264
-1272
-1274
-1274
-1278
-1278
-1290
-1286
-1286
-1286
-1290
-1286
-1286
-1278
-1276
-1276
-1276
-1280
-1280
-1278
-1288
-1292
-1286
-1286
-1286
-1288
-1282
-1286
-1286
-1278
-1274
-1274
-1266
-1266
-1268
-1260
-1256
-1256
-1256
-1244
-1244
-1248
-1256
-1250
-1252
-1242
-1240
-1246
-1246
-1252
-1256
-1256
-1246
-1246
-1244
-1240
-1238
-1234
-1234
-1236
-1228
-1234
-1228
-1228
-1234
-1242
-1238
-1238
-1230
-1230
-1230
-1232
-1240
-1234
-1234
-1224
-1224
-1226
-1224
-1226
-1238
-1226
-1228
-1232
-1226
-1228
-1228
-1228
-1240
-1242
-1240
-1240
-1234
-1232
-1232
-1232
-1232
-1230
-1244
-1244
-1238
-1236
-1228
-1228
-1240
-1246
-1246
-1252
-1252
-1254
-1264
-1256
-1246
-1248
-1248
-1248
-1248
-1248
-1244
-1236
-1240
-1238
-1242
-1242
-1232
-1228
-1234
-1224
-1228
-1216
-1218
-1216
-1214
-1206
-1216
-1212
-1216
-1216
-1216
-1222
-1222
-1226
-1224
-1224
-1224
-1224
-1222
-1218
-1218
-1218
-1218
-1226
-1224
-1224
-1222
-1218
-1218
-1218
-1206
-1206
-1198
-1204
-1202
-1202
-1202
-1192
-1192
-1190
-1186
-1180
-1172
-1176
-1176
-1178
-1180
-1180
-1184
-1190
-1188
-1186
-1184
-1184
-1184
-1176
-1172
-1166
-1168
-1158
-1156
-1160
-1164
-1164
-1150
-1148
-1148
-1144
-1142
-1142
-1142
-1130
-1126
-1126
-1114
-1114
-1120
-1120
-1122
-1122
-1116
-1116
-1114
-1118
-1122
-1122
-1116
-1120
-1120
-1112
-1102
-1102
-1094
-1086
-1090
-1090
-1088
-1086
-1084
-1080
-1080
-1074
-1076
-1072
-1072
-1064
-1064
-1064
-1068
-1068
-1068
-1056
-1056
-1048
-1050
-1046
-1048
-1046
-1046
-1042
-1048
-1050
-1046
-1042
-1044
-1044
-1050
-1050
-1046
-1036
-1046
-1040
-1040
-1044
-1040
-1040
-1034
-1028
-1024
-1014
-1008
-1014
-1008
-1016
-1012
-1012
-1016
-1002
-1002
-1002
-998
-998
-994
-1004
-1004
-1002
-1002
-1002
-988
-988
-990
-984
-984
-984
-984
-990
-990
-988
-998
-1010
-1022
-1032
-1030
-1024
-1028
-1028
-1028
-1032
-1024
-1022
-1012
-1012
-1000
-1004
-1004
-1004
-1008
-1002
-996
-992
-996
-1012
-1014
-1002
-996
-1004
-1004
-1010
-1010
-1008
-1008
-1008
-1006
-1008
-1008
-1006
-1006
-1002
-996
-994
-994
-994
-984
-978
-978
-980
-978
-974
-974
-972
-976
-976
-972
-970
-970
-970
-972
-972
-978
-978
-980
-982
-982
-974
-980
-976
-974
-976
-976
-978
-978
-978
-978
-986
-984
-984
-976
-980
-980
-978
-980
-980
-978
-976
-974
-970
-970
-970
-970
-976
-986
-986
-986
-980
-972
-976
-976
-980
-976
-970
-970
-978
-978
-976
-976
-970
-970
-966
-966
-970
-970
-960
-954
-966
-966
-966
-966
-968
-970
-970
-970
-966
-970
-970
-970
-966
-966
-962
-956
-950
-950
-952
-954
-954
-952
-940
-934
-932
-932
-924
-916
-912
-906
-902
-900
-892
-894
-888
-878
-880
-880
-878
-878
-872
-870
-874
-874
-868
-868
-870
-872
-868
-872
-872
-860
-858
-854
-850
-846
-846
-838
-832
-836
-836
-830
-836
-840
-838
-834
-834
-826
-828
-828
-824
-814
-812
-812
-814
-812
-812
-814
-804
-800
-800
-794
-788
-790
-786
-786
-786
-786
-790
-790
-784
-782
-778
-778
-778
-778
-778
-778
-780
-780
-774
-758
-744
-738
-744
-746
-748
-748
-746
-748
-750
-758
-750
-752
-752
-752
-752
-752
-744
-738
-738
-738
-738
-736
-728
-738
-730
-730
-730
-730
-730
-738
-748
-744
-744
-748
-756
-756
-750
-750
-740
-740
-736
-738
-740
-740
-742
-738
-740
-732
-732
-730
-730
-718
-718
-718
-718
-718
-718
-714
-710
-702
-708
-704
-704
-710
-710
-710
-702
-702
-694
-690
-686
-686
-686
-682
-678
-678
-668
-676
-676
-684
-684
-676
-674
-682
-678
-674
-678
-678
-678
-678
-678
-686
-684
-684
-676
-678
-668
-668
-666
-668
-668
-670
-662
-660
-660
-658
-658
-672
-670
-674
-684
-684
-676
-684
-690
-690
-688
-698
-698
-692
-694
-696
-696
-708
-710
-710
-710
-710
-714
-710
-718
-720
-718
-716
-718
-720
-720
-720
-716
-718
-718
-714
-718
-712
-712
-696
-698
-698
-704
-716
-712
-712
-708
-706
-706
-706
-708
-712
-702
-692
-696
-698
-702
-698
-710
-710
-706
-706
-704
-704
-708
-708
-708
-704
-700
-692
-692
-694
-694
-696
-706
-706
-704
-704
-710
-710
-702
-688
-696
-700
-698
-702
-702
-702
-702
-714
-708
-714
-720
-718
-710
-706
-692
-680
-686
-686
-686
-674
-682
-680
-678
-672
-676
-676
-666
-666
-666
-666
-666
-662
-656
-662
-658
-656
-656
-660
-654
-650
-652
-644
-644
-650
-650
-646
-650
-652
-658
-660
-654
-654
-652
-646
-648
-646
-652
-650
-664
-666
-670
-670
-672
-680
-676
-676
-676
-676
-682
-682
-684
-686
-686
-686
-686
-700
-698
-700
-708
-710
-714
-714
-714
-716
-716
-720
-720
-714
-714
-706
-694
-694
-696
-692
-688
-692
-692
-692
-692
-688
-688
-678
-678
-678
-672
-660
-660
-664
-664
-658
-662
-662
-668
-662
-654
-654
-646
-646
-646
-646
-646
-644
-638
-638
-638
-638
-646
-642
-640
-636
-632
-626
-626
-636
-636
-636
-630
-642
-642
-638
-636
-636
-644
-642
-642
-632
-628
-636
-642
-638
-638
-632
-628
-628
-638
-640
-634
-634
-630
-634
-634
-640
-642
-636
-636
-628
-626
-628
-622
-612
-608
-608
-604
-602
-592
-592
-592
-592
-596
-596
-592
-596
-594
-594
-590
-586
-592
-592
-578
-578
-574
-578
-582
-584
-586
-590
-594
-590
-590
-586
-586
-578
-584
-586
-578
-572
-580
-580
-580
-582
-582
-586
-590
-590
-590
-590
-590
-586
-586
-584
-594
-598
-596
-596
-596
-596
-596
-588
-586
-578
-578
-570
-570
-560
-560
-564
-570
-580
-580
-580
-580
-580
-584
-576
-584
-586
-580
-588
-596
-592
-596
-596
-598
-588
-574
-574
-576
-576
-578
-572
-572
-564
-560
-560
-560
-560
-560
-570
-572
-566
-570
-570
-572
-572
-572
-572
-572
-572
-570
-570
-564
-564
-562
-562
-570
-568
-568
-576
-576
-578
-578
-572
-578
-576
-576
-580
-580
-574
-580
-590
-590
-594
-596
-590
-586
-590
-590
-584
-584
-584
-584
-596
-588
-588
-588
-586
-586
-590
-590
-596
-592
-592
-588
-588
-580
-580
-580
-582
-586
-586
-592
-586
-594
-600
-600
-604
-596
-592
-594
-592
-590
-602
-606
-600
-604
-604
-606
-606
-612
-614
-610
-602
-600
-602
-602
-602
-606
-602
-606
-612
-604
-606
-614
-614
-608
-600
-602
-600
-602
-604
-600
-600
-600
-600
-602
-602
-602
-604
-606
-602
-602
-608
-608
-608
-618
-618
-624
-630
-632
-622
-624
-624
-616
-608
-614
-622
-622
-620
-630
-632
-634
-634
-624
-622
-622
-622
-618
-616
-620
-622
-628
-628
-626
-632
-634
-632
-626
-626
-622
-620
-620
-620
-630
-630
-628
-626
-630
-634
-634
-644
-638
-636
-636
-638
-628
-622
-612
-616
-622
-622
-616
-616
-616
-606
-606
-602
-604
-598
-594
-598
-598
-600
-600
-602
-602
-598
-596
-596
-584
-584
-582
-578
-570
-564
-566
-570
-570
-570
-574
-574
-580
-572
-570
-568
-568
-568
-578
-578
-578
-574
-566
-570
-564
-568
-568
-562
-558
-558
-558
-558
-558
-570
-570
-570
-570
-570
-570
-568
-568
-568
-568
-562
-562
-562
-566
-566
-564
-562
-562
-556
-554
-542
-532
-532
-532
-532
-532
-534
-534
-534
-532
-530
-530
-524
-524
-520
-510
-510
-512
-510
-500
-500
-500
-500
-500
-502
-496
-498
-492
-492
-492
-488
-488
-492
-488
-474
-466
-468
-468
-470
-470
-476
-468
-458
-458
-452
-452
-452
-460
-460
-464
-464
-460
-460
-462
-462
-460
-460
-460
-460
-460
-456
-458
-458
-450
-450
-456
-456
-450
-448
-448
-444
-444
-444
-438
-434
-434
-438
-438
-438
-436
-438
-438
-438
-438
-438
-438
-438
-438
-434
-444
-444
-444
-438
-432
-440
-440
-434
-438
-438
-438
-434
-434
-434
-442
-442
-440
-436
-438
-446
-438
-438
-432
-428
-424
-426
-426
-418
-416
-416
-414
-414
-414
-414
-408
-408
-406
-400
-404
-404
-416
-410
-412
-402
-392
-392
-398
-402
-402
-392
-394
-402
-402
-402
-394
-394
-392
-396
-396
-400
-400
-400
-400
-406
-406
-404
-410
-412
-410
-410
-410
-418
-418
-414
-422
-420
-420
-422
-416
-416
-412
-412
-412
-412
-418
-418
-422
-420
-410
-412
-408
-408
-408
-408
-406
-406
-406
-406
-410
-414
-414
-418
-420
-420
-422
-426
-436
-444
-440
-442
-436
-436
-436
-440
-446
-444
-452
-460
-462
-470
-474
-472
-474
-474
-486
-480
-474
-466
-462
-460
-460
-456
-460
-464
-456
-456
-458
-456
-454
-454
-448
-432
-432
-428
-414
-410
-410
-418
-418
-418
-420
-418
-416
-418
-412
-412
-416
-416
-414
-420
-412
-424
-424
-422
-422
-422
-426
-426
-420
-422
-422
-422
-416
-416
-414
-422
-422
-422
-422
-426
-426
-426
-426
-426
-424
-430
-434
-434
-430
-430
-430
-434
-422
-418
-416
-416
-416
-414
-410
-412
-408
-412
-398
-400
-400
-400
-394
-400
-394
-384
-382
-390
-386
-386
-388
-396
-388
-396
-400
-400
-400
-402
-402
-396
-394
-394
-388
-384
-388
-390
-386
-380
-374
-374
-374
-370
-364
-356
-344
-342
-342
-350
-350
-346
-344
-342
-340
-336
-328
-328
-334
-332
-332
-332
-336
-336
-336
-340
-340
-330
-330
-320
-324
-334
-334
-340
-336
-330
-328
-326
-332
-332
-334
-340
-332
-320
-322
-322
-320
-312
-328
-340
-338
-338
-340
-344
-344
-344
-338
-338
-342
-334
-336
-332
-324
-318
-320
-316
-316
-310
-310
-310
-300
-296
-296
-296
-296
-290
-294
-292
-292
-292
-292
-300
-302
-302
-302
-310
-310
-312
-320
-320
-326
-322
-322
-318
-316
-316
-316
-316
-316
-312
-308
-300
-296
-296
-300
-304
-296
-300
-300
-292
-292
-288
-280
-268
-260
-258
-258
-252
-246
-240
-242
-242
-242
-246
-246
-254
-266
-268
-266
-266
-268
-260
-260
-258
-258
-256
-250
-244
-242
-242
-242
-240
-236
-236
-228
-224
-224
-224
-224
-224
-224
-224
-224
-224
-230
-228
-220
-224
-212
-212
-212
-212
-214
-220
-224
-224
-222
-226
-226
-228
-216
-228
-216
-216
-220
-220
-226
-228
-242
-242
-244
-244
-238
-230
-230
-230
-230
-230
-230
-230
-222
-224
-224
-216
-220
-212
-216
-216
-214
-212
-210
-204
-204
-202
-200
-192
-206
-206
-206
-198
-204
-204
-204
-202
-210
-212
-210
-206
-206
-206
-206
-206
-206
-206
-206
-206
-212
-208
-206
-202
-202
-210
-206
-206
-204
-204
-196
-204
-204
-200
-206
-206
-206
-206
-206
-204
-202
-192
-200
-202
-210
-210
-206
-204
-198
-200
-204
-202
-208
-204
-208
-200
-200
-206
-206
-202
-202
-196
-198
-202
-202
-198
-194
-196
-196
-194
-194
-190
-188
-188
-190
-184
-184
-184
-186
-186
-186
-180
-174
-168
-170
-170
-170
-170
-170
-178
-180
-182
-182
-178
-178
-178
-186
-190
-180
-182
-190
-192
-192
-194
-194
-194
-194
-192
-192
-198
-204
-206
-204
-200
-200
-200
-206
-206
-206
-212
-218
-218
-212
-224
-224
-224
-224
-222
-216
-212
-212
-212
-212
-208
-204
-204
-208
-208
-200
-190
-190
-184
-184
-186
-184
-182
-176
-168
-166
-168
-172
-172
-168
-172
-180
-176
-182
-172
-180
-180
-182
-182
-188
-188
-188
-188
-180
-180
-178
-184
-182
-180
-186
-198
-202
-202
-200
-202
-198
-194
-184
-186
-184
-186
-182
-182
-176
-170
-170
-176
-180
-182
-190
-196
-200
-200
-204
-196
-196
-200
-190
-190
-190
-192
-188
-200
-202
-190
-190
-188
-192
-180
-180
-180
-184
-184
-184
-184
-190
-186
-184
-176
-174
-180
-180
-178
-180
-180
-172
-176
-176
-184
-178
-168
-168
-158
-150
-150
-142
-154
-168
-172
-172
-172
-168
-174
-174
-176
-174
-174
-180
-184
-186
-190
-188
-188
-178
-178
-176
-172
-172
-174
-174
-174
-176
-180
-178
-182
-176
-176
-182
-182
-178
-174
-168
-168
-156
-164
-160
-166
-166
-166
-160
-160
-160
-164
-166
-164
-160
-158
-158
-158
-164
-168
-168
-170
-170
-176
-178
-178
-180
-180
-180
-184
-190
-184
-182
-174
-168
-172
-176
-172
-166
-172
-178
-178
-184
-184
-180
-174
-184
-184
-184
-182
-182
-180
-180
-174
-166
-166
-166
-160
-160
-162
-164
-162
-170
-172
-180
-182
-188
-184
-178
-178
-186
-184
-188
-186
-182
-180
-180
-186
-176
-184
-192
-184
-184
-186
-182
-184
-184
-180
-178
-174
-166
-166
-166
-166
-166
-166
-166
-172
-172
-166
-166
-166
-166
-158
-168
-162
-154
-156
-156
-150
-150
-138
-136
-136
-132
-136
-136
-136
-128
-130
-130
-130
-132
-136
-130
-130
-128
-122
-122
-122
-132
-132
-132
-132
-132
-122
-122
-122
-120
-118
-118
-118
-118
-120
-112
-122
-130
-130
-126
-118
-118
-118
-118
-118
-110
-110
-102
-106
-110
-110
-106
-104
-110
-104
-104
-104
-102
-104
-102
-106
-108
-98
-94
-94
-104
-108
-108
-102
-98
-96
-96
-94
-94
-100
-94
-86
-80
-80
-80
-84
-86
-78
-70
-68
-72
-72
-70
-70
-70
-76
-76
-66
-68
-68
-58
-52
-54
-54
-54
-54
-64
-64
-70
-70
-78
-80
-80
-70
-72
-74
-76
-76
-88
-90
-98
-102
-104
-98
-98
-98
-98
-94
-94
-100
-108
-108
-114
-114
-116
-114
-110
-110
-110
-98
-96
-102
-98
-94
-94
-92
-88
-80
-80
-82
-82
-80
-86
-80
-68
-68
-68
-60
-52
-44
-44
-42
-34
-34
-34
-42
-38
-32
-32
-46
-50
-50
-50
-50
-48
-46
-48
-48
-42
-44
-44
-44
-36
-36
-32
-38
-40
-40
-42
-42
-42
-42
-40
-40
-44
-44
-48
-50
-50
-44
-44
-48
-48
-48
-52
-52
-52
-52
-52
-60
-60
-60
-54
-60
-54
-56
-64
-60
-52
-48
-42
-44
-44
-44
-42
-42
-38
-38
-40
-44
-42
-38
-44
-36
-42
-36
-36
-24
-28
-28
-24
-28
-32
-32
-36
-28
-28
-34
-24
-24
-20
-12
-4
2
2
-2
2
0
2
0
4
6
-6
-6
-10
-8
-14
-14
-14
-14
-8
-14
-6
4
4
2
0
0
-8
-6
-6
-2
-2
-4
-4
-8
-8
-6
-6
0
-6
-6
-10
-16
-6
4
6
4
12
18
16
16
18
16
18
18
20
20
28
28
34
40
38
38
38
42
42
46
48
54
54
50
50
50
60
60
70
76
82
82
80
84
82
78
68
64
64
50
40
28
22
24
32
32
32
46
48
50
50
54
54
54
54
54
52
50
52
50
40
30
26
20
24
24
24
24
36
36
28
36
34
26
24
26
26
16
16
16
14
14
14
14
8
4
10
16
16
16
16
16
16
10
6
16
6
4
4
14
14
28
28
30
30
38
42
50
48
60
70
68
64
70
58
62
62
62
56
56
58
64
64
64
62
62
62
62
62
70
64
54
62
60
62
68
70
82
98
94
94
100
100
104
102
102
112
106
100
104
104
100
108
116
116
118
112
118
116
128
122
122
128
128
124
122
122
118
118
118
118
118
120
118
118
122
118
118
114
114
114
128
126
122
120
120
120
130
122
122
122
122
128
126
136
136
136
130
130
134
134
134
134
134
134
128
132
128
128
124
126
116
108
112
102
104
108
106
114
114
108
114
106
106
106
104
98
98
106
106
108
102
104
98
98
106
112
108
112
120
122
116
116
116
116
116
116
116
120
116
116
114
110
110
118
118
116
120
118
110
110
104
110
108
108
116
114
116
122
126
120
126
122
120
118
118
122
126
116
116
110
118
124
126
126
126
128
132
134
134
138
128
128
130
130
130
120
112
116
116
112
112
108
110
114
122
122
118
118
120
120
116
116
118
118
112
118
118
118
118
118
118
122
130
136
128
128
128
122
124
120
120
120
116
114
120
124
126
126
128
120
122
120
118
118
118
118
110
110
106
104
104
94
94
98
96
102
102
102
102
102
102
104
108
104
98
94
88
88
88
88
84
80
82
86
94
96
94
94
102
106
106
102
114
114
120
120
114
114
114
120
132
132
132
132
132
134
128
128
116
116
116
110
108
100
100
92
98
96
96
98
86
84
84
84
76
88
90
90
100
100
100
100
106
110
108
108
108
100
100
92
90
90
90
90
88
88
88
94
94
100
102
94
88
90
92
100
104
110
110
114
108
106
106
110
106
114
114
114
114
114
110
110
104
104
106
102
102
100
96
98
94
92
92
92
92
98
98
98
98
98
98
104
100
102
110
112
112
110
110
114
114
114
114
114
114
114
116
118
118
118
120
116
110
120
134
132
136
136
132
126
124
124
122
130
130
130
130
124
124
130
124
124
124
116
116
116
116
118
118
120
118
118
120
120
120
116
118
122
114
120
124
126
132
134
136
144
138
138
138
138
140
140
136
130
128
122
122
122
120
128
128
124
124
118
122
108
110
112
112
108
108
108
100
100
90
90
88
86
78
84
84
90
76
78
78
84
84
88
86
80
86
86
92
84
84
90
88
90
86
80
84
84
84
84
82
84
90
96
96
96
102
104
112
102
98
100
106
106
106
108
112
104
104
116
116
114
114
124
120
122
128
128
128
120
122
114
114
114
114
114
106
108
114
116
120
124
118
124
112
112
114
114
126
132
128
136
138
140
140
134
142
138
144
144
152
152
146
146
142
138
140
138
138
138
136
136
144
144
144
144
146
142
140
144
142
142
136
136
132
144
142
154
158
150
148
144
142
150
158
156
154
150
150
154
154
156
152
158
158
158
160
160
160
170
178
178
178
178
178
180
176
178
178
190
194
194
204
208
218
218
218
230
230
230
236
236
240
250
244
244
244
242
248
256
254
246
252
260
264
260
260
258
256
256
264
264
258
258
258
258
260
260
260
258
258
258
258
258
266
264
264
268
264
270
268
266
272
282
288
298
300
300
300
306
312
312
312
312
312
312
312
308
304
304
300
294
296
296
294
282
284
282
280
276
266
266
262
260
260
268
270
282
274
278
274
274
276
284
292
286
290
290
284
286
286
286
286
286
276
278
278
278
270
268
272
272
272
268
276
278
276
286
284
278
278
278
278
278
276
270
266
270
268
274
274
272
272
274
266
268
268
272
282
294
298
298
294
290
280
280
274
266
266
266
266
266
268
268
268
270
270
272
272
266
272
276
280
284
290
294
298
304
304
304
306
298
298
284
282
282
290
292
292
284
286
280
280
280
280
276
282
278
278
276
258
260
260
264
272
270
270
272
272
278
268
264
262
262
270
270
268
268
264
270
268
266
266
262
266
276
274
266
272
274
272
266
266
266
266
262
262
250
246
246
256
248
244
238
236
236
238
236
238
236
236
240
246
250
246
240
240
240
240
240
238
244
244
244
244
248
248
248
250
254
252
252
252
248
248
246
246
246
242
250
250
250
246
246
246
254
254
254
250
246
242
232
232
232
232
230
230
228
236
236
236
236
238
240
240
250
250
250
258
258
258
258
264
268
266
256
264
266
262
268
278
288
288
284
284
282
278
262
260
256
264
272
272
276
276
268
268
272
274
274
262
262
262
260
260
262
250
246
244
238
238
232
234
228
228
228
230
236
234
234
236
240
234
222
222
222
214
230
234
236
234
242
242
238
234
234
234
234
234
234
234
242
238
238
246
246
254
246
246
242
242
242
238
238
240
236
232
232
234
240
238
230
230
230
234
234
224
232
224
224
224
232
232
226
226
222
226
222
222
222
222
226
226
222
216
220
218
206
218
210
210
216
214
220
224
220
220
220
220
216
216
216
212
212
210
206
196
206
206
200
200
204
216
222
222
220
228
234
240
240
248
246
244
236
240
242
242
234
234
234
224
224
220
218
216
210
210
210
218
214
214
222
222
212
222
222
216
216
212
220
224
216
222
222
216
214
224
222
226
216
210
208
210
210
210
210
208
204
200
192
196
198
198
212
208
216
224
228
228
232
232
222
218
220
206
210
224
226
218
224
228
234
234
228
228
228
226
234
234
228
228
226
218
210
210
214
216
216
224
218
218
216
220
220
214
214
224
224
224
224
224
222
222
218
216
212
216
216
226
224
228
234
234
244
244
244
252
246
250
250
250
258
250
250
246
246
242
242
246
236
236
230
228
232
236
244
246
236
236
236
232
236
232
228
228
226
218
218
218
224
224
216
218
222
222
212
206
206
216
218
226
234
228
224
224
228
226
224
220
220
214
214
214
210
202
210
210
210
214
226
224
224
228
228
220
226
226
220
220
220
224
224
220
220
220
220
220
220
220
220
212
224
218
218
216
216
210
214
214
224
224
210
202
202
200
200
200
202
202
206
206
212
202
202
202
202
200
200
194
204
204
206
204
204
208
198
210
210
210
208
208
208
208
208
212
222
222
220
220
210
210
210
214
228
228
240
244
244
244
244
254
254
260
260
260
254
254
246
240
236
236
236
236
236
238
242
250
256
256
256
248
248
246
250
252
252
244
238
236
238
242
236
230
232
228
226
224
224
228
234
232
232
228
228
236
244
244
256
260
260
260
252
252
256
248
250
254
254
254
254
254
252
252
254
248
250
244
246
254
250
252
244
244
248
242
240
246
242
242
242
246
234
238
238
234
236
234
234
234
242
240
244
242
242
242
238
234
232
226
232
232
234
228
228
228
226
228
224
222
222
220
220
216
224
222
222
232
232
228
224
218
212
212
204
206
212
226
236
236
234
234
234
222
222
222
218
218
218
218
220
220
220
218
214
214
208
210
202
206
206
206
212
206
206
200
200
204
214
216
216
212
218
214
206
202
202
208
200
204
208
202
198
202
202
198
202
202
202
202
210
202
202
206
196
196
196
198
202
202
200
192
184
188
188
196
194
194
188
182
176
166
166
172
172
172
172
172
172
172
172
174
174
174
174
164
160
160
160
152
152
148
148
148
144
148
148
148
148
136
128
128
128
130
130
130
130
128
140
144
144
146
156
152
148
154
154
154
158
158
148
148
148
146
146
146
146
146
146
154
162
162
168
166
158
156
156
156
160
168
166
166
158
160
160
160
156
156
150
150
142
146
146
150
150
150
154
142
140
140
134
130
124
124
128
124
124
116
116
116
122
122
124
126
130
130
130
130
136
138
140
140
142
146
146
146
148
148
148
154
156
150
154
148
148
148
148
148
144
144
144
144
144
142
142
156
158
160
176
178
176
176
174
174
174
166
166
172
178
170
170
174
176
176
174
170
166
166
166
166
172
174
170
168
162
156
152
156
154
166
166
166
166
162
162
156
148
154
152
152
152
166
152
150
148
154
150
154
162
160
162
162
160
168
168
168
174
172
178
178
178
174
180
188
188
186
186
186
186
178
188
