-10466
-10456
-10450
-10440
-10436
-10426
-10414
-10412
-10408
-10396
-10388
-10376
-10374
-10376
-10376
-10372
-10368
-10356
-10348
-10348
-10344
-10338
-10328
-10322
-10312
-10306
-10296
-10288
-10282
-10274
-10274
-10272
-10270
-10258
-10258
-10248
-10244
-10234
-10234
-10232
-10228
-10230
-10230
-10230
-10220
-10218
-10210
-10204
-10196
-10188
-10182
-10172
-10170
-10160
-10160
-10158
-10150
-10138
-10132
-10118
-10118
-10108
-10108
-10110
-10110
-10102
-10094
-10088
-10082
-10082
-10076
-10084
-10082
-10082
-10082
-10082
-10074
-10074
-10072
-10068
-10062
-10056
-10050
-10042
-10030
-10030
-10028
-10028
-10022
-10022
-10014
-10006
-10004
-9994
-9994
-9992
-9988
-9978
-9962
-9960
-9950
-9942
-9942
-9934
-9934
-9926
-9916
-9914
-9912
-9910
-9910
-9910
-9906
-9898
-9902
-9902
-9892
-9888
-9876
-9876
-9868
-9866
-9862
-9862
-9856
-9850
-9842
-9842
-9832
-9822
-9822
-9812
-9806
-9792
-9792
-9782
-9782
-9772
-9764
-9752
-9754
-9750
-9742
-9742
-9738
-9730
-9722
-9722
-9712
-9706
-9698
-9686
-9676
-9672
-9664
-9658
-9650
-9638
-9638
-9626
-9622
-9616
-9616
-9608
-9598
-9598
-9590
-9586
-9582
-9582
-9582
-9578
-9568
-9566
-9564
-9554
-9554
-9548
-9538
-9526
-9512
-9512
-9512
-9498
-9496
-9488
-9480
-9478
-9468
-9454
-9448
-9440
-9428
-9424
-9420
-9420
-9424
-9414
-9406
-9408
-9408
-9396
-9394
-9388
-9380
-9374
-9360
-9354
-9354
-9354
-9350
-9342
-9338
-9334
-9328
-9326
-9318
-9318
-9318
-9310
-9310
-9300
-9294
-9294
-9286
-9286
-9282
-9282
-9276
-9266
-9250
-9250
-9250
-9242
-9242
-9234
-9230
-9220
-9212
-9200
-9200
-9192
-9184
-9172
-9168
-9162
-9152
-9142
-9134
-9128
-9128
-9122
-9116
-9116
-9108
-9098
-9096
-9082
-9076
-9070
-9062
-9062
-9050
-9044
-9040
-9040
-9038
-9038
-9028
-9022
-9024
-9014
-9014
-9014
-9014
-9014
-9004
-9002
-8994
-8994
-8978
-8968
-8960
-8954
-8950
-8942
-8942
-8934
-8924
-8912
-8914
-8912
-8912
-8910
-8908
-8896
-8902
-8902
-8886
-8878
-8866
-8860
-8848
-8848
-8836
-8828
-8818
-8814
-8808
-8802
-8798
-8800
-8788
-8782
-8774
-8764
-8764
-8760
-8750
-8740
-8732
-8724
-8718
-8716
-8712
-8712
-8716
-8714
-8706
-8694
-8694
-8694
-8684
-8676
-8668
-8662
-8646
-8632
-8632
-8628
-8628
-8618
-8612
-8608
-8608
-8606
-8602
-8602
-8590
-8584
-8576
-8576
-8564
-8560
-8556
-8546
-8536
-8534
-8526
-8514
-8508
-8498
-8484
-8484
-8478
-8480
-8476
-8468
-8468
-8464
-8466
-8460
-8454
-8442
-8440
-8428
-8426
-8428
-8428
-8418
-8416
-8416
-8404
-8400
-8388
-8394
-8392
-8392
-8382
-8380
-8374
-8366
-8358
-8350
-8346
-8336
-8318
-8320
-8320
-8322
-8322
-8310
-8298
-8294
-8282
-8284
-8272
-8272
-8256
-8252
-8252
-8244
-8234
-8234
-8238
-8234
-8240
-8234
-8230
-8228
-8228
-8216
-8218
-8208
-8200
-8196
-8190
-8184
-8178
-8188
-8188
-8192
-8182
-8174
-8164
-8154
-8148
-8150
-8150
-8140
-8124
-8122
-8122
-8110
-8110
-8110
-8110
-8116
-8118
-8118
-8108
-8108
-8112
-8102
-8102
-8098
-8090
-8082
-8082
-8082
-8074
-8068
-8066
-8060
-8046
-8034
-8026
-8028
-8032
-8018
-8010
-8010
-8004
-7988
-7988
-7972
-7956
-7954
-7946
-7948
-7934
-7928
-7928
-7932
-7932
-7926
-7922
-7914
-7914
-7916
-7904
-7904
-7896
-7896
-7900
-7894
-7892
-7888
-7882
-7870
-7870
-7866
-7854
-7842
-7842
-7834
-7820
-7816
-7804
-7808
-7802
-7800
-7792
-7784
-7780
-7776
-7776
-7770
-7774
-7764
-7766
-7760
-7760
-7748
-7736
-7720
-7720
-7714
-7702
-7688
-7680
-7672
-7676
-7676
-7672
-7672
-7662
-7660
-7660
-7658
-7646
-7642
-7638
-7638
-7638
-7628
-7622
-7612
-7602
-7600
-7598
-7600
-7596
-7594
-7594
-7580
-7576
-7568
-7554
-7554
-7548
-7540
-7540
-7532
-7528
-7516
-7516
-7506
-7506
-7496
-7494
-7492
-7490
-7482
-7474
-7464
-7458
-7460
-7456
-7456
-7442
-7442
-7442
-7436
-7434
-7434
-7428
-7428
-7434
-7428
-7428
-7420
-7420
-7408
-7404
-7406
-7396
-7404
-7406
-7406
-7400
-7398
-7394
-7390
-7384
-7382
-7382
-7376
-7376
-7376
-7374
-7376
-7368
-7362
-7356
-7356
-7344
-7332
-7326
-7316
-7316
-7310
-7310
-7304
-7298
-7288
-7286
-7282
-7270
-7266
-7264
-7258
-7258
-7252
-7260
-7258
-7248
-7252
-7254
-7254
-7244
-7250
-7250
-7248
-7242
-7232
-7224
-7216
-7216
-7206
-7202
-7200
-7204
-7208
-7208
-7206
-7206
-7212
-7206
-7206
-7196
-7186
-7184
-7184
-7180
-7170
-7170
-7164
-7154
-7148
-7148
-7156
-7156
-7146
-7138
-7124
-7112
-7112
-7104
-7104
-7096
-7090
-7086
-7086
-7078
-7064
-7066
-7066
-7066
-7068
-7068
-7062
-7060
-7064
-7066
-7062
-7062
-7058
-7052
-7048
-7038
-7030
-7026
-7018
-7010
-7012
-7012
-7018
-7006
-7002
-6990
-6984
-6984
-6988
-6982
-6990
-6990
-6984
-6988
-6988
-6986
-6988
-6984
-6984
-6980
-6980
-6980
-6976
-6972
-6964
-6956
-6956
-6954
-6940
-6940
-6944
-6942
-6940
-6940
-6932
-6930
-6930
-6928
-6924
-6918
-6918
-6910
-6910
-6912
-6908
-6902
-6902
-6902
-6896
-6888
-6882
-6882
-6882
-6882
-6872
-6870
-6870
-6874
-6874
-6868
-6868
-6866
-6866
-6862
-6856
-6846
-6840
-6832
-6824
-6818
-6816
-6812
-6804
-6810
-6802
-6798
-6792
-6784
-6778
-6758
-6752
-6752
-6746
-6740
-6736
-6736
-6736
-6736
-6734
-6724
-6722
-6722
-6718
-6712
-6706
-6696
-6690
-6694
-6694
-6694
-6702
-6704
-6704
-6710
-6700
-6700
-6698
-6686
-6684
-6684
-6680
-6676
-6672
-6672
-6672
-6668
-6658
-6656
-6648
-6640
-6640
-6638
-6640
-6640
-6634
-6636
-6636
-6624
-6626
-6622
-6622
-6620
-6618
-6616
-6608
-6602
-6596
-6596
-6584
-6576
-6570
-6568
-6570
-6564
-6562
-6560
-6570
-6576
-6572
-6572
-6568
-6564
-6554
-6550
-6546
-6546
-6540
-6534
-6524
-6528
-6522
-6522
-6520
-6520
-6516
-6516
-6508
-6504
-6502
-6502
-6502
-6496
-6484
-6482
-6476
-6470
-6470
-6456
-6456
-6456
-6446
-6444
-6436
-6428
-6428
-6428
-6428
-6440
-6442
-6426
-6426
-6426
-6426
-6418
-6414
-6400
-6384
-6382
-6376
-6368
-6370
-6364
-6356
-6354
-6344
-6334
-6332
-6330
-6328
-6316
-6316
-6308
-6300
-6300
-6300
-6294
-6290
-6284
-6286
-6274
-6280
-6276
-6276
-6266
-6268
-6268
-6272
-6272
-6274
-6270
-6270
-6266
-6256
-6256
-6256
-6256
-6246
-6242
-6242
-6228
-6218
-6216
-6208
-6210
-6214
-6214
-6214
-6214
-6208
-6208
-6208
-6208
-6208
-6208
-6200
-6198
-6192
-6186
-6184
-6190
-6190
-6186
-6180
-6184
-6186
-6184
-6176
-6168
-6164
-6170
-6160
-6150
-6146
-6138
-6128
-6130
-6122
-6120
-6120
-6122
-6116
-6110
-6104
-6100
-6096
-6098
-6096
-6092
-6082
-6076
-6072
-6070
-6068
-6068
-6064
-6056
-6056
-6044
-6044
-6034
-6034
-6032
-6024
-6024
-6024
-6008
-6004
-6000
-5986
-5974
-5974
-5966
-5960
-5948
-5948
-5944
-5936
-5920
-5914
-5916
-5910
-5910
-5910
-5896
-5886
-5878
-5862
-5858
-5858
-5858
-5852
-5850
-5844
-5838
-5832
-5834
-5834
-5826
-5826
-5820
-5814
-5796
-5786
-5786
-5786
-5782
-5772
-5766
-5778
-5778
-5782
-5784
-5774
-5774
-5782
-5772
-5760
-5750
-5748
-5754
-5746
-5734
-5736
-5728
-5714
-5716
-5716
-5712
-5712
-5702
-5698
-5686
-5686
-5674
-5668
-5666
-5660
-5652
-5650
-5650
-5648
-5650
-5648
-5644
-5644
-5644
-5644
-5644
-5644
-5644
-5644
-5632
-5626
-5622
-5620
-5614
-5610
-5608
-5608
-5598
-5598
-5592
-5580
-5572
-5562
-5554
-5546
-5546
-5532
-5526
-5520
-5520
-5512
-5508
-5500
-5498
-5486
-5486
-5474
-5472
-5468
-5462
-5460
-5464
-5460
-5452
-5452
-5456
-5444
-5440
-5440
-5436
-5434
-5430
-5430
-5428
-5426
-5426
-5422
-5426
-5422
-5410
-5412
-5412
-5408
-5408
-5402
-5388
-5388
-5388
-5382
-5384
-5388
-5380
-5380
-5380
-5374
-5374
-5374
-5370
-5360
-5360
-5350
-5344
-5352
-5352
-5346
-5340
-5332
-5334
-5326
-5326
-5318
-5312
-5314
-5314
-5306
-5310
-5308
-5300
-5298
-5296
-5290
-5278
-5270
-5264
-5256
-5252
-5250
-5244
-5250
-5244
-5238
-5234
-5228
-5234
-5224
-5218
-5218
-5218
-5212
-5206
-5194
-5188
-5182
-5178
-5170
-5170
-5170
-5166
-5168
-5166
-5164
-5164
-5160
-5162
-5160
-5154
-5148
-5148
-5148
-5140
-5136
-5128
-5122
-5128
-5128
-5128
-5126
-5126
-5128
-5126
-5126
-5118
-5114
-5102
-5102
-5102
-5096
-5098
-5096
-5090
-5084
-5078
-5078
-5070
-5068
-5068
-5072
-5066
-5058
-5058
-5046
-5034
-5026
-5018
-5014
-5014
-5016
-5022
-5022
-5026
-5026
-5020
-5010
-5006
-5000
-4992
-4986
-4978
-4966
-4966
-4966
-4958
-4954
-4950
-4944
-4930
-4928
-4928
-4928
-4930
-4930
-4924
-4916
-4910
-4910
-4900
-4900
-4898
-4888
-4874
-4868
-4866
-4858
-4852
-4852
-4840
-4828
-4832
-4832
-4822
-4822
-4818
-4808
-4798
-4808
-4812
-4804
-4804
-4798
-4796
-4792
-4780
-4780
-4776
-4774
-4776
-4768
-4760
-4756
-4756
-4754
-4744
-4744
-4736
-4734
-4730
-4730
-4730
-4722
-4714
-4714
-4714
-4708
-4702
-4698
-4696
-4698
-4694
-4684
-4682
-4678
-4672
-4660
-4666
-4654
-4654
-4652
-4646
-4642
-4632
-4628
-4632
-4628
-4630
-4626
-4626
-4620
-4612
-4608
-4608
-4606
-4598
-4594
-4584
-4584
-4588
-4584
-4586
-4572
-4566
-4560
-4556
-4542
-4548
-4542
-4542
-4542
-4538
-4536
-4532
-4522
-4522
-4518
-4520
-4520
-4524
-4522
-4522
-4522
-4514
-4514
-4520
-4516
-4516
-4516
-4516
-4516
-4518
-4506
-4498
-4502
-4496
-4492
-4492
-4488
-4492
-4492
-4490
-4492
-4484
-4482
-4478
-4476
-4468
-4460
-4458
-4458
-4450
-4458
-4458
-4454
-4454
-4456
-4456
-4446
-4434
-4424
-4420
-4414
-4414
-4406
-4406
-4404
-4404
-4404
-4396
-4390
-4394
-4386
-4386
-4382
-4378
-4376
-4386
-4382
-4368
-4366
-4358
-4352
-4354
-4352
-4346
-4342
-4340
-4340
-4344
-4338
-4338
-4338
-4338
-4336
-4340
-4334
-4334
-4332
-4332
-4332
-4338
-4336
-4330
-4330
-4328
-4334
-4326
-4322
-4328
-4328
-4328
-4328
-4330
-4326
-4326
-4326
-4320
-4314
-4306
-4304
-4298
-4298
-4286
-4286
-4280
-4272
-4276
-4268
-4268
-4274
-4270
-4274
-4272
-4266
-4262
-4250
-4240
-4242
-4234
-4226
-4230
-4220
-4220
-4212
-4210
-4214
-4206
-4204
-4198
-4188
-4180
-4174
-4166
-4162
-4170
-4166
-4170
-4164
-4160
-4156
-4150
-4144
-4136
-4130
-4120
-4116
-4116
-4116
-4102
-4102
-4098
-4098
-4098
-4086
-4080
-4080
-4074
-4074
-4062
-4060
-4056
-4044
-4040
-4040
-4036
-4046
-4054
-4054
-4056
-4056
-4046
-4036
-4040
-4030
-4026
-4026
-4022
-4026
-4020
-4020
-4020
-4018
-4010
-4020
-4016
-4016
-4008
-4004
-4002
-4006
-4006
-4016
-4020
-4016
-4022
-4022
-4018
-4014
-4016
-4016
-4012
-4012
-4012
-4016
-4008
-4006
-4002
-4010
-4014
-4014
-4010
-4008
-4008
-3998
-4000
-3992
-3976
-3976
-3974
-3968
-3962
-3962
-3966
-3966
-3968
-3966
-3968
-3968
-3960
-3960
-3966
-3962
-3962
-3962
-3968
-3964
-3960
-3954
-3952
-3956
-3962
-3960
-3960
-3958
-3956
-3952
-3960
-3958
-3954
-3944
-3950
-3950
-3958
-3948
-3946
-3940
-3934
-3926
-3926
-3936
-3928
-3928
-3924
-3922
-3920
-3918
-3918
-3908
-3908
-3908
-3908
-3898
-3898
-3896
-3892
-3874
-3870
-3874
-3874
-3868
-3862
-3862
-3868
-3868
-3872
-3872
-3862
-3858
-3856
-3860
-3854
-3846
-3846
-3846
-3854
-3850
-3856
-3850
-3844
-3848
-3848
-3842
-3840
-3838
-3840
-3844
-3842
-3828
-3822
-3808
-3798
-3798
-3792
-3786
-3778
-3778
-3774
-3768
-3766
-3768
-3760
-3760
-3762
-3762
-3764
-3766
-3758
-3758
-3752
-3754
-3754
-3754
-3754
-3742
-3740
-3728
-3730
-3724
-3722
-3718
-3712
-3698
-3698
-3700
-3710
-3698
-3696
-3694
-3684
-3680
-3670
-3670
-3670
-3668
-3660
-3652
-3650
-3646
-3642
-3642
-3642
-3640
-3634
-3636
-3634
-3634
-3634
-3634
-3634
-3638
-3638
-3638
-3622
-3630
-3618
-3618
-3618
-3614
-3608
-3602
-3596
-3596
-3592
-3600
-3606
-3606
-3604
-3600
-3602
-3600
-3596
-3596
-3594
-3584
-3582
-3568
-3568
-3574
-3574
-3562
-3556
-3552
-3552
-3550
-3550
-3548
-3544
-3548
-3550
-3550
-3544
-3544
-3542
-3536
-3528
-3530
-3524
-3524
-3518
-3518
-3512
-3512
-3518
-3510
-3504
-3496
-3496
-3496
-3502
-3502
-3488
-3482
-3466
-3456
-3454
-3462
-3454
-3442
-3436
-3440
-3440
-3432
-3436
-3434
-3434
-3432
-3428
-3422
-3424
-3430
-3430
-3424
-3422
-3416
-3416
-3414
-3404
-3392
-3388
-3392
-3392
-3392
-3386
-3380
-3378
-3378
-3378
-3378
-3378
-3374
-3370
-3360
-3360
-3366
-3366
-3378
-3374
-3368
-3362
-3362
-3362
-3362
-3368
-3368
-3368
-3370
-3362
-3362
-3362
-3356
-3366
-3370
-3364
-3374
-3370
-3364
-3364
-3356
-3356
-3340
-3332
-3320
-3320
-3316
-3314
-3314
-3312
-3306
-3298
-3288
-3286
-3274
-3274
-3272
-3270
-3278
-3272
-3276
-3274
-3268
-3262
-3258
-3258
-3246
-3248
-3242
-3238
-3230
-3230
-3234
-3242
-3242
-3236
-3232
-3224
-3228
-3220
-3210
-3206
-3200
-3202
-3200
-3198
-3202
-3192
-3192
-3188
-3188
-3188
-3182
-3184
-3172
-3162
-3150
-3144
-3138
-3134
-3134
-3134
-3134
-3130
-3122
-3128
-3128
-3122
-3112
-3108
-3116
-3118
-3108
-3100
-3100
-3096
-3090
-3078
-3076
-3076
-3082
-3082
-3092
-3094
-3098
-3098
-3098
-3098
-3098
-3102
-3090
-3084
-3086
-3088
-3082
-3080
-3082
-3076
-3066
-3066
-3072
-3066
-3052
-3050
-3044
-3044
-3040
-3040
-3034
-3026
-3018
-3008
-3000
-2992
-2992
-2992
-2992
-2992
-2988
-2988
-2974
-2980
-2978
-2982
-2982
-2972
-2970
-2968
-2962
-2954
-2948
-2950
-2942
-2932
-2932
-2932
-2932
-2932
-2926
-2928
-2924
-2924
-2914
-2912
-2910
-2904
-2904
-2904
-2904
-2896
-2896
-2882
-2876
-2876
-2874
-2876
-2866
-2870
-2868
-2868
-2864
-2858
-2858
-2862
-2860
-2862
-2858
-2850
-2850
-2846
-2848
-2848
-2846
-2848
-2842
-2834
-2836
-2836
-2834
-2826
-2826
-2826
-2826
-2822
-2822
-2814
-2814
-2814
-2816
-2806
-2796
-2796
-2796
-2796
-2784
-2782
-2782
-2776
-2774
-2780
-2784
-2784
-2784
-2776
-2786
-2780
-2782
-2786
-2778
-2772
-2774
-2774
-2764
-2764
-2764
-2758
-2758
-2760
-2754
-2754
-2744
-2740
-2732
-2722
-2704
-2700
-2702
-2702
-2700
-2700
-2700
-2698
-2698
-2686
-2686
-2682
-2678
-2678
-2678
-2680
-2682
-2690
-2676
-2676
-2668
-2664
-2652
-2650
-2646
-2644
-2632
-2634
-2620
-2620
-2606
-2594
-2588
-2584
-2590
-2594
-2602
-2596
-2586
-2598
-2608
-2604
-2600
-2606
-2604
-2608
-2604
-2604
-2596
-2598
-2596
-2586
-2586
-2586
-2580
-2578
-2590
-2584
-2588
-2590
-2586
-2586
-2576
-2572
-2570
-2570
-2568
-2566
-2568
-2564
-2552
-2550
-2550
-2544
-2538
-2538
-2532
-2540
-2528
-2520
-2526
-2530
-2532
-2528
-2528
-2526
-2526
-2536
-2534
-2530
-2530
-2530
-2530
-2522
-2520
-2520
-2528
-2520
-2520
-2512
-2508
-2502
-2502
-2502
-2496
-2498
-2486
-2492
-2492
-2486
-2482
-2484
-2486
-2484
-2482
-2472
-2474
-2468
-2458
-2462
-2456
-2460
-2458
-2458
-2460
-2464
-2458
-2448
-2436
-2440
-2436
-2430
-2430
-2430
-2424
-2430
-2418
-2416
-2412
-2404
-2396
-2396
-2394
-2390
-2400
-2408
-2408
-2410
-2412
-2412
-2410
-2412
-2412
-2408
-2402
-2406
-2392
-2384
-2370
-2366
-2352
-2356
-2356
-2360
-2360
-2358
-2358
-2370
-2366
-2360
-2366
-2352
-2350
-2354
-2354
-2348
-2352
-2346
-2340
-2332
-2332
-2332
-2322
-2316
-2318
-2312
-2304
-2306
-2304
-2308
-2308
-2304
-2308
-2312
-2304
-2298
-2298
-2308
-2304
-2304
-2300
-2292
-2294
-2300
-2292
-2290
-2290
-2290
-2284
-2284
-2282
-2290
-2282
-2282
-2280
-2276
-2280
-2274
-2272
-2264
-2260
-2264
-2268
-2258
-2256
-2262
-2262
-2262
-2262
-2258
-2258
-2246
-2248
-2250
-2244
-2244
-2246
-2234
-2236
-2230
-2232
-2218
-2204
-2212
-2218
-2218
-2208
-2206
-2198
-2196
-2196
-2196
-2194
-2188
-2192
-2186
-2184
-2174
-2170
-2170
-2166
-2166
-2172
-2164
-2160
-2160
-2160
-2160
-2158
-2150
-2154
-2154
-2154
-2150
-2150
-2148
-2158
-2150
-2150
-2150
-2148
-2138
-2138
-2142
-2130
-2130
-2130
-2118
-2114
-2110
-2110
-2112
-2120
-2112
-2110
-2108
-2102
-2104
-2104
-2104
-2114
-2106
-2102
-2104
-2094
-2094
-2098
-2090
-2094
-2094
-2104
-2114
-2108
-2100
-2100
-2104
-2100
-2094
-2094
-2092
-2092
-2086
-2092
-2086
-2080
-2078
-2072
-2074
-2066
-2062
-2062
-2054
-2060
-2058
-2052
-2062
-2066
-2066
-2068
-2060
-2060
-2060
-2060
-2064
-2064
-2058
-2056
-2058
-2058
-2058
-2054
-2052
-2044
-2044
-2040
-2038
-2048
-2048
-2048
-2048
-2044
-2050
-2050
-2048
-2056
-2054
-2040
-2032
-2030
-2030
-2018
-2016
-2016
-2020
-2022
-2018
-2010
-2004
-2000
-2000
-1992
-1994
-1988
-1994
-1998
-1990
-1992
-1986
-1986
-1986
-1978
-1986
-1984
-1982
-1986
-1980
-1984
-1984
-1980
-1980
-1984
-1980
-1980
-1978
-1984
-1974
-1968
-1962
-1962
-1954
-1956
-1958
-1954
-1960
-1960
-1960
-1962
-1964
-1958
-1962
-1948
-1948
-1952
-1966
-1966
-1952
-1952
-1952
-1968
-1960
-1968
-1968
-1972
-1964
-1962
-1952
-1956
-1944
-1940
-1930
-1932
-1938
-1938
-1938
-1942
-1936
-1930
-1922
-1922
-1922
-1922
-1914
-1914
-1914
-1914
-1914
-1914
-1918
-1916
-1912
-1912
-1906
-1906
-1902
-1894
-1882
-1884
-1884
-1888
-1888
-1890
-1882
-1878
-1880
-1880
-1878
-1874
-1862
-1864
-1864
-1852
-1852
-1848
-1838
-1834
-1832
-1838
-1834
-1834
-1834
-1832
-1832
-1834
-1824
-1822
-1822
-1824
-1820
-1812
-1806
-1798
-1798
-1784
-1790
-1788
-1788
-1788
-1788
-1786
-1786
-1776
-1776
-1778
-1778
-1770
-1774
-1774
-1774
-1774
-1768
-1762
-1758
-1756
-1758
-1758
-1758
-1760
-1766
-1766
-1768
-1776
-1776
-1768
-1770
-1770
-1770
-1770
-1762
-1762
-1764
-1766
-1772
-1772
-1758
-1760
-1762
-1762
-1766
-1768
-1770
-1770
-1766
-1764
-1766
-1760
-1760
-1756
-1754
-1766
-1768
-1766
-1766
-1772
-1760
-1760
-1764
-1760
-1766
-1764
-1764
-1762
-1756
-1762
-1762
-1768
-1768
-1770
-1768
-1764
-1764
-1760
-1750
-1750
-1754
-1752
-1752
-1744
-1740
-1742
-1732
-1730
-1730
-1726
-1736
-1742
-1746
-1740
-1740
-1730
-1720
-1726
-1722
-1722
-1726
-1724
-1726
-1724
-1724
-1710
-1706
-1708
-1706
-1712
-1714
-1708
-1708
-1706
-1706
-1698
-1698
-1692
-1690
-1690
-1688
-1688
-1676
-1670
-1672
-1668
-1660
-1664
-1664
-1654
-1648
-1648
-1648
-1642
-1630
-1618
-1618
-1618
-1622
-1618
-1604
-1594
-1594
-1588
-1580
-1570
-1562
-1556
-1554
-1552
-1552
-1550
-1540
-1544
-1540
-1534
-1532
-1532
-1528
-1526
-1528
-1530
-1516
-1512
-1514
-1506
-1516
-1510
-1506
-1506
-1504
-1498
-1502
-1500
-1498
-1500
-1494
-1488
-1486
-1488
-1488
-1496
-1496
-1496
-1496
-1496
-1494
-1494
-1484
-1488
-1488
-1486
-1486
-1486
-1486
-1484
-1490
-1488
-1482
-1482
-1482
-1482
-1478
-1480
-1480
-1466
-1460
-1462
-1466
-1466
-1464
-1464
-1464
-1464
-1466
-1462
-1452
-1450
-1456
-1452
-1452
-1446
-1454
-1454
-1458
-1462
-1458
-1462
-1450
-1438
-1446
-1450
-1446
-1452
-1460
-1468
-1466
-1470
-1470
-1466
-1466
-1464
-1472
-1468
-1456
-1464
-1464
-1464
-1464
-1468
-1470
-1470
-1466
-1472
-1468
-1468
-1468
-1472
-1470
-1472
-1462
-1462
-1466
-1460
-1460
-1460
-1460
-1466
-1472
-1464
-1470
-1478
-1466
-1466
-1470
-1468
-1462
-1454
-1456
-1444
-1444
-1444
-1436
-1436
-1428
-1428
-1428
-1422
-1422
-1418
-1412
-1404
-1396
-1402
-1404
-1398
-1390
-1390
-1394
-1396
-1402
-1394
-1400
-1392
-1392
-1396
-1398
-1400
-1400
-1396
-1390
-1388
-1390
-1392
-1402
-1404
-1404
-1408
-1410
-1406
-1398
-1394
-1396
-1396
-1394
-1394
-1394
-1392
-1400
-1400
-1400
-1400
-1394
-1406
-1400
-1400
-1402
-1396
-1386
-1386
-1384
-1378
-1374
-1374
-1378
-1374
-1362
-1364
-1364
-1362
-1354
-1352
-1352
-1348
-1348
-1340
-1340
-1336
-1336
-1338
-1336
-1336
-1336
-1336
-1336
-1332
-1328
-1322
-1322
-1324
-1322
-1320
-1316
-1318
-1318
-1318
-1320
-1322
-1322
-1322
-1316
-1316
-1316
-1310
-1310
-1310
-1310
-1302
-1300
-1300
-1298
-1302
-1304
-1304
-1300
-1294
-1282
-1278
-1274
-1268
-1258
-1266
-1272
-1264
-1264
-1274
-1276
-1272
-1272
-1278
-1278
-1274
-1270
-1268
-1268
-1268
-1268
-1264
-1262
-1258
-1256
-1256
-1260
-1258
-1264
-1264
-1270
-1272
-1266
-1262
-1254
-1250
-1252
-1252
-1242
-1230
-1232
-1226
-1220
-1216
-1216
-1212
-1216
-1216
-1214
-1208
-1214
-1210
-1218
-1212
-1208
-1208
-1200
-1196
-1184
-1190
-1190
-1198
-1190
-1186
-1180
-1176
-1168
-1162
-1150
-1148
-1144
-1144
-1146
-1144
-1140
-1134
-1140
-1140
-1140
-1136
-1140
-1136
-1136
-1132
-1132
-1128
-1126
-1116
-1116
-1112
-1114
-1116
-1116
-1110
-1110
-1112
-1108
-1108
-1100
-1098
-1098
-1098
-1104
-1100
-1090
-1100
-1090
-1086
-1088
-1086
-1082
-1084
-1086
-1084
-1082
-1074
-1072
-1070
-1070
-1060
-1066
-1060
-1054
-1050
-1058
-1056
-1052
-1052
-1052
-1052
-1038
-1038
-1042
-1040
-1032
-1032
-1036
-1036
-1036
-1032
-1034
-1036
-1042
-1038
-1044
-1042
-1054
-1042
-1050
-1042
-1042
-1050
-1042
-1034
-1036
-1042
-1044
-1036
-1030
-1030
-1028
-1030
-1024
-1016
-1006
-1014
-1020
-1026
-1030
-1028
-1024
-1026
-1024
-1026
-1030
-1036
-1026
-1026
-1030
-1030
-1022
-1024
-1026
-1018
-1020
-1016
-1024
-1024
-1018
-1024
-1020
-1010
-1010
-1014
-1010
-1006
-1000
-1004
-1004
-1006
-1000
-1008
-1012
-1004
-1006
-1006
-1004
-1008
-1016
-1016
-1012
-1012
-1016
-1020
-1004
-1000
-1000
-990
-990
-988
-982
-982
-972
-972
-964
-966
-966
-968
-974
-974
-974
-974
-978
-988
-980
-980
-980
-976
-978
-972
-974
-978
-978
-980
-978
-988
-984
-980
-988
-988
-988
-988
-986
-984
-972
-974
-976
-980
-978
-980
-986
-990
-980
-980
-982
-970
-964
-972
-962
-962
-962
-964
-964
-964
-962
-954
-944
-956
-960
-962
-960
-954
-952
-942
-934
-934
-930
-926
-926
-924
-918
-904
-912
-912
-910
-914
-910
-914
-922
-918
-912
-908
-900
-894
-894
-896
-892
-894
-894
-902
-892
-890
-888
-888
-882
-886
-880
-876
-882
-884
-884
-886
-880
-874
-874
-874
-884
-884
-886
-892
-896
-898
-900
-902
-902
-902
-910
-900
-900
-896
-892
-884
-880
-880
-882
-890
-884
-874
-874
-876
-886
-892
-886
-882
-870
-860
-860
-864
-868
-870
-858
-864
-856
-848
-850
-850
-850
-858
-862
-864
-866
-860
-860
-860
-856
-854
-854
-848
-848
-848
-848
-848
-840
-844
-852
-850
-850
-840
-852
-852
-860
-864
-862
-854
-854
-846
-846
-844
-842
-838
-830
-824
-816
-816
-818
-808
-804
-804
-800
-798
-798
-798
-800
-806
-806
-796
-796
-794
-798
-798
-798
-796
-796
-796
-790
-790
-792
-792
-784
-782
-780
-778
-778
-784
-790
-792
-794
-794
-790
-790
-780
-764
-766
-768
-768
-772
-768
-770
-774
-772
-772
-772
-764
-754
-756
-760
-758
-756
-758
-754
-748
-744
-744
-746
-746
-748
-750
-748
-742
-742
-736
-738
-738
-740
-744
-740
-738
-722
-728
-726
-730
-728
-738
-744
-734
-732
-730
-736
-740
-740
-740
-740
-738
-746
-746
-746
-746
-750
-750
-746
-754
-750
-750
-750
-744
-752
-754
-752
-750
-744
-744
-744
-744
-744
-744
-744
-746
-734
-732
-740
-746
-746
-746
-746
-746
-746
-744
-750
-746
-744
-742
-742
-742
-750
-748
-748
-740
-746
-746
-744
-742
-736
-730
-736
-734
-732
-740
-736
-728
-728
-718
-716
-712
-724
-724
-724
-734
-728
-734
-740
-740
-736
-736
-740
-750
-748
-742
-740
-740
-736
-738
-738
-736
-730
-734
-730
-716
-712
-706
-702
-714
-710
-700
-702
-706
-708
-706
-696
-698
-700
-692
-692
-688
-690
-686
-686
-686
-684
-690
-688
-694
-694
-684
-678
-676
-672
-668
-668
-672
-672
-666
-660
-656
-656
-656
-664
-670
-670
-668
-662
-664
-654
-646
-646
-646
-636
-636
-628
-626
-624
-620
-620
-620
-620
-620
-620
-618
-614
-610
-618
-620
-618
-618
-620
-630
-630
-626
-626
-626
-634
-632
-636
-628
-622
-620
-618
-616
-610
-604
-604
-598
-602
-596
-592
-592
-600
-596
-596
-602
-602
-602
-596
-600
-604
-592
-592
-592
-588
-580
-580
-584
-584
-590
-590
-590
-590
-598
-604
-598
-592
-592
-584
-582
-574
-574
-574
-574
-568
-570
-562
-566
-556
-550
-552
-552
-552
-552
-552
-552
-554
-554
-554
-548
-548
-548
-544
-540
-540
-538
-544
-542
-544
-538
-538
-540
-548
-538
-552
-552
-544
-544
-544
-544
-556
-554
-554
-562
-554
-552
-558
-566
-566
-564
-564
-570
-570
-582
-578
-584
-576
-570
-570
-572
-572
-572
-576
-580
-582
-574
-584
-580
-578
-580
-590
-592
-588
-590
-586
-576
-576
-576
-576
-580
-578
-576
-576
-584
-588
-594
-594
-600
-606
-606
-598
-594
-588
-598
-588
-592
-592
-592
-584
-582
-576
-580
-570
-566
-568
-568
-562
-558
-558
-562
-564
-566
-564
-556
-556
-558
-544
-544
-532
-526
-514
-510
-520
-524
-524
-530
-540
-536
-536
-536
-544
-544
-544
-534
-530
-532
-536
-532
-526
-526
-518
-518
-514
-508
-496
-500
-498
-498
-488
-488
-488
-482
-478
-484
-476
-478
-482
-482
-474
-472
-470
-468
-466
-456
-458
-462
-462
-468
-472
-468
-470
-470
-462
-456
-452
-440
-452
-450
-454
-452
-450
-442
-440
-432
-432
-432
-436
-438
-446
-450
-458
-450
-450
-450
-454
-448
-444
-442
-442
-442
-440
-448
-448
-450
-452
-452
-456
-456
-458
-448
-448
-446
-446
-438
-434
-434
-434
-442
-438
-442
-442
-436
-426
-422
-422
-420
-412
-414
-406
-404
-406
-404
-408
-404
-402
-398
-396
-396
-386
-390
-392
-404
-404
-394
-392
-400
-402
-400
-392
-402
-404
-404
-402
-406
-406
-414
-412
-412
-412
-412
-412
-404
-396
-396
-396
-392
-400
-402
-404
-398
-388
-388
-386
-394
-392
-392
-392
-384
-376
-368
-372
-384
-374
-374
-376
-362
-368
-364
-364
-368
-370
-366
-366
-366
-366
-358
-346
-342
-334
-338
-332
-332
-328
-338
-332
-334
-334
-334
-334
-334
-334
-334
-338
-336
-326
-338
-334
-344
-340
-334
-326
-326
-328
-324
-336
-332
-330
-334
-334
-334
-330
-334
-338
-334
-334
-330
-330
-334
-332
-324
-324
-324
-328
-330
-324
-324
-328
-328
-332
-330
-322
-318
-320
-322
-322
-322
-322
-316
-318
-318
-320
-324
-324
-330
-332
-336
-336
-338
-328
-324
-324
-320
-320
-318
-314
-300
-300
-304
-308
-304
-314
-314
-314
-314
-316
-320
-318
-318
-326
-320
-324
-324
-332
-326
-330
-326
-324
-322
-322
-326
-326
-332
-332
-324
-318
-318
-324
-320
-330
-330
-338
-334
-332
-332
-332
-328
-324
-336
-338
-326
-316
-322
-320
-322
-324
-320
-320
-318
-318
-318
-318
-310
-302
-298
-304
-300
-298
-302
-304
-304
-306
-308
-312
-310
-310
-306
-310
-310
-310
-312
-300
-300
-302
-306
-306
-304
-300
-294
-286
-298
-302
-300
-300
-302
-308
-308
-302
-296
-296
-296
-302
-314
-312
-310
-310
-312
-314
-314
-322
-330
-338
-338
-328
-324
-320
-328
-326
-324
-320
-322
-320
-320
-320
-314
-314
-314
-318
-324
-328
-328
-326
-330
-320
-320
-316
-316
-316
-316
-324
-326
-330
-330
-328
-328
-330
-330
-320
-318
-318
-326
-324
-318
-316
-324
-324
-320
-324
-320
-322
-324
-328
-328
-340
-334
-330
-334
-342
-340
-340
-334
-342
-330
-336
-338
-340
-340
-332
-324
-324
-330
-324
-320
-326
-328
-332
-336
-326
-318
-314
-314
-314
-310
-322
-322
-322
-322
-324
-322
-318
-324
-324
-318
-326
-326
-326
-326
-326
-318
-322
-320
-314
-314
-308
-308
-310
-304
-308
-304
-308
-302
-298
-292
-292
-292
-290
-290
-302
-292
-286
-286
-286
-278
-278
-286
-278
-278
-278
-278
-278
-278
-278
-272
-272
-274
-274
-278
-288
-296
-300
-300
-300
-308
-306
-308
-318
-314
-320
-310
-306
-306
-304
-306
-304
-304
-302
-308
-298
-298
-302
-300
-294
-294
-294
-294
-292
-282
-282
-284
-278
-282
-280
-274
-268
-266
-270
-264
-270
-270
-274
-268
-262
-262
-260
-266
-266
-262
-268
-268
-268
-272
-276
-280
-284
-284
-286
-286
-294
-292
-294
-304
-304
-302
-310
-306
-312
-310
-310
-310
-314
-314
-306
-306
-320
-320
-314
-326
-326
-324
-328
-330
-322
-322
-324
-322
-330
-334
-334
-334
-334
-338
-348
-348
-342
-342
-340
-340
-336
-336
-330
-330
-334
-334
-330
-328
-330
-332
-332
-334
-336
-336
-342
-338
-334
-342
-336
-332
-326
-328
-328
-324
-326
-318
-326
-330
-330
-326
-326
-326
-322
-310
-308
-308
-300
-296
-292
-288
-288
-288
-282
-282
-280
-274
-274
-272
-272
-266
-260
-262
-256
-256
-250
-250
-250
-254
-248
-244
-248
-248
-242
-246
-254
-254
-254
-260
-260
-260
-260
-270
-262
-262
-262
-266
-266
-266
-266
-274
-266
-266
-268
-260
-258
-250
-250
-250
-250
-246
-238
-230
-230
-232
-228
-232
-230
-226
-230
-218
-220
-226
-236
-236
-240
-248
-248
-248
-254
-256
-254
-262
-262
-256
-254
-244
-242
-242
-242
-248
-244
-246
-260
-252
-260
-252
-246
-246
-250
-242
-236
-230
-240
-232
-222
-226
-228
-224
-220
-220
-220
-220
-220
-220
-212
-216
-216
-218
-214
-220
-222
-218
-222
-224
-222
-218
-210
-210
-210
-210
-210
-212
-216
-210
-210
-204
-196
-196
-188
-190
-184
-184
-188
-182
-184
-184
-192
-194
-196
-194
-196
-200
-196
-198
-198
-202
-212
-212
-204
-200
-194
-194
-194
-194
-202
-212
-216
-216
-218
-218
-216
-218
-222
-220
-218
-212
-218
-218
-218
-212
-212
-212
-208
-206
-214
-214
-210
-210
-216
-206
-206
-212
-202
-202
-204
-204
-204
-202
-202
-202
-198
-196
-190
-186
-186
-200
-192
-200
-200
-200
-204
-210
-198
-202
-208
-212
-212
-210
-210
-208
-208
-208
-214
-210
-210
-210
-216
-212
-212
-212
-208
-208
-204
-204
-206
-206
-206
-206
-206
-196
-188
-190
-194
-192
-190
-194
-194
-184
-180
-186
-186
-186
-182
-186
-188
-182
-186
-184
-178
-178
-172
-172
-172
-160
-160
-158
-158
-158
-154
-150
-148
-156
-158
-154
-144
-150
-148
-148
-138
-130
-134
-130
-124
-108
-104
-102
-102
-102
-92
-86
-86
-90
-90
-90
-90
-88
-94
-96
-94
-98
-98
-98
-98
-98
-104
-106
-114
-114
-116
-124
-126
-122
-120
-116
-114
-112
-110
-112
-114
-108
-116
-112
-112
-118
-122
-118
-118
-118
-122
-132
-128
-136
-136
-134
-134
-132
-128
-126
-118
-112
-118
-118
-116
-118
-116
-106
-106
-100
-102
-102
-108
-108
-100
-98
-100
-98
-92
-96
-84
-86
-84
-84
-86
-82
-88
-88
-78
-70
-72
-72
-72
-78
-84
-72
-74
-74
-74
-76
-76
-76
-78
-84
-88
-94
-102
-104
-110
-110
-108
-110
-112
-108
-114
-114
-118
-124
-140
-146
-138
-138
-138
-138
-136
-134
-134
-126
-128
-128
-134
-126
-126
-126
-118
-112
-108
-100
-106
-112
-96
-100
-102
-100
-94
-90
-82
-76
-78
-76
-66
-66
-74
-80
-76
-70
-66
-68
-66
-66
-72
-78
-68
-72
-66
-72
-72
-70
-70
-70
-70
-70
-70
-70
-72
-64
-66
-74
-74
-74
-76
-72
-72
-72
-72
-78
-76
-78
-78
-74
-70
-84
-78
-78
-76
-78
-78
-76
-78
-80
-80
-76
-76
-72
-74
-70
-62
-60
-54
-54
-60
-66
-54
-56
-50
-52
-52
-60
-54
-56
-42
-56
-46
-42
-46
-38
-36
-36
-38
-32
-26
-30
-28
-28
-28
-30
-30
-30
-34
-34
-36
-48
-54
-50
-36
-24
-12
-4
-4
-2
-2
0
-2
-2
-2
-2
2
8
-2
-2
-4
-14
-10
-2
-2
8
4
8
12
14
12
26
22
28
28
38
28
34
28
26
26
22
18
18
14
22
14
2
2
4
6
6
6
6
6
6
12
12
0
-4
-4
-6
-2
0
-2
4
4
4
6
4
4
4
4
-2
6
6
4
8
8
-2
-4
-6
-6
-12
-18
-16
-12
-16
-18
-18
-12
-14
-18
-14
-14
-8
-14
-20
-12
-14
-18
-14
-24
-24
-22
-20
-20
-28
-28
-24
-28
-38
-38
-36
-34
-30
-24
-22
-24
-24
-34
-26
-26
-28
-28
-28
-28
-20
-20
-26
-26
-26
-30
-30
-36
-36
-40
-38
-38
-38
-38
-30
-22
-18
-16
-18
-16
-20
-16
-16
-28
-26
-30
-30
-28
-22
-28
-34
-32
-38
-34
-36
-26
-30
-30
-34
-30
-36
-36
-36
-40
-46
-46
-48
-56
-54
-52
-44
-40
-38
-42
-44
-46
-54
-48
-56
-64
-68
-74
-64
-68
-68
-68
-68
-72
-80
-76
-76
-76
-80
-82
-76
-74
-70
-60
-60
-56
-50
-48
-52
-56
-56
-54
-54
-44
-36
-44
-46
-50
-48
-48
-54
-54
-60
-58
-58
-52
-54
-52
-52
-48
-48
-46
-50
-52
-50
-44
-46
-42
-40
-44
-44
-36
-36
-42
-42
-40
-40
-36
-28
-16
-18
-10
-14
-16
-16
-20
-14
-14
-14
-4
-2
-2
2
2
6
12
14
12
0
12
12
14
22
26
18
28
28
18
14
22
22
18
22
22
22
30
36
36
34
36
40
46
44
44
44
40
40
32
30
32
40
44
42
42
46
52
58
58
48
58
64
70
62
62
60
58
54
58
56
66
62
66
74
72
64
74
74
78
78
86
92
94
102
100
98
96
96
88
90
96
100
96
104
104
102
112
116
116
118
122
120
110
116
118
110
106
114
120
128
136
136
142
136
132
128
124
124
120
116
124
124
128
128
134
124
116
124
126
126
120
116
116
116
116
120
118
112
120
116
116
106
112
118
120
126
126
124
130
130
130
134
130
136
136
134
124
130
118
108
106
98
104
108
106
112
112
108
110
124
122
126
128
130
130
138
140
140
134
122
122
118
122
118
118
114
114
110
106
114
108
104
106
112
110
100
106
108
108
102
104
104
106
100
100
110
106
108
108
116
114
120
122
132
134
142
140
148
156
156
156
154
154
154
158
158
162
172
176
184
184
176
176
184
184
186
184
190
190
190
194
196
192
194
198
202
198
198
204
212
212
206
206
206
208
202
210
204
204
210
208
208
204
204
190
194
192
192
192
184
184
186
184
178
176
170
172
174
172
178
180
188
186
194
194
198
194
196
206
206
206
210
214
214
224
224
228
226
234
238
238
238
234
234
234
242
240
242
244
242
242
236
238
238
238
248
248
242
246
252
250
254
256
262
258
248
248
252
262
264
264
262
264
262
262
264
256
254
254
244
244
244
246
242
240
240
232
232
228
228
234
234
242
248
246
236
236
238
234
234
234
232
226
234
234
234
240
238
228
230
228
228
226
222
212
204
210
210
220
212
212
210
212
212
206
210
216
216
218
222
230
230
232
230
226
222
224
228
224
224
224
224
220
220
218
218
226
226
226
220
208
210
204
208
208
218
220
226
230
226
226
228
234
232
242
242
242
242
234
230
230
236
236
238
242
244
242
238
242
236
234
242
242
250
262
264
264
274
272
272
272
270
268
268
276
278
278
284
274
280
278
274
278
276
276
274
274
276
268
272
272
278
278
276
276
272
278
276
282
282
276
276
270
268
258
260
260
260
260
256
256
256
260
256
254
256
256
256
250
250
244
236
234
234
222
220
212
210
214
220
218
218
218
212
200
208
212
212
212
218
222
226
228
228
222
226
226
228
228
236
236
232
230
234
234
234
222
222
222
232
248
252
248
248
260
262
266
260
256
258
258
266
278
278
278
280
274
274
268
272
272
272
274
276
276
274
272
282
286
286
294
294
290
292
292
292
288
292
294
296
296
288
288
282
282
278
284
292
292
298
298
302
304
304
314
314
314
316
316
318
318
318
324
324
332
334
338
338
332
330
326
322
332
336
336
336
336
334
332
336
338
340
336
336
334
336
336
334
332
332
332
322
314
320
324
322
324
324
330
334
334
324
322
318
328
338
334
332
324
318
322
322
326
316
320
314
314
314
316
316
322
314
312
312
316
312
318
318
318
320
314
314
312
314
320
318
318
318
318
324
322
320
314
314
316
320
328
328
330
330
330
334
334
330
320
324
320
324
322
322
324
320
320
318
320
316
312
312
320
322
326
326
324
320
314
322
324
328
328
328
334
332
332
334
334
340
340
344
340
334
334
334
332
322
326
326
328
338
338
338
338
342
346
336
340
344
344
340
350
340
346
354
354
344
344
344
338
350
344
344
344
348
352
354
358
364
370
370
368
368
370
374
378
380
380
382
382
388
396
390
392
398
396
394
392
392
392
394
400
400
406
416
416
422
430
440
440
440
446
446
444
444
442
442
446
452
452
452
446
446
446
444
452
454
454
454
454
452
448
448
448
452
466
474
476
472
476
480
480
490
484
482
478
478
486
490
482
482
476
470
470
474
476
472
484
484
482
482
488
480
466
472
472
470
466
466
476
476
474
474
474
482
488
490
500
500
496
496
506
508
508
506
510
512
516
520
530
528
534
540
548
546
554
552
556
556
558
552
552
558
558
550
552
556
556
556
556
556
560
560
566
574
572
572
580
566
564
554
550
550
546
542
544
544
538
544
540
536
542
544
542
538
540
532
536
532
532
526
524
532
532
528
528
532
532
532
532
538
536
546
534
534
536
526
526
532
530
532
530
530
528
520
528
534
534
530
534
538
540
544
536
536
534
540
530
534
536
540
544
548
552
548
544
536
534
532
530
528
528
526
528
530
534
534
534
532
536
536
538
538
538
538
534
534
528
526
534
534
536
540
544
538
542
542
538
538
544
540
534
534
530
534
534
534
534
538
528
528
536
538
542
544
544
554
554
550
550
550
552
548
548
536
542
542
542
538
538
540
544
544
538
532
532
532
528
532
522
518
518
516
518
518
514
512
512
520
520
510
504
504
506
506
506
504
504
500
496
496
496
492
492
492
494
494
500
504
504
506
514
514
514
514
506
506
516
516
508
508
508
508
508
508
508
516
512
508
508
514
516
512
512
518
508
504
510
512
516
512
512
508
508
504
514
516
508
508
516
518
526
528
520
516
524
524
528
528
528
522
528
520
516
518
518
516
512
520
520
510
514
516
520
516
514
524
524
526
528
528
530
522
522
520
518
530
530
526
526
520
518
522
516
526
528
532
528
534
534
530
532
526
520
522
522
530
534
540
538
532
538
536
532
528
526
534
546
536
540
548
540
540
540
538
528
530
532
526
534
534
534
542
528
540
540
540
542
546
546
550
552
560
554
550
548
548
552
552
550
550
550
544
546
546
546
550
556
554
554
552
548
552
548
556
552
550
556
552
546
546
542
542
534
536
538
544
540
540
536
534
528
528
516
522
514
508
502
508
512
512
510
514
516
518
518
518
516
512
524
534
530
532
536
538
540
544
550
544
542
544
544
546
540
550
552
546
550
548
546
540
540
540
540
536
536
536
542
542
542
540
542
552
554
550
554
554
554
546
538
530
526
530
526
514
518
518
532
532
538
538
538
538
536
538
540
540
538
536
544
544
546
550
562
560
560
550
552
552
560
558
566
572
566
566
564
564
558
552
552
560
566
556
560
558
558
556
556
554
554
554
554
564
558
558
552
544
544
548
546
548
548
546
550
552
546
546
548
548
544
552
554
550
550
550
542
548
544
544
540
542
552
552
552
560
564
564
564
572
570
570
570
572
576
586
586
596
606
614
614
620
620
620
628
632
630
622
612
606
610
618
614
616
628
624
620
616
616
616
622
622
614
610
606
614
618
618
616
616
610
604
602
602
590
584
584
582
580
580
582
588
590
590
590
590
590
592
590
590
598
598
598
598
602
606
606
592
596
602
606
604
606
600
596
592
594
594
596
598
596
590
590
578
578
588
590
594
592
598
598
608
600
602
606
600
608
622
614
612
608
608
604
606
606
606
610
606
622
622
624
618
622
622
614
606
606
602
602
594
588
588
576
576
576
580
580
586
582
584
588
596
596
600
604
608
608
616
614
614
602
604
604
602
590
586
586
590
594
592
588
590
596
600
602
596
588
594
588
590
584
584
584
584
584
574
574
572
572
572
564
568
576
578
564
564
568
566
566
570
572
572
580
580
580
594
598
598
598
594
594
598
598
600
600
602
600
602
616
616
612
612
614
602
602
596
598
608
610
606
606
594
594
594
586
584
572
572
572
564
564
568
568
570
562
560
558
556
550
550
554
562
556
546
556
560
552
552
552
562
554
554
556
560
568
568
566
560
568
560
560
560
556
566
574
568
568
570
570
570
570
570
562
564
556
550
550
544
544
540
538
534
536
536
536
526
526
520
518
518
518
512
516
516
512
512
508
514
522
520
514
516
522
520
518
522
522
522
522
520
520
524
528
528
538
538
544
548
542
534
534
522
524
526
526
518
514
514
512
506
502
502
496
504
496
490
490
490
488
484
482
480
472
478
490
486
490
490
490
488
486
490
488
494
502
500
514
514
514
510
514
514
514
506
512
516
522
522
516
516
522
524
526
526
530
530
530
536
536
546
552
544
550
548
536
542
542
542
542
536
536
536
532
534
538
538
540
538
538
538
538
538
538
536
536
530
534
524
518
508
514
516
512
512
512
508
508
508
504
504
498
496
504
504
506
500
502
504
504
492
492
488
488
488
488
494
490
486
488
480
488
488
482
480
480
484
484
470
472
470
462
460
470
472
468
468
470
464
460
448
454
446
440
442
444
446
452
454
456
454
452
440
440
440
426
420
422
414
416
404
402
408
408
408
404
404
392
394
400
412
406
412
412
412
412
418
402
396
390
388
380
386
388
388
386
384
384
376
378
372
372
366
366
366
368
368
362
364
366
368
374
372
370
374
380
380
380
382
382
386
388
384
382
384
380
384
388
390
402
396
402
392
392
388
392
388
386
384
388
384
386
386
384
384
372
380
374
370
374
364
360
364
364
366
368
364
364
360
360
360
364
366
370
364
368
368
356
352
356
360
358
366
360
352
358
358
352
350
356
344
350
340
340
346
344
342
342
336
332
338
336
342
346
344
340
344
338
336
336
342
346
350
354
358
354
354
354
364
364
368
378
380
378
382
378
380
378
380
394
396
400
404
402
406
412
412
414
410
406
406
408
410
410
408
406
418
416
416
410
418
418
424
422
418
422
412
422
430
424
436
430
436
440
446
434
432
428
438
438
442
438
436
446
440
440
448
450
450
452
460
466
470
472
470
470
468
466
458
466
460
462
462
468
468
470
466
458
460
450
454
454
458
458
458
460
460
460
464
462
464
466
466
464
466
466
466
458
458
458
464
464
468
468
468
460
462
462
462
460
464
460
458
458
462
468
468
470
472
470
472
480
474
482
478
484
482
482
484
486
496
504
500
494
498
496
496
498
494
494
488
486
488
472
476
486
492
502
502
504
504
494
500
498
494
494
494
498
492
494
492
492
490
490
500
500
504
506
512
508
502
500
500
502
508
508
504
506
520
514
516
524
524
534
536
544
542
540
548
546
546
546
536
536
536
528
522
528
528
528
528
526
514
512
506
506
502
502
498
498
492
494
488
486
484
492
496
488
482
476
476
472
484
488
488
482
478
484
484
478
478
472
472
474
470
478
482
476
486
480
484
480
480
480
486
486
496
498
498
496
496
490
496
496
496
496
502
508
508
512
500
500
500
498
500
502
504
504
504
498
498
500
500
500
510
516
512
510
510
510
522
526
524
520
522
528
536
536
540
528
528
532
536
538
542
546
550
550
554
552
556
562
564
566
558
558
564
570
562
560
560
558
558
552
552
550
542
544
544
544
544
548
542
544
550
554
550
554
560
574
574
576
570
572
570
562
568
568
568
562
562
566
564
568
564
564
574
562
572
574
574
576
578
582
570
582
582
580
578
582
580
580
580
586
592
600
602
598
588
588
584
578
576
576
572
580
578
584
590
582
586
598
600
600
594
596
596
600
602
600
596
594
600
600
600
600
602
600
594
594
592
600
604
600
602
602
608
602
602
602
600
600
602
608
612
608
616
616
614
616
618
612
612
608
614
618
622
628
636
636
626
630
632
636
630
630
630
636
638
638
636
636
634
636
646
638
642
644
648
644
644
648
648
648
648
654
658
660
658
658
656
660
664
672
668
664
664
664
666
666
666
670
670
670
670
668
666
664
652
646
648
648
652
646
646
646
646
648
654
652
656
660
658
658
654
654
652
652
662
662
654
650
648
644
634
648
636
642
646
638
638
640
636
632
628
628
626
628
624
616
618
618
616
616
620
620
612
616
620
616
610
616
616
614
616
616
620
612
614
618
618
612
612
618
618
628
628
628
630
628
638
634
622
620
616
616
624
630
628
622
616
620
620
624
632
636
628
628
628
636
630
630
624
618
612
612
618
620
624
630
634
642
644
638
628
622
614
610
610
606
606
610
612
614
602
606
606
602
592
596
584
578
578
586
582
584
592
600
596
604
598
606
606
604
606
606
604
608
600
602
600
600
604
604
602
602
612
608
610
608
608
618
608
608
598
590
586
594
594
598
600
600
600
602
608
606
604
604
610
616
622
612
606
606
604
600
592
584
572
578
588
588
588
588
594
600
602
604
612
608
608
612
610
600
602
606
602
594
598
592
596
600
602
604
602
614
620
622
626
616
620
618
618
618
628
626
634
636
630
630
628
628
626
622
624
624
630
622
622
628
628
628
626
626
634
634
636
636
636
636
632
634
638
636
644
638
634
626
626
612
622
616
616
604
604
606
604
604
604
606
606
608
624
622
624
632
624
632
638
638
646
644
644
642
652
654
646
644
650
650
648
646
642
642
656
660
660
660
662
660
660
672
678
674
