-2619
-2613
-2605
-2597
-2595
-2593
-2593
-2577
-2573
-2563
-2549
-2549
-2553
-2543
-2543
-2537
-2527
-2527
-2519
-2521
-2515
-2501
-2491
-2493
-2485
-2479
-2475
-2463
-2449
-2437
-2427
-2417
-2411
-2411
-2403
-2401
-2387
-2377
-2365
-2359
-2355
-2345
-2339
-2337
-2331
-2325
-2317
-2313
-2307
-2295
-2295
-2287
-2289
-2283
-2275
-2265
-2255
-2247
-2247
-2255
-2247
-2247
-2235
-2223
-2213
-2209
-2201
-2191
-2183
-2171
-2163
-2153
-2141
-2137
-2127
-2123
-2119
-2119
-2109
-2099
-2087
-2077
-2067
-2069
-2059
-2057
-2051
-2041
-2041
-2041
-2029
-2019
-2009
-2009
-2011
-2009
-1999
-1987
-1985
-1979
-1971
-1973
-1969
-1961
-1951
-1957
-1945
-1933
-1925
-1915
-1911
-1903
-1889
-1887
-1881
-1877
-1873
-1881
-1879
-1879
-1879
-1879
-1879
-1877
-1867
-1859
-1851
-1839
-1831
-1823
-1817
-1817
-1811
-1805
-1801
-1795
-1791
-1781
-1765
-1763
-1765
-1767
-1767
-1761
-1755
-1743
-1737
-1719
-1719
-1719
-1709
-1711
-1707
-1707
-1699
-1693
-1695
-1695
-1689
-1685
-1679
-1691
-1689
-1679
-1677
-1685
-1679
-1669
-1669
-1669
-1665
-1667
-1663
-1659
-1659
-1647
-1651
-1645
-1637
-1629
-1635
-1631
-1631
-1631
-1635
-1633
-1621
-1611
-1597
-1593
-1597
-1607
-1601
-1593
-1587
-1585
-1581
-1575
-1575
-1571
-1575
-1567
-1567
-1561
-1551
-1553
-1539
-1535
-1531
-1525
-1527
-1519
-1513
-1513
-1503
-1503
-1503
-1499
-1501
-1503
-1499
-1491
-1495
-1499
-1491
-1485
-1477
-1479
-1475
-1477
-1471
-1469
-1461
-1451
-1449
-1455
-1447
-1447
-1445
-1443
-1445
-1445
-1435
-1427
-1427
-1421
-1417
-1409
-1407
-1401
-1397
-1399
-1401
-1395
-1391
-1379
-1375
-1375
-1383
-1381
-1373
-1375
-1365
-1355
-1357
-1347
-1347
-1353
-1351
-1351
-1337
-1335
-1331
-1319
-1319
-1317
-1317
-1309
-1311
-1307
-1303
-1299
-1291
-1291
-1305
-1305
-1293
-1293
-1285
-1285
-1285
-1289
-1287
-1277
-1271
-1257
-1249
-1255
-1255
-1255
-1255
-1255
-1257
-1247
-1253
-1245
-1233
-1227
-1225
-1221
-1211
-1219
-1213
-1197
-1199
-1195
-1189
-1197
-1199
-1199
-1199
-1191
-1197
-1199
-1195
-1191
-1191
-1187
-1185
-1177
-1175
-1171
-1165
-1165
-1155
-1155
-1165
-1161
-1157
-1157
-1155
-1155
-1161
-1161
-1159
-1145
-1135
-1129
-1117
-1113
-1115
-1113
-1107
-1103
-1095
-1091
-1087
-1091
-1095
-1095
-1095
-1089
-1089
-1087
-1089
-1085
-1075
-1075
-1067
-1063
-1055
-1053
-1051
-1053
-1043
-1043
-1039
-1039
-1039
-1031
-1025
-1023
-1019
-1019
-1019
-1019
-1019
-1019
-1019
-1017
-1023
-1013
-999
-999
-1001
-993
-987
-985
-981
-967
-961
-961
-957
-949
-957
-965
-953
-945
-943
-945
-945
-947
-939
-931
-931
-929
-929
-925
-925
-931
-925
-931
-931
-929
-929
-923
-917
-917
-913
-913
-911
-909
-901
-889
-881
-879
-879
-873
-877
-877
-879
-875
-875
-875
-875
-875
-877
-869
-859
-859
-857
-857
-861
-851
-845
-839
-833
-831
-837
-835
-835
-837
-843
-835
-829
-829
-835
-831
-827
-819
-815
-807
-807
-803
-795
-791
-787
-779
-783
-779
-775
-775
-775
-771
-771
-765
-765
-763
-763
-753
-743
-733
-727
-719
-717
-705
-709
-711
-711
-719
-713
-711
-703
-707
-711
-713
-707
-709
-707
-711
-707
-699
-699
-699
-697
-697
-695
-691
-699
-699
-699
-697
-697
-699
-703
-695
-693
-691
-675
-673
-679
-671
-665
-659
-657
-661
-655
-647
-647
-649
-633
-633
-625
-621
-611
-605
-601
-601
-601
-593
-589
-589
-581
-585
-585
-585
-589
-589
-585
-585
-579
-579
-579
-573
-573
-579
-569
-565
-575
-575
-579
-581
-579
-589
-581
-587
-591
-593
-585
-581
-587
-585
-591
-589
-589
-587
-581
-587
-581
-575
-575
-581
-577
-583
-585
-587
-583
-583
-581
-579
-579
-575
-577
-579
-583
-581
-575
-575
-567
-565
-561
-559
-559
-557
-561
-551
-553
-557
-557
-565
-563
-563
-559
-557
-553
-559
-557
-557
-549
-539
-545
-541
-541
-535
-533
-525
-525
-525
-533
-531
-531
-521
-519
-511
-511
-509
-509
-499
-501
-499
-501
-507
-501
-503
-503
-501
-493
-489
-489
-493
-485
-479
-473
-475
-475
-465
-473
-477
-477
-477
-473
-475
-469
-459
-453
-449
-451
-451
-449
-439
-425
-419
-421
-419
-409
-411
-407
-405
-399
-401
-401
-393
-399
-393
-401
-403
-403
-403
-403
-399
-411
-425
-423
-407
-407
-409
-401
-403
-389
-391
-399
-395
-387
-387
-391
-383
-383
-387
-387
-391
-391
-381
-377
-377
-381
-375
-375
-375
-381
-381
-369
-369
-369
-365
-365
-373
-375
-373
-381
-381
-377
-375
-373
-365
-371
-365
-363
-359
-363
-367
-375
-375
-385
-377
-381
-377
-377
-365
-365
-353
-353
-353
-351
-345
-345
-335
-329
-329
-329
-337
-339
-349
-345
-345
-345
-339
-339
-339
-331
-327
-327
-325
-325
-319
-323
-319
-315
-311
-313
-311
-309
-307
-307
-307
-309
-303
-305
-303
-301
-301
-299
-299
-293
-291
-285
-279
-283
-281
-295
-289
-289
-283
-279
-283
-281
-279
-281
-285
-289
-289
-289
-287
-287
-281
-275
-273
-267
-267
-271
-271
-265
-265
-269
-265
-257
-247
-247
-247
-247
-255
-251
-251
-253
-253
-253
-259
-259
-255
-255
-249
-247
-243
-243
-243
-239
-229
-225
-223
-217
-223
-223
-225
-233
-229
-235
-237
-233
-243
-237
-235
-235
-241
-241
-233
-231
-225
-217
-205
-199
-201
-197
-199
-195
-193
-193
-193
-199
-195
-199
-187
-187
-187
-175
-175
-171
-171
-175
-169
-163
-163
-151
-145
-143
-145
-139
-147
-151
-147
-153
-151
-147
-143
-153
-143
-143
-143
-143
-137
-131
-141
-141
-141
-147
-143
-145
-145
-141
-137
-127
-123
-121
-121
-127
-125
-129
-133
-129
-133
-135
-129
-129
-125
-125
-127
-127
-119
-121
-121
-127
-117
-109
-111
-111
-97
-93
-85
-79
-75
-77
-77
-77
-75
-79
-81
-79
-79
-87
-91
-89
-95
-91
-85
-75
-67
-67
-65
-65
-65
-67
-73
-63
-61
-61
-55
-55
-49
-51
-45
-39
-53
-51
-47
-45
-43
-43
-45
-39
-37
-31
-31
-23
-23
-25
-29
-33
-21
-25
-27
-23
-21
-17
-17
-13
-13
-5
-11
5
5
9
15
13
15
19
15
15
17
17
1
3
-9
-9
-21
-21
-23
-21
-21
-21
-25
-27
-25
-23
-17
-25
-31
-35
-39
-37
-39
-37
-37
-31
-29
-27
-31
-33
-37
-43
-37
-37
-31
-37
-33
-39
-37
-35
-35
-35
-29
-25
-23
-31
-21
-25
-25
-21
-17
-15
-9
-11
-3
-1
5
5
9
13
11
3
1
1
-7
-5
-3
-1
-1
-5
3
5
5
7
5
5
9
9
9
5
5
5
1
9
17
15
13
23
25
21
33
35
37
31
29
27
25
21
17
13
13
13
11
11
11
3
3
3
5
-5
-9
-9
-7
-7
3
3
7
3
5
11
15
15
25
25
27
17
17
21
21
23
31
29
37
27
33
27
21
19
29
23
31
31
31
33
45
49
61
57
65
65
65
57
57
55
47
35
37
43
43
43
49
49
55
63
63
57
53
53
47
47
47
51
47
49
51
51
51
47
45
55
49
43
33
25
29
27
27
33
33
27
35
39
35
39
31
35
43
47
51
49
51
53
51
61
59
51
53
51
47
53
43
39
37
33
35
33
29
35
47
57
47
53
45
47
41
35
35
39
37
37
31
33
41
41
39
45
57
55
43
41
37
31
31
31
31
29
25
29
41
49
51
47
39
39
39
41
41
35
31
29
37
41
47
51
55
55
57
69
61
61
63
55
61
59
59
61
61
73
67
67
65
65
65
67
67
69
73
77
75
65
75
73
73
79
79
83
79
79
77
73
77
77
75
75
75
79
75
73
69
71
71
81
81
83
81
87
91
87
99
99
97
115
121
131
123
123
123
125
123
125
127
129
127
133
143
135
137
135
135
141
145
141
143
137
137
147
151
143
145
147
137
125
131
125
123
123
121
123
121
121
121
117
117
117
119
125
123
115
113
123
127
121
125
129
129
133
133
133
125
133
143
147
153
153
155
155
155
157
165
167
171
175
179
183
179
179
177
173
175
191
193
191
191
193
191
179
173
167
167
173
173
173
169
169
163
163
169
171
163
171
171
165
161
161
155
153
153
149
149
153
153
141
137
141
139
139
131
141
145
151
159
157
161
163
165
159
159
161
153
155
155
155
155
153
153
153
153
149
153
151
149
153
151
153
149
147
141
149
155
155
153
155
145
139
139
149
157
161
161
165
165
167
165
167
175
171
171
163
161
155
159
157
151
151
151
159
159
165
169
163
167
167
159
149
145
137
141
149
141
151
151
141
135
127
121
119
121
121
119
119
115
115
121
125
131
137
127
135
131
129
135
137
147
145
157
159
153
153
155
153
141
139
139
133
129
125
125
123
129
127
127
137
135
133
145
145
145
143
143
141
137
143
143
151
151
163
161
165
163
161
167
175
175
175
169
169
181
177
167
171
169
169
167
167
167
175
185
189
189
185
187
195
203
205
205
197
197
197
195
183
185
183
179
177
169
169
169
169
169
175
173
173
167
159
153
149
147
147
149
149
149
153
153
153
153
153
155
153
153
149
149
149
155
163
159
159
157
155
159
159
159
149
153
155
161
155
151
151
147
153
149
153
149
151
149
149
153
147
143
143
141
141
145
151
145
147
147
137
137
141
145
143
143
137
137
129
133
137
135
131
135
135
135
131
137
137
133
133
139
149
151
159
157
167
167
167
167
169
169
159
163
173
179
175
177
181
181
179
177
173
175
183
175
173
173
169
169
175
177
177
181
175
173
167
163
153
155
165
163
171
159
163
163
163
163
163
155
155
153
153
149
145
149
159
155
155
145
145
143
147
153
147
151
151
153
153
153
147
159
159
159
167
167
171
171
175
175
183
175
169
175
179
187
189
183
187
187
191
195
195
195
195
199
207
205
207
201
199
191
195
199
205
211
219
219
219
219
215
219
219
219
219
223
223
219
225
231
229
229
229
229
231
247
249
251
251
247
241
241
235
227
229
229
231
231
231
233
217
219
211
215
215
217
219
211
203
201
199
205
205
203
211
209
209
217
217
211
203
205
205
205
203
207
219
215
225
227
233
227
227
233
233
227
227
221
225
219
215
219
223
223
223
223
233
239
239
233
237
237
237
225
227
229
227
227
227
219
209
209
207
203
205
205
207
217
215
215
215
219
223
223
219
219
219
207
207
207
195
183
183
177
185
191
191
191
197
211
213
211
215
207
205
209
209
209
213
209
211
215
209
209
209
211
209
211
199
201
201
203
201
193
187
187
175
181
177
181
173
173
173
171
173
173
175
171
159
157
151
151
157
153
161
157
161
167
165
167
179
175
173
169
169
169
175
181
179
177
177
175
179
185
199
199
199
199
193
197
191
191
189
195
197
193
193
193
201
197
211
211
209
203
195
201
201
191
189
179
171
161
161
163
169
163
173
171
163
163
173
175
175
165
165
167
165
155
165
169
167
175
175
173
169
169
163
163
163
153
155
155
155
157
163
161
165
157
165
173
167
167
157
159
157
159
171
167
167
159
153
153
159
155
155
153
143
149
147
145
145
151
153
155
163
165
165
163
163
159
159
157
167
167
157
155
155
151
147
139
141
151
157
157
159
157
161
163
169
169
161
157
159
151
149
141
145
143
143
151
153
147
145
147
147
147
147
145
145
145
139
145
149
151
155
153
157
163
157
153
153
153
153
149
149
149
151
149
153
153
155
153
161
161
171
171
169
173
163
165
165
165
177
171
175
175
165
159
159
155
159
153
153
151
151
155
153
153
151
165
155
147
157
157
157
141
137
137
129
129
133
137
133
133
135
135
139
139
133
121
125
129
133
139
141
137
135
131
135
135
127
127
133
145
151
159
159
171
167
169
171
173
175
163
171
167
167
173
175
175
179
179
173
173
165
155
159
159
159
157
165
157
163
159
161
171
167
163
167
163
159
161
165
165
165
165
171
169
169
181
171
167
171
173
177
177
173
181
181
181
177
177
185
195
193
191
191
191
187
177
173
173
183
181
185
189
195
201
201
191
191
189
195
197
193
195
195
191
193
189
185
187
183
183
183
183
179
179
173
167
169
167
167
163
163
159
165
163
167
175
175
173
167
171
163
163
161
153
149
151
161
157
159
161
161
155
159
163
165
157
163
165
173
165
159
151
149
147
149
149
139
141
139
141
133
131
143
143
145
151
151
145
147
147
145
155
147
145
145
143
147
143
145
151
149
149
155
149
151
153
155
155
157
147
147
147
155
159
149
155
155
153
151
139
139
137
133
137
137
149
149
155
145
145
141
145
145
153
153
157
155
155
161
161
163
155
157
151
153
149
147
143
135
133
131
127
127
133
133
135
129
129
127
123
123
123
129
133
137
137
135
143
143
153
159
163
163
163
167
167
167
155
155
155
161
165
171
165
173
165
169
167
157
159
155
155
153
151
155
155
161
165
169
169
165
173
173
167
167
163
159
159
155
155
155
151
153
161
159
159
155
155
157
157
163
165
163
163
157
161
157
157
159
155
155
161
157
157
157
155
161
161
159
157
157
161
163
161
157
153
149
149
149
151
159
159
161
161
159
167
163
161
157
153
147
145
147
141
135
139
135
133
121
123
127
127
127
127
133
131
131
131
123
123
117
117
115
119
111
119
119
123
131
127
125
115
115
119
119
119
109
109
109
113
107
107
109
101
99
101
101
97
103
103
109
109
109
105
105
107
113
113
107
113
119
125
121
119
121
123
125
129
127
119
109
107
99
87
89
91
99
87
97
99
99
99
105
101
101
103
109
113
113
109
113
121
117
121
125
125
123
123
125
129
135
137
129
129
129
125
137
137
139
139
131
131
129
139
129
117
117
109
109
109
109
109
109
111
109
111
107
113
127
121
119
123
109
109
117
119
113
117
119
115
113
111
123
119
113
107
103
109
115
119
117
117
117
115
123
125
127
125
129
125
123
121
123
121
123
117
117
121
119
129
127
127
133
133
125
127
129
125
127
127
137
137
135
135
133
135
137
143
141
151
151
151
151
147
155
151
157
157
149
155
153
155
153
153
153
155
151
149
147
151
155
155
159
159
157
159
157
171
165
169
163
171
169
177
177
187
197
197
195
189
189
187
193
185
183
183
191
193
199
197
193
199
199
195
187
195
189
179
177
175
177
173
175
183
183
189
193
197
187
195
191
193
193
199
197
197
197
203
207
203
203
203
201
195
187
193
191
191
191
191
185
187
175
175
175
167
171
169
169
161
169
171
157
153
153
147
143
129
119
117
119
119
109
101
101
103
101
99
101
103
113
109
119
119
129
123
133
133
133
139
137
141
143
139
131
131
123
119
115
115
115
121
121
117
113
105
107
99
99
97
97
93
89
89
81
81
95
95
91
93
83
81
85
87
85
75
65
61
57
57
61
59
57
59
67
69
67
67
73
65
61
59
55
63
57
59
57
51
47
51
53
53
49
47
47
59
53
55
59
63
65
57
63
63
65
65
71
69
65
69
61
61
69
69
71
65
71
63
59
59
59
59
57
59
51
63
63
53
51
43
47
51
51
51
49
47
51
55
51
55
49
49
55
43
47
53
45
39
39
27
27
21
21
21
13
9
11
11
11
17
19
27
25
23
19
25
29
27
15
21
29
27
17
17
23
25
25
15
13
11
-1
3
5
1
13
11
13
19
13
3
7
5
7
7
11
11
7
7
11
13
13
5
7
5
13
17
23
21
23
23
23
19
19
21
21
17
29
27
29
37
39
43
45
55
57
61
71
61
59
59
61
59
57
53
53
55
55
63
75
77
81
93
89
97
99
97
101
95
93
95
95
87
89
87
85
95
93
91
89
95
99
103
103
97
99
97
91
85
85
91
91
89
83
81
85
85
83
89
89
89
85
83
87
99
95
99
105
101
99
107
115
107
107
107
101
109
109
121
119
131
131
131
133
131
127
129
129
121
121
131
123
119
117
119
119
131
131
131
129
125
125
129
129
123
127
133
129
121
125
123
123
121
115
125
119
125
125
125
127
133
133
133
137
131
129
137
133
133
131
131
127
125
129
131
127
127
119
111
109
111
99
95
97
83
83
83
87
81
79
79
75
77
77
81
83
83
79
73
73
71
75
65
71
79
73
75
77
79
79
87
87
87
81
77
81
67
71
69
75
81
85
87
87
93
91
99
93
99
99
99
97
103
105
93
85
79
87
83
85
85
77
77
75
75
73
73
69
71
65
55
55
55
51
47
47
59
57
49
49
47
37
37
43
35
33
33
33
27
29
33
35
43
47
53
57
67
71
67
69
61
61
57
53
49
49
51
57
57
59
65
65
75
81
79
71
69
73
71
79
87
95
95
85
83
83
85
85
91
95
93
101
107
107
103
101
93
93
99
97
91
91
91
89
87
85
87
81
81
81
85
93
95
95
91
97
97
97
91
93
97
99
93
85
95
101
93
83
81
71
83
79
83
85
81
79
83
83
93
93
93
91
91
91
87
87
97
95
103
105
105
107
105
103
101
103
101
103
103
93
91
91
89
85
79
81
89
89
99
99
99
93
87
79
77
79
89
79
81
91
89
97
105
101
103
107
99
99
97
99
89
97
93
101
103
97
101
111
103
99
99
93
93
89
83
83
85
83
83
77
77
67
75
81
73
63
65
53
59
61
67
63
67
67
71
83
83
89
89
77
69
65
73
71
73
79
73
77
71
71
67
59
55
61
59
57
57
59
61
53
53
53
53
53
53
55
57
65
63
61
65
71
69
71
73
71
73
75
87
89
83
91
89
97
95
93
97
89
93
97
95
95
93
101
101
97
93
89
89
91
93
95
95
95
95
105
107
113
111
113
119
119
125
123
121
123
129
135
129
129
133
131
143
139
139
143
143
143
139
141
143
139
147
145
141
135
137
131
125
125
125
125
129
135
133
135
137
143
131
131
139
139
137
133
125
117
117
111
107
109
105
107
117
111
121
121
123
127
121
119
119
113
117
119
115
117
119
121
121
129
127
127
131
127
117
111
111
109
109
105
103
107
105
103
97
95
95
97
103
99
107
103
99
99
99
99
103
103
95
93
91
83
91
91
91
89
91
91
89
89
83
83
83
87
83
85
77
79
87
89
81
71
73
77
73
75
75
75
69
69
71
69
67
63
65
61
63
71
69
69
69
71
73
73
73
75
75
73
73
73
83
83
81
81
81
81
83
83
87
81
81
71
69
69
71
73
73
73
73
87
85
85
85
87
93
89
91
91
87
89
99
99
103
103
99
103
93
87
87
91
93
93
83
85
85
85
95
89
89
93
85
85
89
89
83
91
89
89
85
87
95
93
99
99
111
109
109
105
101
87
89
95
93
101
97
91
83
77
87
87
87
91
93
93
97
107
107
101
107
107
103
99
95
103
101
109
105
107
107
109
113
109
109
109
109
125
127
125
125
123
123
121
121
119
115
117
107
111
109
105
97
97
97
95
87
79
79
87
81
79
79
89
89
83
79
89
91
97
103
103
105
109
105
97
93
93
103
109
119
115
117
117
123
123
131
119
119
117
117
121
115
115
115
117
115
123
117
117
107
109
105
99
97
93
83
79
81
81
81
83
83
79
75
65
61
53
49
41
39
39
41
41
41
41
41
45
33
35
43
41
47
47
39
47
41
49
51
51
51
45
45
53
43
41
41
43
49
57
55
51
51
53
63
65
67
71
69
71
77
81
81
73
69
75
73
73
73
81
79
71
71
71
79
79
83
73
73
73
71
71
73
75
75
77
75
75
65
61
65
69
69
73
69
61
69
69
75
73
69
67
65
61
59
59
63
73
75
77
77
77
73
77
79
79
83
93
85
85
91
101
95
85
77
85
87
89
89
95
95
99
103
107
101
101
101
109
109
113
107
109
101
99
99
95
95
95
103
95
95
91
89
87
83
79
85
85
85
83
77
79
75
81
79
77
79
73
73
75
79
81
81
77
79
69
67
59
59
59
63
65
55
55
63
65
69
69
69
73
67
77
77
77
85
83
87
81
81
81
87
81
77
63
63
59
61
63
63
63
65
79
71
71
67
67
65
67
75
89
89
91
91
93
95
87
91
91
99
91
87
87
99
99
95
103
109
109
109
115
121
119
119
117
119
121
127
127
137
133
137
139
133
139
143
145
137
131
127
121
121
127
133
133
129
129
129
139
145
145
143
135
131
129
135
143
143
137
131
131
131
131
127
119
111
111
111
111
117
117
125
125
131
143
141
141
141
149
149
153
159
153
149
157
157
155
149
153
153
151
157
149
151
155
161
163
173
173
185
185
179
171
175
173
173
173
179
181
177
181
181
181
183
179
179
175
179
179
169
173
175
175
177
169
169
165
159
151
151
149
145
145
145
147
149
153
159
157
149
147
137
137
139
147
147
151
147
149
147
141
147
141
143
127
123
119
125
119
119
115
109
109
107
107
103
103
101
105
101
101
109
113
105
113
113
117
109
117
115
119
119
127
131
143
143
147
151
159
159
159
159
163
163
177
177
177
185
189
195
203
203
199
197
197
197
197
197
197
205
205
209
211
211
213
213
213
203
199
205
209
209
215
215
221
227
223
227
223
223
229
229
229
233
233
227
231
233
237
235
235
237
243
243
255
257
257
257
251
259
263
261
261
261
253
259
253
255
259
249
249
249
251
255
247
255
255
263
267
265
263
267
271
267
267
265
263
273
275
271
279
275
279
283
289
289
283
291
293
295
299
297
297
297
291
299
297
301
301
299
303
311
309
313
313
311
319
331
327
319
319
315
315
305
309
309
307
297
297
305
305
307
297
297
303
303
297
297
305
305
307
307
311
311
313
319
317
317
311
305
307
305
295
283
281
277
273
279
281
281
273
279
279
269
271
271
271
267
263
263
259
255
255
253
261
253
253
253
255
255
255
259
255
257
255
253
253
245
237
237
243
247
249
247
247
255
257
257
263
255
255
257
257
255
243
253
239
235
237
225
225
223
213
211
211
217
213
213
205
205
205
207
209
215
217
209
205
201
201
201
201
199
205
201
195
195
191
201
207
205
203
211
201
203
197
197
193
193
193
195
199
199
207
203
195
191
197
193
185
185
187
187
189
195
207
207
205
209
215
219
219
217
209
219
215
225
219
225
229
229
231
231
235
235
243
245
237
233
243
241
241
243
245
239
245
243
243
243
249
251
247
249
253
255
251
247
243
251
251
251
247
251
261
259
255
255
253
253
253
255
253
263
263
269
263
263
263
265
263
257
259
259
259
259
259
247
247
253
253
245
243
241
235
239
239
235
235
237
245
243
243
245
243
249
249
243
245
241
247
257
267
261
253
255
253
253
249
249
249
249
253
253
249
247
253
257
265
273
281
275
265
265
261
267
271
275
279
281
281
285
287
279
277
279
283
279
283
285
297
305
305
307
311
319
321
331
337
337
339
343
343
341
333
333
325
325
313
307
305
291
295
293
287
297
293
287
287
287
287
291
281
287
287
283
283
279
279
279
273
265
261
265
265
259
257
255
255
243
253
255
255
255
261
263
263
255
255
245
247
251
255
255
249
253
253
255
255
259
261
257
261
259
263
263
255
249
249
249
251
251
251
257
251
251
259
259
257
265
265
261
261
265
255
265
257
259
261
261
255
251
245
239
235
237
239
243
245
247
245
245
247
245
253
255
255
253
253
251
253
255
259
251
249
235
233
233
223
223
225
225
219
217
217
215
215
215
213
219
211
211
205
211
203
203
207
205
211
207
207
197
187
185
191
199
195
189
181
177
177
177
183
179
183
181
179
183
185
185
183
171
169
167
171
165
169
157
159
161
157
155
165
165
169
167
165
161
163
163
165
165
169
161
169
169
165
167
159
157
161
153
161
165
175
175
185
187
191
187
179
177
171
175
189
185
187
185
185
191
185
185
187
197
195
191
185
183
179
179
179
171
167
175
171
171
163
159
165
167
163
169
175
175
173
181
189
183
183
183
181
177
177
185
185
181
181
181
175
181
185
189
193
191
195
195
203
209
207
207
207
201
203
199
197
193
199
199
207
205
197
197
197
201
209
209
217
209
209
213
215
219
219
207
207
213
217
217
217
221
221
227
229
231
233
241
245
237
241
235
235
231
227
237
237
241
237
231
237
227
231
233
233
223
229
233
227
233
231
231
231
231
223
223
227
223
221
231
229
225
227
227
225
237
243
249
243
245
249
243
237
237
239
237
231
227
223
233
239
243
243
247
251
249
249
247
249
261
251
241
241
239
239
245
253
261
261
259
257
259
273
273
275
273
271
265
269
273
279
283
291
291
285
293
299
301
311
305
309
315
311
303
303
291
291
291
281
279
283
279
285
281
283
281
277
269
267
273
273
275
275
275
273
273
275
281
283
283
287
277
287
289
283
279
277
293
293
289
283
273
281
273
273
271
269
271
263
265
267
269
271
269
267
267
265
269
269
269
259
261
271
267
263
265
261
267
265
263
271
271
273
271
271
279
283
289
289
271
277
277
271
275
275
271
271
271
271
275
271
267
273
275
267
267
267
275
267
273
273
273
269
275
277
269
269
279
281
289
289
295
291
291
293
301
301
293
301
299
301
305
305
293
289
279
283
291
279
279
279
281
281
281
275
279
279
271
271
273
271
273
269
269
267
265
265
267
259
263
261
253
255
255
257
255
251
255
255
257
259
257
251
261
261
269
259
259
251
257
261
261
253
259
255
255
249
247
245
245
247
251
247
241
229
229
235
235
237
229
229
231
225
219
229
233
233
233
229
229
223
223
221
231
233
231
233
233
233
231
227
229
223
217
215
215
217
221
229
237
235
235
235
235
225
223
221
223
231
231
235
239
235
239
239
227
227
231
235
237
229
233
237
245
247
249
245
241
239
237
241
247
241
225
221
219
219
219
221
219
219
215
203
207
207
203
203
205
217
217
217
221
211
211
213
211
215
217
219
223
223
223
227
227
225
233
233
233
227
225
225
223
223
211
221
221
221
233
231
227
219
217
223
227
227
227
223
209
211
211
213
207
207
207
209
213
219
219
221
219
219
225
217
213
217
221
223
237
229
227
229
227
229
229
229
223
223
227
221
217
213
213
203
199
199
201
197
199
191
191
189
191
189
181
181
183
183
183
183
185
185
185
185
195
195
191
197
197
197
199
193
191
185
185
191
199
199
205
205
205
209
217
215
215
219
215
217
225
213
215
213
221
217
219
223
217
213
211
215
219
213
217
225
223
225
227
229
227
219
217
215
221
227
233
233
231
235
237
237
243
253
253
255
267
269
279
269
277
275
281
281
277
269
269
269
267
267
265
265
261
271
271
265
271
267
267
267
267
271
275
277
275
275
275
275
279
285
281
285
279
277
275
287
291
287
281
281
275
275
261
261
257
249
249
241
241
235
225
223
225
225
233
233
235
237
229
237
245
245
235
235
231
225
229
229
229
229
233
237
237
245
245
247
243
239
233
233
235
249
263
261
251
249
247
249
245
253
253
241
237
229
233
233
229
225
223
227
229
221
221
213
211
211
213
213
219
219
213
219
223
215
215
217
221
221
219
213
211
213
221
215
213
223
221
221
215
223
217
213
209
201
203
207
211
203
203
205
205
201
199
199
211
211
205
213
211
217
213
215
215
209
207
195
191
189
189
189
183
183
177
169
179
181
179
179
177
177
171
179
177
173
183
177
183
183
189
183
173
177
185
185
177
169
169
173
175
167
161
165
171
179
181
181
187
191
193
201
193
193
201
193
187
185
179
173
159
149
145
145
145
143
147
147
143
137
145
147
147
145
145
139
141
135
137
131
129
137
129
129
119
121
113
117
123
121
121
119
133
129
131
133
143
153
155
151
147
151
153
153
153
151
147
155
151
155
145
145
133
127
115
121
121
125
127
131
141
139
137
127
127
129
131
129
131
133
131
141
143
141
139
137
141
149
153
155
153
153
151
151
151
151
151
159
159
159
151
141
139
137
139
131
131
131
129
129
129
127
123
123
117
119
119
121
127
125
115
115
115
119
121
117
111
111
123
121
121
121
121
121
119
119
121
121
121
119
119
123
113
113
117
117
123
131
131
137
137
133
135
137
137
145
159
153
153
153
151
149
141
143
143
141
141
145
145
143
145
143
143
141
149
161
159
153
151
143
149
151
147
141
135
137
129
131
127
127
127
135
143
135
133
127
127
125
133
125
121
121
121
121
125
125
121
125
121
109
111
105
113
123
123
125
121
121
119
131
127
131
127
119
115
107
101
105
99
93
95
89
95
95
99
95
95
95
91
85
81
83
83
97
91
85
85
89
91
89
99
109
117
111
111
111
113
115
105
105
105
101
91
91
91
91
91
93
93
93
87
93
89
83
83
83
81
81
81
81
71
65
65
63
67
59
59
55
51
55
55
57
57
57
55
49
55
53
49
51
57
57
57
63
53
59
49
61
69
63
63
53
55
49
45
37
43
53
57
55
55
51
45
51
47
51
43
31
39
41
43
47
43
53
61
61
59
65
61
67
65
63
71
71
67
67
67
61
67
71
77
85
89
93
97
101
103
107
107
113
113
103
103
109
103
103
99
99
97
93
87
89
93
97
87
87
77
79
73
65
69
67
55
51
47
43
47
39
31
31
43
45
47
47
45
31
35
35
33
29
25
25
25
25
29
29
29
33
41
41
45
41
39
39
39
37
39
43
49
45
45
43
39
33
23
23
31
25
21
25
21
25
25
23
23
25
25
15
15
25
25
25
31
31
37
35
29
31
33
27
23
23
25
25
31
33
27
23
25
27
29
27
33
23
19
9
15
15
13
9
13
13
11
19
17
19
15
21
21
27
23
29
39
39
35
35
37
33
37
49
55
49
51
47
55
57
63
73
75
75
75
65
59
65
71
61
57
63
57
55
51
49
55
49
45
35
19
23
23
17
13
7
9
1
-5
1
-3
-5
-5
-7
-9
-11
-5
-9
-11
-5
-9
-7
-5
5
-1
-1
-1
1
-3
-13
-7
-9
-9
-5
-15
-13
-11
-7
-5
-17
-11
-5
-3
-3
-3
7
-1
-1
-1
-1
1
3
13
15
19
25
23
25
27
37
35
37
37
41
37
37
45
43
49
49
47
49
45
45
41
43
43
51
51
49
49
51
51
45
39
31
39
43
43
43
43
51
45
49
53
55
53
51
59
53
59
59
57
57
55
49
49
51
49
49
39
39
39
41
43
39
43
41
35
31
33
39
39
39
35
29
31
27
17
19
21
31
31
23
25
27
31
37
33
43
35
39
57
59
57
55
51
59
59
51
53
55
53
53
57
57
49
41
39
49
55
53
51
47
43
43
45
45
43
45
35
23
21
27
29
41
37
43
45
49
41
41
33
37
37
35
29
25
29
29
35
27
29
25
29
27
21
27
29
27
15
19
19
21
25
25
27
27
37
37
41
43
33
37
37
45
49
47
47
47
47
55
53
49
49
55
59
59
59
57
57
57
59
59
49
49
49
63
57
59
53
53
47
47
47
55
55
49
47
45
47
47
35
31
29
31
33
29
33
43
53
53
53
45
55
57
47
47
47
55
69
77
81
77
73
71
71
81
85
85
81
81
75
75
81
81
81
87
83
95
101
95
91
97
103
109
101
105
105
99
109
107
109
115
111
105
101
101
105
105
113
113
121
111
107
113
113
119
117
111
109
109
113
117
117
115
111
113
111
111
117
115
115
109
111
119
119
119
117
109
115
115
109
103
107
107
113
103
101
105
95
89
89
87
87
101
101
101
105
109
99
97
99
101
113
117
113
105
95
99
107
111
119
119
119
119
123
127
137
141
137
135
135
145
147
145
141
145
145
149
149
139
139
135
141
147
147
147
147
147
145
137
129
131
137
141
137
131
133
129
127
127
125
131
125
135
129
125
125
125
125
123
121
123
129
127
121
129
135
133
129
129
133
133
133
133
129
125
133
135
139
137
141
139
131
125
125
125
125
121
121
121
131
141
137
137
135
139
141
141
141
141
141
141
135
127
129
123
125
119
119
119
119
121
123
117
117
117
113
117
109
111
127
117
115
119
115
113
121
125
125
131
129
125
127
127
123
129
129
133
127
117
119
119
121
119
115
125
137
135
133
133
125
125
125
119
113
113
115
109
113
105
97
99
85
85
89
91
91
89
87
87
91
93
95
91
97
87
87
97
97
89
91
95
101
97
87
93
85
85
83
85
89
93
89
91
95
87
79
79
79
77
77
73
83
89
89
93
85
75
77
71
65
63
65
63
75
71
71
69
69
77
73
71
73
73
73
71
77
71
69
63
59
67
67
69
69
59
65
67
75
89
91
93
89
83
83
87
91
93
95
89
91
91
93
101
97
85
85
83
83
75
75
79
91
83
83
87
81
79
87
87
91
99
107
111
111
111
121
125
119
119
107
107
99
107
107
111
119
113
107
107
111
103
99
91
91
95
95
97
103
111
121
127
129
127
127
121
113
113
117
117
115
131
139
133
135
143
153
155
155
153
155
159
159
159
165
163
167
165
169
161
161
157
157
161
171
165
169
173
169
169
163
163
155
155
157
153
151
153
153
145
149
149
151
155
161
161
163
169
171
165
159
153
153
161
167
169
171
169
169
167
167
173
173
171
181
185
183
179
183
183
183
183
183
185
177
181
181
173
175
175
179
193
193
203
203
205
203
203
207
207
205
199
199
193
195
203
205
205
201
199
197
201
201
205
197
195
195
191
197
197
199
191
191
193
193
197
199
195
203
199
211
211
209
203
213
203
203
205
203
201
201
201
205
203
203
207
215
213
217
223
221
215
211
213
217
215
215
211
211
213
217
213
213
219
217
217
211
215
213
211
199
199
203
201
203
201
213
209
213
207
207
211
211
213
217
219
211
213
215
219
221
225
225
217
213
209
201
201
197
207
207
217
211
213
205
197
195
189
193
191
191
191
191
203
197
197
191
193
197
191
191
193
189
193
185
195
199
199
203
201
199
195
195
207
203
193
199
189
185
185
181
175
179
189
177
179
191
185
183
191
199
203
209
207
205
205
201
201
199
199
195
201
211
215
215
215
213
215
207
209
197
205
201
201
201
207
199
189
195
193
193
193
195
189
189
187
197
191
191
183
183
187
179
171
173
169
173
171
165
165
161
163
161
165
165
165
161
165
167
161
169
173
173
175
167
165
157
147
147
143
135
133
129
137
137
135
135
135
143
149
143
139
143
147
137
143
143
147
149
147
149
159
153
155
155
149
153
155
157
159
159
173
177
189
181
173
169
169
171
177
183
191
191
189
193
189
181
173
175
181
171
173
173
167
157
153
153
145
149
145
143
143
145
137
143
139
135
135
131
131
137
141
139
135
143
143
147
143
137
137
137
133
131
141
135
135
141
141
137
137
137
145
149
145
141
147
147
149
161
163
157
157
151
151
155
151
151
157
157
151
155
155
159
165
171
183
177
169
167
167
167
173
169
169
163
159
157
157
163
169
163
161
161
153
145
153
165
161
167
161
149
151
151
147
143
151
151
147
149
145
159
161
165
173
175
171
171
179
173
179
175
181
177
173
173
165
167
157
157
161
153
153
161
169
169
163
165
167
163
169
167
163
163
159
159
159
157
157
163
165
165
175
173
173
171
171
171
171
173
167
175
167
169
169
161
169
169
169
179
189
187
195
195
195
191
191
177
175
179
181
179
181
183
193
185
185
173
173
173
173
173
173
167
167
169
161
161
165
165
161
157
157
161
159
149
149
147
149
153
153
159
153
153
147
153
155
165
157
157
155
161
165
165
167
169
165
165
155
163
163
169
159
165
155
157
145
147
143
145
145
143
137
137
129
117
115
109
103
105
101
107
103
109
111
119
117
119
119
121
129
115
115
113
107
105
107
109
115
115
117
113
113
109
123
111
107
105
97
95
99
95
87
87
87
83
77
77
87
81
91
89
89
93
99
99
99
99
95
83
83
81
77
89
83
85
85
79
81
79
75
81
89
95
99
97
101
93
99
89
81
83
87
87
85
79
79
79
75
75
75
87
87
91
95
103
93
93
85
87
87
87
89
85
81
71
83
81
81
93
89
89
99
107
113
107
109
119
119
111
117
117
117
121
123
115
115
113
107
107
107
115
115
111
111
121
121
121
113
111
107
115
117
125
121
121
121
121
119
119
119
115
119
115
115
113
103
107
107
113
113
115
113
111
125
123
117
119
115
115
123
119
119
111
103
107
117
125
127
129
135
125
125
125
125
125
127
123
121
119
109
111
117
119
123
115
113
117
113
95
95
95
101
97
93
99
95
91
99
99
99
99
101
101
99
89
85
81
77
67
69
69
63
63
69
61
67
67
77
85
77
87
87
83
89
91
91
87
83
77
65
65
65
65
65
71
73
69
67
59
57
55
53
53
53
47
43
47
49
45
43
39
39
39
39
33
33
41
39
43
39
35
35
31
27
25
37
45
37
25
25
25
31
29
35
35
37
37
37
43
43
53
49
41
43
33
41
41
41
35
37
39
37
35
31
33
33
37
37
35
39
45
55
59
67
69
75
75
79
75
73
69
69
75
77
75
85
85
83
89
93
97
103
91
91
91
89
95
91
97
97
95
89
77
79
73
75
75
75
67
65
61
61
71
73
71
77
75
67
61
69
73
71
71
77
65
67
71
75
81
79
81
83
87
95
107
103
101
97
101
103
103
109
119
111
111
109
105
105
101
105
109
115
107
105
107
111
111
107
115
109
97
99
101
99
105
103
99
99
107
107
111
107
105
99
99
105
105
107
101
101
107
97
97
97
101
101
95
99
105
103
99
97
91
79
73
61
61
61
67
73
81
85
89
89
89
95
91
85
85
81
87
83
81
83
83
89
93
93
97
93
95
89
89
89
85
85
85
91
97
93
101
101
103
103
103
101
99
95
95
91
89
91
89
91
91
91
91
91
85
95
103
107
107
111
117
123
125
125
119
125
133
141
149
155
161
159
151
163
165
165
171
171
179
179
187
193
193
193
189
189
197
197
197
189
183
171
171
171
171
177
177
171
175
179
179
179
183
179
179
