-2627
-2625
-2617
-2617
-2617
-2607
-2607
-2591
-2589
-2589
-2589
-2589
-2577
-2577
-2567
-2567
-2561
-2553
-2543
-2533
-2525
-2525
-2525
-2525
-2521
-2521
-2521
-2513
-2505
-2497
-2489
-2489
-2485
-2485
-2485
-2485
-2483
-2471
-2461
-2461
-2457
-2445
-2445
-2445
-2445
-2435
-2431
-2435
-2435
-2423
-2417
-2417
-2407
-2391
-2381
-2371
-2367
-2367
-2361
-2347
-2347
-2333
-2323
-2311
-2311
-2303
-2303
-2299
-2295
-2291
-2283
-2269
-2269
-2265
-2261
-2261
-2257
-2247
-2239
-2233
-2219
-2217
-2217
-2213
-2207
-2207
-2201
-2203
-2203
-2191
-2183
-2183
-2173
-2161
-2161
-2157
-2157
-2157
-2157
-2147
-2137
-2137
-2137
-2137
-2137
-2137
-2129
-2129
-2129
-2127
-2127
-2127
-2117
-2107
-2105
-2105
-2097
-2083
-2083
-2075
-2069
-2063
-2061
-2059
-2059
-2059
-2059
-2055
-2051
-2047
-2047
-2037
-2037
-2037
-2027
-2027
-2027
-2023
-2015
-2015
-2013
-2015
-2015
-2005
-2005
-1997
-1995
-1989
-1989
-1989
-1989
-1989
-1991
-1983
-1985
-1975
-1979
-1979
-1979
-1975
-1967
-1967
-1967
-1967
-1957
-1957
-1955
-1955
-1951
-1945
-1935
-1935
-1935
-1931
-1927
-1927
-1921
-1913
-1905
-1897
-1889
-1891
-1887
-1887
-1887
-1887
-1887
-1877
-1879
-1877
-1877
-1873
-1861
-1861
-1849
-1849
-1849
-1837
-1843
-1843
-1843
-1837
-1827
-1829
-1815
-1803
-1803
-1803
-1789
-1789
-1789
-1789
-1789
-1781
-1781
-1781
-1779
-1779
-1779
-1775
-1769
-1763
-1763
-1757
-1751
-1751
-1751
-1741
-1741
-1741
-1737
-1737
-1739
-1735
-1725
-1709
-1701
-1697
-1697
-1697
-1695
-1695
-1689
-1689
-1699
-1699
-1699
-1699
-1699
-1689
-1681
-1675
-1675
-1675
-1667
-1667
-1655
-1655
-1657
-1657
-1653
-1653
-1653
-1653
-1653
-1647
-1647
-1633
-1621
-1615
-1607
-1607
-1601
-1601
-1597
-1597
-1593
-1593
-1593
-1583
-1585
-1583
-1573
-1573
-1573
-1571
-1561
-1555
-1555
-1555
-1551
-1549
-1539
-1543
-1543
-1539
-1535
-1535
-1535
-1525
-1527
-1521
-1521
-1519
-1507
-1497
-1497
-1487
-1493
-1493
-1493
-1493
-1489
-1475
-1469
-1465
-1465
-1461
-1461
-1459
-1459
-1459
-1459
-1455
-1459
-1459
-1459
-1459
-1459
-1459
-1459
-1459
-1455
-1453
-1453
-1455
-1455
-1449
-1439
-1437
-1431
-1419
-1419
-1413
-1411
-1413
-1411
-1401
-1393
-1395
-1387
-1387
-1383
-1383
-1383
-1383
-1385
-1385
-1377
-1377
-1377
-1377
-1377
-1377
-1377
-1377
-1375
-1375
-1373
-1373
-1373
-1373
-1367
-1367
-1367
-1369
-1369
-1369
-1367
-1367
-1367
-1367
-1367
-1367
-1365
-1365
-1375
-1375
-1373
-1373
-1373
-1373
-1373
-1373
-1369
-1369
-1361
-1361
-1371
-1361
-1361
-1361
-1361
-1361
-1361
-1353
-1343
-1331
-1323
-1315
-1315
-1303
-1303
-1303
-1303
-1305
-1305
-1299
-1303
-1299
-1293
-1293
-1293
-1285
-1287
-1287
-1281
-1281
-1271
-1271
-1273
-1263
-1259
-1251
-1251
-1251
-1251
-1251
-1251
-1251
-1251
-1241
-1241
-1241
-1241
-1237
-1233
-1233
-1233
-1217
-1221
-1213
-1213
-1209
-1209
-1201
-1201
-1201
-1201
-1201
-1191
-1185
-1185
-1185
-1175
-1175
-1175
-1169
-1167
-1167
-1167
-1167
-1167
-1167
-1167
-1165
-1159
-1153
-1155
-1155
-1155
-1145
-1145
-1137
-1137
-1137
-1133
-1127
-1111
-1109
-1111
-1103
-1095
-1091
-1093
-1089
-1091
-1091
-1091
-1079
-1085
-1085
-1085
-1085
-1085
-1085
-1081
-1073
-1073
-1071
-1079
-1079
-1079
-1079
-1079
-1079
-1079
-1079
-1079
-1079
-1079
-1079
-1079
-1061
-1061
-1061
-1049
-1043
-1039
-1039
-1039
-1039
-1039
-1039
-1039
-1039
-1039
-1033
-1027
-1027
-1021
-1021
-1021
-1021
-1021
-1013
-1009
-1009
-1001
-1001
-995
-993
-993
-993
-993
-993
-981
-973
-963
-963
-963
-963
-951
-947
-947
-937
-937
-937
-935
-935
-937
-937
-925
-925
-911
-911
-911
-911
-911
-911
-899
-903
-909
-909
-907
-907
-909
-911
-911
-911
-911
-911
-903
-897
-895
-899
-889
-895
-899
-893
-891
-891
-891
-879
-879
-879
-879
-879
-871
-871
-871
-871
-871
-871
-871
-871
-867
-867
-867
-867
-867
-865
-865
-863
-863
-863
-863
-861
-861
-849
-835
-831
-827
-827
-827
-827
-827
-833
-829
-825
-825
-817
-811
-811
-813
-813
-813
-813
-813
-811
-809
-799
-799
-791
-785
-785
-785
-785
-785
-779
-779
-779
-775
-779
-779
-777
-765
-759
-759
-759
-751
-745
-749
-743
-743
-743
-745
-745
-743
-743
-739
-739
-739
-733
-731
-731
-731
-731
-731
-731
-727
-735
-727
-727
-717
-711
-711
-711
-709
-703
-693
-693
-703
-697
-697
-697
-697
-687
-685
-681
-681
-681
-669
-669
-677
-677
-677
-673
-661
-661
-661
-661
-651
-653
-653
-653
-653
-653
-653
-647
-641
-637
-637
-643
-643
-643
-637
-637
-637
-637
-625
-619
-617
-609
-617
-617
-615
-615
-611
-605
-605
-605
-609
-609
-603
-603
-593
-601
-599
-601
-601
-601
-601
-601
-601
-601
-601
-601
-591
-597
-597
-605
-599
-599
-597
-597
-597
-597
-597
-597
-595
-595
-589
-577
-577
-571
-571
-561
-555
-555
-555
-555
-549
-549
-549
-545
-545
-541
-539
-537
-537
-533
-531
-527
-533
-533
-539
-547
-547
-539
-539
-539
-539
-539
-539
-557
-557
-557
-557
-555
-559
-559
-559
-559
-551
-553
-543
-543
-543
-543
-543
-541
-537
-549
-549
-549
-549
-549
-547
-547
-553
-559
-561
-561
-553
-553
-553
-557
-557
-563
-563
-557
-557
-557
-553
-553
-561
-551
-547
-539
-527
-523
-513
-513
-513
-513
-513
-513
-517
-517
-517
-521
-519
-519
-519
-519
-519
-517
-515
-515
-515
-509
-509
-519
-519
-527
-533
-529
-529
-525
-527
-527
-527
-527
-515
-513
-513
-505
-503
-497
-505
-499
-493
-477
-479
-479
-485
-485
-485
-485
-485
-485
-479
-479
-479
-477
-477
-477
-477
-471
-471
-469
-469
-465
-465
-453
-453
-447
-443
-443
-443
-451
-449
-449
-449
-449
-437
-437
-431
-431
-431
-429
-429
-429
-429
-413
-399
-399
-395
-395
-395
-387
-387
-387
-383
-385
-385
-385
-385
-385
-397
-397
-393
-389
-389
-389
-391
-391
-391
-375
-375
-385
-389
-399
-399
-383
-383
-381
-381
-369
-369
-357
-357
-363
-361
-361
-357
-353
-351
-349
-355
-355
-355
-353
-347
-345
-345
-345
-345
-345
-345
-345
-345
-349
-349
-349
-349
-349
-349
-351
-351
-351
-351
-361
-355
-347
-347
-349
-337
-337
-337
-337
-337
-337
-331
-331
-331
-331
-331
-331
-331
-331
-331
-331
-331
-331
-331
-331
-331
-323
-323
-323
-323
-325
-325
-331
-323
-323
-325
-325
-325
-325
-319
-315
-309
-309
-311
-311
-311
-311
-303
-299
-293
-295
-295
-295
-295
-293
-289
-281
-281
-281
-289
-289
-289
-283
-279
-279
-283
-283
-283
-283
-283
-283
-283
-289
-289
-289
-289
-289
-287
-291
-291
-291
-291
-285
-285
-285
-289
-291
-289
-289
-281
-281
-277
-283
-283
-281
-283
-293
-291
-291
-287
-281
-277
-277
-277
-289
-289
-289
-291
-291
-291
-301
-301
-301
-293
-291
-291
-293
-293
-293
-285
-285
-285
-289
-289
-289
-287
-287
-283
-285
-289
-289
-289
-289
-289
-289
-293
-293
-293
-291
-295
-295
-295
-295
-295
-295
-289
-287
-287
-295
-293
-293
-293
-289
-289
-287
-287
-285
-281
-275
-275
-283
-281
-281
-281
-265
-271
-269
-267
-267
-277
-267
-267
-267
-267
-269
-269
-269
-267
-267
-267
-267
-267
-267
-267
-271
-261
-261
-261
-257
-263
-263
-263
-271
-265
-265
-265
-267
-267
-275
-271
-271
-271
-279
-269
-269
-269
-273
-273
-271
-271
-271
-271
-271
-271
-269
-269
-263
-261
-261
-261
-261
-261
-261
-261
-261
-257
-257
-257
-257
-257
-255
-249
-243
-243
-243
-243
-235
-235
-235
-235
-239
-237
-235
-247
-241
-241
-241
-241
-239
-239
-239
-239
-233
-235
-235
-235
-235
-239
-239
-233
-231
-229
-235
-235
-235
-235
-233
-231
-231
-231
-231
-231
-231
-221
-209
-211
-213
-213
-213
-213
-213
-213
-213
-213
-221
-221
-229
-229
-229
-229
-229
-229
-233
-227
-229
-225
-221
-221
-215
-215
-215
-209
-201
-201
-201
-201
-201
-201
-201
-195
-195
-187
-193
-193
-193
-197
-197
-197
-199
-199
-191
-191
-189
-189
-181
-181
-181
-181
-187
-187
-187
-179
-179
-179
-179
-187
-187
-181
-181
-181
-181
-181
-181
-181
-181
-181
-181
-181
-179
-179
-179
-175
-175
-175
-169
-163
-163
-167
-171
-171
-183
-183
-181
-177
-177
-177
-177
-179
-179
-179
-187
-189
-193
-193
-191
-191
-191
-191
-191
-189
-195
-193
-189
-189
-181
-181
-181
-185
-185
-181
-181
-175
-169
-171
-171
-173
-173
-175
-175
-175
-177
-173
-173
-173
-175
-173
-163
-161
-163
-167
-167
-167
-167
-167
-167
-167
-161
-167
-167
-175
-169
-167
-167
-171
-173
-159
-155
-149
-149
-149
-149
-149
-149
-149
-153
-153
-153
-155
-149
-149
-149
-153
-147
-147
-149
-149
-149
-149
-149
-149
-149
-149
-155
-155
-153
-153
-153
-153
-153
-153
-141
-147
-149
-147
-133
-133
-133
-133
-133
-131
-127
-129
-127
-123
-113
-111
-111
-111
-111
-111
-117
-117
-119
-119
-119
-115
-119
-109
-109
-113
-113
-121
-123
-123
-123
-125
-125
-119
-123
-123
-123
-131
-119
-119
-119
-119
-123
-125
-119
-119
-119
-119
-119
-119
-113
-119
-107
-107
-107
-111
-111
-111
-111
-103
-103
-97
-97
-97
-97
-97
-97
-97
-97
-103
-103
-99
-99
-99
-101
-101
-101
-95
-95
-95
-99
-99
-103
-103
-103
-103
-103
-103
-103
-109
-109
-107
-97
-97
-105
-105
-105
-111
-111
-111
-111
-105
-105
-105
-105
-111
-111
-111
-111
-109
-99
-99
-95
-95
-95
-99
-99
-101
-99
-101
-113
-113
-113
-113
-111
-117
-113
-113
-111
-111
-111
-111
-101
-101
-97
-97
-93
-85
-85
-85
-85
-85
-85
-85
-85
-85
-85
-85
-85
-89
-89
-89
-89
-85
-85
-85
-89
-85
-85
-77
-85
-85
-77
-77
-71
-71
-69
-69
-73
-73
-73
-73
-73
-73
-83
-85
-93
-89
-95
-95
-95
-95
-95
-89
-89
-91
-91
-91
-93
-91
-103
-107
-107
-101
-91
-97
-91
-91
-91
-91
-91
-91
-91
-91
-93
-93
-93
-99
-99
-103
-99
-97
-97
-97
-103
-103
-109
-113
-111
-111
-103
-101
-99
-99
-99
-99
-99
-99
-95
-91
-91
-91
-91
-89
-83
-73
-73
-73
-65
-67
-63
-63
-59
-57
-57
-61
-61
-61
-57
-63
-63
-63
-63
-73
-73
-75
-75
-81
-75
-75
-81
-89
-89
-91
-89
-87
-87
-87
-83
-83
-81
-81
-81
-81
-81
-81
-81
-85
-85
-85
-77
-77
-77
-77
-77
-85
-85
-85
-87
-83
-83
-83
-83
-83
-83
-83
-77
-77
-77
-77
-77
-77
-63
-63
-63
-59
-51
-55
-55
-59
-59
-59
-63
-63
-63
-63
-63
-63
-63
-55
-55
-55
-61
-55
-55
-55
-55
-43
-53
-53
-53
-55
-55
-55
-55
-55
-55
-55
-55
-61
-75
-75
-75
-69
-69
-69
-69
-65
-61
-61
-61
-61
-57
-53
-53
-53
-61
-61
-61
-61
-61
-55
-59
-61
-61
-61
-61
-61
-65
-61
-67
-67
-71
-71
-71
-71
-71
-71
-71
-71
-71
-71
-71
-67
-65
-73
-79
-79
-79
-79
-75
-69
-71
-73
-73
-75
-75
-77
-77
-79
-79
-79
-79
-79
-79
-79
-79
-79
-79
-79
-85
-87
-87
-87
-85
-85
-81
-81
-85
-85
-85
-81
-81
-81
-81
-81
-81
-81
-81
-81
-81
-71
-73
-73
-65
-59
-55
-55
-55
-55
-55
-57
-55
-55
-55
-55
-47
-47
-41
-43
-39
-37
-39
-47
-47
-47
-39
-39
-39
-39
-45
-45
-45
-45
-45
-55
-61
-61
-63
-63
-63
-63
-65
-65
-65
-61
-61
-59
-57
-55
-55
-55
-55
-55
-55
-55
-55
-55
-55
-55
-53
-53
-55
-55
-55
-55
-57
-57
-61
-61
-61
-61
-51
-55
-47
-47
-45
-45
-45
-45
-47
-47
-43
-43
-43
-43
-43
-43
-43
-45
-51
-39
-39
-37
-37
-37
-37
-37
-37
-43
-35
-35
-29
-29
-19
-19
-19
-19
-19
-19
-21
-15
-15
-9
-3
-1
-1
-5
-5
-9
-9
-9
-9
3
3
5
1
-5
-5
-5
-5
-5
-5
5
5
-1
-1
-1
5
7
7
9
9
9
1
1
1
-3
-3
-3
-3
-3
-3
-7
3
3
3
1
1
1
3
3
7
7
3
3
3
11
19
19
25
27
27
27
27
27
21
21
21
23
23
21
21
25
25
25
25
25
29
29
35
37
31
35
35
33
33
33
27
27
27
27
27
27
27
23
25
25
23
25
25
25
25
19
21
25
29
29
29
29
33
31
31
35
35
37
39
39
39
41
35
41
37
37
37
31
31
31
31
29
33
33
27
35
35
29
23
23
23
37
35
41
49
49
49
49
59
59
65
61
61
61
61
63
63
63
63
57
57
65
65
65
71
73
73
85
93
99
99
99
99
93
93
93
99
105
109
109
109
109
109
109
109
109
105
105
105
105
105
105
105
109
97
97
103
95
95
95
95
95
95
91
95
91
89
89
85
85
89
85
85
81
77
79
79
79
79
93
93
93
93
101
89
89
79
79
79
79
79
87
87
87
87
89
95
95
99
99
99
99
95
95
95
95
95
103
103
107
107
107
109
123
123
123
121
121
121
117
117
113
101
101
101
109
113
129
129
129
129
133
139
135
135
135
145
147
147
149
149
151
145
155
149
149
145
145
137
137
137
131
131
131
131
127
123
117
109
109
109
109
105
105
105
105
117
117
121
121
129
129
137
137
137
137
135
133
133
133
133
129
129
129
129
129
129
133
133
133
133
133
133
133
133
133
141
141
149
149
145
145
145
149
147
151
151
153
163
163
163
163
163
163
163
165
165
167
161
161
161
155
155
157
161
161
159
155
155
155
155
151
151
149
147
147
147
147
147
147
147
147
147
145
145
141
141
137
137
137
133
133
133
133
125
123
123
129
129
129
129
129
129
129
129
129
129
129
129
125
119
121
121
127
127
125
125
125
123
119
119
117
117
117
123
127
127
127
127
129
129
129
129
129
129
129
129
129
133
133
133
133
133
135
135
131
131
131
131
133
133
141
141
145
153
153
157
157
163
161
163
157
143
135
141
141
133
133
133
133
131
131
131
131
131
129
121
125
127
127
127
129
129
129
125
125
131
131
137
135
137
129
121
113
123
121
121
123
123
123
123
117
117
129
129
133
133
133
133
137
139
139
139
141
139
135
137
135
135
129
129
129
139
143
143
143
143
139
139
139
139
139
139
139
139
139
139
139
137
135
135
127
127
123
123
131
131
131
131
125
131
133
129
129
129
127
123
121
125
125
125
125
121
121
121
121
121
121
121
123
123
123
123
125
121
121
119
119
123
129
133
135
135
135
135
135
133
133
133
131
139
139
139
137
139
139
139
139
139
139
139
139
135
127
127
113
113
119
117
117
117
113
119
109
109
109
109
111
107
107
107
107
107
105
103
103
103
103
103
103
103
95
95
95
95
95
95
107
105
101
105
105
105
103
101
101
101
107
107
107
107
111
113
123
123
129
133
133
133
133
133
133
131
131
131
131
131
131
121
123
123
125
127
127
125
125
117
117
119
119
121
121
121
113
113
115
115
115
99
97
103
103
103
103
101
99
99
99
99
91
99
99
107
113
113
111
111
117
117
121
123
123
111
111
111
111
111
111
109
109
113
113
115
115
115
125
125
135
135
135
137
151
151
151
151
151
151
141
141
141
141
141
141
157
157
159
161
161
161
167
161
157
159
159
161
165
165
167
175
181
181
181
179
175
183
183
183
171
167
167
173
173
167
161
161
161
171
171
171
173
173
165
165
165
157
155
157
157
157
157
157
157
155
155
155
155
151
151
157
157
155
153
153
149
159
159
159
159
159
151
151
145
143
139
139
141
147
147
145
139
129
129
129
135
135
133
133
137
137
141
141
141
135
137
137
143
143
143
149
149
149
149
145
145
143
143
141
141
143
143
143
139
139
139
139
139
141
141
141
141
143
143
141
137
141
141
147
147
147
155
155
165
165
165
165
165
165
169
159
159
157
157
163
163
155
161
161
163
163
157
157
159
159
159
159
159
155
155
151
151
149
149
149
147
147
145
141
137
137
139
149
149
141
133
125
129
129
121
119
121
121
121
121
121
129
129
129
129
131
131
119
119
119
131
131
131
131
135
125
123
119
125
125
125
125
123
125
125
125
125
125
125
125
125
125
125
127
127
117
117
117
119
119
121
121
121
127
127
135
135
137
139
139
139
139
139
139
145
147
149
149
155
155
155
157
157
159
153
145
151
151
151
159
159
159
159
159
159
165
169
169
169
169
167
167
167
151
147
147
147
147
147
145
149
149
149
151
161
161
167
167
167
167
167
167
169
169
165
165
165
165
159
159
159
157
157
157
157
157
155
155
155
155
155
155
153
153
151
151
155
155
155
155
155
155
155
145
145
145
145
145
149
149
149
149
149
149
149
149
151
151
151
145
145
145
147
147
153
153
153
147
141
135
153
147
137
137
137
133
133
133
143
141
141
141
141
141
141
141
143
143
147
147
143
143
147
145
153
151
151
151
155
155
155
155
155
155
155
155
155
151
151
151
151
155
151
147
145
149
157
159
159
159
159
157
157
157
159
161
169
169
169
175
175
175
175
175
175
177
183
175
175
169
169
169
169
173
173
181
181
181
175
175
175
175
181
187
185
185
193
193
193
193
193
193
193
193
191
191
191
195
199
201
199
207
199
197
197
193
193
193
193
193
191
195
195
195
199
199
195
189
187
187
195
195
191
191
191
191
177
179
179
179
177
181
181
181
181
181
179
173
173
173
173
169
177
175
163
163
163
169
169
169
171
187
193
197
209
193
193
193
193
193
193
193
189
191
183
181
185
185
191
191
197
207
215
215
215
203
203
203
203
203
213
213
213
213
219
219
219
219
215
215
215
215
219
219
219
219
211
213
205
199
207
205
203
203
209
215
215
221
221
221
221
221
221
221
225
225
233
233
233
235
235
235
231
231
233
233
237
249
251
249
245
245
245
245
243
245
245
245
253
263
269
269
269
255
249
249
249
249
249
249
249
245
237
243
243
243
243
241
241
245
245
245
245
245
253
253
253
259
273
261
261
261
261
261
263
263
269
269
265
265
265
265
265
265
265
267
267
269
269
259
259
259
259
261
261
257
257
257
257
261
259
267
263
257
257
261
261
265
265
263
263
267
273
275
275
275
275
275
267
267
265
265
265
263
257
257
261
261
261
261
263
261
269
279
271
271
265
265
273
267
267
267
267
267
267
261
261
257
263
265
265
265
265
265
261
261
255
251
251
251
251
255
255
255
263
275
271
271
275
281
281
275
275
275
275
275
283
283
283
289
295
287
289
283
285
285
285
283
285
285
285
279
279
279
279
279
269
273
273
273
281
281
281
281
281
281
281
287
287
287
287
289
283
279
279
279
279
283
283
277
277
269
265
267
267
267
269
269
267
267
257
257
257
257
255
255
257
257
257
247
247
241
241
241
239
239
243
245
245
245
245
245
245
255
249
249
249
249
249
249
241
241
241
243
257
257
257
257
257
249
257
253
253
237
237
229
229
219
219
219
217
217
217
211
213
213
211
211
213
215
215
213
217
211
211
211
211
211
213
205
205
205
205
197
197
205
209
209
209
203
209
209
215
215
215
227
223
223
223
223
223
223
215
215
215
215
215
215
215
215
215
215
215
215
213
213
213
213
213
217
221
221
221
221
221
225
225
221
221
221
221
221
217
217
217
211
211
213
213
215
215
221
221
221
221
229
229
229
229
229
225
225
225
225
225
225
225
225
225
225
225
233
233
233
235
235
231
231
231
231
225
225
225
225
225
231
229
237
237
247
243
251
251
251
249
251
251
251
263
263
269
269
269
269
261
263
265
265
271
271
271
271
265
265
265
275
275
279
279
279
277
269
269
269
273
277
277
275
283
283
283
283
281
281
277
277
279
279
273
269
269
265
265
265
265
261
261
261
261
267
267
267
267
261
265
273
273
269
259
259
265
257
257
257
259
267
251
247
251
251
243
243
243
243
247
249
241
245
233
239
237
239
235
235
235
241
239
239
233
235
245
245
247
247
247
241
241
245
249
249
249
251
241
241
241
249
249
249
249
249
249
249
245
245
245
243
249
253
257
251
251
249
245
251
251
251
251
251
251
253
253
249
249
253
259
259
259
263
257
251
259
263
263
263
267
257
257
263
263
257
245
245
245
245
243
243
243
241
241
241
241
235
235
235
237
237
229
225
225
223
235
243
243
247
245
245
249
249
249
249
249
243
243
243
243
233
233
233
233
233
227
227
223
211
211
211
207
213
213
213
211
223
221
223
227
227
233
233
233
231
231
227
227
233
233
233
233
233
235
235
235
225
221
221
221
223
223
219
219
219
219
219
219
219
219
227
227
229
229
227
223
223
223
223
223
223
223
223
223
215
217
221
221
221
215
215
215
215
215
215
215
211
211
207
213
203
205
205
201
201
201
209
209
215
221
213
215
215
219
209
209
209
207
207
207
215
211
209
209
217
217
221
223
223
223
223
225
225
223
223
213
213
213
215
219
211
215
215
217
217
217
217
211
219
219
219
219
219
219
219
221
225
233
233
229
229
221
215
215
215
215
211
211
211
211
211
201
207
207
209
209
213
213
213
213
213
213
211
211
211
211
211
205
205
205
205
205
209
215
209
215
219
219
219
219
219
215
215
223
225
225
225
225
225
231
237
237
239
231
231
231
231
231
237
247
253
259
259
259
261
261
261
261
263
263
259
265
265
257
257
257
253
263
263
263
263
263
261
257
257
257
257
265
265
265
265
265
271
271
273
275
275
263
267
267
271
275
265
265
263
263
263
263
263
261
261
261
261
261
261
259
259
259
259
257
257
245
247
247
249
239
235
235
235
241
241
237
235
235
243
243
243
241
237
237
237
223
223
223
223
221
221
223
223
219
219
227
225
221
221
221
215
215
215
215
219
219
219
215
225
227
221
221
219
231
241
241
241
241
245
245
245
245
245
245
245
245
245
245
245
245
245
245
245
239
243
247
247
247
247
247
245
245
245
245
245
245
239
239
245
245
245
245
243
245
237
237
237
231
231
239
239
243
243
243
243
243
243
241
243
243
235
235
233
233
239
237
237
237
237
237
237
237
237
247
247
251
245
249
249
247
247
247
247
247
247
259
251
259
259
259
269
263
263
269
269
269
271
271
271
279
279
273
271
271
271
271
281
281
281
281
281
281
285
285
285
285
291
299
293
293
293
293
293
293
297
299
299
301
299
297
299
299
297
297
295
295
295
299
299
297
297
297
305
299
299
299
299
299
299
299
303
301
301
303
303
301
299
299
309
305
309
309
309
309
311
315
317
317
325
333
333
335
339
337
331
325
319
319
319
319
323
321
321
321
317
319
319
319
319
317
317
313
315
315
311
311
311
321
321
321
311
311
323
323
323
323
325
325
323
321
321
321
321
321
321
311
313
313
317
319
319
319
319
313
315
315
305
305
311
311
309
309
309
309
311
311
311
311
315
315
315
323
327
325
323
323
323
323
315
315
307
307
307
307
307
309
309
309
307
303
303
303
303
303
301
293
303
303
303
303
303
309
309
309
297
311
313
313
313
303
303
303
303
303
303
315
315
315
315
315
315
311
311
311
307
307
315
315
323
319
323
315
313
313
313
315
321
321
321
323
327
327
337
337
337
341
341
341
337
343
347
347
353
351
351
357
345
353
353
355
355
353
351
351
351
351
345
345
349
349
347
347
347
343
337
337
337
337
337
337
337
331
331
331
337
337
337
335
335
331
331
331
335
331
331
331
331
331
331
333
345
337
327
327
327
327
327
327
327
325
325
325
325
325
323
323
319
319
319
319
315
315
315
317
317
317
317
317
319
325
325
325
327
327
327
319
319
319
313
313
315
315
315
315
315
315
307
307
313
317
317
319
319
311
311
311
311
311
309
317
319
319
313
313
313
317
323
323
325
325
327
327
325
327
329
329
329
325
329
329
329
329
333
333
329
329
329
329
329
317
317
303
301
303
303
299
299
295
293
279
279
279
285
287
287
289
295
301
299
299
299
297
297
297
297
297
297
297
297
297
305
305
305
305
307
317
317
319
321
321
321
321
321
321
327
327
327
327
325
325
325
325
325
325
331
331
331
331
331
331
331
337
329
329
329
329
333
331
331
329
333
329
329
329
329
329
339
339
339
339
339
339
339
339
341
343
343
343
339
331
327
327
327
327
327
327
323
331
323
323
323
323
323
323
319
319
315
315
315
321
323
313
313
315
315
319
319
319
319
319
317
321
321
321
335
335
335
337
333
333
339
337
337
333
333
333
333
333
337
329
329
327
327
331
331
333
333
339
339
339
341
341
341
345
339
335
335
335
335
331
319
319
329
329
325
325
325
325
319
323
323
323
327
329
329
329
319
309
309
309
309
309
303
303
303
305
297
293
293
293
293
293
293
293
293
293
289
289
289
289
289
291
291
289
283
283
285
285
285
285
291
295
289
289
289
295
295
293
293
291
291
291
291
291
291
291
291
291
291
283
279
279
271
271
271
271
271
271
263
265
271
271
269
285
285
295
303
303
303
303
303
303
303
303
303
307
307
305
305
305
305
305
305
311
313
313
313
313
313
313
313
317
323
323
321
321
315
317
319
319
313
305
305
305
305
303
307
307
307
307
303
307
307
307
307
311
311
309
311
311
305
305
305
307
309
309
311
311
311
315
315
319
317
311
311
311
313
309
309
309
309
315
319
319
319
319
319
309
309
309
309
307
301
311
309
309
309
309
309
309
309
309
299
307
311
307
303
303
289
291
295
299
293
293
293
293
293
297
297
295
295
295
299
309
311
311
317
319
319
319
319
319
317
317
313
313
319
319
319
319
317
317
317
327
327
335
331
331
331
331
327
327
327
331
331
331
327
327
339
335
335
335
339
339
335
329
325
325
321
321
311
305
309
309
309
303
303
297
299
299
301
301
301
299
289
289
285
285
281
275
275
275
275
275
275
275
275
275
275
271
271
271
271
271
267
267
253
253
253
255
253
253
251
253
253
253
253
251
255
255
259
261
261
261
261
251
251
251
251
251
259
259
259
259
253
255
255
255
255
255
261
261
261
261
255
257
263
265
265
265
255
255
263
263
263
255
255
253
253
253
243
243
243
237
239
237
235
235
237
237
237
237
229
229
233
241
247
247
243
243
243
243
231
231
229
229
229
229
213
213
223
225
225
223
223
223
211
211
211
215
209
211
209
209
207
199
199
199
189
187
187
187
183
183
183
183
183
183
183
191
191
191
191
191
199
199
205
209
211
211
215
215
215
221
221
221
221
221
221
221
215
211
211
209
209
209
209
209
209
215
213
213
213
213
209
209
209
209
219
219
227
223
223
223
227
227
227
227
223
223
223
219
219
213
213
217
219
219
219
213
207
209
209
209
213
213
213
213
205
205
197
201
195
195
199
195
195
195
193
197
197
197
197
197
197
197
197
197
197
197
197
197
197
197
203
203
209
209
209
209
209
209
207
207
211
203
199
199
199
193
207
215
215
215
213
213
213
213
213
219
219
219
219
219
217
219
221
215
215
211
211
211
199
199
199
199
197
197
189
183
195
195
193
189
193
185
185
185
185
183
183
181
183
183
171
169
169
169
169
169
157
157
157
157
157
149
149
149
157
151
151
147
149
149
149
151
155
155
153
163
163
167
167
173
173
175
187
187
187
185
185
177
169
169
169
169
169
157
163
175
177
175
175
177
181
179
179
185
185
185
181
181
181
185
187
187
187
187
189
189
189
191
191
199
199
205
199
199
199
199
197
199
201
195
195
195
187
183
183
183
183
183
189
189
189
189
187
183
183
179
179
183
183
189
189
199
201
201
201
201
201
203
207
207
201
201
211
211
211
221
231
229
229
229
229
223
227
227
223
223
223
223
223
221
221
221
221
221
221
221
213
213
213
203
207
205
207
207
207
207
203
203
203
195
193
191
175
175
175
175
177
177
183
183
183
175
175
175
181
175
179
175
171
171
171
171
171
169
169
175
167
173
173
173
177
177
175
175
175
175
171
171
165
165
165
165
165
163
163
163
167
179
179
179
173
173
165
169
169
173
173
173
175
175
175
175
173
161
161
161
161
161
161
159
157
157
161
161
161
163
163
163
163
161
171
171
175
175
175
175
175
175
179
183
193
181
181
173
173
173
173
177
177
177
177
177
177
169
175
175
175
175
183
181
183
183
185
185
185
179
179
179
169
167
169
175
175
175
179
181
181
173
163
163
163
163
163
163
165
161
161
161
161
157
153
155
155
155
151
151
151
157
169
173
175
175
175
175
183
183
179
179
179
177
189
189
193
193
191
191
191
191
191
193
193
193
191
191
191
191
191
191
191
191
193
193
197
193
197
191
191
193
199
211
213
213
213
213
203
203
207
207
207
207
207
207
215
215
217
217
223
223
223
221
221
223
223
227
227
227
231
231
223
223
223
223
223
223
231
229
237
237
229
229
231
227
229
229
229
225
225
225
233
233
231
231
229
241
241
243
243
243
249
245
245
245
251
245
245
243
245
245
249
241
241
241
251
251
253
247
243
241
241
233
233
233
233
233
229
229
231
235
235
235
239
239
241
241
241
251
249
249
249
249
249
249
249
249
249
247
247
247
259
265
265
265
275
275
279
279
279
279
281
281
281
281
283
279
279
279
279
281
281
285
285
285
285
285
279
279
273
275
275
281
281
281
281
283
283
283
291
297
295
295
295
295
303
303
297
297
293
291
295
295
293
293
287
287
287
287
287
287
283
283
283
283
273
273
269
261
255
255
255
255
255
261
257
257
257
257
257
257
263
257
249
249
243
237
237
237
239
243
243
239
235
235
235
235
239
249
249
249
255
255
249
249
249
245
245
239
239
237
237
241
241
241
241
249
249
249
249
249
251
253
253
253
253
253
253
253
251
251
247
237
249
249
249
249
247
247
245
245
245
245
245
249
249
243
243
241
245
245
245
245
245
253
253
253
253
257
267
267
267
267
267
267
267
259
263
263
261
261
265
265
257
257
257
253
253
257
251
251
251
251
261
257
257
247
251
251
251
253
249
249
243
243
243
243
243
239
239
239
239
239
239
237
231
229
229
229
229
229
229
229
235
241
235
235
235
233
233
233
233
233
231
233
233
233
233
231
231
235
233
233
237
237
237
243
243
243
243
243
235
235
235
231
229
229
225
225
225
225
225
223
223
223
223
223
223
225
225
219
219
217
217
223
217
221
221
225
225
241
237
227
227
239
239
237
233
229
237
237
237
235
237
237
237
237
237
235
237
235
233
233
233
231
231
225
225
221
223
223
231
225
225
231
231
231
219
219
217
217
215
215
215
215
215
215
215
215
215
215
215
211
211
213
213
213
213
213
213
211
211
205
205
205
205
205
205
205
205
205
201
201
201
197
197
199
205
205
215
219
225
225
225
219
219
221
225
225
225
217
213
213
217
217
213
215
209
211
211
213
215
217
217
217
217
213
221
221
221
221
221
217
217
217
217
217
217
217
217
217
215
209
197
197
197
197
197
197
191
191
187
187
187
185
179
175
175
181
181
183
193
193
193
197
195
201
201
201
201
201
207
207
205
205
205
209
215
213
213
225
225
223
227
227
227
227
227
223
223
225
217
221
221
221
221
223
219
217
217
207
207
207
207
205
201
197
205
205
205
205
205
205
205
205
205
205
205
205
205
205
215
213
209
209
203
203
203
203
201
201
201
203
201
201
193
193
199
203
199
197
197
197
189
189
189
189
187
187
183
189
189
193
193
199
193
193
189
185
187
187
187
191
191
191
173
169
169
163
163
163
163
163
171
163
163
163
165
163
153
153
155
149
149
149
149
149
149
149
149
149
149
147
147
145
135
131
129
135
135
135
135
135
135
135
135
135
119
119
119
125
125
125
125
125
131
135
135
135
141
141
141
141
141
129
129
129
129
127
127
127
133
135
137
137
137
137
131
131
131
123
121
121
121
121
123
123
123
123
125
137
137
133
131
131
139
141
135
137
135
151
155
155
157
167
167
167
167
175
175
175
175
175
175
175
175
175
177
177
177
185
175
177
177
177
177
181
181
181
177
177
177
169
169
169
171
169
165
165
165
169
173
177
177
185
185
173
173
171
171
171
171
165
165
165
165
165
165
167
167
167
167
167
167
167
169
169
177
177
177
169
161
161
151
147
147
147
147
149
141
155
159
155
155
155
155
155
155
153
153
153
155
155
155
155
153
149
153
153
153
151
149
155
155
155
155
151
147
151
151
151
153
153
155
155
155
155
157
157
161
171
171
175
179
185
185
185
185
185
185
185
185
183
183
179
179
183
181
181
181
173
173
173
171
171
171
171
163
163
163
173
173
173
171
171
173
173
181
181
181
181
189
191
191
187
179
181
181
181
179
195
193
191
191
195
195
197
197
197
197
191
189
197
197
203
201
201
201
205
205
205
205
205
203
205
211
211
211
211
211
211
211
213
213
213
215
221
213
213
205
205
203
203
199
199
191
189
193
193
199
209
209
219
213
203
203
203
203
203
203
205
205
213
213
217
217
223
215
211
211
211
211
211
213
211
211
207
211
219
219
213
223
223
225
217
217
221
221
221
221
219
227
227
229
231
231
225
225
219
209
209
209
207
207
211
211
215
215
221
229
225
225
225
225
219
207
197
197
193
199
199
199
203
203
203
209
213
213
213
213
213
207
207
215
211
211
209
207
211
203
203
203
203
203
203
211
221
221
221
221
221
225
225
227
227
227
227
221
219
219
219
211
211
209
209
209
207
207
207
207
207
207
205
205
199
199
199
199
199
199
195
195
195
197
209
207
207
205
205
205
213
215
213
213
213
205
205
205
205
201
201
201
205
205
203
209
209
209
211
211
207
207
209
205
205
205
201
201
201
203
203
203
203
203
197
197
193
189
185
185
185
179
179
181
181
181
181
183
183
183
175
171
177
169
169
169
169
169
169
173
173
173
169
173
173
173
177
177
177
177
169
169
171
171
171
177
177
177
175
181
167
157
155
155
157
155
155
163
165
169
169
169
169
169
175
177
177
177
177
179
179
179
181
177
171
171
171
171
171
171
173
173
179
179
179
179
179
179
179
179
179
183
185
191
191
191
191
191
191
189
187
181
183
179
183
187
187
193
195
195
195
199
199
207
199
199
199
199
199
199
197
205
205
195
195
195
195
189
189
189
189
189
189
193
197
197
199
199
209
209
209
215
215
215
209
209
209
209
213
211
215
215
215
215
221
217
217
217
209
209
205
205
205
205
205
205
205
209
209
205
205
197
193
193
197
197
199
209
209
209
209
209
209
209
207
211
221
221
217
217
217
213
213
209
209
209
221
213
213
203
203
203
199
199
199
199
199
199
199
199
197
193
197
197
193
189
189
189
193
197
197
197
201
199
199
199
195
195
199
199
199
193
193
193
193
193
193
193
187
193
193
193
193
193
193
195
187
187
187
187
185
185
179
179
179
177
181
181
181
181
177
171
171
171
171
167
167
167
177
181
173
173
167
167
167
157
157
159
159
159
157
159
159
159
159
159
159
159
161
163
163
163
167
173
169
169
169
169
167
167
171
171
183
171
171
175
175
175
169
169
177
173
173
173
175
175
173
173
173
183
183
183
179
185
185
181
185
179
179
187
183
183
181
181
181
179
179
179
177
175
169
173
173
173
173
173
167
163
163
155
155
155
151
159
159
165
165
169
169
165
157
157
157
155
155
155
153
157
157
157
155
155
159
163
163
163
165
165
167
167
163
165
165
153
153
153
153
153
153
159
155
151
157
169
169
169
161
159
151
151
151
145
145
145
147
145
145
149
147
147
155
159
159
157
157
167
167
163
163
163
163
163
163
163
165
165
165
157
157
163
155
155
155
155
149
149
145
143
143
143
143
143
143
143
143
143
143
133
133
141
141
137
135
135
135
129
129
129
129
137
129
135
135
141
147
147
147
145
143
143
143
143
139
139
137
137
137
137
137
137
137
137
137
131
131
137
137
137
137
137
137
141
141
141
135
133
143
143
143
143
143
143
143
143
143
143
143
143
149
149
151
151
151
151
151
143
137
127
125
127
129
121
125
125
125
125
125
127
127
135
145
141
137
137
137
137
145
149
153
153
149
149
149
149
153
153
145
139
143
143
143
143
149
149
147
151
151
147
147
143
143
143
143
145
145
145
145
145
145
143
143
143
147
151
151
151
151
151
151
145
145
147
143
143
143
143
143
143
143
143
141
141
141
141
145
139
137
137
133
133
131
139
139
137
135
133
129
129
129
129
133
133
133
129
127
127
117
127
127
127
131
131
131
131
131
131
131
133
133
135
135
135
131
135
141
145
145
145
145
145
151
143
143
143
143
137
137
137
137
135
135
135
145
147
151
155
143
149
149
149
147
147
147
147
147
143
143
143
141
139
139
145
145
145
145
145
145
153
153
147
147
147
147
143
143
143
143
143
143
143
149
145
143
143
143
143
143
143
143
143
145
137
139
137
137
139
139
147
151
151
155
165
165
165
165
165
165
159
169
169
169
169
169
165
165
169
165
163
163
163
163
163
163
163
169
169
169
163
159
159
165
165
165
165
163
163
163
163
163
167
167
161
161
161
155
155
155
165
165
165
159
161
161
155
151
153
153
147
147
147
149
149
155
155
155
155
155
155
159
159
159
159
159
159
159
159
159
159
159
149
141
141
141
141
141
141
141
143
147
145
145
145
143
147
147
141
141
151
151
151
153
165
167
167
167
161
163
155
157
157
157
157
155
155
161
161
151
147
147
149
153
153
153
153
151
151
155
155
155
155
155
151
151
151
151
151
151
151
151
151
153
153
153
153
153
155
155
155
151
151
151
151
151
151
145
143
143
143
151
151
151
165
169
169
169
169
169
169
175
175
181
181
177
185
179
183
183
183
183
183
183
183
183
183
181
181
181
187
187
191
191
207
211
211
211
211
211
211
211
211
217
217
217
217
217
217
215
209
209
209
203
203
205
195
195
191
183
185
185
185
179
179
179
179
179
179
179
177
173
173
165
165
161
153
153
151
151
151
151
151
153
149
149
149
151
151
151
157
151
151
145
145
145
145
145
147
147
151
151
147
157
157
161
161
161
161
165
165
165
165
165
165
163
163
167
167
167
167
167
165
163
171
167
167
171
171
171
169
167
167
167
167
161
161
161
161
171
171
171
171
175
175
171
171
165
173
173
173
167
167
167
163
163
163
171
177
179
179
179
179
179
179
175
171
171
177
179
187
187
187
185
191
191
195
199
191
191
191
195
195
195
195
195
201
187
187
199
193
193
193
193
193
195
195
195
197
201
197
181
193
193
197
197
207
207
207
207
207
209
207
207
223
219
219
219
225
225
229
229
225
225
225
225
225
225
225
215
215
215
215
215
231
231
231
231
229
237
237
237
237
241
243
243
243
243
243
239
247
247
247
253
255
255
255
255
255
255
255
249
249
245
237
237
237
237
237
237
237
243
245
245
247
245
245
245
245
245
239
249
237
237
233
231
231
231
233
235
235
243
249
257
257
257
251
247
251
249
249
249
249
255
259
255
255
255
255
251
251
261
259
