-10464
-10458
-10456
-10454
-10442
-10432
-10426
-10422
-10416
-10406
-10400
-10384
-10382
-10380
-10374
-10366
-10358
-10360
-10350
-10344
-10334
-10330
-10322
-10320
-10312
-10310
-10312
-10302
-10292
-10288
-10286
-10278
-10270
-10262
-10256
-10252
-10244
-10238
-10224
-10218
-10206
-10204
-10198
-10194
-10182
-10170
-10160
-10162
-10150
-10140
-10128
-10126
-10116
-10116
-10120
-10114
-10108
-10102
-10096
-10084
-10072
-10068
-10064
-10048
-10046
-10044
-10042
-10036
-10034
-10022
-10010
-10008
-10008
-10004
-9994
-9994
-9992
-9992
-9980
-9976
-9972
-9964
-9958
-9956
-9952
-9942
-9934
-9934
-9938
-9938
-9930
-9922
-9918
-9914
-9906
-9900
-9886
-9880
-9876
-9874
-9874
-9864
-9862
-9858
-9848
-9842
-9832
-9824
-9824
-9812
-9816
-9808
-9808
-9810
-9804
-9792
-9782
-9778
-9764
-9758
-9756
-9752
-9754
-9750
-9742
-9734
-9720
-9714
-9714
-9708
-9708
-9702
-9710
-9700
-9700
-9690
-9686
-9680
-9674
-9660
-9650
-9636
-9636
-9632
-9624
-9626
-9628
-9624
-9612
-9604
-9606
-9598
-9586
-9582
-9574
-9566
-9564
-9558
-9550
-9544
-9530
-9524
-9520
-9512
-9504
-9494
-9492
-9492
-9486
-9474
-9468
-9458
-9456
-9450
-9444
-9444
-9432
-9430
-9430
-9436
-9430
-9420
-9408
-9402
-9402
-9398
-9386
-9372
-9362
-9354
-9342
-9340
-9330
-9324
-9334
-9328
-9328
-9316
-9314
-9308
-9296
-9284
-9284
-9276
-9266
-9260
-9258
-9254
-9250
-9244
-9240
-9230
-9224
-9214
-9204
-9196
-9194
-9196
-9194
-9194
-9194
-9186
-9180
-9176
-9160
-9150
-9138
-9130
-9120
-9114
-9098
-9088
-9082
-9066
-9054
-9052
-9038
-9028
-9024
-9022
-9022
-9014
-9008
-9006
-9002
-8994
-8982
-8968
-8952
-8942
-8934
-8924
-8918
-8918
-8910
-8906
-8898
-8890
-8880
-8872
-8870
-8866
-8866
-8870
-8864
-8858
-8846
-8840
-8836
-8830
-8828
-8822
-8814
-8800
-8788
-8786
-8784
-8782
-8776
-8770
-8762
-8760
-8746
-8746
-8738
-8734
-8726
-8718
-8712
-8710
-8710
-8706
-8706
-8700
-8690
-8680
-8674
-8668
-8666
-8658
-8660
-8650
-8642
-8634
-8626
-8622
-8616
-8606
-8604
-8604
-8598
-8594
-8584
-8584
-8578
-8574
-8570
-8560
-8554
-8552
-8544
-8544
-8532
-8518
-8522
-8524
-8524
-8526
-8512
-8504
-8504
-8502
-8496
-8486
-8482
-8486
-8486
-8488
-8484
-8472
-8464
-8454
-8448
-8444
-8444
-8436
-8434
-8424
-8418
-8412
-8410
-8402
-8398
-8388
-8390
-8390
-8388
-8386
-8384
-8378
-8384
-8372
-8376
-8364
-8354
-8354
-8346
-8336
-8334
-8336
-8330
-8320
-8302
-8294
-8280
-8272
-8266
-8256
-8248
-8248
-8250
-8242
-8236
-8228
-8222
-8220
-8212
-8204
-8202
-8188
-8180
-8176
-8168
-8158
-8150
-8140
-8144
-8144
-8136
-8120
-8114
-8110
-8102
-8090
-8094
-8082
-8084
-8092
-8082
-8070
-8064
-8064
-8056
-8056
-8058
-8048
-8046
-8038
-8028
-8024
-8020
-8016
-8006
-7998
-7992
-7988
-7980
-7980
-7970
-7966
-7960
-7954
-7958
-7942
-7938
-7932
-7936
-7926
-7924
-7920
-7916
-7904
-7896
-7890
-7888
-7878
-7874
-7862
-7862
-7860
-7856
-7842
-7844
-7838
-7834
-7828
-7836
-7834
-7834
-7824
-7816
-7818
-7804
-7790
-7782
-7782
-7778
-7770
-7768
-7762
-7762
-7756
-7746
-7742
-7744
-7738
-7736
-7740
-7736
-7734
-7732
-7728
-7724
-7722
-7716
-7718
-7724
-7718
-7712
-7704
-7702
-7692
-7694
-7692
-7686
-7684
-7684
-7668
-7666
-7654
-7648
-7644
-7638
-7628
-7626
-7624
-7620
-7622
-7614
-7614
-7618
-7616
-7608
-7600
-7596
-7584
-7572
-7562
-7548
-7538
-7532
-7528
-7526
-7518
-7510
-7506
-7504
-7488
-7480
-7476
-7472
-7464
-7460
-7460
-7446
-7438
-7436
-7434
-7428
-7426
-7434
-7432
-7434
-7434
-7434
-7426
-7414
-7406
-7398
-7394
-7388
-7384
-7380
-7378
-7374
-7368
-7360
-7356
-7344
-7342
-7342
-7338
-7336
-7328
-7318
-7326
-7322
-7324
-7310
-7308
-7296
-7290
-7284
-7278
-7274
-7270
-7264
-7256
-7254
-7252
-7244
-7242
-7234
-7228
-7226
-7214
-7212
-7216
-7212
-7208
-7200
-7192
-7188
-7190
-7184
-7184
-7178
-7176
-7170
-7156
-7160
-7160
-7146
-7146
-7146
-7144
-7144
-7142
-7148
-7138
-7130
-7126
-7124
-7128
-7124
-7116
-7112
-7104
-7096
-7088
-7086
-7082
-7084
-7082
-7066
-7066
-7058
-7054
-7050
-7044
-7050
-7044
-7042
-7052
-7044
-7042
-7044
-7036
-7034
-7028
-7018
-7012
-7006
-6996
-7000
-6990
-6978
-6974
-6968
-6960
-6952
-6944
-6938
-6934
-6924
-6928
-6922
-6916
-6904
-6902
-6894
-6894
-6892
-6886
-6886
-6886
-6880
-6880
-6876
-6866
-6866
-6866
-6870
-6860
-6858
-6858
-6852
-6850
-6840
-6832
-6826
-6816
-6818
-6814
-6812
-6806
-6798
-6788
-6780
-6778
-6774
-6778
-6776
-6764
-6758
-6758
-6748
-6748
-6732
-6728
-6724
-6722
-6718
-6716
-6714
-6710
-6704
-6696
-6686
-6678
-6670
-6664
-6656
-6658
-6650
-6640
-6626
-6616
-6602
-6604
-6600
-6594
-6590
-6578
-6572
-6568
-6564
-6556
-6548
-6542
-6536
-6540
-6534
-6530
-6518
-6506
-6508
-6506
-6492
-6492
-6482
-6480
-6472
-6470
-6468
-6458
-6454
-6444
-6442
-6440
-6430
-6428
-6422
-6420
-6414
-6412
-6410
-6400
-6400
-6398
-6390
-6388
-6384
-6384
-6376
-6372
-6374
-6372
-6370
-6368
-6362
-6362
-6356
-6346
-6332
-6328
-6326
-6328
-6324
-6316
-6314
-6316
-6300
-6292
-6296
-6294
-6290
-6280
-6272
-6264
-6266
-6266
-6260
-6252
-6242
-6248
-6244
-6244
-6238
-6238
-6236
-6232
-6232
-6230
-6228
-6222
-6212
-6216
-6208
-6208
-6192
-6188
-6188
-6186
-6178
-6170
-6160
-6158
-6158
-6150
-6146
-6144
-6146
-6136
-6124
-6126
-6126
-6110
-6112
-6098
-6096
-6098
-6096
-6090
-6088
-6082
-6076
-6076
-6066
-6062
-6062
-6066
-6068
-6064
-6054
-6048
-6042
-6042
-6032
-6024
-6008
-6012
-6018
-6016
-6014
-6004
-5996
-5994
-5998
-5994
-5988
-5974
-5966
-5970
-5960
-5950
-5948
-5950
-5946
-5942
-5942
-5940
-5938
-5936
-5934
-5934
-5924
-5916
-5916
-5908
-5908
-5908
-5906
-5902
-5904
-5900
-5896
-5892
-5890
-5884
-5876
-5874
-5870
-5872
-5874
-5870
-5876
-5880
-5868
-5862
-5858
-5858
-5858
-5860
-5858
-5858
-5848
-5848
-5850
-5844
-5832
-5822
-5816
-5812
-5810
-5808
-5808
-5804
-5812
-5804
-5796
-5794
-5794
-5784
-5778
-5770
-5760
-5748
-5742
-5732
-5730
-5718
-5712
-5702
-5704
-5706
-5702
-5694
-5706
-5716
-5716
-5720
-5716
-5714
-5704
-5698
-5698
-5688
-5690
-5688
-5688
-5688
-5678
-5666
-5658
-5650
-5648
-5648
-5642
-5640
-5640
-5626
-5614
-5608
-5606
-5612
-5610
-5608
-5612
-5600
-5598
-5596
-5586
-5586
-5584
-5584
-5576
-5574
-5578
-5582
-5572
-5562
-5546
-5536
-5530
-5528
-5520
-5514
-5518
-5516
-5516
-5516
-5512
-5508
-5508
-5508
-5508
-5500
-5490
-5484
-5492
-5492
-5490
-5492
-5498
-5498
-5490
-5490
-5490
-5478
-5476
-5476
-5466
-5466
-5466
-5466
-5462
-5458
-5448
-5450
-5458
-5450
-5440
-5430
-5430
-5424
-5426
-5416
-5428
-5424
-5414
-5406
-5396
-5400
-5396
-5392
-5386
-5388
-5390
-5386
-5374
-5372
-5358
-5350
-5346
-5342
-5336
-5332
-5332
-5320
-5312
-5304
-5310
-5304
-5298
-5298
-5296
-5294
-5282
-5286
-5284
-5280
-5278
-5280
-5270
-5264
-5256
-5254
-5244
-5238
-5232
-5234
-5234
-5228
-5240
-5224
-5224
-5218
-5210
-5212
-5210
-5216
-5216
-5214
-5220
-5222
-5224
-5208
-5204
-5190
-5190
-5176
-5172
-5168
-5170
-5166
-5154
-5150
-5146
-5142
-5136
-5130
-5126
-5122
-5118
-5114
-5120
-5114
-5114
-5106
-5100
-5106
-5110
-5104
-5096
-5098
-5096
-5086
-5086
-5080
-5070
-5080
-5080
-5072
-5056
-5040
-5034
-5020
-5018
-5014
-5010
-5002
-5002
-4992
-4982
-4978
-4966
-4960
-4958
-4956
-4952
-4956
-4956
-4954
-4950
-4942
-4938
-4930
-4918
-4912
-4906
-4904
-4900
-4892
-4890
-4882
-4882
-4880
-4876
-4874
-4864
-4872
-4868
-4862
-4860
-4864
-4868
-4852
-4846
-4854
-4860
-4854
-4850
-4840
-4838
-4836
-4826
-4828
-4832
-4834
-4840
-4838
-4838
-4826
-4830
-4828
-4824
-4826
-4822
-4814
-4814
-4812
-4808
-4798
-4792
-4798
-4780
-4776
-4766
-4762
-4762
-4756
-4748
-4742
-4734
-4724
-4732
-4722
-4728
-4726
-4718
-4718
-4722
-4716
-4708
-4698
-4706
-4704
-4696
-4688
-4680
-4674
-4666
-4664
-4662
-4662
-4656
-4656
-4656
-4652
-4648
-4648
-4644
-4642
-4638
-4634
-4624
-4616
-4608
-4614
-4614
-4608
-4604
-4598
-4592
-4588
-4584
-4586
-4574
-4572
-4566
-4558
-4556
-4552
-4546
-4546
-4542
-4536
-4538
-4526
-4526
-4528
-4524
-4512
-4518
-4508
-4500
-4500
-4506
-4506
-4504
-4500
-4506
-4504
-4510
-4514
-4516
-4514
-4508
-4508
-4502
-4510
-4512
-4504
-4496
-4492
-4484
-4478
-4478
-4470
-4466
-4464
-4458
-4448
-4448
-4442
-4430
-4426
-4424
-4418
-4418
-4416
-4426
-4422
-4422
-4416
-4406
-4402
-4400
-4392
-4382
-4386
-4386
-4386
-4378
-4374
-4370
-4368
-4366
-4366
-4362
-4362
-4362
-4360
-4346
-4352
-4344
-4342
-4342
-4336
-4334
-4330
-4324
-4320
-4312
-4306
-4294
-4284
-4276
-4268
-4262
-4260
-4250
-4246
-4242
-4248
-4250
-4254
-4234
-4230
-4232
-4220
-4216
-4210
-4202
-4198
-4206
-4194
-4192
-4190
-4184
-4176
-4172
-4176
-4170
-4174
-4172
-4174
-4182
-4184
-4184
-4182
-4170
-4160
-4158
-4142
-4142
-4140
-4138
-4132
-4126
-4124
-4124
-4122
-4120
-4120
-4118
-4110
-4104
-4104
-4102
-4106
-4104
-4098
-4090
-4086
-4082
-4078
-4074
-4076
-4070
-4066
-4058
-4046
-4052
-4050
-4046
-4048
-4042
-4040
-4040
-4040
-4026
-4016
-4016
-4016
-4016
-4016
-4018
-4022
-4016
-4016
-4016
-4018
-4014
-4014
-4006
-4008
-4010
-4006
-4006
-4002
-4002
-3994
-3994
-3994
-3984
-3978
-3974
-3974
-3974
-3972
-3968
-3964
-3962
-3964
-3970
-3970
-3970
-3958
-3958
-3956
-3948
-3950
-3946
-3948
-3946
-3942
-3946
-3940
-3944
-3948
-3948
-3952
-3948
-3950
-3944
-3936
-3928
-3930
-3922
-3924
-3926
-3916
-3914
-3906
-3896
-3894
-3892
-3892
-3894
-3898
-3898
-3898
-3904
-3898
-3900
-3904
-3900
-3892
-3894
-3892
-3892
-3892
-3892
-3892
-3888
-3880
-3872
-3868
-3856
-3848
-3840
-3836
-3836
-3826
-3832
-3828
-3826
-3828
-3826
-3830
-3818
-3818
-3806
-3798
-3792
-3792
-3792
-3796
-3792
-3792
-3796
-3792
-3794
-3786
-3780
-3778
-3772
-3766
-3764
-3756
-3750
-3744
-3742
-3740
-3732
-3720
-3704
-3696
-3692
-3684
-3678
-3678
-3690
-3682
-3686
-3686
-3682
-3676
-3676
-3668
-3666
-3658
-3664
-3662
-3654
-3646
-3638
-3630
-3620
-3626
-3632
-3632
-3640
-3630
-3620
-3616
-3620
-3610
-3604
-3602
-3596
-3594
-3588
-3580
-3580
-3578
-3580
-3578
-3578
-3572
-3568
-3572
-3562
-3568
-3556
-3558
-3552
-3550
-3550
-3548
-3548
-3548
-3556
-3552
-3550
-3540
-3542
-3542
-3538
-3538
-3540
-3540
-3542
-3540
-3540
-3542
-3540
-3536
-3520
-3526
-3532
-3526
-3532
-3532
-3528
-3524
-3526
-3530
-3526
-3522
-3524
-3524
-3520
-3510
-3506
-3506
-3514
-3510
-3518
-3520
-3522
-3518
-3514
-3516
-3516
-3514
-3514
-3510
-3508
-3508
-3516
-3508
-3508
-3502
-3496
-3500
-3502
-3496
-3492
-3482
-3472
-3468
-3474
-3474
-3472
-3466
-3462
-3460
-3462
-3454
-3456
-3458
-3452
-3448
-3446
-3444
-3450
-3448
-3446
-3452
-3442
-3442
-3442
-3436
-3436
-3434
-3438
-3438
-3434
-3426
-3414
-3410
-3398
-3408
-3406
-3402
-3406
-3398
-3406
-3404
-3402
-3412
-3406
-3400
-3392
-3390
-3390
-3398
-3386
-3378
-3380
-3384
-3370
-3374
-3376
-3374
-3374
-3368
-3372
-3374
-3370
-3366
-3360
-3352
-3352
-3344
-3338
-3334
-3338
-3336
-3340
-3340
-3336
-3328
-3318
-3334
-3330
-3340
-3344
-3350
-3356
-3358
-3348
-3340
-3344
-3340
-3342
-3340
-3334
-3334
-3334
-3330
-3320
-3312
-3312
-3316
-3314
-3310
-3306
-3302
-3300
-3298
-3290
-3292
-3292
-3292
-3298
-3292
-3294
-3300
-3296
-3292
-3284
-3274
-3278
-3266
-3270
-3264
-3270
-3264
-3260
-3254
-3244
-3234
-3228
-3230
-3222
-3216
-3216
-3210
-3222
-3220
-3224
-3226
-3220
-3222
-3210
-3210
-3202
-3202
-3200
-3194
-3180
-3180
-3180
-3166
-3170
-3158
-3158
-3156
-3140
-3140
-3134
-3140
-3136
-3132
-3120
-3124
-3112
-3118
-3118
-3118
-3118
-3114
-3128
-3126
-3124
-3116
-3106
-3112
-3106
-3106
-3114
-3126
-3128
-3126
-3128
-3122
-3126
-3122
-3122
-3124
-3120
-3118
-3118
-3118
-3112
-3110
-3104
-3102
-3090
-3090
-3092
-3094
-3092
-3098
-3098
-3098
-3086
-3084
-3070
-3070
-3070
-3070
-3062
-3058
-3050
-3046
-3040
-3040
-3038
-3038
-3036
-3036
-3038
-3046
-3038
-3030
-3018
-3016
-3010
-3004
-3006
-3014
-3004
-3008
-3006
-3006
-3006
-3000
-3000
-2998
-2998
-2998
-2986
-2972
-2972
-2962
-2960
-2960
-2954
-2954
-2944
-2936
-2920
-2916
-2910
-2912
-2920
-2908
-2914
-2910
-2916
-2910
-2908
-2902
-2890
-2890
-2894
-2898
-2902
-2904
-2910
-2898
-2896
-2902
-2900
-2902
-2898
-2894
-2890
-2900
-2898
-2904
-2898
-2894
-2892
-2884
-2884
-2880
-2876
-2870
-2864
-2860
-2848
-2850
-2844
-2844
-2850
-2846
-2850
-2840
-2846
-2846
-2846
-2858
-2860
-2860
-2864
-2856
-2854
-2860
-2856
-2848
-2850
-2848
-2842
-2832
-2824
-2824
-2820
-2814
-2816
-2806
-2796
-2790
-2788
-2792
-2792
-2790
-2792
-2784
-2774
-2772
-2766
-2760
-2756
-2756
-2752
-2758
-2758
-2752
-2754
-2750
-2750
-2742
-2744
-2742
-2740
-2736
-2740
-2744
-2732
-2726
-2714
-2714
-2714
-2720
-2724
-2718
-2722
-2714
-2716
-2704
-2700
-2704
-2704
-2690
-2684
-2684
-2684
-2684
-2678
-2688
-2690
-2692
-2692
-2680
-2690
-2680
-2684
-2676
-2668
-2664
-2658
-2654
-2652
-2650
-2646
-2654
-2646
-2650
-2648
-2644
-2638
-2634
-2630
-2632
-2640
-2626
-2632
-2626
-2626
-2620
-2616
-2602
-2586
-2588
-2586
-2590
-2580
-2586
-2580
-2576
-2574
-2564
-2560
-2550
-2554
-2558
-2552
-2550
-2546
-2540
-2530
-2524
-2526
-2520
-2518
-2516
-2514
-2512
-2498
-2500
-2500
-2498
-2496
-2498
-2500
-2504
-2500
-2500
-2490
-2482
-2478
-2474
-2464
-2468
-2480
-2480
-2472
-2466
-2466
-2466
-2460
-2458
-2458
-2466
-2458
-2452
-2444
-2448
-2440
-2438
-2432
-2430
-2420
-2418
-2410
-2410
-2404
-2396
-2402
-2410
-2404
-2404
-2410
-2408
-2408
-2410
-2406
-2400
-2384
-2388
-2390
-2396
-2396
-2398
-2396
-2398
-2400
-2398
-2394
-2394
-2396
-2390
-2380
-2380
-2372
-2364
-2364
-2366
-2360
-2356
-2356
-2354
-2348
-2346
-2348
-2352
-2356
-2346
-2346
-2346
-2344
-2340
-2336
-2336
-2338
-2336
-2334
-2330
-2330
-2344
-2338
-2334
-2340
-2336
-2324
-2320
-2328
-2330
-2330
-2338
-2330
-2328
-2326
-2322
-2326
-2320
-2312
-2308
-2308
-2296
-2290
-2296
-2294
-2292
-2292
-2292
-2294
-2294
-2302
-2298
-2298
-2292
-2296
-2294
-2286
-2282
-2278
-2276
-2278
-2278
-2272
-2270
-2268
-2272
-2274
-2272
-2264
-2264
-2252
-2246
-2258
-2250
-2256
-2250
-2250
-2258
-2258
-2256
-2256
-2254
-2254
-2244
-2250
-2252
-2250
-2242
-2244
-2238
-2234
-2238
-2230
-2226
-2216
-2212
-2208
-2196
-2196
-2200
-2198
-2202
-2198
-2196
-2188
-2184
-2186
-2188
-2180
-2174
-2168
-2166
-2164
-2170
-2168
-2168
-2160
-2158
-2154
-2156
-2152
-2158
-2158
-2156
-2152
-2158
-2162
-2146
-2136
-2132
-2128
-2120
-2120
-2116
-2110
-2108
-2106
-2098
-2094
-2086
-2082
-2074
-2070
-2064
-2078
-2080
-2078
-2072
-2068
-2064
-2062
-2070
-2072
-2068
-2066
-2066
-2076
-2070
-2060
-2052
-2058
-2058
-2054
-2042
-2048
-2034
-2046
-2050
-2040
-2042
-2038
-2040
-2044
-2040
-2034
-2038
-2034
-2032
-2034
-2032
-2038
-2032
-2032
-2022
-2018
-2018
-2018
-2010
-2010
-2008
-2012
-2014
-2022
-2022
-2016
-2014
-2008
-2006
-2006
-2006
-1998
-2004
-1996
-1996
-1996
-1992
-1992
-1998
-1998
-2004
-1992
-1986
-1978
-1978
-1978
-1974
-1970
-1980
-1976
-1970
-1970
-1960
-1958
-1958
-1952
-1958
-1958
-1956
-1946
-1950
-1956
-1960
-1960
-1960
-1946
-1942
-1938
-1936
-1932
-1930
-1924
-1916
-1914
-1918
-1918
-1912
-1910
-1910
-1914
-1910
-1908
-1902
-1900
-1900
-1890
-1894
-1894
-1890
-1880
-1878
-1880
-1886
-1888
-1884
-1888
-1894
-1884
-1888
-1888
-1892
-1896
-1898
-1896
-1888
-1886
-1878
-1882
-1872
-1880
-1874
-1872
-1866
-1866
-1856
-1852
-1848
-1846
-1842
-1844
-1844
-1836
-1832
-1832
-1844
-1836
-1844
-1842
-1840
-1840
-1834
-1830
-1828
-1836
-1830
-1820
-1824
-1830
-1838
-1834
-1834
-1826
-1824
-1820
-1816
-1806
-1810
-1816
-1810
-1816
-1814
-1808
-1810
-1814
-1814
-1804
-1804
-1806
-1800
-1802
-1806
-1808
-1810
-1810
-1812
-1806
-1804
-1810
-1806
-1804
-1796
-1792
-1790
-1784
-1788
-1788
-1784
-1778
-1784
-1782
-1786
-1784
-1782
-1786
-1772
-1776
-1768
-1774
-1774
-1774
-1782
-1786
-1786
-1780
-1776
-1780
-1776
-1774
-1766
-1764
-1762
-1752
-1756
-1760
-1756
-1754
-1752
-1746
-1740
-1740
-1732
-1730
-1726
-1724
-1722
-1718
-1726
-1724
-1716
-1710
-1708
-1704
-1694
-1686
-1686
-1694
-1696
-1702
-1706
-1698
-1694
-1698
-1704
-1710
-1714
-1708
-1706
-1696
-1694
-1698
-1702
-1704
-1698
-1696
-1696
-1694
-1694
-1694
-1698
-1694
-1690
-1682
-1678
-1670
-1664
-1652
-1646
-1644
-1646
-1646
-1652
-1652
-1658
-1654
-1654
-1658
-1662
-1662
-1662
-1660
-1660
-1658
-1656
-1656
-1656
-1654
-1646
-1650
-1638
-1644
-1642
-1638
-1640
-1650
-1660
-1666
-1658
-1654
-1654
-1654
-1660
-1658
-1662
-1652
-1654
-1646
-1640
-1642
-1640
-1636
-1636
-1638
-1628
-1628
-1622
-1626
-1630
-1624
-1620
-1618
-1608
-1612
-1610
-1612
-1614
-1614
-1602
-1598
-1602
-1598
-1596
-1586
-1584
-1578
-1566
-1564
-1558
-1546
-1546
-1554
-1552
-1562
-1558
-1552
-1544
-1534
-1532
-1528
-1520
-1518
-1510
-1514
-1508
-1510
-1510
-1506
-1500
-1500
-1498
-1490
-1486
-1482
-1482
-1482
-1470
-1466
-1456
-1448
-1450
-1444
-1442
-1448
-1450
-1440
-1444
-1444
-1448
-1454
-1454
-1458
-1458
-1456
-1446
-1446
-1452
-1452
-1450
-1444
-1452
-1452
-1450
-1450
-1444
-1436
-1440
-1440
-1444
-1448
-1444
-1448
-1450
-1436
-1434
-1430
-1432
-1426
-1432
-1420
-1420
-1430
-1414
-1414
-1412
-1418
-1418
-1416
-1416
-1424
-1420
-1428
-1418
-1408
-1410
-1408
-1408
-1398
-1398
-1394
-1398
-1398
-1400
-1400
-1392
-1402
-1394
-1394
-1388
-1384
-1386
-1386
-1388
-1386
-1384
-1384
-1378
-1368
-1360
-1362
-1360
-1372
-1370
-1368
-1360
-1352
-1360
-1358
-1352
-1344
-1338
-1330
-1330
-1336
-1334
-1326
-1336
-1338
-1330
-1326
-1326
-1322
-1314
-1312
-1314
-1318
-1318
-1320
-1314
-1316
-1306
-1304
-1306
-1304
-1302
-1298
-1288
-1292
-1298
-1314
-1316
-1320
-1314
-1318
-1318
-1318
-1314
-1318
-1322
-1320
-1308
-1312
-1320
-1314
-1314
-1304
-1302
-1308
-1298
-1298
-1300
-1292
-1294
-1302
-1296
-1296
-1298
-1302
-1302
-1304
-1302
-1300
-1294
-1300
-1302
-1304
-1314
-1302
-1302
-1300
-1304
-1304
-1300
-1302
-1306
-1304
-1306
-1306
-1306
-1306
-1294
-1296
-1296
-1292
-1286
-1286
-1280
-1274
-1280
-1276
-1270
-1256
-1264
-1248
-1258
-1258
-1254
-1254
-1254
-1254
-1246
-1248
-1246
-1248
-1246
-1244
-1246
-1236
-1228
-1234
-1232
-1226
-1226
-1224
-1224
-1220
-1226
-1226
-1226
-1228
-1230
-1220
-1220
-1220
-1224
-1222
-1224
-1220
-1210
-1210
-1214
-1208
-1204
-1204
-1200
-1198
-1200
-1206
-1206
-1192
-1192
-1180
-1182
-1176
-1176
-1172
-1166
-1160
-1160
-1162
-1164
-1162
-1162
-1150
-1146
-1150
-1148
-1152
-1150
-1144
-1148
-1152
-1142
-1150
-1142
-1144
-1150
-1140
-1134
-1134
-1130
-1128
-1126
-1120
-1122
-1124
-1130
-1122
-1118
-1110
-1106
-1108
-1102
-1106
-1112
-1112
-1108
-1104
-1094
-1090
-1084
-1084
-1074
-1076
-1072
-1066
-1072
-1074
-1072
-1072
-1070
-1064
-1058
-1054
-1054
-1056
-1050
-1054
-1052
-1046
-1048
-1062
-1056
-1052
-1046
-1044
-1046
-1048
-1052
-1048
-1052
-1050
-1050
-1046
-1046
-1048
-1048
-1046
-1048
-1054
-1048
-1050
-1048
-1040
-1044
-1042
-1038
-1036
-1040
-1040
-1040
-1034
-1028
-1026
-1024
-1022
-1016
-1016
-1022
-1020
-1014
-1012
-1008
-1010
-1002
-1002
-1004
-1006
-1008
-996
-996
-994
-992
-994
-988
-992
-990
-990
-990
-990
-982
-982
-984
-976
-982
-982
-970
-978
-980
-988
-988
-984
-972
-968
-964
-960
-948
-944
-952
-946
-954
-952
-958
-962
-966
-954
-962
-960
-956
-956
-952
-952
-954
-942
-942
-944
-944
-944
-944
-934
-936
-936
-946
-938
-936
-946
-940
-934
-936
-934
-934
-936
-934
-936
-930
-926
-918
-918
-918
-922
-928
-928
-930
-920
-920
-922
-924
-936
-932
-932
-934
-930
-928
-920
-908
-910
-912
-906
-898
-898
-898
-900
-900
-900
-904
-906
-906
-902
-910
-908
-904
-906
-912
-900
-900
-904
-912
-916
-912
-912
-912
-910
-908
-912
-906
-906
-912
-916
-918
-914
-920
-924
-924
-926
-926
-914
-910
-912
-912
-908
-908
-908
-902
-902
-900
-896
-898
-904
-894
-902
-902
-910
-918
-916
-916
-910
-920
-920
-914
-912
-912
-916
-916
-918
-916
-916
-922
-928
-926
-930
-940
-940
-938
-942
-930
-936
-930
-930
-932
-934
-932
-932
-938
-936
-934
-934
-934
-928
-930
-930
-922
-918
-924
-914
-910
-902
-910
-902
-898
-892
-884
-896
-884
-888
-882
-892
-890
-894
-894
-902
-914
-916
-922
-924
-918
-914
-916
-916
-918
-916
-920
-916
-908
-912
-898
-894
-894
-890
-882
-882
-880
-878
-876
-876
-870
-866
-858
-852
-850
-852
-852
-854
-850
-848
-846
-848
-840
-846
-840
-838
-840
-832
-822
-830
-824
-828
-824
-816
-816
-826
-822
-820
-824
-818
-816
-808
-806
-802
-792
-780
-780
-784
-784
-786
-792
-790
-790
-792
-792
-788
-788
-792
-784
-790
-796
-792
-784
-782
-788
-784
-784
-780
-776
-778
-784
-784
-778
-780
-782
-792
-798
-800
-800
-804
-802
-806
-802
-804
-808
-812
-814
-816
-818
-814
-816
-814
-804
-798
-798
-788
-788
-790
-780
-776
-782
-784
-776
-774
-774
-782
-788
-796
-796
-786
-784
-778
-786
-784
-784
-786
-786
-784
-792
-788
-790
-794
-796
-800
-804
-800
-808
-808
-810
-806
-808
-802
-806
-796
-790
-796
-800
-800
-784
-788
-798
-798
-800
-800
-792
-792
-788
-784
-774
-770
-770
-766
-770
-760
-762
-766
-764
-764
-752
-750
-744
-744
-754
-752
-748
-744
-742
-744
-744
-736
-732
-730
-734
-734
-730
-728
-716
-726
-718
-710
-706
-704
-700
-700
-700
-698
-694
-684
-690
-702
-692
-688
-682
-672
-672
-668
-658
-660
-650
-646
-644
-644
-636
-638
-632
-630
-634
-640
-638
-632
-632
-624
-622
-628
-632
-626
-626
-630
-628
-628
-644
-642
-632
-626
-620
-612
-610
-610
-606
-614
-614
-612
-614
-606
-608
-606
-616
-616
-610
-608
-596
-604
-600
-612
-608
-614
-614
-612
-598
-594
-590
-594
-588
-582
-584
-574
-574
-578
-574
-578
-578
-588
-588
-590
-600
-608
-612
-612
-604
-604
-616
-608
-622
-612
-616
-616
-616
-618
-622
-618
-614
-618
-616
-614
-614
-614
-612
-610
-620
-620
-628
-636
-644
-636
-638
-640
-630
-634
-632
-638
-646
-642
-644
-644
-632
-638
-632
-626
-624
-624
-628
-624
-620
-616
-612
-612
-606
-606
-610
-612
-612
-610
-602
-610
-608
-608
-604
-604
-602
-602
-606
-604
-604
-598
-598
-600
-596
-584
-578
-576
-586
-590
-592
-588
-580
-580
-578
-578
-574
-568
-572
-568
-566
-574
-576
-574
-574
-566
-562
-554
-558
-560
-564
-560
-554
-548
-546
-544
-546
-542
-540
-542
-540
-542
-538
-538
-528
-526
-522
-520
-520
-514
-508
-506
-516
-516
-510
-510
-512
-512
-506
-502
-500
-490
-488
-480
-482
-480
-474
-476
-478
-478
-474
-476
-476
-472
-470
-474
-474
-472
-474
-470
-468
-470
-464
-460
-456
-448
-448
-446
-454
-454
-448
-454
-448
-454
-444
-444
-444
-448
-442
-436
-436
-436
-426
-428
-430
-434
-434
-434
-432
-430
-430
-434
-444
-442
-446
-446
-446
-446
-432
-432
-422
-418
-420
-426
-420
-424
-424
-428
-428
-422
-418
-414
-416
-406
-402
-402
-408
-410
-408
-400
-400
-396
-406
-410
-406
-394
-392
-384
-384
-382
-380
-374
-378
-376
-380
-380
-374
-374
-362
-356
-360
-360
-352
-348
-356
-360
-352
-352
-352
-352
-346
-350
-350
-352
-348
-350
-348
-344
-348
-340
-338
-340
-342
-348
-334
-332
-332
-326
-326
-330
-322
-324
-330
-328
-322
-318
-314
-314
-310
-314
-308
-310
-298
-300
-294
-284
-278
-278
-278
-276
-274
-274
-266
-266
-266
-270
-274
-282
-282
-298
-300
-304
-292
-292
-298
-298
-294
-292
-294
-294
-294
-290
-302
-308
-302
-298
-290
-288
-290
-290
-290
-288
-294
-288
-288
-288
-296
-296
-294
-292
-294
-294
-298
-298
-302
-298
-306
-306
-302
-304
-304
-304
-306
-308
-308
-304
-306
-306
-304
-304
-298
-294
-288
-294
-294
-288
-280
-280
-276
-276
-274
-278
-280
-282
-282
-278
-280
-280
-272
-270
-274
-268
-260
-258
-266
-264
-272
-276
-276
-270
-264
-264
-262
-264
-270
-266
-270
-272
-264
-258
-252
-252
-252
-248
-244
-246
-246
-244
-240
-238
-238
-238
-236
-236
-238
-244
-248
-258
-254
-258
-266
-262
-258
-250
-242
-246
-240
-230
-232
-236
-238
-230
-232
-234
-236
-236
-224
-214
-204
-202
-202
-206
-208
-204
-208
-212
-216
-218
-220
-212
-210
-198
-200
-192
-192
-186
-200
-196
-202
-202
-210
-204
-210
-216
-216
-220
-216
-212
-216
-202
-206
-204
-206
-220
-208
-206
-214
-216
-218
-210
-212
-220
-214
-204
-210
-212
-212
-212
-212
-210
-204
-204
-192
-202
-198
-200
-202
-198
-192
-192
-184
-178
-180
-178
-184
-184
-180
-178
-172
-180
-180
-190
-192
-184
-182
-188
-192
-192
-192
-190
-196
-200
-208
-198
-196
-192
-196
-190
-194
-192
-190
-196
-200
-214
-214
-208
-208
-206
-210
-216
-222
-218
-220
-220
-216
-220
-218
-212
-208
-208
-204
-212
-218
-210
-206
-208
-200
-198
-198
-198
-188
-188
-182
-174
-164
-168
-162
-162
-164
-176
-172
-176
-178
-178
-180
-182
-174
-170
-172
-174
-178
-180
-184
-190
-196
-206
-208
-202
-204
-202
-202
-196
-202
-206
-202
-202
-206
-198
-204
-208
-216
-220
-226
-218
-220
-222
-222
-220
-214
-206
-204
-200
-196
-188
-190
-188
-192
-202
-204
-208
-200
-200
-202
-204
-200
-196
-208
-206
-200
-200
-198
-194
-194
-190
-188
-188
-188
-188
-192
-188
-190
-196
-188
-188
-188
-178
-174
-174
-166
-160
-158
-168
-170
-174
-182
-184
-178
-176
-176
-180
-178
-178
-180
-180
-178
-172
-172
-174
-178
-180
-180
-186
-184
-174
-178
-168
-164
-162
-156
-150
-152
-152
-146
-148
-150
-150
-150
-154
-148
-146
-148
-148
-150
-156
-154
-152
-148
-148
-140
-142
-152
-152
-156
-170
-166
-164
-162
-162
-162
-164
-172
-170
-170
-172
-162
-162
-160
-160
-168
-174
-174
-172
-176
-182
-170
-162
-164
-162
-160
-158
-158
-156
-162
-160
-156
-152
-148
-148
-142
-138
-144
-142
-144
-140
-136
-140
-136
-134
-128
-130
-136
-136
-138
-126
-118
-112
-110
-98
-98
-102
-110
-110
-116
-124
-120
-124
-134
-134
-134
-126
-126
-120
-114
-110
-118
-120
-116
-110
-104
-108
-112
-110
-110
-106
-110
-108
-120
-116
-124
-114
-116
-112
-116
-110
-110
-120
-124
-126
-130
-138
-140
-136
-128
-124
-136
-142
-142
-142
-142
-150
-156
-162
-160
-154
-146
-146
-142
-144
-144
-146
-148
-154
-158
-150
-146
-140
-142
-140
-144
-144
-142
-144
-134
-126
-130
-128
-132
-136
-150
-154
-152
-164
-170
-168
-164
-160
-162
-160
-160
-156
-158
-158
-154
-156
-158
-156
-166
-170
-168
-166
-158
-158
-162
-168
-156
-152
-152
-146
-144
-138
-140
-140
-146
-146
-150
-144
-140
-138
-126
-126
-128
-134
-140
-152
-148
-146
-156
-152
-158
-156
-160
-156
-158
-156
-156
-138
-136
-136
-128
-122
-114
-114
-116
-114
-106
-112
-104
-108
-108
-102
-104
-100
-98
-100
-100
-102
-102
-100
-104
-102
-108
-110
-110
-100
-86
-98
-94
-92
-88
-78
-76
-76
-80
-78
-74
-84
-90
-96
-96
-92
-98
-98
-108
-110
-106
-112
-110
-100
-100
-96
-96
-102
-104
-108
-116
-116
-114
-118
-108
-108
-112
-112
-116
-118
-120
-118
-118
-120
-122
-126
-124
-122
-124
-128
-128
-134
-130
-132
-118
-124
-126
-138
-140
-134
-124
-122
-116
-116
-118
-116
-112
-114
-112
-104
-110
-112
-114
-116
-112
-110
-104
-106
-106
-112
-112
-116
-114
-114
-110
-112
-114
-116
-112
-110
-106
-102
-108
-108
-110
-106
-102
-100
-100
-104
-94
-94
-88
-86
-78
-84
-82
-92
-92
-82
-76
-80
-82
-80
-80
-88
-94
-102
-110
-102
-106
-102
-96
-96
-100
-104
-108
-108
-114
-114
-112
-114
-128
-124
-128
-136
-138
-140
-142
-152
-152
-160
-158
-146
-140
-146
-148
-158
-160
-162
-164
-166
-162
-166
-166
-166
-166
-168
-168
-170
-172
-168
-168
-172
-168
-162
-148
-156
-156
-148
-152
-156
-148
-152
-162
-162
-164
-168
-162
-166
-166
-176
-176
-176
-160
-160
-170
-168
-164
-172
-164
-154
-160
-158
-152
-152
-154
-160
-164
-164
-160
-162
-162
-166
-170
-156
-144
-150
-146
-154
-160
-152
-144
-142
-146
-144
-136
-132
-130
-130
-124
-116
-118
-132
-126
-120
-122
-122
-118
-118
-118
-120
-116
-122
-120
-114
-104
-94
-92
-90
-86
-78
-82
-76
-82
-74
-74
-80
-84
-86
-90
-90
-86
-90
-84
-90
-84
-92
-88
-88
-88
-84
-88
-84
-86
-94
-92
-96
-94
-86
-80
-78
-86
-84
-78
-84
-80
-76
-76
-80
-80
-80
-78
-78
-78
-82
-80
-78
-72
-72
-72
-70
-60
-60
-56
-56
-60
-60
-56
-58
-54
-48
-48
-46
-46
-52
-42
-48
-48
-58
-58
-68
-70
-76
-62
-64
-72
-68
-72
-70
-74
-70
-66
-66
-58
-64
-64
-76
-76
-82
-86
-84
-82
-80
-80
-68
-62
-64
-64
-60
-62
-64
-68
-70
-68
-70
-66
-58
-66
-54
-52
-44
-44
-52
-50
-52
-56
-58
-54
-56
-46
-44
-50
-54
-54
-62
-68
-66
-72
-64
-68
-70
-64
-64
-72
-76
-78
-86
-80
-86
-88
-90
-98
-92
-88
-84
-88
-80
-76
-72
-68
-70
-78
-80
-92
-90
-88
-90
-90
-80
-84
-86
-82
-76
-86
-90
-88
-94
-94
-94
-94
-92
-92
-94
-84
-88
-90
-90
-88
-96
-88
-90
-84
-84
-90
-80
-86
-88
-88
-86
-84
-80
-84
-86
-96
-88
-94
-104
-98
-94
-92
-94
-94
-88
-92
-86
-88
-80
-76
-76
-78
-80
-82
-74
-70
-68
-68
-62
-60
-64
-56
-50
-48
-36
-36
-34
-24
-12
-14
-12
0
8
10
-2
-8
-12
-20
-18
-14
-10
-10
-2
12
14
14
16
22
20
16
18
16
14
14
12
12
2
-2
-8
-10
-14
-12
-16
-26
-36
-36
-40
-38
-52
-46
-38
-36
-40
-32
-28
-28
-22
-30
-38
-36
-40
-42
-44
-46
-52
-50
-48
-54
-50
-52
-54
-56
-48
-52
-46
-48
-48
-44
-44
-40
-52
-58
-56
-54
-52
-54
-54
-58
-60
-62
-62
-66
-62
-62
-62
-62
-62
-62
-56
-56
-58
-62
-72
-72
-68
-60
-64
-56
-60
-64
-60
-60
-64
-62
-64
-52
-48
-52
-58
-56
-60
-58
-56
-62
-60
-46
-46
-40
-48
-42
-42
-46
-60
-54
-52
-56
-54
-48
-56
-52
-52
-52
-52
-46
-30
-26
-22
-24
-24
-20
-28
-36
-36
-40
-34
-32
-38
-50
-48
-48
-56
-60
-66
-66
-72
-80
-80
-86
-94
-90
-80
-86
-96
-94
-100
-106
-92
-98
-106
-102
-112
-114
-116
-118
-116
-116
-112
-110
-110
-112
-118
-118
-110
-116
-122
-114
-126
-120
-114
-118
-130
-134
-138
-136
-136
-138
-136
-136
-140
-146
-150
-144
-154
-142
-148
-146
-134
-138
-142
-142
-138
-130
-140
-138
-140
-148
-152
-148
-148
-142
-148
-156
-156
-156
-150
-144
-144
-140
-148
-142
-144
-142
-140
-142
-148
-154
-154
-138
-136
-132
-126
-130
-130
-130
-128
-126
-116
-120
-120
-118
-118
-118
-122
-118
-114
-108
-108
-104
-110
-108
-116
-116
-122
-120
-126
-138
-132
-130
-132
-138
-132
-136
-136
-132
-134
-126
-120
-118
-126
-128
-130
-128
-132
-134
-134
-134
-134
-118
-122
-122
-122
-120
-124
-122
-124
-124
-126
-122
-130
-130
-132
-126
-140
-136
-136
-134
-134
-132
-136
-136
-144
-136
-136
-132
-138
-140
-140
-150
-144
-138
-134
-124
-120
-116
-110
-118
-122
-122
-122
-124
-128
-124
-120
-128
-136
-136
-136
-132
-134
-128
-126
-126
-124
-132
-140
-138
-138
-140
-140
-138
-140
-142
-136
-134
-134
-132
-140
-154
-158
-152
-148
-150
-158
-158
-158
-154
-150
-146
-146
-146
-142
-136
-148
-148
-146
-144
-140
-134
-128
-118
-118
-110
-106
-106
-106
-104
-106
-106
-110
-114
-126
-120
-118
-118
-116
-114
-110
-110
-108
-102
-108
-110
-112
-116
-104
-96
-100
-102
-112
-112
-116
-118
-114
-110
-102
-102
-94
-100
-100
-102
-98
-104
-92
-92
-84
-84
-90
-94
-94
-94
-102
-92
-92
-86
-88
-88
-88
-88
-86
-88
-82
-82
-78
-78
-76
-74
-70
-70
-64
-64
-64
-64
-64
-66
-72
-64
-60
-66
-66
-64
-72
-76
-84
-82
-82
-82
-82
-82
-74
-72
-60
-68
-72
-74
-74
-74
-78
-74
-74
-78
-78
-78
-74
-70
-78
-72
-70
-68
-68
-68
-70
-66
-66
-64
-68
-72
-70
-68
-78
-84
-84
-86
-86
-86
-86
-90
-92
-94
-94
-100
-98
-98
-98
-100
-102
-94
-94
-98
-108
-110
-110
-112
-114
-114
-116
-128
-122
-126
-120
-120
-106
-108
-106
-106
-110
-114
-120
-118
-120
-124
-124
-120
-124
-128
-146
-146
-146
-146
-136
-136
-132
-132
-130
-130
-124
-124
-122
-122
-124
-130
-130
-130
-118
-118
-114
-112
-112
-124
-128
-132
-140
-132
-130
-130
-132
-140
-146
-152
-158
-154
-158
-156
-154
-160
-158
-164
-170
-172
-176
-170
-164
-162
-164
-164
-158
-162
-162
-164
-162
-162
-158
-168
-160
-166
-164
-164
-164
-154
-164
-162
-162
-158
-160
-166
-166
-168
-166
-170
-160
-160
-162
-158
-154
-144
-140
-152
-152
-162
-158
-158
-152
-154
-146
-138
-134
-134
-132
-132
-132
-138
-140
-144
-138
-140
-138
-134
-138
-144
-144
-148
-140
-134
-140
-144
-130
-130
-128
-120
-116
-122
-124
-130
-126
-120
-120
-116
-112
-110
-104
-98
-92
-98
-104
-104
-100
-100
-98
-94
-94
-92
-94
-94
-100
-104
-110
-112
-106
-110
-110
-114
-122
-118
-114
-116
-120
-120
-122
-120
-120
-124
-122
-118
-118
-118
-114
-114
-114
-120
-116
-124
-114
-120
-114
-102
-110
-112
-112
-120
-124
-126
-126
-116
-104
-102
-106
-102
-106
-112
-116
-112
-114
-110
-114
-112
-110
-106
-106
-102
-100
-102
-104
-102
-98
-96
-84
-84
-86
-82
-88
-98
-98
-90
-98
-96
-98
-94
-96
-98
-90
-86
-88
-88
-86
-94
-104
-110
-124
-128
-128
-138
-138
-132
-132
-146
-148
-148
-146
-140
-142
-138
-144
-150
-150
-150
-140
-154
-160
-156
-156
-148
-146
-146
-144
-134
-140
-134
-130
-132
-132
-138
-136
-136
-134
-146
-144
-142
-136
-132
-130
-124
-118
-122
-120
-116
-118
-118
-124
-124
-124
-122
-122
-122
-116
-116
-114
-106
-108
-102
-100
-102
-104
-100
-98
-92
-92
-90
-94
-88
-88
-88
-94
-90
-88
-84
-72
-66
-56
-56
-54
-58
-56
-58
-58
-58
-56
-52
-40
-28
-28
-26
-36
-42
-52
-52
-42
-38
-36
-34
-32
-20
-18
-22
-26
-32
-18
-8
-10
-12
-4
-8
-14
-18
-16
-20
-24
-14
-12
-8
-8
4
4
0
-4
4
8
12
8
16
18
18
16
14
14
14
14
18
14
18
14
16
10
8
10
6
4
2
0
-4
-12
-14
-4
0
-8
-8
-12
-12
-12
-10
-4
0
10
16
18
20
18
22
26
38
32
38
38
44
48
56
60
48
44
40
32
34
30
32
36
48
50
50
50
48
38
36
36
36
34
30
24
24
32
32
30
22
24
18
6
10
10
2
2
-6
-18
-22
-16
-16
-20
-16
-8
-10
0
0
-2
-2
2
10
14
20
20
24
32
32
32
30
30
30
36
32
34
36
34
30
28
24
20
14
22
20
16
20
22
18
26
22
30
34
34
30
30
28
18
18
18
22
18
20
28
30
38
40
36
40
38
42
46
50
56
56
52
48
44
52
52
54
48
46
46
42
44
46
50
48
50
50
46
46
40
34
32
28
26
32
26
24
20
18
22
20
14
20
22
26
24
20
26
26
18
18
12
18
24
30
30
36
44
42
44
44
44
46
42
42
50
54
46
44
50
54
46
38
40
52
54
72
58
60
60
70
72
72
72
76
72
66
66
70
74
64
68
60
62
62
60
66
56
62
58
58
58
60
56
54
54
50
52
52
52
52
52
56
56
56
58
60
56
64
64
54
54
58
64
58
58
54
58
56
64
62
60
64
68
70
68
76
78
80
80
74
80
78
82
76
74
76
74
72
74
72
76
74
80
80
86
88
88
84
88
92
96
84
88
88
94
94
104
102
102
104
108
106
106
100
94
94
100
102
104
114
126
122
120
126
136
148
148
140
150
152
144
130
132
128
130
136
130
130
128
124
122
108
112
110
118
114
114
108
112
116
114
120
122
122
128
132
132
136
134
132
124
120
120
114
130
134
126
128
130
132
140
138
132
134
134
134
134
136
140
136
140
154
160
154
156
154
154
146
144
148
152
158
152
154
168
180
182
180
176
178
176
176
176
174
178
182
178
182
178
172
180
176
182
184
186
186
178
180
184
184
178
184
180
174
166
168
162
166
166
166
172
176
180
186
186
186
186
188
190
190
184
184
192
192
196
190
180
176
180
178
182
196
208
208
214
214
210
212
212
212
206
206
198
194
202
200
206
204
208
206
202
196
194
198
202
204
204
204
204
212
212
208
214
210
214
206
204
206
210
214
220
222
226
228
220
226
218
222
232
230
226
222
222
218
218
218
218
218
222
228
220
228
230
232
232
236
240
244
240
244
252
242
246
250
260
252
258
264
260
254
254
248
234
234
238
242
238
234
238
242
250
246
246
238
232
228
230
234
238
238
234
234
238
236
232
234
234
240
238
240
248
236
252
248
242
232
228
228
224
224
228
230
230
226
226
218
216
212
216
208
218
214
216
212
212
216
216
216
218
222
220
230
232
222
220
210
220
216
212
210
210
216
218
226
232
238
234
234
240
238
240
240
238
240
234
240
240
246
244
234
234
230
236
224
228
222
222
222
222
222
228
232
226
226
220
226
220
218
210
210
200
196
202
202
196
202
200
196
202
196
196
190
186
188
198
204
218
208
212
208
212
206
206
198
206
208
214
202
202
204
206
198
200
192
186
192
204
208
210
206
212
224
230
224
224
226
214
212
210
208
208
208
208
206
208
204
208
218
226
232
236
234
236
238
244
240
240
230
224
232
238
240
238
238
242
252
256
250
242
238
236
232
222
228
238
228
228
222
222
222
220
226
228
226
228
232
230
238
232
234
230
224
218
222
222
218
222
222
216
214
208
208
216
214
214
214
214
210
222
228
234
226
228
228
232
232
232
242
252
254
254
266
268
274
272
274
270
276
280
278
278
278
280
284
278
278
274
268
268
262
266
262
258
254
254
250
254
252
252
252
258
262
264
260
260
262
262
268
274
278
272
276
278
276
280
286
288
294
296
296
292
298
304
298
298
308
306
318
322
324
320
320
326
326
330
332
330
334
334
336
328
338
336
330
338
342
342
348
336
348
348
356
356
346
342
336
336
332
332
330
324
330
336
330
334
336
348
344
334
336
340
344
352
350
354
358
370
362
358
358
356
360
362
364
368
364
366
364
374
380
374
374
364
364
362
366
368
362
364
360
358
360
350
348
348
356
350
350
354
354
360
366
370
370
364
360
360
360
360
364
370
370
372
366
370
374
374
372
376
382
372
372
366
366
372
374
378
370
374
374
384
386
382
386
386
394
384
384
386
380
382
382
374
382
388
394
394
388
396
388
386
380
378
378
370
374
370
372
376
376
376
378
376
384
396
404
396
408
416
412
424
426
422
418
428
426
426
418
424
428
426
422
410
410
410
410
404
408
402
408
396
388
386
388
388
400
394
384
386
394
390
390
384
388
388
376
370
380
392
398
398
402
400
406
404
402
412
420
420
422
422
426
434
434
434
434
434
432
436
438
436
442
434
430
430
424
424
430
438
438
438
440
440
434
434
434
432
424
420
420
422
414
410
410
410
418
418
414
418
416
420
434
440
446
448
450
450
444
442
436
436
440
446
446
438
434
434
432
424
420
420
420
430
424
424
416
416
418
418
420
416
424
424
430
440
444
436
432
434
430
430
432
432
442
446
448
442
442
450
454
450
442
452
450
458
458
448
448
450
440
440
436
440
434
430
424
430
426
428
432
436
438
442
440
428
438
448
450
462
462
460
458
448
448
444
454
454
452
450
456
458
458
454
456
460
462
456
444
456
458
450
442
452
442
442
442
444
440
440
442
440
440
442
446
436
432
440
436
432
432
432
434
442
442
452
446
442
436
442
438
448
440
434
436
446
448
452
454
462
468
468
470
470
466
466
468
468
466
470
470
470
462
458
452
440
442
442
444
444
438
434
434
428
422
410
410
408
408
414
414
420
424
424
424
422
418
426
426
416
412
414
406
398
398
392
398
388
390
394
410
404
406
408
408
404
402
396
398
394
394
392
392
394
382
380
376
374
368
358
354
348
348
352
346
356
352
356
356
356
368
374
372
374
378
386
386
388
388
388
382
386
386
390
384
382
380
378
386
388
388
390
384
378
374
372
368
374
374
374
368
368
360
354
348
342
342
354
356
350
354
354
354
346
336
338
326
330
326
320
326
326
320
316
316
314
322
332
332
328
328
320
312
314
318
324
328
336
332
340
336
334
336
332
332
340
338
342
342
344
340
336
336
340
352
362
360
364
362
350
352
352
348
350
354
358
350
348
354
352
362
368
372
366
366
366
366
368
364
360
360
360
366
366
360
358
360
352
350
352
350
350
350
346
350
342
344
344
344
344
342
344
352
350
348
344
344
348
346
356
360
358
364
366
366
360
354
358
364
362
360
362
364
362
368
366
364
362
366
374
386
378
376
376
376
380
380
390
394
394
394
396
394
394
394
402
394
394
390
382
378
378
382
374
368
376
370
370
376
382
382
382
382
382
376
370
370
374
376
390
378
378
376
376
378
388
384
384
384
392
392
382
376
376
380
386
388
384
384
388
380
382
388
396
394
394
390
388
388
390
388
388
394
406
412
416
412
404
400
402
396
396
400
402
406
406
410
410
408
406
406
406
418
418
424
420
422
428
430
434
428
422
426
428
416
416
414
416
414
422
424
420
420
408
406
404
408
408
400
398
394
396
396
400
398
392
392
396
406
400
404
388
386
384
376
370
378
382
374
376
378
384
384
392
392
386
384
378
378
380
378
384
388
380
388
388
390
386
386
386
384
384
380
378
372
372
378
376
386
388
384
374
374
378
372
382
384
382
384
394
398
396
392
388
386
378
370
376
382
388
392
408
404
398
402
408
408
408
408
410
406
398
402
402
406
412
416
416
422
420
422
428
432
440
442
438
444
454
460
454
448
448
446
446
454
446
444
446
440
450
442
446
446
446
444
456
460
466
470
476
474
468
470
474
474
472
478
488
484
494
498
490
490
494
498
492
490
490
490
480
476
482
482
484
482
480
480
480
482
482
482
478
470
464
460
464
464
464
454
450
454
452
450
450
452
452
462
472
480
470
472
472
482
486
478
482
486
482
484
492
488
482
476
476
468
468
474
478
478
488
488
484
478
480
484
482
492
494
494
504
500
496
490
488
486
480
480
482
482
478
478
474
470
464
458
458
460
460
464
464
458
462
458
456
448
438
440
440
430
420
424
418
428
426
422
434
434
434
438
440
446
450
456
456
454
452
446
446
446
442
452
464
458
458
458
456
454
466
462
464
462
464
470
470
486
494
494
496
492
504
500
506
512
510
508
508
508
508
510
508
516
512
508
496
492
484
480
490
484
488
482
486
486
486
488
476
476
478
484
490
494
504
504
500
490
492
478
478
482
490
492
496
492
490
498
498
492
492
502
504
504
506
500
506
504
500
500
500
500
496
496
502
502
502
506
508
514
514
512
514
520
528
532
532
534
534
532
530
538
530
538
538
544
540
536
536
522
528
528
532
538
532
532
530
528
532
528
522
530
524
528
528
534
530
530
528
526
526
524
516
510
502
500
488
494
494
488
488
484
482
482
486
482
482
478
478
474
474
478
492
486
486
480
482
476
476
486
482
488
482
484
488
474
474
474
476
480
486
478
472
478
472
484
492
492
488
492
486
484
486
484
484
486
490
490
486
480
476
476
476
478
488
478
484
490
482
482
484
496
496
498
496
492
498
498
500
498
496
496
498
498
496
502
506
502
506
508
512
512
504
500
496
492
496
494
488
472
468
474
474
482
488
498
500
496
496
494
498
498
494
492
488
504
508
508
506
498
492
488
494
496
498
502
490
482
478
474
472
472
472
478
470
470
472
480
480
486
492
492
498
502
498
492
488
488
486
492
500
498
498
508
510
518
510
512
522
524
532
534
540
542
550
552
550
554
552
556
554
560
556
554
554
546
546
542
540
540
540
538
536
524
522
530
532
536
538
544
550
554
554
560
554
550
548
548
556
554
548
552
552
552
540
544
548
546
550
550
562
560
564
562
562
568
570
578
584
590
594
586
574
568
558
558
564
558
558
558
554
560
568
560
570
568
574
574
566
566
558
552
560
558
560
560
560
558
546
558
564
564
564
560
566
566
562
568
566
572
568
558
560
556
562
568
568
568
576
580
572
568
566
566
566
572
570
568
568
574
566
572
572
576
572
562
562
558
554
560
