-2623
-2619
-2611
-2605
-2599
-2593
-2583
-2569
-2557
-2549
-2537
-2527
-2523
-2517
-2515
-2511
-2509
-2505
-2493
-2489
-2477
-2467
-2463
-2451
-2443
-2437
-2433
-2429
-2427
-2415
-2405
-2387
-2381
-2377
-2377
-2369
-2361
-2353
-2345
-2337
-2335
-2333
-2333
-2325
-2317
-2315
-2301
-2297
-2293
-2291
-2285
-2285
-2275
-2267
-2267
-2257
-2247
-2237
-2223
-2209
-2195
-2197
-2179
-2169
-2153
-2149
-2143
-2133
-2123
-2121
-2117
-2105
-2105
-2093
-2081
-2073
-2069
-2065
-2067
-2061
-2051
-2051
-2047
-2049
-2049
-2049
-2045
-2035
-2027
-2017
-2015
-2013
-2011
-2009
-1997
-1989
-1985
-1991
-1985
-1983
-1981
-1973
-1975
-1963
-1961
-1955
-1943
-1945
-1937
-1927
-1919
-1905
-1897
-1893
-1887
-1883
-1869
-1867
-1853
-1849
-1837
-1831
-1825
-1829
-1821
-1821
-1817
-1817
-1803
-1795
-1789
-1781
-1779
-1771
-1763
-1761
-1767
-1765
-1755
-1749
-1749
-1747
-1747
-1749
-1745
-1747
-1743
-1727
-1721
-1709
-1701
-1701
-1697
-1697
-1699
-1691
-1691
-1693
-1691
-1695
-1691
-1691
-1687
-1685
-1679
-1671
-1669
-1665
-1659
-1659
-1651
-1651
-1657
-1655
-1653
-1651
-1649
-1645
-1645
-1643
-1643
-1627
-1617
-1621
-1621
-1617
-1613
-1601
-1593
-1581
-1569
-1571
-1561
-1553
-1549
-1541
-1533
-1533
-1533
-1531
-1527
-1519
-1513
-1501
-1509
-1507
-1491
-1491
-1491
-1483
-1493
-1495
-1501
-1507
-1505
-1495
-1491
-1477
-1469
-1461
-1459
-1465
-1465
-1461
-1467
-1469
-1471
-1469
-1479
-1473
-1475
-1473
-1469
-1467
-1467
-1465
-1455
-1447
-1435
-1431
-1427
-1415
-1413
-1409
-1397
-1393
-1401
-1393
-1381
-1377
-1369
-1367
-1365
-1363
-1361
-1365
-1353
-1341
-1333
-1331
-1325
-1325
-1327
-1317
-1305
-1307
-1299
-1297
-1305
-1305
-1295
-1285
-1281
-1281
-1289
-1283
-1277
-1275
-1275
-1275
-1273
-1273
-1275
-1275
-1273
-1275
-1279
-1269
-1267
-1261
-1259
-1251
-1255
-1269
-1267
-1267
-1265
-1261
-1255
-1257
-1259
-1255
-1251
-1245
-1249
-1243
-1237
-1235
-1231
-1225
-1217
-1211
-1211
-1201
-1197
-1205
-1205
-1203
-1199
-1203
-1201
-1195
-1187
-1179
-1175
-1165
-1161
-1161
-1159
-1155
-1157
-1143
-1147
-1145
-1143
-1141
-1135
-1127
-1129
-1127
-1127
-1123
-1119
-1105
-1093
-1085
-1089
-1085
-1083
-1087
-1095
-1091
-1087
-1085
-1083
-1083
-1085
-1079
-1083
-1081
-1081
-1077
-1075
-1073
-1063
-1055
-1053
-1055
-1061
-1061
-1055
-1053
-1051
-1049
-1057
-1045
-1043
-1037
-1037
-1037
-1029
-1025
-1025
-1025
-1017
-1003
-993
-983
-983
-979
-969
-961
-969
-959
-959
-951
-949
-941
-945
-945
-947
-945
-945
-937
-929
-933
-939
-941
-943
-951
-951
-943
-939
-935
-933
-921
-915
-913
-913
-919
-923
-929
-941
-941
-935
-929
-931
-937
-929
-931
-921
-933
-931
-929
-929
-925
-921
-925
-923
-921
-913
-907
-907
-891
-893
-889
-887
-897
-897
-895
-887
-887
-893
-889
-877
-879
-877
-879
-885
-885
-885
-891
-877
-885
-879
-879
-867
-871
-863
-861
-859
-853
-857
-859
-865
-867
-859
-855
-855
-855
-849
-845
-843
-843
-841
-837
-833
-825
-823
-817
-817
-817
-809
-807
-805
-799
-797
-785
-777
-775
-769
-765
-763
-763
-765
-759
-759
-765
-755
-759
-753
-759
-767
-767
-755
-747
-751
-745
-737
-733
-729
-725
-719
-721
-715
-719
-709
-711
-717
-709
-705
-707
-711
-711
-711
-709
-717
-715
-715
-711
-705
-707
-699
-691
-693
-685
-693
-685
-677
-675
-667
-661
-659
-649
-651
-649
-649
-651
-651
-655
-647
-641
-639
-627
-619
-619
-623
-621
-611
-599
-605
-595
-593
-591
-595
-597
-605
-603
-595
-599
-595
-585
-579
-585
-577
-575
-563
-557
-555
-555
-563
-555
-549
-549
-543
-543
-541
-539
-547
-545
-551
-549
-547
-557
-551
-551
-537
-539
-541
-533
-525
-525
-529
-531
-531
-537
-533
-529
-527
-519
-517
-521
-513
-515
-515
-517
-517
-513
-515
-511
-507
-509
-511
-505
-503
-503
-499
-491
-497
-509
-513
-511
-509
-509
-505
-503
-513
-511
-511
-513
-507
-505
-507
-503
-495
-485
-483
-479
-475
-467
-467
-463
-463
-459
-447
-435
-435
-435
-437
-435
-435
-439
-441
-435
-439
-439
-443
-443
-443
-441
-431
-431
-431
-433
-425
-421
-429
-429
-439
-437
-435
-431
-433
-435
-431
-435
-435
-435
-441
-435
-433
-431
-425
-421
-413
-417
-411
-413
-405
-403
-405
-401
-399
-393
-399
-399
-401
-403
-401
-397
-397
-395
-393
-393
-387
-387
-387
-397
-397
-393
-381
-377
-377
-383
-369
-369
-365
-363
-363
-369
-367
-357
-357
-357
-361
-355
-355
-345
-345
-335
-333
-317
-309
-311
-315
-317
-319
-319
-325
-329
-327
-323
-327
-329
-327
-327
-325
-317
-317
-311
-313
-319
-317
-321
-325
-319
-327
-321
-321
-311
-315
-319
-323
-323
-335
-337
-341
-337
-337
-329
-321
-315
-321
-309
-311
-309
-307
-307
-315
-313
-305
-311
-299
-301
-301
-303
-305
-287
-283
-279
-273
-259
-263
-259
-265
-267
-267
-265
-253
-259
-267
-263
-265
-249
-247
-253
-249
-257
-253
-245
-249
-255
-253
-241
-241
-251
-249
-255
-251
-249
-233
-231
-231
-227
-229
-215
-225
-233
-233
-231
-231
-231
-225
-215
-209
-207
-207
-197
-191
-189
-189
-193
-201
-205
-199
-193
-193
-193
-197
-199
-189
-193
-191
-191
-191
-189
-195
-191
-197
-197
-191
-191
-201
-197
-197
-197
-193
-181
-185
-179
-177
-183
-189
-179
-181
-187
-193
-187
-179
-175
-171
-171
-177
-175
-183
-179
-173
-171
-177
-179
-171
-181
-173
-167
-167
-165
-171
-159
-169
-165
-165
-159
-163
-165
-165
-171
-181
-169
-171
-169
-169
-173
-169
-177
-177
-177
-169
-167
-161
-157
-153
-153
-143
-145
-145
-147
-137
-135
-135
-133
-131
-137
-133
-129
-129
-121
-125
-121
-119
-123
-125
-127
-119
-117
-121
-129
-133
-129
-131
-131
-135
-147
-143
-141
-151
-153
-151
-155
-159
-161
-161
-157
-157
-161
-161
-153
-153
-149
-145
-129
-117
-129
-131
-137
-139
-135
-129
-133
-133
-131
-127
-123
-135
-135
-127
-125
-127
-121
-119
-117
-115
-117
-119
-117
-117
-117
-127
-127
-135
-135
-125
-123
-127
-131
-129
-131
-147
-145
-145
-145
-151
-147
-151
-153
-147
-153
-149
-135
-141
-149
-155
-161
-171
-163
-169
-169
-173
-163
-163
-171
-163
-163
-157
-153
-145
-145
-135
-131
-129
-131
-131
-131
-125
-125
-123
-127
-119
-113
-117
-127
-127
-127
-125
-119
-121
-123
-121
-121
-131
-133
-123
-123
-123
-111
-99
-101
-103
-105
-103
-113
-113
-113
-111
-99
-101
-103
-95
-95
-93
-99
-97
-93
-77
-71
-69
-75
-75
-79
-85
-85
-69
-73
-77
-83
-87
-89
-87
-87
-93
-93
-93
-97
-97
-89
-93
-93
-105
-107
-107
-107
-111
-113
-109
-109
-111
-107
-105
-111
-115
-121
-121
-109
-109
-113
-111
-111
-113
-109
-107
-107
-107
-111
-111
-123
-123
-119
-121
-119
-115
-113
-115
-111
-123
-121
-125
-125
-125
-129
-129
-131
-139
-139
-139
-135
-129
-135
-127
-125
-119
-125
-121
-115
-117
-117
-115
-111
-105
-111
-103
-105
-113
-113
-109
-95
-95
-97
-91
-83
-91
-83
-81
-83
-85
-79
-79
-73
-77
-85
-81
-79
-77
-75
-79
-75
-73
-77
-79
-77
-69
-77
-85
-75
-81
-81
-79
-75
-71
-71
-73
-69
-65
-65
-71
-79
-87
-87
-85
-75
-73
-87
-89
-95
-101
-97
-103
-95
-91
-99
-97
-93
-97
-93
-91
-85
-85
-89
-83
-79
-75
-79
-73
-63
-65
-65
-61
-65
-57
-65
-61
-61
-63
-55
-55
-51
-55
-57
-61
-69
-65
-59
-67
-69
-69
-77
-79
-77
-79
-77
-77
-71
-75
-75
-71
-59
-61
-69
-69
-59
-55
-53
-53
-55
-51
-49
-45
-43
-33
-35
-25
-29
-27
-27
-29
-25
-27
-31
-27
-25
-21
-19
-19
-25
-25
-31
-37
-37
-35
-43
-49
-57
-53
-57
-57
-49
-49
-47
-51
-51
-49
-45
-49
-51
-51
-47
-45
-47
-55
-55
-53
-51
-59
-63
-75
-75
-67
-73
-71
-67
-75
-75
-79
-83
-83
-89
-89
-83
-87
-83
-85
-91
-97
-91
-89
-79
-87
-81
-85
-89
-91
-87
-79
-73
-79
-89
-85
-83
-79
-79
-81
-83
-79
-75
-75
-81
-71
-77
-77
-71
-63
-67
-73
-63
-65
-59
-59
-57
-53
-39
-41
-39
-43
-37
-37
-39
-47
-53
-49
-53
-55
-51
-49
-43
-39
-33
-23
-15
-17
-21
-19
-19
-17
-17
-23
-25
-19
-13
-13
-11
-1
1
3
5
3
5
17
17
17
23
19
19
11
9
11
7
1
1
1
5
5
7
-5
-5
-1
-1
1
5
1
5
5
9
13
13
11
15
19
19
31
31
31
29
23
23
27
23
21
31
31
41
43
41
39
41
39
47
39
49
49
53
53
69
75
75
71
75
75
89
99
97
91
97
103
93
89
95
95
95
89
85
89
93
95
97
95
91
101
105
113
107
115
111
111
99
99
105
101
107
111
103
107
105
103
101
101
97
93
93
85
91
103
103
103
101
99
105
101
95
91
93
91
89
89
85
79
75
71
71
67
69
67
57
59
59
59
61
73
73
83
89
77
77
77
83
79
81
71
79
73
79
65
59
63
67
71
75
79
71
69
71
73
77
75
67
59
61
67
61
61
59
61
65
67
59
49
55
55
53
47
37
37
29
29
39
41
41
31
31
33
33
31
33
25
17
15
19
19
25
31
29
29
29
31
31
25
27
29
29
29
37
37
37
33
31
45
43
35
29
27
23
27
39
41
47
53
41
41
41
49
45
37
33
31
33
39
41
41
45
47
43
35
39
33
39
43
33
35
33
33
31
37
37
37
37
33
33
27
23
19
11
25
27
23
9
15
13
13
21
25
25
23
23
17
11
19
21
19
17
25
27
33
29
31
27
33
25
29
23
27
29
33
43
41
37
33
41
43
43
49
53
47
47
45
41
43
43
43
47
37
43
53
55
57
65
63
63
55
51
57
61
61
67
71
75
81
87
83
83
81
85
83
87
87
79
81
87
87
85
83
73
67
65
71
71
71
69
63
71
65
61
57
69
63
63
65
69
69
77
79
75
67
67
63
65
67
71
61
63
59
57
47
43
39
39
43
41
37
43
59
71
71
77
81
83
83
77
75
75
77
69
67
65
69
69
71
71
77
67
71
71
69
79
79
77
77
73
71
71
61
61
59
61
59
65
63
67
67
67
63
59
57
55
61
71
79
85
79
91
91
91
83
87
95
97
109
107
105
105
107
103
99
95
93
91
89
93
99
91
91
89
89
97
101
91
91
103
103
109
105
103
101
101
89
99
99
109
111
111
109
113
111
115
119
119
119
113
117
115
113
113
113
113
113
117
121
123
125
127
131
129
125
121
115
115
109
113
111
113
97
91
95
91
91
101
93
89
91
91
91
91
81
79
75
77
79
79
87
87
87
81
85
79
81
77
75
73
79
79
79
79
81
87
93
91
85
91
91
87
91
83
87
93
89
93
97
91
95
95
95
105
105
105
109
111
119
129
137
139
147
147
141
147
145
143
143
139
139
141
141
141
141
137
137
133
129
125
131
131
131
121
123
119
119
129
127
127
127
127
121
115
125
121
125
133
133
129
131
131
125
129
135
127
127
129
129
129
129
127
129
135
125
125
133
133
131
125
117
117
119
117
115
115
107
109
107
105
105
113
107
105
95
91
97
95
83
77
77
79
79
81
81
91
87
81
85
93
97
93
85
81
89
87
77
77
69
69
73
65
61
67
61
65
63
65
67
59
59
63
65
69
61
67
61
69
69
79
75
77
79
85
75
75
75
71
73
73
69
71
73
73
79
81
87
87
87
79
77
69
77
75
69
65
75
81
81
81
81
81
85
87
95
105
95
101
99
95
91
99
99
91
93
81
81
77
77
79
75
77
71
71
83
91
93
93
101
95
93
97
105
107
109
103
107
111
115
117
109
109
99
91
101
105
105
105
105
103
105
113
113
111
117
103
101
101
103
103
97
97
93
89
95
99
93
85
85
87
89
95
87
93
91
97
95
97
93
91
87
83
81
73
71
71
61
57
51
45
41
37
33
25
17
15
21
23
19
19
19
13
13
13
13
13
15
7
13
11
9
3
1
-13
-9
-9
-3
-9
-7
-15
-11
-9
-5
-1
1
1
-1
1
-9
-15
-21
-15
-21
-23
-27
-21
-25
-23
-15
-17
-9
-7
-9
-7
-15
-9
-19
-21
-21
-17
-17
-17
-13
-11
-11
-15
-11
-11
-13
-9
1
-5
-1
1
3
3
7
3
5
3
-3
3
-3
-9
-7
-13
-13
-11
-3
-3
-1
3
-1
-3
-1
11
15
9
7
13
11
19
13
15
23
29
31
31
27
19
19
25
31
19
19
23
23
25
31
35
37
39
43
47
55
51
57
65
67
69
69
77
83
89
83
75
71
81
77
73
67
63
63
63
61
57
57
69
67
73
73
67
67
77
77
73
73
73
75
69
79
77
69
61
57
53
49
35
29
27
27
27
27
39
39
37
41
47
53
55
55
55
57
61
61
65
69
67
65
65
65
65
63
75
69
67
69
67
71
67
65
67
61
53
53
53
41
49
59
65
61
67
75
75
73
75
75
81
79
85
91
89
87
79
81
83
91
91
89
89
89
89
89
93
91
91
91
95
91
91
91
97
99
101
103
103
103
105
103
103
109
107
105
99
95
103
111
113
117
121
123
125
123
129
131
119
121
125
127
127
131
137
139
137
133
141
133
135
133
125
121
131
127
127
119
109
115
115
115
125
129
137
139
137
135
139
141
147
151
157
161
159
153
163
163
165
165
159
157
153
149
149
149
145
145
147
147
147
147
157
153
155
157
157
157
161
159
159
161
167
173
165
157
161
161
161
155
171
171
171
163
163
159
151
151
151
153
157
155
167
167
163
167
155
147
147
145
145
131
133
131
135
131
133
133
137
141
141
137
145
141
145
147
149
149
139
137
137
147
151
155
163
169
173
175
179
181
179
185
183
181
185
183
179
177
183
183
177
189
191
195
197
199
195
189
181
179
189
187
191
187
183
185
181
189
191
185
187
193
195
195
197
197
199
203
197
191
195
193
201
199
201
197
201
207
211
213
211
209
207
207
205
205
201
205
197
193
183
181
175
175
179
179
179
173
173
173
171
165
171
175
175
177
177
183
189
195
203
211
211
209
215
211
211
213
211
213
217
215
209
209
207
207
211
213
215
205
207
203
201
195
191
187
191
185
185
185
189
185
181
185
193
193
187
183
189
193
197
189
183
177
173
175
177
181
183
183
181
187
181
181
183
177
183
169
163
159
151
149
151
153
153
157
149
145
149
139
141
147
149
149
147
153
153
161
159
169
167
169
161
161
171
169
175
177
175
181
181
183
179
175
173
173
175
183
183
181
183
185
191
199
197
191
189
189
185
183
181
177
167
179
179
185
187
189
187
189
177
183
189
187
185
189
185
181
191
193
177
175
179
191
199
211
207
209
209
207
207
209
215
209
207
199
209
207
211
209
211
205
203
205
201
201
201
199
201
205
203
201
203
199
205
205
205
203
203
201
203
199
193
191
195
195
205
199
199
189
195
191
185
175
181
189
189
191
185
191
189
195
199
197
203
209
213
217
217
217
215
223
235
241
237
229
229
229
239
237
237
237
237
233
235
235
229
227
227
233
237
233
237
239
237
241
237
233
243
237
235
237
241
243
241
239
243
245
245
243
241
253
253
255
255
255
255
255
259
253
259
271
267
265
261
257
245
239
245
249
253
255
257
253
257
257
261
259
255
253
249
239
237
235
223
215
217
213
201
203
207
211
211
213
215
207
207
213
207
211
209
207
205
207
207
205
211
211
211
205
207
211
213
209
213
213
207
209
213
217
219
221
211
215
215
207
201
205
213
217
219
213
219
215
203
209
209
205
199
199
205
209
215
219
229
229
223
215
209
215
221
227
231
231
233
229
223
229
237
233
233
241
245
245
247
237
239
237
243
237
237
247
245
251
249
249
251
251
251
249
251
249
249
247
243
231
223
219
217
223
229
231
229
233
239
249
261
253
257
259
271
269
265
265
259
251
251
251
247
249
255
251
257
267
267
267
275
277
283
275
283
283
283
281
277
277
281
279
279
281
267
257
259
263
263
261
255
261
249
249
241
243
247
249
249
255
259
263
265
267
267
269
269
267
267
271
279
275
273
273
279
273
273
273
269
267
267
271
269
267
265
269
271
271
271
271
275
283
293
299
295
299
295
297
291
297
293
283
291
279
275
271
273
277
275
277
281
271
275
273
267
269
265
271
267
261
257
253
249
249
257
259
257
259
261
273
265
259
261
257
257
249
241
243
237
231
239
241
241
231
237
237
237
245
245
243
237
235
235
227
227
229
229
229
225
229
229
225
223
215
215
217
225
221
217
217
215
221
217
207
215
213
213
215
223
227
231
235
231
229
229
227
227
223
227
221
231
231
223
217
209
213
207
207
211
207
213
209
205
197
193
201
201
199
205
215
209
213
213
215
213
213
207
205
207
211
211
211
223
235
233
229
233
241
229
229
231
231
233
229
227
237
241
241
229
227
225
225
223
223
229
231
227
215
213
203
205
205
207
207
209
217
211
215
217
217
215
221
219
217
215
215
223
223
219
221
221
221
219
215
217
225
233
229
235
235
235
233
233
237
237
235
235
229
231
233
243
253
247
247
243
239
241
239
243
243
249
249
251
251
253
247
251
249
253
249
253
253
255
255
253
253
247
245
237
225
233
233
233
235
231
225
225
225
221
217
217
223
219
215
209
209
211
207
203
203
197
201
195
187
191
183
187
193
187
195
203
203
199
191
195
191
191
185
189
185
183
183
179
181
175
175
173
175
173
173
173
171
177
177
175
179
181
185
187
187
179
171
169
175
181
181
177
165
161
161
159
159
161
169
171
179
177
183
171
171
165
165
167
173
167
175
167
173
169
167
163
165
165
165
161
153
163
155
157
165
167
169
167
163
165
157
143
143
147
153
147
135
133
139
139
139
137
135
137
139
137
139
147
143
139
141
133
135
133
125
123
123
129
127
123
129
123
121
131
131
131
141
139
135
123
129
131
129
129
135
137
145
151
149
151
153
155
159
159
163
165
163
167
179
173
179
177
179
183
179
183
183
181
187
183
183
185
179
175
167
161
157
167
173
171
173
163
167
169
167
167
175
177
171
173
175
167
163
163
163
159
155
161
161
159
175
173
185
185
189
187
195
201
203
209
205
209
213
213
219
219
211
219
229
233
225
225
231
231
227
227
227
225
227
231
229
239
239
233
241
249
251
253
261
257
251
257
257
251
251
257
253
253
249
247
245
245
249
251
249
253
251
249
249
245
245
245
237
225
231
233
243
245
245
245
237
231
225
231
231
231
225
221
231
229
235
227
237
237
237
235
239
247
247
239
241
239
247
239
237
243
249
261
261
265
263
267
267
267
257
257
259
263
259
259
259
259
259
257
255
253
247
257
247
253
253
249
247
243
251
245
239
233
233
231
227
233
237
237
229
239
239
239
239
239
239
233
235
227
225
219
221
221
227
227
223
219
219
207
215
223
229
225
229
233
233
227
229
223
221
221
225
221
221
223
223
225
227
231
239
243
239
243
241
237
237
237
241
241
249
255
255
253
253
259
257
257
251
247
247
241
235
237
247
247
247
249
255
257
263
261
251
251
251
247
241
235
237
235
241
247
251
251
249
251
243
243
245
243
239
251
257
249
253
251
247
255
253
255
253
249
249
243
247
247
247
247
257
261
269
263
269
275
267
277
281
273
271
281
275
269
273
271
269
269
265
265
273
261
257
253
249
245
247
251
253
253
249
249
243
247
247
259
261
259
255
253
251
251
263
263
261
261
255
257
259
261
263
259
251
249
251
257
253
261
261
263
261
271
269
269
275
275
275
277
277
285
285
287
287
283
279
271
281
289
289
293
289
295
301
303
299
295
287
283
279
281
285
283
287
283
287
291
291
291
293
301
307
307
309
311
313
309
305
299
309
303
301
305
305
319
317
309
313
317
313
315
315
309
305
307
309
301
303
311
311
311
303
303
305
301
301
289
289
295
291
289
291
293
297
307
307
305
309
303
303
301
309
309
307
319
315
323
325
337
329
337
339
335
321
319
315
301
303
301
295
295
305
299
303
301
287
291
297
285
275
279
281
277
275
273
271
279
265
263
263
267
267
263
271
281
285
287
287
295
293
293
301
301
311
313
311
299
295
301
299
299
301
297
305
301
295
291
285
277
277
273
273
273
281
281
283
279
279
277
277
283
285
279
283
279
289
297
293
287
287
285
275
275
283
285
283
293
293
287
283
285
281
277
277
283
285
279
285
279
275
279
277
275
279
281
283
279
283
281
277
273
279
285
289
285
281
281
277
279
285
285
293
285
283
283
287
277
277
275
273
273
269
271
277
275
263
261
261
251
247
249
247
243
237
237
233
225
225
227
241
245
243
239
239
249
241
241
241
241
241
239
239
239
235
243
247
243
243
247
249
255
251
245
247
255
245
247
247
257
263
275
267
269
267
269
275
265
261
265
261
261
259
259
263
271
269
263
263
259
259
257
257
251
243
247
257
257
257
253
247
255
255
261
257
249
251
263
251
253
249
255
269
263
255
261
261
267
267
263
263
261
263
267
259
245
239
237
237
229
221
221
225
225
221
227
217
211
213
221
219
225
217
215
219
213
219
215
219
215
213
215
215
213
225
219
217
207
207
207
207
207
209
211
211
203
193
197
195
195
189
189
193
199
209
211
211
209
215
213
209
217
217
217
219
209
207
195
195
193
191
187
183
183
175
183
183
181
183
187
187
193
187
177
177
177
177
179
183
175
181
175
169
173
161
167
169
163
153
153
149
149
139
139
141
141
143
145
147
147
141
135
141
145
145
143
143
151
151
159
157
157
155
153
159
161
157
159
155
159
157
153
151
147
145
149
145
143
139
143
143
153
153
147
157
153
149
143
133
129
125
129
127
125
117
117
119
117
119
121
119
119
123
117
113
113
113
113
113
107
107
111
109
109
121
113
117
121
113
99
101
101
101
101
101
115
113
111
109
111
123
123
121
119
113
111
119
117
107
105
111
113
111
119
123
121
125
129
127
133
123
133
137
141
137
133
129
129
127
129
131
123
125
125
123
131
131
135
135
135
129
127
119
125
125
127
133
133
131
129
129
139
143
147
147
153
155
151
143
143
141
147
149
147
149
141
129
129
127
133
131
123
111
113
107
115
113
121
117
113
107
109
105
105
97
99
101
101
99
103
103
105
99
95
95
89
97
111
107
107
113
109
113
109
107
117
125
125
135
131
123
113
107
111
111
119
121
125
121
121
125
113
113
109
111
117
121
107
115
109
107
107
109
109
105
93
99
95
95
97
93
93
93
93
87
89
93
97
103
105
111
107
111
109
107
101
107
109
107
109
111
119
117
113
101
109
115
115
103
97
101
97
101
109
111
107
107
117
117
117
117
117
109
101
107
109
107
101
99
95
95
99
103
103
103
103
113
101
101
103
105
109
119
115
119
119
121
129
125
123
121
119
107
109
107
109
115
113
109
107
107
99
99
89
89
87
87
81
83
81
71
69
69
77
79
87
95
93
97
101
103
105
101
101
117
109
99
99
99
101
105
109
109
111
111
119
119
119
121
119
121
123
125
135
141
141
141
133
139
137
139
133
145
139
143
153
155
157
165
171
175
173
181
177
187
187
185
175
177
179
177
175
169
169
169
159
159
163
163
161
149
161
163
167
167
165
163
163
173
167
169
167
167
167
179
175
175
189
185
191
189
189
185
195
197
197
201
191
185
191
187
187
189
189
193
199
195
203
191
185
179
171
171
163
159
161
159
155
157
155
153
145
151
159
159
167
167
177
173
171
169
175
173
171
179
185
183
193
191
183
185
187
189
183
183
183
181
189
185
185
179
185
189
195
199
201
187
185
187
183
187
183
177
179
179
177
173
177
175
183
181
179
185
185
181
179
181
185
193
187
193
189
189
191
193
191
187
173
169
163
167
169
163
171
165
167
169
177
183
179
177
183
179
185
173
179
191
185
171
169
175
177
173
175
173
169
173
173
169
163
171
169
169
169
169
169
159
153
151
141
139
139
139
131
117
113
117
115
111
111
117
117
123
113
109
109
111
117
113
111
115
109
107
107
111
109
109
107
107
113
103
105
115
109
105
97
101
101
101
101
99
101
103
101
109
117
117
123
121
123
115
117
123
115
113
107
115
127
123
131
133
127
129
127
131
129
119
117
113
103
107
105
93
89
83
89
93
89
91
93
93
93
87
87
81
81
83
89
87
87
87
83
81
73
75
81
79
75
73
77
81
77
71
67
71
67
75
75
75
69
71
71
75
77
75
69
57
47
47
45
55
53
57
47
51
51
53
49
49
57
53
55
49
45
49
45
47
47
51
49
49
47
53
53
51
43
41
45
43
53
59
61
61
61
55
57
55
55
47
51
47
43
49
47
45
41
41
33
37
41
39
39
41
51
55
65
57
65
71
75
75
75
75
75
73
81
77
77
81
83
71
71
73
67
59
55
57
55
55
55
55
59
63
67
65
75
71
69
63
63
69
67
71
67
67
69
75
81
87
93
93
103
97
99
101
101
103
99
99
95
93
97
93
97
99
99
97
93
95
95
101
103
107
107
115
115
115
115
125
131
131
137
139
135
135
141
139
139
129
125
125
127
127
129
129
117
123
133
127
125
123
131
133
125
123
129
135
133
135
139
145
141
139
131
127
133
133
135
143
139
133
137
139
137
131
131
127
123
127
125
115
115
115
105
113
115
109
109
107
107
113
115
113
113
115
117
123
117
117
111
119
117
125
127
117
117
123
127
129
131
137
139
133
139
141
141
133
131
135
139
139
135
135
135
143
153
145
139
145
151
151
151
143
145
145
141
143
143
145
143
139
145
149
145
147
157
159
155
155
151
149
153
159
155
159
153
153
161
155
161
159
157
153
149
149
145
155
157
155
149
157
155
155
155
167
167
169
165
165
163
157
155
145
143
143
143
141
141
149
149
149
141
139
141
135
129
125
123
123
127
129
125
129
129
131
131
141
141
137
145
143
145
145
143
137
147
147
145
145
139
127
119
121
125
125
135
139
139
139
135
139
143
147
139
137
141
141
139
137
141
141
135
143
145
155
149
151
141
145
137
133
121
123
115
115
117
113
113
121
115
115
111
113
111
103
101
109
107
101
107
105
105
97
97
105
107
107
105
105
115
109
111
105
103
117
119
123
123
127
129
121
133
129
123
129
121
127
135
147
155
157
167
167
163
163
165
163
163
153
151
157
155
149
143
147
141
133
127
127
127
127
121
121
125
129
133
135
137
133
143
135
135
131
137
143
135
133
127
121
119
109
109
109
107
103
95
93
103
99
109
113
113
119
121
119
125
125
127
131
137
135
133
143
139
145
147
149
157
157
159
161
163
163
161
171
163
155
153
155
155
151
147
157
155
155
163
159
151
151
151
147
151
147
151
139
149
155
153
153
151
155
155
155
159
167
167
161
159
153
157
157
165
167
175
175
179
175
171
167
163
171
171
173
175
177
177
177
177
185
183
187
189
191
193
189
187
187
183
181
189
189
183
179
177
181
179
177
173
171
177
177
175
165
167
169
169
165
165
165
171
167
163
157
159
157
161
163
165
165
167
161
161
171
163
157
159
165
177
177
183
181
187
183
187
189
187
191
187
191
179
173
179
179
171
173
177
171
179
177
179
175
181
177
177
173
179
179
179
179
179
187
183
181
173
169
169
163
173
175
181
181
181
185
185
187
191
191
187
191
193
193
191
195
187
189
195
197
193
187
185
177
175
181
179
171
167
171
173
165
159
161
163
165
159
167
167
163
165
163
167
159
167
161
153
157
157
153
153
151
149
153
157
155
155
157
171
175
173
177
177
177
171
183
191
187
193
195
191
191
191
183
183
183
189
187
185
195
201
201
191
191
193
199
197
205
203
203
201
207
209
207
205
203
203
203
207
209
211
203
199
195
189
199
193
199
211
219
225
225
225
231
241
241
239
239
237
231
219
223
221
225
235
231
229
235
237
233
233
229
229
231
239
235
235
245
241
241
241
239
239
229
235
239
235
239
247
249
245
243
243
247
247
245
249
239
239
227
227
219
225
223
217
225
225
211
203
203
201
205
197
193
195
193
197
197
203
209
193
199
199
185
183
187
191
197
209
209
209
207
209
213
203
211
211
213
217
217
219
219
209
205
201
203
199
195
191
189
199
201
209
205
201
201
203
205
197
201
195
191
189
185
183
185
197
197
193
193
193
189
201
203
209
211
211
215
215
205
205
203
203
203
203
205
205
211
211
205
199
197
191
193
191
199
205
199
201
197
197
203
215
215
213
209
215
217
211
211
207
211
215
221
215
215
223
223
213
209
201
199
199
187
181
181
189
187
195
193
199
195
201
201
201
201
207
213
209
209
213
213
213
219
225
217
215
215
213
209
207
209
209
209
213
211
215
219
213
209
209
213
209
205
203
205
197
195
195
203
203
201
203
207
207
209
197
193
191
193
189
181
181
179
179
181
187
187
187
187
187
181
183
185
185
193
197
193
191
185
183
183
173
183
189
183
183
191
193
201
205
205
207
213
207
207
209
205
211
213
213
211
205
205
199
201
203
203
195
185
177
177
179
175
173
167
173
167
161
169
169
169
173
175
175
179
193
187
183
183
177
173
179
175
175
181
181
181
183
181
181
185
181
187
183
193
189
191
193
195
189
177
177
175
171
163
167
163
167
157
147
135
135
143
145
147
149
153
153
155
153
157
149
149
145
149
149
153
157
159
159
155
153
143
145
145
141
139
139
139
145
139
143
145
155
155
155
147
145
135
131
123
123
117
115
113
107
107
99
101
109
107
119
123
123
135
139
139
145
147
149
151
149
145
151
151
149
137
137
131
135
129
133
133
129
131
131
129
131
129
135
135
131
131
133
133
133
143
135
137
139
145
141
147
145
143
143
133
137
135
135
135
131
131
133
131
127
133
133
135
131
131
129
125
135
125
127
125
123
113
105
105
101
101
99
97
89
95
107
109
111
111
111
111
101
99
99
95
93
95
101
101
109
115
115
115
123
123
113
115
113
123
119
117
119
123
117
115
109
109
109
105
109
97
99
103
107
109
117
117
115
115
115
109
105
113
119
121
111
113
107
97
93
95
87
83
83
71
67
71
75
75
77
87
93
97
97
101
101
101
93
101
97
95
103
107
107
101
103
103
107
109
117
109
107
105
105
101
99
97
97
101
97
97
101
105
109
113
115
103
113
107
111
111
109
107
107
111
119
117
119
123
115
123
123
121
119
119
127
129
129
135
131
133
133
127
117
121
117
117
117
121
123
131
137
129
133
131
129
133
133
135
141
129
127
125
125
131
143
143
137
137
141
143
145
145
145
157
153
157
147
151
157
163
163
165
161
167
173
173
171
165
163
169
167
165
165
167
183
187
193
191
197
195
195
187
183
173
179
177
165
171
173
171
169
169
175
171
179
177
177
183
189
189
183
177
173
179
169
167
171
177
179
181
181
183
195
201
195
197
197
201
199
199
201
199
205
213
209
205
207
207
211
213
215
213
209
211
209
203
197
189
193
183
179
191
191
199
199
197
199
201
199
197
199
195
199
199
203
205
205
199
199
197
195
195
195
203
203
201
199
197
209
199
195
191
185
181
179
175
175
183
187
187
181
167
167
159
153
151
153
153
153
165
165
165
169
163
159
153
149
153
147
145
141
133
133
135
139
145
147
141
139
135
139
133
133
129
133
133
139
143
135
131
131
135
137
139
129
127
127
129
129
127
131
127
133
137
137
139
139
137
129
123
123
123
123
125
123
123
127
133
137
137
137
137
147
153
153
151
159
159
159
161
165
161
147
149
143
139
141
137
141
145
153
153
151
147
151
151
157
159
161
157
155
147
143
139
139
141
149
151
159
153
157
159
153
153
149
141
141
135
139
139
141
135
129
125
125
125
133
133
133
121
121
125
129
131
127
123
123
133
139
141
133
125
121
121
115
109
113
123
123
127
127
127
133
129
129
129
123
123
123
129
121
117
125
123
121
125
111
103
99
107
103
97
97
93
83
85
85
83
89
97
99
91
91
85
81
87
85
91
93
87
85
89
89
91
97
97
97
85
91
89
89
95
95
93
87
85
77
77
71
71
69
71
71
73
73
69
69
77
73
67
73
81
73
67
69
59
55
53
57
55
55
59
55
55
45
57
57
57
69
61
59
55
67
63
63
65
63
69
73
81
73
71
73
77
71
65
65
53
53
45
43
45
39
45
43
49
49
49
49
45
39
43
43
41
35
29
27
33
47
47
45
51
53
61
61
55
55
55
49
39
35
45
33
27
23
27
27
33
37
37
35
35
39
39
33
29
23
15
19
13
9
9
9
11
7
1
-5
-13
-13
-9
-5
-5
3
9
9
-1
3
3
-3
3
11
9
9
7
-1
-3
-3
5
9
9
13
13
13
9
13
11
17
23
25
23
15
13
15
25
27
27
23
17
23
21
19
19
19
27
27
31
33
37
35
37
41
51
49
49
47
49
61
63
61
61
63
59
65
67
63
61
53
57
49
51
51
51
43
33
27
27
21
15
23
23
23
31
27
13
5
11
9
7
13
15
17
15
15
15
15
19
21
25
27
33
37
45
53
63
61
55
55
57
59
57
57
57
55
59
59
59
59
65
65
69
63
67
73
71
67
63
67
71
73
71
63
57
57
63
63
57
57
51
51
55
55
59
57
57
51
51
53
63
65
63
69
69
69
71
67
67
59
59
67
69
69
67
63
69
67
65
61
63
63
59
59
63
53
53
51
47
49
53
53
53
59
59
57
55
57
57
59
51
57
57
53
55
55
49
51
55
53
51
51
57
55
57
51
45
49
47
45
45
43
47
47
47
55
55
57
59
59
65
63
65
61
61
67
61
59
53
55
55
49
49
41
43
47
39
39
47
39
39
29
25
25
25
21
25
35
43
49
49
51
53
59
59
51
47
41
39
39
33
37
43
47
51
57
59
67
67
55
71
73
77
69
75
79
79
73
87
87
87
81
85
89
79
77
77
71
73
83
73
85
97
99
87
87
85
89
97
107
111
111
121
125
125
127
119
119
119
117
105
109
103
109
109
115
121
125
117
115
119
129
127
131
129
125
129
129
125
121
131
123
113
117
121
123
123
117
115
107
103
109
111
109
105
109
109
105
95
93
79
75
67
65
63
67
63
67
75
73
81
77
79
81
79
77
73
69
67
67
73
83
77
77
85
89
93
87
87
87
83
83
83
83
73
71
63
53
55
55
53
65
61
67
67
63
61
61
57
63
69
73
71
69
77
91
91
91
87
83
83
87
89
83
81
81
83
81
79
77
85
85
93
93
81
81
73
63
57
61
61
61
61
65
61
55
55
61
63
69
73
73
71
73
63
63
59
63
77
83
81
83
85
85
83
73
75
71
79
73
73
71
77
81
85
79
79
77
77
77
77
79
79
81
77
75
77
93
93
93
93
103
103
109
103
109
109
109
101
101
107
107
121
113
111
109
113
115
111
111
105
101
101
109
103
107
111
111
117
109
113
105
109
107
111
111
113
117
113
113
111
113
113
109
107
105
109
107
105
103
111
117
111
113
111
121
125
121
123
123
129
127
129
123
113
111
107
107
97
105
107
99
85
85
85
85
91
89
89
89
93
93
97
91
95
95
97
95
99
91
93
91
95
99
89
85
87
93
89
95
91
97
99
101
105
105
105
107
101
107
103
115
117
113
105
109
105
107
111
109
109
93
93
101
105
105
105
107
107
117
115
115
109
117
117
111
117
123
121
123
113
111
113
117
121
119
119
113
101
97
91
79
77
89
89
99
99
89
83
87
91
99
99
95
87
97
105
97
97
97
101
107
113
111
107
119
109
101
101
109
109
107
115
121
127
127
131
133
133
133
133
139
139
139
141
141
137
131
127
131
131
131
141
137
141
155
157
159
159
151
151
151
149
153
153
153
149
149
145
151
147
147
153
145
137
139
139
141
147
153
155
161
165
171
185
171
161
161
163
165
165
163
155
157
155
155
151
151
159
167
171
173
179
179
177
177
177
177
189
191
191
191
187
185
177
177
177
169
169
171
169
169
159
149
151
149
151
139
139
139
139
145
139
139
133
119
109
101
109
109
103
101
99
99
103
107
107
105
107
107
107
115
127
129
129
125
123
119
117
113
117
125
119
123
115
115
113
117
111
117
119
125
133
127
133
129
135
135
127
131
137
139
133
127
129
131
133
139
141
141
145
153
153
153
161
159
157
159
165
165
165
163
157
153
153
153
155
157
155
159
159
165
159
153
155
157
153
153
153
153
149
147
143
151
143
143
145
149
149
147
133
133
133
145
141
135
139
137
129
141
141
151
145
143
133
133
141
151
149
141
149
149
145
151
151
151
151
155
153
149
149
151
149
145
141
139
141
139
139
147
149
153
153
153
161
151
155
155
161
159
163
171
169
171
169
167
159
163
163
159
163
165
169
173
173
175
175
161
163
163
155
165
177
175
181
177
179
177
169
173
179
173
177
185
187
193
195
189
191
193
185
189
191
185
191
191
195
197
201
213
219
217
227
231
233
233
227
231
233
233
235
235
231
229
217
217
217
213
209
209
207
207
213
219
211
207
207
203
203
203
195
195
203
217
209
217
221
225
223
223
221
221
217
221
229
233
235
237
233
233
235
239
241
245
249
245
243
249
249
245
241
247
255
257
265
269
263
257
251
251
245
249
249
257
255
249
251
257
267
271
261
263
267
267
259
267
259
251
247
245
251
259
253
259
255
247
243
241
239
233
233
233
223
223
223
221
225
225
225
223
233
229
227
239
241
241
237
235
231
235
235
233
237
235
237
231
235
239
239
239
233
233
231
239
243
247
245
239
245
241
237
233
231
223
219
209
213
213
209
207
207
207
205
215
213
213
209
209
217
211
205
199
195
191
179
171
169
167
165
165
155
161
157
167
165
175
165
171
175
177
183
175
177
181
179
167
165
165
169
177
177
181
187
193
185
191
185
185
181
177
171
177
179
173
181
173
177
173
173
171
167
161
161
171
171
173
179
181
189
191
187
183
185
179
183
191
197
189
187
193
193
187
187
185
187
185
177
181
181
179
181
171
173
175
173
173
171
163
163
163
