-2619
-2607
-2607
-2607
-2609
-2599
-2601
-2591
-2587
-2587
-2575
-2567
-2567
-2559
-2557
-2553
-2545
-2537
-2537
-2535
-2535
-2523
-2511
-2499
-2491
-2481
-2475
-2469
-2465
-2465
-2457
-2457
-2455
-2445
-2445
-2447
-2447
-2451
-2443
-2429
-2429
-2421
-2413
-2407
-2401
-2395
-2395
-2385
-2379
-2365
-2357
-2345
-2345
-2337
-2329
-2329
-2323
-2317
-2305
-2299
-2299
-2289
-2289
-2283
-2279
-2271
-2271
-2259
-2249
-2249
-2241
-2241
-2235
-2229
-2229
-2225
-2225
-2225
-2225
-2219
-2201
-2191
-2187
-2175
-2171
-2171
-2165
-2163
-2159
-2151
-2141
-2133
-2123
-2119
-2119
-2105
-2105
-2097
-2095
-2087
-2083
-2091
-2101
-2089
-2087
-2081
-2071
-2071
-2075
-2067
-2067
-2053
-2053
-2045
-2041
-2031
-2023
-2021
-2009
-2001
-1999
-1995
-1995
-1991
-1991
-1985
-1987
-1987
-1987
-1979
-1965
-1959
-1959
-1959
-1957
-1951
-1951
-1945
-1945
-1945
-1943
-1933
-1927
-1923
-1915
-1911
-1897
-1901
-1901
-1901
-1903
-1909
-1909
-1903
-1887
-1889
-1879
-1875
-1875
-1875
-1865
-1859
-1853
-1851
-1845
-1843
-1843
-1831
-1827
-1819
-1819
-1809
-1797
-1787
-1769
-1761
-1769
-1769
-1769
-1753
-1737
-1741
-1745
-1745
-1751
-1755
-1757
-1749
-1751
-1753
-1753
-1747
-1741
-1741
-1733
-1729
-1725
-1719
-1711
-1711
-1711
-1711
-1701
-1691
-1691
-1685
-1675
-1675
-1671
-1671
-1659
-1659
-1653
-1645
-1651
-1651
-1639
-1631
-1625
-1615
-1615
-1615
-1621
-1609
-1597
-1607
-1605
-1603
-1597
-1587
-1583
-1577
-1577
-1575
-1565
-1565
-1565
-1553
-1553
-1549
-1549
-1551
-1547
-1541
-1529
-1519
-1513
-1503
-1497
-1485
-1481
-1481
-1475
-1475
-1469
-1461
-1463
-1449
-1449
-1443
-1439
-1441
-1435
-1433
-1431
-1431
-1431
-1421
-1417
-1407
-1409
-1411
-1411
-1411
-1409
-1399
-1387
-1381
-1381
-1369
-1369
-1375
-1373
-1363
-1355
-1353
-1347
-1335
-1329
-1329
-1331
-1331
-1331
-1331
-1333
-1325
-1325
-1325
-1331
-1323
-1319
-1319
-1313
-1321
-1307
-1299
-1307
-1307
-1307
-1297
-1305
-1305
-1305
-1297
-1289
-1293
-1303
-1303
-1299
-1299
-1293
-1289
-1289
-1291
-1285
-1293
-1293
-1283
-1283
-1283
-1283
-1275
-1279
-1273
-1275
-1275
-1269
-1259
-1255
-1245
-1245
-1245
-1241
-1241
-1235
-1239
-1239
-1233
-1233
-1233
-1223
-1223
-1225
-1225
-1219
-1219
-1225
-1227
-1217
-1217
-1213
-1201
-1197
-1201
-1201
-1197
-1197
-1193
-1193
-1187
-1187
-1177
-1177
-1175
-1175
-1169
-1169
-1169
-1163
-1155
-1153
-1155
-1149
-1141
-1137
-1135
-1115
-1111
-1111
-1109
-1109
-1099
-1099
-1103
-1105
-1097
-1097
-1087
-1081
-1077
-1077
-1077
-1081
-1089
-1089
-1083
-1083
-1083
-1077
-1077
-1083
-1083
-1081
-1081
-1071
-1065
-1055
-1055
-1055
-1043
-1037
-1037
-1037
-1029
-1019
-1015
-1015
-1021
-1021
-1023
-1025
-1019
-1017
-1013
-1007
-995
-995
-995
-993
-993
-989
-979
-977
-977
-975
-975
-967
-967
-963
-957
-947
-953
-949
-943
-937
-929
-921
-921
-921
-921
-915
-909
-907
-907
-911
-909
-917
-917
-917
-905
-911
-901
-895
-889
-889
-881
-889
-883
-879
-867
-857
-845
-839
-839
-839
-839
-829
-827
-829
-829
-829
-829
-829
-821
-821
-821
-819
-821
-815
-811
-807
-805
-803
-799
-791
-783
-783
-777
-777
-777
-777
-765
-765
-765
-767
-765
-763
-767
-759
-747
-747
-747
-747
-737
-727
-733
-733
-729
-729
-729
-729
-723
-717
-721
-721
-713
-713
-717
-717
-713
-707
-715
-711
-709
-709
-701
-701
-701
-697
-697
-693
-697
-689
-689
-685
-685
-681
-687
-671
-659
-659
-659
-657
-657
-659
-659
-659
-651
-649
-649
-645
-647
-651
-647
-645
-639
-639
-635
-629
-617
-601
-609
-609
-603
-605
-603
-601
-605
-605
-611
-609
-599
-591
-597
-587
-587
-585
-585
-577
-567
-571
-581
-581
-581
-573
-571
-575
-575
-575
-575
-575
-575
-585
-585
-581
-571
-583
-583
-583
-585
-587
-583
-577
-579
-573
-577
-581
-585
-585
-577
-579
-579
-585
-595
-587
-581
-581
-575
-577
-567
-567
-567
-567
-573
-575
-573
-579
-579
-579
-579
-579
-579
-575
-571
-565
-565
-571
-565
-569
-567
-557
-559
-551
-557
-557
-549
-547
-547
-535
-527
-531
-529
-535
-537
-533
-531
-531
-531
-531
-531
-529
-529
-529
-529
-529
-533
-539
-533
-533
-529
-531
-531
-533
-523
-525
-517
-513
-507
-503
-503
-499
-499
-499
-501
-497
-493
-489
-491
-491
-491
-487
-481
-475
-475
-469
-463
-453
-449
-449
-443
-437
-439
-437
-437
-437
-441
-429
-429
-429
-421
-415
-407
-407
-399
-391
-391
-393
-399
-407
-401
-401
-401
-399
-397
-405
-405
-403
-407
-407
-397
-393
-399
-391
-391
-395
-391
-397
-385
-377
-377
-375
-383
-375
-383
-375
-371
-371
-375
-375
-377
-371
-377
-371
-371
-371
-373
-369
-375
-373
-373
-371
-369
-369
-369
-369
-369
-367
-363
-365
-363
-359
-361
-363
-359
-365
-367
-359
-357
-367
-367
-359
-365
-365
-379
-379
-371
-367
-375
-363
-363
-355
-355
-347
-339
-333
-333
-341
-345
-337
-337
-337
-335
-337
-345
-343
-351
-351
-351
-361
-355
-361
-365
-359
-359
-353
-357
-365
-369
-369
-363
-359
-355
-351
-343
-339
-339
-341
-335
-335
-325
-321
-321
-315
-315
-315
-305
-309
-309
-309
-301
-301
-301
-301
-291
-291
-279
-267
-267
-263
-257
-257
-263
-269
-271
-271
-271
-271
-271
-271
-275
-275
-275
-269
-265
-263
-263
-261
-261
-255
-255
-259
-255
-255
-251
-251
-251
-247
-251
-251
-251
-251
-253
-253
-237
-239
-239
-227
-221
-213
-221
-219
-209
-211
-211
-211
-201
-199
-197
-199
-207
-205
-203
-207
-207
-205
-205
-205
-201
-201
-203
-203
-203
-207
-207
-205
-197
-193
-193
-195
-199
-191
-193
-193
-197
-193
-193
-191
-189
-189
-183
-179
-181
-187
-185
-179
-177
-169
-171
-163
-157
-157
-161
-165
-165
-163
-167
-169
-169
-159
-159
-159
-159
-159
-163
-159
-155
-155
-165
-161
-161
-161
-167
-167
-169
-159
-167
-165
-165
-153
-153
-151
-141
-139
-137
-137
-141
-133
-127
-127
-125
-123
-123
-123
-127
-127
-127
-119
-123
-125
-131
-121
-121
-113
-117
-121
-121
-109
-117
-117
-117
-117
-119
-125
-125
-125
-121
-125
-127
-137
-143
-141
-133
-133
-133
-133
-133
-133
-133
-135
-131
-129
-131
-123
-121
-119
-119
-111
-109
-109
-101
-103
-103
-111
-111
-119
-119
-117
-131
-131
-129
-129
-121
-121
-119
-117
-119
-121
-123
-123
-121
-123
-123
-131
-125
-131
-133
-131
-131
-131
-131
-131
-131
-137
-135
-139
-139
-141
-145
-147
-147
-139
-141
-141
-145
-135
-123
-123
-133
-133
-133
-137
-135
-133
-133
-141
-137
-141
-145
-149
-149
-151
-151
-151
-151
-151
-151
-153
-147
-153
-153
-141
-143
-153
-149
-153
-153
-141
-131
-131
-141
-151
-151
-151
-151
-159
-163
-163
-163
-163
-163
-153
-149
-151
-153
-153
-147
-149
-147
-143
-139
-141
-127
-127
-119
-115
-105
-103
-97
-89
-93
-93
-101
-89
-89
-85
-91
-101
-101
-97
-87
-81
-73
-73
-73
-67
-67
-63
-61
-63
-61
-61
-59
-49
-45
-41
-49
-53
-55
-55
-57
-57
-57
-61
-57
-57
-57
-57
-49
-49
-51
-55
-51
-51
-51
-51
-51
-47
-47
-41
-33
-31
-41
-41
-33
-33
-29
-31
-31
-43
-43
-45
-45
-47
-47
-47
-51
-51
-55
-61
-61
-65
-63
-53
-63
-53
-59
-59
-59
-59
-45
-41
-29
-29
-35
-35
-35
-35
-29
-29
-29
-33
-39
-41
-39
-47
-33
-31
-29
-29
-21
-13
-15
-7
-7
-7
-7
-7
-13
-13
-15
-17
-17
-15
-13
-23
-21
-21
-21
-21
-15
-13
-13
-13
-3
1
1
1
-13
-17
-19
-19
-25
-25
-21
-21
-19
-19
-31
-37
-37
-41
-45
-37
-37
-33
-33
-33
-27
-19
-29
-29
-25
-21
-15
-7
-5
-5
-5
-1
1
3
15
21
31
23
23
13
21
19
21
25
23
25
19
27
25
25
27
27
17
13
21
25
37
31
29
27
29
19
21
21
21
15
17
9
9
13
13
13
13
13
11
11
13
19
17
21
35
29
35
43
49
49
41
43
43
51
53
57
55
55
55
55
55
63
63
67
65
61
63
63
63
65
57
59
57
53
51
49
51
45
45
43
37
39
39
33
33
33
37
33
33
37
39
29
29
35
37
37
37
29
29
33
29
29
19
23
15
15
25
25
25
25
27
33
33
33
39
45
49
51
45
37
39
33
27
27
23
15
15
17
11
7
7
5
7
7
9
11
11
25
27
25
23
17
23
27
27
33
41
41
41
37
19
19
29
25
27
33
29
37
33
39
37
29
33
33
33
37
31
31
31
37
37
37
37
33
21
17
17
23
29
27
27
33
33
33
29
21
21
17
29
27
27
27
27
27
33
25
25
25
25
27
23
17
17
23
23
21
21
15
21
21
21
21
21
21
21
21
15
15
17
13
13
15
15
13
19
13
21
23
29
35
41
47
45
43
43
49
47
47
53
59
59
59
65
71
67
65
65
63
67
67
77
69
75
83
81
89
79
91
95
95
95
99
99
95
83
81
79
83
83
91
93
83
83
85
71
71
75
75
75
77
77
77
77
77
77
85
81
79
79
91
91
83
83
87
87
75
79
71
65
63
63
65
67
67
67
67
75
69
79
71
67
61
49
55
59
65
65
69
67
67
59
59
63
59
61
61
53
53
51
47
47
47
55
53
43
39
39
41
41
37
39
47
47
51
51
57
57
57
57
51
51
51
65
55
59
59
59
59
63
55
61
61
65
63
63
63
57
53
53
55
55
55
53
63
71
75
75
81
81
81
95
99
97
97
89
85
85
89
93
93
95
103
95
95
95
91
91
83
89
95
97
99
99
109
101
105
105
105
103
105
103
101
101
101
99
105
103
115
113
113
113
125
119
119
123
121
121
115
115
121
127
127
127
133
129
137
127
117
113
107
107
97
93
89
91
91
89
89
85
85
91
101
107
107
105
109
109
119
119
129
129
129
129
129
125
129
129
139
145
143
153
161
165
171
169
177
175
175
177
181
177
177
173
173
173
171
171
173
163
163
163
169
159
149
149
149
149
145
153
147
151
143
143
149
157
155
153
153
153
161
167
167
155
155
155
159
153
155
157
149
155
163
155
147
149
139
143
145
151
153
155
163
163
161
145
149
149
141
147
147
153
153
149
159
159
151
151
147
147
147
137
141
145
145
145
145
147
147
139
133
133
125
125
127
133
133
137
139
143
139
139
141
137
133
133
127
135
135
141
133
143
153
155
155
153
163
169
169
173
175
177
187
193
197
199
195
207
199
203
203
199
197
195
199
199
219
219
219
223
223
225
219
227
221
221
225
223
223
213
213
215
211
211
217
221
231
231
231
229
233
233
231
227
231
237
235
231
225
225
237
251
251
249
249
253
253
253
257
257
257
251
255
253
249
249
251
251
251
251
245
257
247
249
249
245
241
241
241
239
243
241
249
243
227
237
235
239
245
241
233
233
233
229
231
235
229
231
231
231
235
235
239
243
247
247
247
247
243
243
243
243
243
235
231
223
223
229
229
229
223
213
211
215
221
231
231
239
239
235
237
235
239
233
233
233
223
223
223
219
219
225
217
217
217
217
219
219
219
225
225
221
209
197
191
181
181
181
181
181
181
177
179
179
179
177
181
177
175
175
175
179
179
183
183
193
193
187
197
199
193
193
191
187
187
199
199
205
209
209
205
205
209
211
211
211
217
209
213
213
207
211
211
207
205
205
205
205
205
215
215
199
203
201
201
199
201
205
205
201
209
209
209
207
205
207
207
205
201
201
201
205
199
193
193
193
189
193
193
193
197
199
197
203
199
197
193
191
191
197
201
199
199
197
197
203
195
185
187
183
181
181
181
177
177
185
185
183
193
193
181
179
177
195
195
197
197
199
199
205
207
209
209
209
211
211
215
205
203
201
203
205
209
213
207
207
207
211
211
211
207
201
201
195
203
209
207
207
209
213
217
215
215
213
207
199
199
201
201
201
205
205
205
205
199
197
201
201
197
197
197
197
201
201
193
193
193
193
201
195
203
207
207
207
207
193
195
195
189
195
189
195
195
193
179
171
165
169
153
153
155
155
155
155
155
155
165
171
171
173
189
195
207
201
207
201
199
199
199
201
201
203
209
209
201
199
199
183
183
177
185
187
187
187
187
191
199
199
199
189
187
191
195
195
195
197
207
207
207
205
205
213
211
211
201
199
201
197
197
197
201
201
191
189
195
197
203
203
203
211
203
201
201
207
207
191
183
185
183
195
205
201
203
205
201
191
195
205
205
195
203
199
203
203
199
195
207
213
213
209
215
209
203
207
209
209
211
213
213
213
217
217
219
213
213
203
207
207
219
221
225
219
215
213
213
209
209
209
207
193
189
191
199
199
205
205
203
199
191
191
193
203
213
217
225
215
217
213
217
213
213
223
209
209
217
221
223
221
217
217
217
215
219
205
203
203
211
211
211
205
199
197
207
201
201
205
209
213
203
203
201
201
203
201
201
211
211
207
211
211
211
217
221
223
213
211
213
209
219
217
215
219
225
221
221
219
225
227
227
229
223
223
227
233
233
233
231
243
243
239
239
239
243
233
233
233
233
235
235
229
235
235
227
225
221
221
225
225
241
241
241
241
241
237
237
235
231
229
227
229
229
225
219
223
219
229
225
235
233
231
231
231
229
245
245
251
251
251
241
241
239
243
243
243
243
241
241
241
233
233
227
225
225
223
223
223
225
225
229
235
233
233
223
223
223
223
221
217
221
219
223
225
229
219
207
207
203
203
211
219
229
223
209
209
213
213
211
211
207
207
207
203
203
203
205
211
197
195
191
191
195
195
201
197
197
197
201
213
215
215
215
215
215
217
219
213
217
227
219
213
213
213
219
219
219
223
219
221
219
223
223
229
233
241
243
241
229
229
229
229
217
217
219
221
229
231
231
225
225
225
223
223
215
211
211
211
209
213
215
215
217
217
217
217
215
201
201
201
199
195
189
195
195
195
195
199
205
205
205
201
201
201
205
201
201
193
193
189
189
191
191
191
187
181
177
179
179
179
179
175
165
165
165
151
155
159
159
151
151
143
139
133
135
127
127
121
121
117
111
111
107
111
103
105
107
105
97
99
95
95
105
95
93
95
95
97
97
97
93
93
101
101
107
107
113
119
119
123
133
133
133
133
137
137
139
137
143
139
139
149
149
149
157
149
151
145
143
141
143
147
147
147
159
157
165
159
163
151
143
139
135
137
137
137
125
121
121
119
123
123
119
115
117
117
117
117
117
113
113
107
105
103
105
113
111
119
119
117
117
123
125
125
125
125
115
115
115
117
123
121
121
119
113
107
107
107
103
103
97
101
101
101
101
97
97
93
93
101
101
101
101
101
97
101
101
101
101
109
109
103
95
99
99
103
103
107
105
105
105
117
123
123
121
129
133
133
129
127
135
129
141
139
141
147
155
155
151
149
147
159
159
159
167
167
155
155
153
151
147
143
139
139
145
145
145
153
153
153
153
153
151
155
155
149
149
147
147
149
145
153
149
155
155
157
157
157
153
155
155
165
165
165
165
165
165
165
165
163
163
165
165
177
183
193
189
195
185
185
185
185
193
185
181
181
171
179
175
175
169
169
161
161
161
153
149
149
151
153
163
163
157
149
149
155
147
149
159
167
165
165
165
165
165
171
169
163
163
163
167
157
155
153
143
141
141
141
133
133
135
133
133
131
135
135
135
135
135
131
131
131
127
127
127
127
123
125
135
129
127
127
135
125
117
111
113
109
101
107
99
99
93
101
101
111
115
111
105
105
105
103
109
107
101
105
107
103
103
105
105
105
105
101
101
101
107
107
107
105
103
103
107
105
101
103
97
97
97
93
95
95
95
95
99
99
95
99
99
95
87
85
85
83
83
83
81
81
77
77
75
75
73
81
95
93
85
87
87
91
91
91
91
89
81
81
75
75
81
79
81
81
81
87
87
77
77
77
77
79
83
85
85
87
89
95
95
93
97
103
103
105
103
105
105
95
107
107
111
115
117
113
113
111
121
121
123
117
117
109
101
95
105
113
113
109
109
115
115
121
121
109
109
109
115
115
113
113
115
115
123
119
125
119
117
119
131
129
137
137
139
145
155
159
159
159
159
161
161
161
165
165
165
165
171
163
163
161
161
161
167
181
189
193
189
189
191
205
205
205
201
199
197
197
199
197
195
187
187
187
187
187
183
177
177
177
173
157
159
165
163
163
161
165
165
165
155
163
163
163
163
171
167
167
171
175
183
185
185
183
183
179
177
171
171
173
165
161
169
167
171
171
171
167
165
159
159
161
161
157
157
165
161
165
165
165
161
165
165
165
175
169
175
175
181
191
189
197
195
191
193
193
193
189
193
193
187
187
187
191
191
191
177
177
177
177
181
187
187
193
193
185
185
197
207
219
223
215
215
215
215
207
207
207
199
201
205
201
199
209
209
209
203
209
209
213
219
215
217
219
219
219
219
215
211
213
213
219
219
219
209
205
205
205
211
217
213
209
209
199
203
205
205
205
197
201
201
201
201
187
193
207
203
205
199
195
207
219
211
217
217
217
217
213
213
209
209
207
207
215
217
231
229
219
219
219
217
207
207
201
205
201
205
201
201
201
203
203
197
193
195
195
197
199
195
195
191
185
193
187
183
183
185
185
189
187
193
191
181
175
175
167
165
165
177
183
181
183
189
185
181
181
187
193
193
187
193
193
197
193
189
189
189
189
187
187
191
197
193
193
193
193
193
193
193
189
193
193
185
185
185
177
181
179
179
179
165
169
171
165
165
163
147
157
165
155
165
165
167
167
167
171
171
171
177
179
179
179
179
175
175
185
173
175
175
183
197
197
201
197
195
195
195
205
201
201
201
209
211
219
221
221
221
225
225
219
215
213
213
211
211
203
203
203
205
205
215
215
215
219
219
223
221
221
219
221
227
213
209
213
217
213
213
213
215
223
217
217
213
215
215
219
225
217
221
221
217
213
213
211
211
215
215
215
217
217
221
221
223
223
223
221
213
213
213
213
211
211
209
199
199
197
197
191
197
197
205
199
191
201
207
211
209
209
209
209
201
209
215
211
213
207
207
195
195
197
203
205
199
197
195
195
199
201
195
197
197
197
191
191
191
199
189
193
193
193
195
195
193
197
195
191
195
193
193
193
195
199
199
199
199
199
201
215
203
207
203
205
205
209
203
203
205
205
209
203
203
201
197
203
193
201
191
197
205
205
205
211
203
201
201
213
213
223
219
217
229
233
233
239
239
233
233
231
241
241
241
239
239
235
241
231
227
227
227
223
223
233
247
243
241
233
233
227
223
223
223
219
221
223
217
217
217
217
215
215
217
215
211
207
209
203
203
203
201
201
211
223
231
229
235
227
229
227
231
233
223
229
219
221
215
219
211
221
233
233
235
235
235
235
235
225
227
221
221
215
207
209
219
215
211
211
217
223
223
229
231
233
233
233
233
233
235
223
221
221
225
225
231
231
231
241
235
235
237
241
243
237
237
237
231
231
235
235
239
249
239
241
245
247
239
239
231
219
219
225
225
225
231
227
227
227
231
239
239
239
237
227
227
237
237
233
239
237
237
235
231
221
209
211
211
213
207
207
209
215
209
207
201
201
201
201
195
195
191
199
199
205
205
205
209
217
233
227
229
231
229
229
229
229
229
225
225
223
223
227
225
223
229
229
229
229
215
231
231
239
247
251
261
249
251
249
249
257
253
249
251
257
257
261
255
255
259
259
263
271
263
263
269
273
269
261
261
251
251
251
251
251
251
253
243
243
237
237
243
243
251
247
251
255
263
273
273
275
269
265
265
265
259
253
251
249
255
259
261
261
267
261
261
265
265
271
279
273
271
271
271
273
273
271
263
263
255
257
253
247
249
249
245
247
239
231
231
231
229
229
239
233
233
237
237
225
223
225
211
203
199
195
191
187
187
177
179
179
179
179
179
179
175
169
171
171
169
169
169
169
175
169
167
173
163
165
163
163
159
159
155
163
165
165
161
161
163
169
155
155
147
155
159
159
163
167
167
173
175
175
181
189
195
201
201
201
199
199
201
201
201
201
201
205
219
217
217
213
215
215
211
209
215
207
223
223
229
227
225
225
225
227
235
239
249
249
241
241
229
227
231
231
231
229
229
233
235
237
237
243
255
259
265
265
267
263
263
271
275
273
273
273
273
273
277
271
271
271
269
269
269
269
259
271
269
273
273
269
267
277
283
275
281
273
283
279
267
263
277
277
277
275
275
277
279
277
281
283
293
293
301
297
297
287
287
285
283
283
281
281
279
279
277
273
273
273
269
271
273
263
267
283
285
289
289
289
285
285
283
283
283
283
283
283
279
275
267
273
265
267
265
261
259
261
261
261
269
275
279
279
267
267
267
273
283
283
277
285
285
285
281
277
277
273
273
273
271
267
259
257
257
255
261
261
249
249
249
243
229
229
231
241
241
251
253
245
245
245
245
245
249
249
241
243
239
243
241
243
247
249
251
249
239
243
243
251
257
249
241
241
249
259
261
257
253
257
259
259
271
263
267
261
261
271
271
269
265
279
275
285
275
279
279
279
279
271
273
271
269
265
261
257
259
259
259
259
255
251
245
245
241
241
249
255
259
257
245
245
255
255
251
247
247
247
247
243
241
233
235
237
241
241
239
237
235
235
235
237
239
233
233
243
243
239
235
235
235
233
229
225
223
223
229
233
223
229
229
235
221
221
221
221
219
219
219
219
219
213
215
221
227
231
237
241
243
247
237
235
235
235
229
233
229
221
229
227
235
233
233
237
231
231
225
225
223
225
229
227
225
225
225
219
219
223
223
223
219
209
209
223
227
229
235
235
245
245
245
245
259
255
249
241
243
237
231
231
227
227
227
231
229
221
221
221
211
199
205
205
199
197
197
197
185
187
187
179
187
183
183
191
183
183
179
189
193
193
193
193
197
197
203
203
193
197
195
201
195
199
197
197
199
199
201
201
207
201
201
201
205
197
201
201
197
197
199
207
203
203
195
199
199
209
209
205
207
203
203
203
203
199
197
191
191
191
193
185
183
183
183
185
185
187
181
177
175
175
175
175
185
183
183
183
187
193
199
199
195
193
197
197
199
199
191
195
195
193
185
191
181
187
189
195
195
191
185
181
181
181
169
163
161
149
149
153
167
173
179
179
187
191
191
191
191
189
189
183
183
185
185
185
185
185
179
179
181
191
191
181
181
179
177
183
181
177
169
169
165
165
165
165
165
177
185
179
183
181
181
181
183
183
181
181
185
187
185
185
179
175
177
189
191
185
181
181
187
185
189
189
185
183
187
187
187
191
191
181
181
181
181
181
183
187
183
177
173
173
169
175
175
181
181
181
183
185
189
189
185
185
185
181
185
185
185
193
191
195
199
199
207
211
211
211
211
217
225
237
237
237
239
239
237
239
241
245
243
253
253
247
255
247
247
245
251
255
249
249
249
255
253
253
243
239
231
231
231
237
237
241
241
241
237
247
243
245
251
251
253
255
251
251
251
249
245
249
249
249
249
255
249
259
257
267
259
255
265
271
271
269
281
287
279
273
273
269
275
271
275
283
297
297
297
305
313
313
311
309
313
313
313
313
317
325
325
325
325
319
321
321
321
301
305
313
313
313
327
323
319
319
317
315
315
315
319
319
319
311
317
313
305
307
301
301
301
313
317
319
327
333
327
323
323
317
313
313
321
317
319
323
333
321
317
319
321
321
321
325
325
317
319
319
319
321
321
323
323
329
325
337
341
343
339
343
337
327
321
321
321
321
325
323
317
317
323
319
323
325
325
325
325
325
325
325
321
321
313
313
305
303
297
299
299
303
295
293
301
297
297
289
289
289
283
283
285
281
277
279
279
281
281
275
281
281
277
277
277
281
277
273
265
265
265
265
257
255
261
261
263
263
265
265
255
257
251
257
253
261
263
265
269
265
267
273
287
287
283
283
291
289
289
289
291
283
283
279
283
289
287
285
279
281
281
279
285
285
285
275
275
265
261
257
257
245
243
239
245
251
259
247
247
253
253
251
249
251
253
251
253
249
237
237
241
239
241
243
249
245
245
239
241
243
243
243
253
247
255
259
257
251
253
255
247
241
241
241
241
241
239
239
249
249
249
253
253
263
263
259
261
257
247
247
251
251
241
239
239
239
227
235
235
223
223
227
233
235
231
223
223
225
227
233
237
239
239
239
231
223
227
221
211
207
207
207
207
209
209
215
213
213
213
211
211
211
211
205
205
205
209
209
209
213
215
221
225
225
225
221
223
219
225
227
227
223
223
221
229
227
223
219
219
213
213
209
209
207
207
205
207
207
209
209
215
215
215
215
221
217
217
215
219
219
217
217
217
217
207
207
217
217
217
215
209
209
207
209
209
201
207
207
207
207
207
203
211
209
211
219
219
217
217
213
209
217
225
225
223
223
219
223
223
223
219
219
217
205
211
215
215
215
215
223
223
223
217
217
217
219
213
223
223
227
227
227
223
221
221
221
219
213
213
219
217
219
215
215
211
219
219
215
209
209
213
215
213
213
213
205
209
221
221
221
221
213
217
217
213
213
209
209
211
211
213
213
221
221
215
215
223
213
213
213
209
207
207
207
211
211
207
217
217
207
199
199
193
195
193
193
195
199
199
199
201
193
197
197
197
197
197
197
195
195
199
207
207
203
205
209
213
219
223
223
221
221
227
231
231
223
223
229
221
221
221
223
229
223
223
223
231
217
223
239
241
241
237
237
231
231
231
231
225
225
223
215
229
229
229
229
237
237
241
241
245
239
243
245
245
247
253
253
251
251
243
243
243
243
235
243
243
247
237
229
231
239
239
239
239
233
241
247
247
247
249
249
249
243
241
241
241
245
245
239
239
233
231
223
215
221
221
221
223
223
223
225
225
229
237
237
235
241
255
249
243
247
241
233
233
231
227
227
219
219
219
221
225
229
233
233
229
229
223
229
237
231
231
223
227
215
223
223
225
225
219
217
217
223
219
219
219
225
225
229
229
241
243
243
245
243
245
251
251
251
267
267
267
261
251
253
253
243
243
245
245
245
245
243
247
243
249
249
249
251
255
259
273
273
273
279
281
285
287
287
291
303
303
295
295
295
293
293
309
315
319
319
317
319
319
319
315
315
315
315
315
315
315
315
315
317
317
317
319
325
325
323
325
327
331
325
325
321
319
319
325
325
321
331
329
327
327
323
323
323
321
321
321
315
321
325
331
331
331
331
333
333
329
337
337
339
331
333
333
343
343
343
339
339
341
339
353
349
349
337
345
345
345
339
347
347
347
335
331
331
331
331
339
339
333
333
335
335
337
341
337
339
333
333
333
329
329
329
323
325
329
325
321
329
329
335
335
327
325
325
325
317
319
325
327
323
323
329
329
327
329
319
319
317
313
311
311
307
305
305
307
305
305
305
301
301
297
303
303
303
291
291
295
295
285
285
285
283
283
283
283
287
277
279
283
283
285
285
283
281
281
283
283
287
281
281
281
283
283
279
265
265
263
255
253
253
255
251
251
241
239
245
239
247
243
237
237
237
237
237
237
233
233
233
229
229
225
225
221
209
213
219
217
203
207
193
193
189
195
201
197
205
205
199
199
201
199
199
189
193
183
183
177
173
169
163
163
163
157
157
159
165
165
165
161
161
155
155
157
161
165
161
161
159
159
167
165
165
169
183
185
185
189
181
191
201
201
201
211
211
213
207
207
207
207
217
217
219
229
225
225
215
211
205
203
199
203
197
191
187
187
181
181
187
187
187
187
183
189
203
201
199
197
201
205
195
189
189
195
195
195
197
199
207
215
219
221
223
225
225
235
235
241
241
245
243
243
239
239
239
241
227
227
225
225
227
225
231
231
225
225
225
231
231
231
231
233
233
233
233
235
235
235
237
237
237
235
235
235
239
237
235
233
223
227
221
221
229
221
229
225
225
219
215
215
217
211
211
211
213
213
217
217
219
219
223
227
239
239
235
237
233
231
223
225
225
223
229
227
227
221
225
229
223
223
227
227
221
215
215
221
225
227
233
221
221
223
229
217
211
205
209
213
211
207
211
209
205
205
195
205
207
207
199
199
199
205
199
195
195
199
185
193
195
195
197
201
203
205
199
195
197
197
197
197
197
201
193
193
191
189
189
187
189
181
193
193
197
199
203
201
193
193
187
187
187
189
189
189
201
205
203
205
207
207
207
201
209
209
209
209
211
201
195
187
187
197
205
205
199
197
199
199
193
193
193
195
197
195
199
199
201
193
199
193
197
195
195
191
185
179
191
191
193
193
183
183
193
195
195
201
205
207
211
211
221
221
219
219
221
223
221
221
221
227
225
223
219
219
225
223
223
223
219
219
223
227
219
209
209
211
203
197
199
199
201
199
201
199
195
195
201
203
199
197
195
187
187
187
183
185
183
187
187
185
193
193
193
193
193
179
179
179
179
179
183
177
177
179
179
179
179
175
175
183
183
181
179
179
179
177
185
189
193
193
187
181
181
173
173
173
173
173
171
171
179
187
191
191
191
191
191
187
177
177
177
175
173
175
175
171
167
171
165
163
171
165
179
167
165
165
163
167
167
167
165
155
151
149
145
141
141
141
141
141
133
135
139
133
139
143
143
139
141
139
139
141
143
147
147
147
143
137
143
141
141
141
143
143
143
133
133
133
133
135
141
143
147
147
137
141
141
151
145
145
143
143
143
143
141
137
137
137
135
131
137
137
135
135
135
131
131
135
135
139
135
135
141
147
149
157
157
159
161
161
171
177
187
179
175
169
167
167
165
163
163
173
175
175
181
179
175
175
177
179
179
179
179
175
175
175
167
167
161
161
161
161
165
165
167
169
169
169
169
167
167
165
163
155
153
151
151
145
139
131
131
123
123
123
125
123
123
119
119
121
123
115
115
115
113
113
117
119
119
131
131
131
129
127
127
125
125
125
125
121
127
129
129
129
137
125
129
135
133
127
129
129
137
131
123
127
125
117
115
121
121
121
121
125
129
129
135
135
131
131
127
125
131
131
131
131
123
129
129
141
137
133
133
129
127
133
127
119
125
125
125
119
121
121
117
115
107
101
101
103
101
105
105
105
105
107
111
111
105
107
107
105
109
111
109
109
113
119
113
113
113
113
113
113
113
113
109
107
107
107
115
123
129
129
135
145
145
151
151
151
149
151
151
145
145
145
151
151
143
135
135
135
135
135
139
129
127
127
137
135
139
137
133
131
131
131
135
139
137
143
137
129
127
119
121
125
125
129
133
139
127
115
111
103
103
99
105
101
111
115
117
117
111
111
107
107
109
109
111
111
105
105
105
107
107
103
109
113
123
123
123
121
121
119
113
111
119
127
115
115
115
119
119
127
127
127
125
131
141
141
147
153
159
171
171
171
171
177
175
175
175
179
173
171
173
165
169
171
171
173
173
181
183
185
185
181
189
193
195
195
193
187
183
185
187
183
179
179
173
177
185
185
187
185
183
179
181
181
181
177
187
175
183
177
171
167
165
165
165
163
171
171
165
161
155
155
153
155
155
145
141
145
155
155
159
159
153
149
141
139
129
129
135
125
125
125
129
131
135
135
127
137
131
129
125
127
135
135
143
155
155
155
155
155
161
161
155
151
155
143
141
145
143
143
149
149
153
159
159
155
151
151
151
151
147
153
147
145
147
151
151
153
153
155
143
137
135
139
143
139
141
141
141
141
147
151
139
135
129
135
143
143
143
143
151
149
141
141
141
135
131
131
125
125
127
131
133
135
139
139
139
139
139
141
145
141
137
137
137
139
139
143
141
129
127
127
133
133
141
135
129
129
131
127
119
129
123
121
123
119
133
133
133
125
135
145
137
139
139
141
133
133
133
137
131
131
139
135
133
129
129
129
123
129
133
127
121
117
115
111
115
115
117
113
109
95
95
83
87
87
87
87
87
91
91
91
91
91
87
81
81
77
81
81
81
81
79
79
81
85
85
79
79
79
79
79
77
79
75
75
75
75
75
81
79
77
75
69
73
73
75
73
73
73
79
77
85
85
91
91
87
89
93
87
87
87
77
75
71
67
59
65
65
65
57
63
67
67
67
67
67
61
59
59
61
65
63
67
63
53
55
55
51
61
61
59
59
65
63
67
67
69
69
65
57
61
61
67
67
73
61
77
77
75
71
71
71
79
71
77
77
75
79
79
79
79
79
79
79
79
77
89
89
97
99
85
77
83
87
85
89
83
77
79
79
79
79
79
77
85
85
77
77
83
81
81
81
81
85
85
85
83
75
77
83
83
85
85
87
87
83
75
69
73
71
75
77
69
71
71
75
71
79
79
79
79
87
87
87
83
85
93
97
99
99
99
95
101
101
101
99
99
91
91
85
85
85
87
87
91
91
91
95
97
99
107
107
103
99
93
95
107
103
113
117
113
109
109
115
111
109
109
115
111
113
107
97
103
107
97
109
109
115
117
117
117
117
129
133
127
123
123
117
117
115
115
121
113
113
115
117
119
123
123
125
121
121
129
121
121
117
119
119
119
119
119
119
121
121
121
121
125
123
133
141
141
137
137
149
153
159
161
161
161
165
165
161
161
161
165
163
163
165
159
159
147
145
147
147
147
155
155
163
163
169
161
167
169
179
175
181
173
171
165
159
159
159
153
157
157
157
157
159
159
159
159
155
159
159
151
151
143
145
141
141
141
149
149
149
145
153
151
147
143
141
141
141
149
157
163
159
159
155
155
161
159
163
163
153
143
143
141
147
147
147
147
149
149
149
149
149
147
159
161
161
163
163
161
153
151
151
153
149
145
147
147
135
143
143
151
151
149
149
147
139
129
131
131
131
131
135
139
135
137
137
137
137
139
141
141
147
147
147
147
151
153
153
155
155
147
153
153
153
163
173
175
183
183
189
189
189
189
179
177
177
177
181
181
175
181
187
203
193
193
193
191
197
207
201
191
183
183
179
183
183
183
183
177
173
173
165
161
157
165
165
165
161
161
155
147
139
141
141
141
147
147
147
147
143
133
133
133
137
129
125
125
125
125
123
123
119
129
135
137
133
137
139
139
133
143
141
145
147
149
159
159
159
159
155
157
157
165
165
167
159
165
167
159
155
155
159
163
159
159
155
145
145
147
149
149
149
149
143
141
139
139
139
143
143
147
147
151
149
149
137
145
149
139
131
133
131
125
135
133
135
131
131
137
141
133
131
141
135
125
117
121
121
127
121
111
115
111
115
115
125
123
123
111
113
115
109
111
103
105
93
85
95
97
95
93
91
93
97
93
93
89
87
89
81
83
71
75
75
83
95
95
99
99
99
103
103
95
95
93
93
87
89
91
97
97
95
95
95
95
95
93
89
85
85
85
87
97
97
99
111
111
105
95
91
95
95
95
93
95
85
83
83
81
85
89
91
89
89
95
95
95
93
93
93
95
91
97
97
97
97
101
103
103
103
103
103
105
109
107
107
99
95
99
93
93
93
93
99
99
103
97
97
97
95
95
95
101
109
115
109
119
111
109
105
105
105
107
107
115
117
109
105
105
105
103
97
97
97
99
101
99
99
97
99
99
105
103
103
103
101
101
109
111
123
125
119
115
111
111
111
109
95
95
99
99
99
95
83
83
75
83
75
77
79
79
77
77
71
71
73
71
71
71
71
65
67
77
77
81
81
77
77
85
89
85
85
83
87
83
83
91
91
97
93
93
105
105
111
111
109
115
115
117
117
119
125
127
135
131
135
131
129
129
131
137
135
135
123
123
123
123
115
111
111
107
107
107
105
105
105
115
121
115
127
127
131
137
137
141
131
141
141
141
139
141
141
141
147
147
145
151
141
139
139
139
139
149
143
143
143
143
143
143
153
149
155
153
153
153
145
145
143
147
147
141
141
149
153
159
153
153
143
141
139
139
139
143
141
141
141
139
143
147
149
151
151
157
149
149
149
151
143
143
143
143
143
145
149
153
155
159
159
159
167
167
167
179
185
183
175
175
175
181
181
181
181
173
177
171
171
177
177
177
187
187
181
177
177
171
179
175
169
161
159
157
159
155
155
149
149
149
149
147
147
143
137
137
137
129
143
145
145
145
145
141
145
139
137
137
135
149
149
145
143
135
135
135
129
133
133
133
133
135
139
143
143
147
147
147
147
147
151
151
141
141
153
147
141
137
137
137
139
137
149
149
149
151
159
159
159
163
173
165
165
165
171
171
171
171
161
159
153
151
151
145
153
155
155
155
153
157
149
151
141
149
145
143
141
141
133
133
125
129
129
129
125
125
125
127
127
133
127
113
113
105
97
97
103
99
91
85
93
91
91
95
95
91
91
87
85
85
85
87
87
87
87
87
89
97
97
97
85
85
85
89
91
91
93
97
97
91
89
91
91
89
83
87
83
83
83
87
93
93
89
77
77
65
57
57
57
53
59
59
71
71
71
71
77
71
73
73
73
73
63
63
63
61
55
55
53
57
65
71
81
81
81
81
89
79
79
83
79
79
71
79
79
77
71
75
73
71
69
69
61
61
61
63
63
63
63
63
65
65
77
81
79
85
93
93
95
95
97
97
97
103
95
95
85
77
77
77
77
81
83
71
71
71
61
61
61
67
75
73
77
77
77
77
75
79
69
67
67
65
75
75
77
77
77
71
69
75
79
83
85
91
91
91
105
111
103
103
109
109
105
105
105
105
113
115
109
109
99
91
91
85
79
87
93
93
91
93
103
109
109
109
117
117
119
119
127
127
133
127
129
127
121
123
123
127
127
123
113
113
113
113
109
109
109
105
89
91
91
93
93
93
95
85
77
77
83
87
95
93
93
93
93
97
95
103
101
95
87
85
87
87
83
81
81
87
79
83
81
81
85
81
81
81
75
75
69
69
73
73
73
65
65
75
75
71
71
75
85
83
89
87
87
91
97
93
89
83
79
91
85
85
85
77
73
65
69
73
73
73
73
83
73
79
83
95
95
105
105
105
103
107
101
105
103
105
107
109
113
121
115
117
117
111
111
105
109
109
111
109
113
111
111
115
123
125
127
121
125
125
133
133
137
137
145
145
147
145
145
145
149
