-2627
-2629
-2623
-2615
-2605
-2603
-2587
-2581
-2587
-2585
-2583
-2579
-2575
-2565
-2563
-2557
-2549
-2539
-2535
-2535
-2529
-2523
-2517
-2509
-2499
-2495
-2487
-2479
-2477
-2479
-2471
-2467
-2459
-2467
-2467
-2457
-2453
-2451
-2447
-2449
-2447
-2437
-2445
-2435
-2427
-2421
-2411
-2403
-2403
-2407
-2393
-2387
-2375
-2375
-2367
-2359
-2351
-2335
-2323
-2317
-2315
-2307
-2301
-2291
-2293
-2285
-2273
-2277
-2275
-2269
-2265
-2265
-2257
-2251
-2243
-2245
-2235
-2231
-2221
-2217
-2205
-2213
-2217
-2209
-2199
-2195
-2183
-2173
-2163
-2159
-2159
-2157
-2151
-2149
-2149
-2141
-2139
-2135
-2125
-2121
-2127
-2117
-2105
-2093
-2087
-2091
-2083
-2081
-2071
-2061
-2049
-2049
-2039
-2035
-2025
-2023
-2015
-1999
-1993
-1997
-1987
-1981
-1971
-1969
-1963
-1949
-1941
-1945
-1929
-1917
-1911
-1913
-1903
-1897
-1901
-1893
-1889
-1883
-1883
-1883
-1873
-1859
-1863
-1857
-1847
-1845
-1835
-1833
-1833
-1817
-1807
-1801
-1793
-1785
-1771
-1767
-1763
-1759
-1751
-1743
-1731
-1733
-1723
-1729
-1719
-1719
-1703
-1695
-1687
-1679
-1681
-1667
-1665
-1657
-1649
-1645
-1645
-1649
-1643
-1651
-1657
-1639
-1637
-1643
-1633
-1621
-1617
-1621
-1617
-1611
-1611
-1607
-1601
-1595
-1589
-1587
-1583
-1583
-1583
-1579
-1577
-1573
-1565
-1559
-1555
-1549
-1549
-1541
-1543
-1539
-1531
-1525
-1527
-1527
-1531
-1525
-1521
-1519
-1513
-1505
-1495
-1499
-1489
-1487
-1483
-1483
-1477
-1471
-1467
-1461
-1463
-1455
-1459
-1455
-1445
-1443
-1437
-1431
-1423
-1429
-1421
-1413
-1413
-1399
-1399
-1395
-1385
-1375
-1371
-1363
-1347
-1345
-1337
-1339
-1335
-1325
-1317
-1317
-1319
-1311
-1311
-1303
-1295
-1295
-1287
-1287
-1285
-1279
-1271
-1271
-1259
-1253
-1243
-1243
-1235
-1223
-1215
-1215
-1213
-1213
-1201
-1191
-1187
-1189
-1185
-1185
-1175
-1175
-1175
-1171
-1181
-1169
-1171
-1171
-1167
-1153
-1149
-1147
-1141
-1143
-1145
-1141
-1141
-1143
-1133
-1129
-1123
-1121
-1109
-1109
-1101
-1091
-1093
-1095
-1099
-1097
-1089
-1081
-1073
-1077
-1069
-1065
-1057
-1057
-1049
-1035
-1035
-1035
-1033
-1027
-1019
-1011
-999
-989
-989
-987
-989
-981
-979
-969
-959
-953
-947
-939
-939
-935
-931
-931
-923
-931
-925
-913
-905
-909
-911
-909
-911
-909
-899
-899
-897
-895
-893
-893
-887
-883
-883
-885
-875
-865
-861
-861
-869
-869
-867
-869
-861
-859
-859
-859
-867
-869
-865
-865
-865
-871
-873
-877
-885
-883
-881
-877
-877
-879
-871
-871
-865
-869
-875
-869
-871
-877
-875
-871
-865
-859
-851
-841
-839
-835
-839
-831
-821
-821
-815
-823
-817
-819
-819
-817
-815
-817
-825
-821
-817
-821
-821
-815
-807
-811
-809
-801
-807
-801
-803
-803
-801
-803
-803
-809
-809
-815
-813
-807
-799
-807
-803
-803
-803
-801
-795
-797
-795
-787
-783
-777
-791
-791
-797
-785
-781
-773
-771
-765
-767
-759
-749
-753
-755
-745
-735
-727
-727
-723
-721
-721
-715
-705
-703
-699
-705
-707
-703
-695
-693
-693
-687
-677
-663
-659
-665
-657
-651
-651
-655
-651
-651
-641
-643
-631
-625
-631
-619
-615
-605
-601
-611
-603
-595
-599
-603
-595
-599
-593
-591
-585
-583
-589
-595
-595
-591
-587
-587
-585
-573
-575
-571
-573
-565
-553
-545
-539
-535
-533
-531
-529
-537
-543
-543
-545
-549
-545
-543
-547
-543
-531
-523
-521
-521
-523
-517
-509
-505
-509
-513
-507
-509
-511
-511
-511
-503
-503
-493
-503
-505
-501
-497
-507
-517
-517
-515
-507
-499
-497
-507
-501
-503
-497
-493
-495
-491
-493
-493
-493
-497
-493
-487
-487
-487
-485
-475
-471
-471
-477
-479
-481
-479
-481
-481
-473
-459
-461
-457
-455
-463
-459
-457
-459
-447
-447
-445
-437
-451
-465
-457
-453
-439
-431
-431
-425
-427
-421
-417
-419
-421
-417
-411
-405
-397
-391
-387
-385
-387
-389
-385
-387
-395
-391
-381
-375
-375
-377
-377
-381
-371
-363
-359
-363
-363
-365
-359
-355
-349
-343
-339
-331
-331
-319
-319
-315
-309
-303
-311
-309
-301
-305
-307
-305
-311
-319
-319
-319
-319
-327
-317
-311
-311
-307
-307
-295
-287
-293
-291
-287
-287
-279
-275
-283
-279
-275
-269
-277
-279
-279
-271
-279
-279
-283
-283
-279
-275
-273
-261
-251
-255
-251
-257
-247
-253
-253
-259
-259
-253
-249
-251
-243
-247
-245
-235
-239
-245
-243
-253
-243
-251
-253
-253
-249
-249
-247
-245
-241
-249
-249
-253
-249
-251
-245
-239
-239
-239
-249
-255
-261
-261
-261
-257
-261
-265
-255
-257
-261
-261
-261
-255
-253
-243
-241
-233
-229
-227
-231
-223
-223
-227
-217
-215
-217
-223
-217
-217
-213
-219
-219
-221
-215
-205
-215
-219
-217
-205
-203
-211
-219
-209
-205
-199
-195
-201
-207
-205
-201
-201
-201
-207
-203
-207
-215
-221
-221
-215
-209
-211
-211
-207
-207
-207
-207
-207
-191
-183
-189
-185
-193
-197
-201
-207
-211
-217
-211
-215
-217
-217
-221
-221
-223
-221
-229
-221
-211
-209
-215
-219
-219
-213
-201
-203
-207
-201
-201
-199
-195
-193
-193
-197
-189
-181
-175
-177
-167
-169
-171
-165
-151
-149
-141
-141
-145
-137
-137
-135
-135
-145
-137
-135
-131
-131
-137
-135
-139
-131
-135
-139
-135
-139
-127
-133
-133
-131
-121
-115
-115
-103
-95
-91
-87
-81
-75
-77
-83
-85
-81
-81
-93
-95
-91
-91
-91
-87
-91
-103
-99
-89
-87
-81
-81
-79
-77
-71
-73
-71
-71
-69
-81
-77
-81
-85
-87
-93
-99
-95
-103
-99
-107
-105
-105
-97
-99
-99
-93
-99
-91
-95
-95
-93
-99
-99
-109
-111
-111
-105
-103
-103
-107
-117
-111
-111
-109
-109
-105
-103
-101
-105
-105
-109
-101
-99
-89
-83
-77
-71
-63
-63
-63
-63
-67
-67
-59
-61
-57
-61
-67
-73
-71
-71
-75
-75
-77
-59
-65
-69
-63
-57
-57
-53
-63
-71
-71
-67
-63
-51
-53
-53
-49
-55
-49
-55
-55
-55
-57
-61
-53
-47
-51
-47
-47
-53
-45
-43
-43
-39
-39
-41
-37
-33
-23
-21
-19
-17
-13
-5
3
-9
-9
-9
-9
-7
-9
-19
-17
-13
-11
-17
-15
-27
-29
-27
-25
-29
-31
-35
-37
-35
-31
-33
-27
-27
-37
-45
-41
-35
-45
-51
-53
-53
-57
-57
-55
-47
-57
-55
-57
-63
-63
-65
-65
-51
-55
-61
-63
-57
-51
-55
-67
-67
-71
-77
-73
-69
-69
-59
-55
-55
-55
-49
-51
-55
-49
-47
-49
-49
-43
-39
-33
-27
-21
-23
-19
-21
-21
-27
-21
-17
-19
-7
3
1
-1
5
-1
5
5
7
-1
3
7
15
15
23
25
23
23
11
15
19
21
27
25
31
43
37
31
33
41
49
53
49
53
47
55
61
61
67
71
81
75
77
75
67
71
67
73
73
71
67
75
77
69
73
69
71
65
69
71
75
77
73
71
79
81
81
81
87
91
93
89
89
95
95
89
91
85
87
83
83
83
83
97
101
103
111
113
113
111
109
107
97
103
99
99
109
117
115
113
117
109
109
101
103
97
89
89
77
81
87
81
85
91
91
95
103
99
93
87
81
87
93
99
97
91
99
99
101
105
97
101
99
105
105
103
99
93
89
91
93
95
97
91
93
93
93
101
107
113
117
123
119
115
119
123
127
127
131
127
127
123
125
133
137
135
135
139
139
131
145
155
157
167
169
175
179
177
173
173
181
191
201
199
205
211
211
209
215
217
219
215
215
203
201
213
221
219
221
227
223
229
237
241
239
249
249
255
251
261
257
253
247
251
251
245
241
235
231
233
233
237
229
225
219
219
219
219
235
247
247
245
249
253
259
253
257
259
259
265
257
253
259
261
259
255
243
245
245
253
257
267
263
269
267
277
273
273
275
287
287
289
281
285
273
279
273
273
263
265
267
263
253
253
247
235
231
239
237
231
223
227
219
215
217
213
223
227
221
215
223
217
215
215
209
205
211
209
209
213
205
201
203
195
187
175
179
179
173
189
181
177
179
185
173
173
169
177
181
181
181
183
183
179
177
181
185
183
183
189
195
179
183
185
193
195
199
189
183
179
177
181
189
175
169
177
185
183
183
183
179
177
187
181
193
193
197
205
205
209
209
201
197
201
205
209
221
221
219
225
221
225
219
211
209
213
211
213
217
215
221
229
233
233
233
233
237
227
223
231
235
241
245
243
239
241
241
243
245
253
257
251
249
243
243
245
239
237
245
247
251
255
257
259
265
261
267
277
277
279
273
275
273
279
279
275
273
265
263
257
257
251
263
269
271
267
267
271
275
275
275
271
267
267
263
271
277
281
291
289
289
291
287
289
297
301
301
297
297
299
295
291
297
297
293
297
287
283
283
277
273
269
277
277
277
267
265
267
267
275
279
277
275
279
283
277
283
289
283
293
303
307
307
303
303
301
297
307
299
289
291
299
297
297
293
285
281
281
277
269
271
271
275
281
277
271
277
277
281
275
277
275
275
273
275
277
273
275
283
285
283
271
271
275
281
279
271
265
261
253
261
265
275
267
267
261
257
247
239
241
241
245
251
251
255
253
259
259
259
261
261
263
267
259
267
255
261
261
259
255
247
249
257
261
271
271
265
265
265
255
251
245
243
249
249
247
249
247
237
237
233
229
233
223
227
225
215
215
221
225
229
219
221
229
223
231
231
239
245
249
253
247
257
267
265
273
269
267
267
259
265
275
271
269
259
261
263
257
259
251
243
245
235
243
255
261
251
247
247
243
241
247
247
239
243
249
257
253
257
255
259
261
261
273
281
283
283
285
283
271
275
269
269
271
281
279
277
273
277
271
277
281
279
279
281
281
289
297
297
297
295
295
297
295
301
307
311
313
315
313
307
303
311
311
319
311
309
311
317
315
317
309
301
297
291
289
283
279
281
287
289
299
295
285
289
287
285
289
287
291
291
297
293
291
283
279
279
279
275
275
285
297
295
289
295
291
289
295
291
303
307
309
307
305
313
319
329
335
337
341
345
353
345
343
343
349
357
361
365
365
355
351
353
351
351
351
345
345
333
343
347
353
353
353
353
353
357
355
359
355
353
341
353
353
349
357
361
363
353
349
355
359
351
353
343
331
327
339
343
335
339
339
343
351
345
345
347
351
357
357
351
353
351
347
351
355
349
351
351
355
355
349
341
347
347
337
335
331
335
331
321
325
317
325
311
321
309
303
307
311
313
307
305
311
311
311
307
315
303
307
311
311
323
327
327
327
333
329
323
315
319
319
325
321
319
315
321
323
339
339
341
355
351
351
359
359
349
347
345
353
361
359
365
369
359
365
361
351
351
347
351
359
359
363
369
371
375
375
375
375
379
373
379
383
389
391
397
397
407
407
397
405
409
413
413
407
411
411
401
401
393
395
399
397
405
417
415
415
423
423
427
427
427
433
435
431
433
431
429
423
429
429
427
421
417
409
395
397
395
407
405
409
411
401
403
405
399
385
387
387
379
385
391
385
381
381
377
377
383
383
373
375
373
367
371
377
373
377
375
365
365
369
367
369
363
365
365
369
361
349
353
359
363
355
353
345
339
339
339
339
335
337
341
337
327
327
317
325
319
319
319
325
323
325
315
309
309
319
311
311
315
315
313
305
315
323
327
333
329
321
315
309
315
321
315
311
311
317
323
311
321
313
313
315
307
309
315
323
319
331
335
341
347
343
331
327
319
321
315
317
313
309
313
319
319
317
325
325
325
325
315
311
301
305
317
313
313
313
313
315
319
321
315
317
313
315
315
307
313
307
307
307
309
301
305
297
303
301
293
299
299
295
309
307
301
295
289
295
295
295
295
295
289
287
285
281
279
277
271
269
267
279
277
279
273
263
267
271
265
265
277
269
267
275
271
269
269
271
271
267
267
265
263
257
257
261
265
263
269
277
279
275
275
263
265
263
259
261
247
243
255
247
253
253
251
247
241
245
241
253
249
249
243
243
243
241
253
253
249
253
249
247
245
247
243
247
253
247
247
237
243
235
235
235
235
235
235
229
227
223
225
217
219
215
215
215
213
219
219
219
213
199
203
209
213
215
217
211
213
219
221
217
215
213
213
211
219
213
213
221
211
205
207
205
205
209
205
207
205
201
209
207
201
197
203
203
207
207
211
215
211
211
215
211
221
223
227
221
221
215
213
211
219
215
217
205
207
205
203
197
205
203
201
205
201
203
207
203
195
197
205
207
207
203
207
205
207
217
223
231
223
219
219
213
205
207
205
209
211
209
209
203
199
193
203
205
203
197
199
189
187
185
177
175
179
179
187
195
197
205
221
217
213
207
209
215
219
221
215
213
207
213
219
215
211
213
209
217
219
213
211
207
207
209
205
211
219
217
219
215
205
209
201
203
213
211
213
221
221
223
227
237
239
239
227
225
227
219
219
217
217
219
223
225
215
207
205
197
205
209
209
201
207
205
201
199
187
189
189
183
181
187
187
179
171
167
165
163
167
159
169
175
169
169
169
167
165
165
175
171
173
163
157
159
165
157
157
151
153
153
151
151
151
147
147
149
155
159
157
153
143
135
129
123
127
117
111
121
121
121
119
119
129
137
129
127
129
129
139
143
137
131
135
135
135
129
131
123
123
121
127
125
121
117
107
93
85
75
79
79
87
83
91
99
107
111
117
113
113
123
129
129
131
127
121
125
115
115
119
117
113
113
113
117
115
127
121
119
113
115
121
121
119
121
129
129
129
127
127
129
137
131
131
133
135
131
131
121
117
111
111
109
109
113
127
125
119
111
117
113
113
115
115
115
131
131
131
141
151
157
165
163
153
145
145
147
137
131
127
133
127
117
121
119
113
119
113
119
127
131
127
119
123
127
127
127
123
123
135
127
135
135
135
133
133
131
137
141
151
153
155
145
151
141
137
141
141
141
137
139
127
133
133
135
143
139
137
135
133
139
135
141
137
145
139
131
131
131
127
119
121
125
125
135
135
131
135
137
139
145
153
151
151
151
151
153
155
155
155
153
153
151
145
137
139
135
133
129
129
131
133
131
135
139
145
147
143
137
137
137
143
137
139
137
133
129
131
131
129
129
123
121
131
137
127
123
127
131
127
131
129
127
133
131
127
133
131
137
131
121
125
125
127
129
133
141
133
133
137
137
139
135
133
137
137
137
135
137
129
135
139
145
137
133
137
137
131
137
137
135
137
141
151
159
159
159
161
161
155
163
159
163
165
161
167
169
171
171
177
177
181
179
179
175
165
163
165
167
171
171
169
163
157
151
153
153
149
155
157
159
165
167
167
169
165
165
159
159
163
163
167
179
179
183
183
179
177
175
177
183
183
179
183
183
183
183
181
185
191
199
205
197
203
193
187
189
193
191
185
177
171
171
167
173
179
173
175
179
185
189
185
181
177
177
179
177
181
185
177
185
183
195
199
201
189
187
185
187
177
187
185
179
183
183
183
177
177
175
175
173
179
185
185
187
195
199
203
201
201
211
205
207
211
209
201
205
205
199
211
211
203
199
195
189
195
187
193
201
191
197
187
183
185
183
185
183
185
185
179
179
179
177
177
175
179
189
185
187
189
183
189
189
191
191
193
195
187
187
193
191
195
183
181
173
167
157
153
159
163
155
151
153
153
153
161
159
159
149
155
151
151
153
157
165
161
163
159
155
159
155
153
155
157
161
171
167
175
181
173
169
171
169
175
179
173
169
173
175
173
177
185
181
169
173
175
175
173
173
169
163
169
165
163
167
167
169
177
181
179
177
173
177
171
171
181
179
169
169
177
177
165
165
169
179
173
167
159
153
149
147
147
157
167
159
153
151
153
163
167
157
155
165
157
157
155
161
157
153
153
153
141
149
147
145
143
151
159
165
163
165
161
165
155
165
175
181
175
175
173
169
171
183
179
179
177
181
177
169
165
167
165
165
157
159
159
163
171
169
169
169
171
167
165
167
169
171
171
165
165
173
175
169
161
159
163
171
177
175
177
177
189
185
179
163
157
145
141
139
143
149
143
147
147
151
143
137
147
145
141
147
141
143
149
145
147
143
153
161
177
185
189
191
193
191
197
203
207
205
211
203
197
197
197
189
191
197
189
195
193
193
191
193
189
189
191
193
189
181
183
187
187
181
171
173
173
179
185
183
185
187
199
197
199
191
185
183
181
181
179
175
183
183
177
187
197
197
197
195
201
203
197
193
187
187
185
187
189
191
189
195
189
189
195
199
193
183
177
177
183
197
207
215
217
221
219
217
217
215
215
215
209
213
211
211
211
209
205
213
221
223
223
223
229
233
241
241
233
229
221
229
223
227
225
223
213
211
225
219
225
225
217
221
213
217
225
227
221
219
227
223
227
233
241
251
241
229
219
223
231
221
213
213
209
221
221
221
221
219
217
225
225
219
219
213
215
207
211
211
207
213
221
209
209
199
211
211
213
207
213
219
219
219
211
207
207
209
201
195
193
193
195
191
201
207
201
201
209
219
213
215
219
213
215
203
195
197
195
199
199
205
195
201
197
193
189
191
187
185
191
189
197
197
199
199
195
185
185
183
187
187
197
197
205
215
205
197
201
201
201
195
199
197
191
197
193
191
195
199
199
191
189
191
191
189
199
203
191
193
201
199
201
205
195
191
201
205
203
207
207
201
211
205
205
207
211
209
205
201
203
203
203
205
203
195
195
203
209
211
223
223
223
223
221
211
217
225
223
223
223
227
217
209
211
213
205
205
211
211
207
207
201
209
209
201
197
193
191
199
187
185
177
183
187
181
179
173
177
183
185
185
189
185
173
177
173
167
161
165
165
151
141
141
137
137
141
143
147
145
153
151
157
153
151
151
161
163
159
159
167
169
171
159
159
159
151
151
143
145
155
147
149
159
157
157
151
147
151
145
137
139
143
151
151
153
155
145
147
155
147
145
139
137
133
127
133
119
117
111
107
113
105
107
117
121
125
125
123
129
127
135
129
135
131
131
131
127
125
119
125
119
125
127
131
133
141
147
149
141
135
133
133
133
123
119
121
115
121
127
127
129
131
127
123
133
133
129
121
121
135
121
119
125
129
123
125
123
121
125
115
119
109
107
101
95
87
91
87
81
83
89
91
91
91
99
99
95
95
111
105
109
103
99
95
105
105
91
95
87
81
87
99
99
99
95
89
91
95
99
95
93
97
85
87
81
79
85
85
81
77
79
85
77
75
79
83
77
73
67
65
61
65
73
73
79
85
81
79
75
69
61
61
61
63
69
69
69
75
73
67
61
67
67
69
73
71
75
73
71
67
61
63
75
77
81
73
69
63
65
61
63
65
55
53
51
55
47
51
47
51
63
65
65
69
73
67
63
63
65
65
59
65
59
57
51
45
37
39
35
35
25
25
25
33
45
41
41
33
33
41
35
39
35
35
31
25
29
27
27
35
35
35
29
33
33
29
29
31
35
41
39
31
33
35
25
21
23
17
23
25
27
21
17
21
13
21
27
31
33
37
45
45
45
43
45
39
41
53
61
63
65
69
65
61
71
71
79
77
87
85
87
83
83
95
91
93
93
101
95
99
103
105
107
111
107
113
107
109
105
103
103
107
107
111
105
103
113
117
107
105
103
109
105
107
103
107
105
105
105
105
103
101
107
109
103
93
93
95
95
97
95
99
95
101
113
125
129
143
149
141
143
141
133
127
131
131
139
135
139
147
137
135
137
135
131
133
139
141
139
143
147
149
143
153
155
157
161
171
167
175
173
169
165
165
165
165
155
161
151
157
145
145
133
137
135
139
145
149
147
153
151
153
153
151
153
147
147
153
155
163
163
163
165
159
151
145
149
139
147
153
163
171
179
181
183
181
187
193
193
191
197
197
187
187
189
183
183
179
175
181
175
177
173
169
169
169
175
157
151
145
141
131
131
127
137
137
137
141
143
143
147
151
153
153
151
143
151
155
161
165
151
149
151
157
161
159
159
161
157
161
159
159
155
159
159
149
143
143
153
147
149
155
161
159
155
145
135
137
143
139
137
149
145
159
159
157
155
155
151
153
149
157
159
157
153
155
151
143
141
141
131
125
125
121
121
127
123
121
119
125
119
117
129
121
121
111
109
99
99
99
109
111
117
115
123
131
127
127
133
139
131
131
131
127
121
117
101
103
107
107
105
107
105
111
103
113
117
113
109
111
121
131
119
125
129
133
125
123
127
117
113
115
115
107
99
93
99
107
109
109
109
107
91
93
95
97
91
89
93
99
85
85
83
83
83
89
97
97
99
101
101
101
101
99
101
101
103
97
89
91
91
87
87
87
89
97
107
117
117
115
117
111
103
109
119
127
125
125
123
127
117
119
115
105
99
95
99
105
97
101
89
89
87
85
79
79
81
77
73
69
69
73
81
81
79
79
75
69
73
69
81
83
77
77
71
71
67
63
57
57
59
47
47
49
47
45
49
43
45
45
45
39
39
41
43
53
49
43
43
35
29
27
21
15
17
15
11
9
5
11
13
17
15
17
23
23
13
25
33
37
35
37
39
39
37
29
29
25
19
19
23
17
9
9
9
3
3
-1
-1
-9
-15
-11
-11
-11
-13
-17
-11
-5
-5
-3
-1
-5
-5
-5
-1
3
-1
-3
-5
-3
-5
-7
-19
-17
-11
-11
-13
-11
-9
-3
1
3
1
1
7
3
7
1
11
9
7
-1
3
1
1
-1
5
1
-1
1
-3
7
9
3
7
13
9
5
9
7
1
-5
-7
-11
-17
-17
-21
-15
-25
-27
-25
-31
-37
-43
-31
-27
-19
-17
-13
-9
-15
-17
-19
-19
-21
-17
-17
-17
-19
-17
-17
-3
3
3
-7
-9
-3
-7
-11
-7
-3
-5
-9
-13
-9
-15
-15
-5
-13
-17
-19
-29
-27
-25
-23
-27
-13
-11
-5
1
-1
5
3
7
9
15
13
15
23
19
23
23
19
21
17
23
27
31
31
33
31
19
21
21
17
15
19
21
25
29
27
37
37
33
21
23
23
17
23
23
27
25
33
25
25
33
29
21
21
15
19
19
19
21
31
35
27
19
17
7
15
5
11
15
13
13
9
9
-3
-1
-1
-11
-7
-3
-1
-3
3
3
3
-1
-5
-7
-9
-13
-13
1
3
1
1
-7
-13
-13
-25
-23
-21
-21
-21
-15
-3
5
1
-3
-3
1
-1
-1
-5
-5
1
1
3
1
1
7
-1
3
3
1
-3
3
-5
-1
-11
-7
-1
-1
-1
-13
-9
-13
-7
-5
-7
-3
-1
7
13
11
13
21
25
25
23
27
31
43
41
43
45
51
53
53
55
55
61
69
77
83
81
77
79
79
81
81
81
83
85
77
81
91
91
95
91
93
85
79
69
65
65
61
65
73
71
71
75
75
65
69
71
73
69
71
67
67
65
69
67
65
55
57
69
71
69
73
79
75
75
83
87
85
83
87
93
93
95
93
93
89
93
87
83
87
79
75
85
89
87
93
93
87
95
95
85
89
97
91
85
91
91
93
93
101
107
105
103
105
111
101
103
103
95
89
95
97
107
109
113
97
103
99
95
97
101
105
109
109
109
103
99
101
105
97
89
97
93
103
101
109
115
115
119
121
115
117
121
127
127
125
125
133
131
129
137
141
141
141
139
141
139
137
145
147
147
157
161
165
165
167
161
159
155
157
157
151
153
161
159
159
163
165
163
153
149
151
151
157
155
159
169
177
175
185
187
197
191
187
183
183
171
171
165
161
161
159
161
157
161
163
163
159
157
155
153
149
155
153
157
153
153
153
153
157
167
159
159
159
165
161
159
161
159
163
167
159
155
167
175
175
177
175
165
163
165
157
155
155
157
157
163
167
173
173
177
183
177
185
181
183
185
189
189
189
185
187
181
191
185
179
175
179
173
169
161
165
165
167
159
165
153
153
155
155
153
163
165
159
151
153
149
149
145
145
135
141
145
145
135
139
143
151
151
149
153
163
167
179
167
165
153
153
159
169
165
165
167
165
161
163
167
167
175
183
185
179
175
165
169
175
181
179
189
193
189
193
183
181
179
177
179
175
169
171
177
177
171
171
171
175
177
169
171
167
171
167
179
183
173
183
181
187
189
191
191
197
189
187
185
185
187
193
183
177
177
169
169
161
167
169
165
167
163
159
165
159
159
157
151
163
173
169
169
171
183
183
183
189
183
183
181
187
189
181
185
185
185
185
193
189
185
183
167
163
161
165
163
175
175
171
171
179
179
179
179
177
177
183
191
191
181
179
183
191
187
177
175
169
177
185
189
193
187
185
185
181
183
173
169
167
175
171
181
177
181
181
179
171
167
175
171
177
183
183
191
203
207
205
211
209
207
209
203
195
191
191
179
179
179
179
181
175
177
173
173
167
173
171
167
165
169
165
163
165
163
171
181
179
173
173
171
169
163
161
167
163
161
155
157
149
151
151
163
165
159
149
133
141
133
139
137
137
149
147
159
159
155
151
149
143
141
133
135
139
141
151
155
153
153
155
161
161
159
155
155
153
151
161
169
163
159
159
155
155
161
157
155
161
167
173
167
161
161
161
157
165
167
171
171
167
169
161
163
163
173
167
167
157
161
163
163
161
151
151
155
159
161
163
159
159
163
165
165
163
171
167
171
181
187
179
177
185
181
175
169
169
173
171
177
185
185
185
197
197
207
213
211
217
221
221
211
219
221
217
223
221
225
225
219
213
209
219
223
219
227
221
211
217
219
215
211
215
215
211
207
213
209
211
211
223
231
233
241
239
249
245
249
249
239
231
235
233
237
237
237
231
237
239
237
231
225
221
219
215
215
221
225
225
229
219
227
225
227
227
227
225
223
219
217
219
219
219
221
215
223
225
237
237
243
247
245
247
245
237
229
233
225
229
227
229
239
239
241
237
233
227
227
227
227
227
221
219
225
231
225
221
215
213
215
213
219
227
227
231
231
231
231
227
225
217
221
217
217
217
213
209
209
211
207
213
205
219
221
219
219
211
219
227
229
229
225
225
229
229
219
215
223
221
221
221
225
213
205
201
207
209
215
217
219
227
219
219
229
225
215
217
219
211
201
207
199
191
195
197
197
205
199
193
201
201
199
199
197
205
209
205
203
203
205
203
195
203
201
205
209
211
213
219
221
221
225
223
221
225
229
237
237
237
229
227
231
245
255
257
257
259
261
259
253
247
249
263
261
253
253
251
249
249
253
255
253
247
253
259
263
265
263
261
261
261
267
271
277
287
287
277
279
291
297
293
289
285
275
277
275
275
267
261
263
271
265
265
257
257
245
251
245
243
233
229
235
233
239
241
245
245
237
237
227
219
215
227
233
233
233
233
227
229
227
219
219
225
221
217
219
211
217
207
203
209
207
209
211
203
197
201
209
199
201
201
195
191
179
173
175
171
169
171
177
175
169
169
177
169
167
175
171
165
157
161
161
157
155
163
159
149
141
147
139
141
139
145
145
135
131
131
133
133
143
145
147
149
157
169
173
173
171
169
177
185
187
187
191
191
201
195
201
193
181
173
185
187
183
181
189
185
195
191
189
189
193
185
181
171
175
175
175
173
171
173
177
179
175
185
179
171
163
167
161
155
159
153
149
149
153
153
153
153
159
167
169
163
153
149
151
147
147
149
149
157
155
159
157
163
163
155
159
155
159
157
161
173
171
171
165
171
173
165
165
167
175
175
175
171
161
159
163
171
171
183
185
187
187
193
191
195
189
189
189
187
191
195
181
181
183
181
185
185
181
177
175
181
183
181
185
181
179
177
177
175
165
163
163
159
167
175
179
181
177
175
177
177
181
183
179
171
165
165
165
153
159
165
167
161
157
157
157
153
165
159
155
147
139
135
127
129
127
125
113
115
115
119
121
111
113
113
109
115
115
125
119
125
121
113
115
123
121
121
123
121
125
125
121
127
129
131
135
137
133
147
139
147
137
149
145
149
149
155
163
161
157
155
151
149
145
137
145
147
153
145
143
145
155
149
153
145
149
151
147
147
149
141
129
129
139
137
129
143
141
147
139
131
131
129
137
149
155
153
157
157
153
151
149
153
147
145
149
145
151
147
145
137
137
135
127
129
137
141
137
131
131
139
137
137
137
147
153
157
155
149
149
155
153
169
169
169
175
177
173
171
173
181
183
177
183
185
185
183
183
187
187
187
191
197
197
191
195
195
197
193
185
187
187
185
193
185
189
185
181
183
187
185
195
195
193
181
175
173
181
179
177
179
177
173
169
167
171
173
177
179
173
181
175
177
175
179
175
163
161
163
163
167
167
167
167
167
165
159
163
165
163
161
159
169
171
165
167
159
163
169
179
187
183
187
177
167
163
161
159
165
173
183
179
167
167
159
159
159
155
157
151
155
155
153
153
157
149
149
157
153
151
153
149
159
159
153
151
155
147
155
159
163
173
169
163
161
155
149
157
149
155
159
147
153
159
149
151
155
161
161
169
175
179
175
167
169
175
165
157
155
155
163
159
155
159
157
151
153
147
143
145
141
153
151
155
159
159
163
171
171
181
181
185
191
189
185
183
181
177
171
169
171
169
171
181
179
175
175
169
179
179
179
175
173
181
177
175
167
169
169
169
179
175
181
175
173
173
177
169
167
171
175
181
189
189
191
195
191
197
195
201
187
185
191
187
189
189
191
187
191
191
191
191
187
193
195
195
193
203
205
199
197
195
195
189
197
205
205
215
221
211
207
207
219
221
221
215
223
221
225
229
231
239
237
235
235
227
229
239
243
237
233
231
231
233
231
239
235
237
235
229
223
219
215
221
215
209
217
225
225
227
225
221
221
225
229
235
229
221
225
221
221
229
219
215
217
225
227
227
229
231
239
239
243
249
247
251
239
245
245
247
243
235
231
233
243
243
237
239
231
227
231
229
219
217
227
233
233
227
219
219
223
229
237
231
229
229
231
227
229
231
243
243
241
247
249
255
249
249
245
245
241
235
241
235
225
225
217
225
219
219
217
225
233
233
239
227
229
233
217
213
211
215
215
209
207
201
199
197
203
205
221
221
217
213
205
195
195
195
195
205
205
203
203
207
219
219
215
215
211
217
223
227
223
225
221
217
223
225
223
219
225
227
213
207
205
201
197
201
211
213
205
197
207
203
197
193
199
199
201
209
205
209
205
205
201
205
205
209
207
213
221
215
219
215
209
217
219
223
231
229
229
225
229
227
229
227
235
241
237
245
241
241
239
237
237
239
251
247
239
231
225
231
237
237
249
249
257
265
265
269
271
271
259
265
269
267
263
265
269
275
279
287
281
275
279
279
275
279
271
269
273
275
283
295
285
289
283
279
285
285
287
289
295
299
301
293
285
285
273
273
275
275
267
271
271
273
269
275
275
277
273
265
271
273
267
267
267
263
251
247
255
259
245
243
243
241
237
241
231
229
225
229
227
231
225
221
221
213
209
211
221
219
213
221
229
223
231
233
235
227
231
239
239
239
241
235
235
229
235
239
235
241
247
249
245
247
247
243
245
247
251
245
255
253
249
245
243
233
227
225
221
221
217
227
223
223
223
221
223
219
215
217
209
215
217
209
215
227
231
223
225
233
235
233
223
215
211
199
199
207
217
219
221
217
211
215
219
223
219
221
215
213
213
207
215
213
223
225
219
223
233
225
229
237
229
229
227
225
225
221
223
225
235
219
219
221
219
219
219
219
219
213
211
205
209
207
197
197
193
195
197
197
205
195
189
183
181
183
193
179
181
177
187
185
181
175
179
177
177
171
163
159
151
149
155
155
149
145
145
149
155
151
153
153
157
149
149
155
161
153
149
147
139
139
145
143
145
153
151
151
145
141
143
135
135
135
139
137
139
135
133
141
139
139
141
149
151
157
145
141
143
149
145
137
139
145
139
141
133
131
139
147
147
153
151
155
147
157
163
157
157
151
157
165
161
161
163
157
165
161
159
153
149
155
153
159
159
153
161
161
167
163
161
165
159
161
163
163
173
171
171
175
171
175
177
191
195
203
201
191
185
189
183
187
187
185
181
181
169
173
175
165
167
173
163
157
155
159
163
165
169
165
167
177
177
179
177
183
177
181
173
179
183
179
183
183
189
193
193
187
195
203
203
207
203
195
185
185
187
193
201
199
191
191
193
181
177
181
185
183
185
179
171
173
171
181
183
193
187
183
175
177
173
171
173
169
171
171
165
169
171
185
183
173
171
165
163
171
161
157
163
155
153
155
157
149
145
145
141
141
149
149
147
147
149
145
139
145
147
153
157
157
157
145
155
145
143
147
145
149
151
155
157
149
145
149
157
149
147
151
145
147
155
151
155
153
165
165
173
171
179
179
169
167
173
175
179
189
189
195
187
189
193
193
195
197
195
201
207
203
203
199
209
219
221
229
225
225
217
225
229
229
231
235
227
225
229
229
237
241
229
227
231
219
213
217
217
211
215
221
223
215
223
229
223
217
229
233
229
231
237
247
241
247
251
257
257
249
253
257
255
259
261
265
265
261
263
255
249
247
245
251
255
247
241
239
243
247
247
247
251
255
259
261
253
245
243
247
245
241
239
243
251
249
243
243
251
257
255
251
251
253
259
265
255
255
259
269
259
255
261
259
255
255
259
259
259
251
247
255
249
253
251
255
255
253
241
239
247
247
239
241
241
241
245
245
243
247
251
251
255
251
257
255
255
253
255
253
255
243
239
237
233
229
239
237
229
235
235
227
225
227
223
231
229
233
237
243
231
225
211
213
205
211
219
215
211
215
203
205
207
213
205
207
217
215
227
227
227
227
229
227
221
227
217
217
207
205
213
219
223
223
223
229
217
227
225
231
231
231
225
225
221
213
217
213
223
223
221
215
225
225
221
215
209
209
207
207
213
205
215
209
199
195
205
203
205
193
185
189
193
199
193
203
199
205
205
203
201
201
201
191
195
193
187
179
177
175
181
181
175
175
167
167
171
167
161
173
167
167
163
157
165
163
159
161
169
159
165
175
173
175
183
189
185
183
181
177
185
193
191
197
199
199
195
197
201
195
191
197
197
201
209
209
211
195
191
177
175
165
163
161
155
153
153
151
149
157
151
143
147
149
157
161
161
163
163
165
163
167
175
175
179
183
189
187
193
197
199
189
187
189
187
187
185
183
187
181
175
171
175
175
175
171
177
179
183
189
189
181
179
175
177
181
187
193
195
201
195
197
193
195
181
179
187
185
181
175
175
177
187
189
193
187
187
185
189
189
183
185
179
185
177
177
163
169
179
181
181
181
181
179
179
167
153
151
159
159
157
157
169
163
165
161
169
167
169
169
157
157
149
151
161
157
163
159
157
153
159
171
185
189
185
177
183
183
185
177
175
167
171
177
163
157
155
157
147
147
149
153
163
163
163
165
165
163
163
171
167
161
163
163
161
159
155
153
157
153
153
155
163
159
161
161
163
163
159
159
149
141
143
139
149
145
143
143
139
139
143
139
131
129
131
123
123
127
131
133
137
145
151
157
165
157
167
165
165
163
159
169
175
171
179
189
187
189
181
169
179
181
183
179
165
169
179
181
187
187
189
193
203
201
197
209
199
203
197
197
195
207
209
201
209
205
205
199
199
201
199
201
193
185
175
163
163
155
159
163
167
165
167
167
165
153
151
147
145
145
149
149
147
143
149
149
149
149
149
141
137
129
121
121
121
123
121
129
127
127
131
125
117
123
127
127
139
137
145
143
143
149
147
159
161
169
175
173
169
179
173
173
181
167
167
169
167
161
153
151
153
155
147
151
155
149
157
157
165
163
159
151
161
161
153
145
137
131
145
145
151
145
153
161
157
161
157
159
167
161
157
153
153
153
153
155
159
155
153
159
155
165
165
171
173
173
173
175
175
165
163
157
149
149
151
151
149
149
147
143
143
143
141
143
145
139
139
139
143
137
139
133
133
129
135
143
137
135
135
137
129
133
131
131
127
127
129
137
135
139
131
127
123
125
133
129
129
121
121
121
125
127
127
131
131
129
131
133
143
151
141
135
127
129
135
131
141
147
143
141
143
139
135
125
133
133
133
139
133
131
123
119
125
125
123
129
131
139
133
139
137
133
129
131
123
131
133
137
141
141
133
135
133
141
141
141
145
143
143
141
135
131
135
127
127
133
131
123
119
117
115
111
113
105
97
95
89
93
95
85
87
91
89
93
103
97
93
87
71
63
59
55
55
61
65
71
61
65
71
75
73
75
83
77
77
85
77
77
77
83
77
79
77
73
63
65
59
51
65
69
69
75
85
85
81
85
85
91
93
99
99
97
99
93
95
95
83
75
71
59
57
51
45
41
31
31
37
37
41
37
47
49
55
61
57
55
49
49
55
57
53
57
61
57
53
51
55
47
45
41
41
35
35
25
21
17
23
23
35
39
39
47
47
43
43
51
57
59
53
53
65
67
75
65
59
67
67
63
61
57
67
69
65
69
65
59
75
91
85
79
75
73
77
83
81
77
81
85
83
91
91
83
79
83
85
91
95
101
101
99
101
97
97
97
95
105
101
99
99
101
103
105
97
97
101
101
111
117
113
107
105
95
95
93
97
103
105
101
103
105
105
103
109
111
115
113
113
113
117
117
111
109
103
99
97
99
101
107
115
119
119
123
123
131
121
113
109
105
93
89
93
93
83
95
83
83
85
93
97
99
107
107
109
123
121
121
131
119
125
131
117
117
121
117
131
123
135
137
137
129
131
141
147
151
155
159
157
149
147
147
139
131
131
129
139
133
137
145
145
159
155
159
163
159
149
151
151
157
153
149
147
143
137
137
141
139
145
157
163
165
165
167
167
159
159
163
155
159
149
143
159
157
157
157
145
147
145
141
145
143
141
141
145
149
147
143
141
131
135
129
139
147
153
151
151
161
159
159
159
159
161
161
161
161
167
177
175
163
161
153
147
147
145
153
149
149
149
147
145
143
143
141
149
141
141
149
149
147
147
153
153
151
157
147
139
133
127
129
129
121
113
121
117
121
125
125
127
127
127
127
119
119
121
115
109
119
111
117
117
115
109
105
93
105
101
101
107
99
97
93
83
71
65
61
61
71
75
77
73
71
67
63
61
61
75
61
57
51
63
61
55
57
61
63
69
65
65
73
75
75
