-10466
-10456
-10448
-10438
-10432
-10422
-10422
-10418
-10408
-10398
-10394
-10388
-10380
-10370
-10356
-10350
-10344
-10342
-10334
-10322
-10312
-10308
-10304
-10294
-10282
-10278
-10268
-10260
-10254
-10240
-10232
-10228
-10226
-10210
-10200
-10194
-10188
-10172
-10170
-10158
-10154
-10140
-10132
-10126
-10118
-10118
-10108
-10098
-10098
-10092
-10082
-10080
-10068
-10056
-10044
-10034
-10032
-10028
-10020
-10010
-10002
-10000
-10000
-9996
-9986
-9988
-9978
-9966
-9962
-9960
-9952
-9950
-9944
-9934
-9924
-9920
-9920
-9914
-9906
-9896
-9886
-9876
-9866
-9866
-9868
-9860
-9856
-9846
-9840
-9836
-9828
-9824
-9816
-9816
-9816
-9808
-9802
-9794
-9792
-9784
-9784
-9772
-9766
-9760
-9750
-9746
-9732
-9724
-9714
-9710
-9698
-9692
-9686
-9688
-9686
-9680
-9674
-9674
-9674
-9664
-9652
-9642
-9636
-9632
-9628
-9620
-9604
-9602
-9590
-9582
-9570
-9562
-9558
-9558
-9548
-9542
-9532
-9520
-9508
-9500
-9492
-9480
-9470
-9460
-9460
-9452
-9440
-9434
-9432
-9428
-9416
-9412
-9398
-9396
-9386
-9378
-9372
-9372
-9370
-9364
-9350
-9338
-9332
-9322
-9316
-9316
-9300
-9292
-9280
-9276
-9272
-9262
-9260
-9248
-9244
-9240
-9226
-9222
-9214
-9204
-9198
-9198
-9198
-9186
-9180
-9174
-9176
-9164
-9160
-9158
-9154
-9150
-9142
-9134
-9128
-9118
-9110
-9100
-9098
-9082
-9072
-9072
-9080
-9076
-9068
-9056
-9054
-9046
-9040
-9024
-9014
-9002
-8994
-8992
-8978
-8978
-8974
-8972
-8964
-8954
-8948
-8934
-8926
-8910
-8896
-8890
-8886
-8880
-8880
-8876
-8878
-8872
-8862
-8850
-8838
-8836
-8826
-8824
-8818
-8816
-8802
-8798
-8798
-8784
-8774
-8764
-8752
-8744
-8744
-8740
-8734
-8732
-8724
-8720
-8710
-8706
-8702
-8696
-8686
-8684
-8682
-8668
-8666
-8660
-8654
-8648
-8636
-8634
-8628
-8624
-8618
-8616
-8612
-8610
-8604
-8602
-8592
-8584
-8580
-8576
-8568
-8558
-8550
-8544
-8546
-8534
-8524
-8518
-8518
-8508
-8496
-8498
-8492
-8484
-8476
-8474
-8464
-8446
-8446
-8432
-8430
-8426
-8422
-8414
-8398
-8398
-8398
-8394
-8392
-8392
-8396
-8400
-8388
-8382
-8380
-8370
-8368
-8358
-8352
-8340
-8336
-8330
-8322
-8314
-8310
-8308
-8292
-8292
-8286
-8284
-8278
-8276
-8268
-8262
-8248
-8232
-8224
-8226
-8212
-8208
-8202
-8194
-8182
-8182
-8172
-8168
-8158
-8146
-8132
-8132
-8124
-8116
-8112
-8100
-8088
-8078
-8076
-8076
-8068
-8060
-8048
-8044
-8046
-8032
-8024
-8014
-8018
-8010
-8004
-7994
-7992
-7980
-7974
-7966
-7962
-7960
-7954
-7948
-7936
-7928
-7922
-7914
-7904
-7890
-7882
-7876
-7872
-7874
-7860
-7862
-7862
-7852
-7854
-7848
-7840
-7836
-7830
-7818
-7812
-7808
-7804
-7800
-7790
-7784
-7776
-7776
-7766
-7758
-7752
-7738
-7740
-7738
-7728
-7718
-7716
-7718
-7714
-7706
-7694
-7692
-7678
-7678
-7674
-7662
-7662
-7654
-7642
-7628
-7620
-7618
-7624
-7620
-7612
-7604
-7596
-7592
-7580
-7576
-7568
-7570
-7564
-7560
-7544
-7530
-7522
-7514
-7506
-7510
-7508
-7516
-7506
-7502
-7500
-7500
-7494
-7488
-7480
-7474
-7466
-7458
-7452
-7448
-7442
-7434
-7432
-7428
-7416
-7412
-7410
-7402
-7408
-7404
-7402
-7398
-7394
-7388
-7380
-7378
-7364
-7354
-7360
-7360
-7352
-7344
-7346
-7344
-7344
-7348
-7346
-7348
-7348
-7344
-7344
-7336
-7336
-7332
-7328
-7322
-7312
-7304
-7300
-7300
-7288
-7284
-7286
-7286
-7280
-7276
-7272
-7262
-7256
-7254
-7248
-7236
-7238
-7248
-7250
-7244
-7240
-7240
-7234
-7232
-7234
-7228
-7220
-7220
-7218
-7214
-7206
-7210
-7198
-7194
-7198
-7192
-7184
-7174
-7170
-7164
-7158
-7156
-7148
-7140
-7130
-7134
-7122
-7122
-7118
-7118
-7110
-7104
-7096
-7082
-7078
-7072
-7068
-7066
-7060
-7046
-7038
-7028
-7032
-7018
-7012
-7012
-6996
-6990
-6988
-6984
-6972
-6960
-6948
-6946
-6946
-6942
-6926
-6920
-6912
-6908
-6904
-6892
-6888
-6888
-6882
-6884
-6878
-6880
-6876
-6870
-6860
-6854
-6854
-6850
-6836
-6832
-6818
-6810
-6806
-6802
-6786
-6778
-6774
-6766
-6754
-6746
-6750
-6738
-6732
-6732
-6730
-6730
-6718
-6708
-6698
-6696
-6690
-6690
-6688
-6696
-6686
-6682
-6678
-6684
-6676
-6674
-6674
-6674
-6670
-6664
-6658
-6660
-6656
-6656
-6658
-6648
-6650
-6652
-6640
-6642
-6634
-6638
-6636
-6636
-6626
-6620
-6618
-6616
-6618
-6622
-6626
-6614
-6616
-6604
-6600
-6600
-6600
-6592
-6580
-6576
-6558
-6554
-6548
-6542
-6536
-6542
-6530
-6522
-6520
-6518
-6502
-6496
-6494
-6486
-6480
-6474
-6468
-6468
-6472
-6464
-6446
-6446
-6438
-6438
-6438
-6438
-6428
-6416
-6404
-6396
-6386
-6382
-6378
-6384
-6384
-6382
-6374
-6368
-6378
-6372
-6378
-6374
-6370
-6362
-6362
-6362
-6350
-6348
-6340
-6346
-6340
-6330
-6328
-6324
-6320
-6318
-6324
-6318
-6312
-6304
-6296
-6294
-6284
-6284
-6284
-6274
-6272
-6272
-6258
-6254
-6248
-6248
-6248
-6240
-6234
-6224
-6216
-6212
-6204
-6194
-6194
-6186
-6174
-6174
-6164
-6156
-6152
-6140
-6138
-6132
-6130
-6124
-6108
-6100
-6102
-6100
-6096
-6098
-6094
-6094
-6096
-6088
-6090
-6086
-6082
-6074
-6074
-6068
-6060
-6060
-6044
-6034
-6024
-6016
-6014
-6006
-6008
-6002
-5998
-5986
-5970
-5966
-5968
-5962
-5956
-5948
-5944
-5946
-5944
-5928
-5936
-5932
-5922
-5924
-5926
-5922
-5924
-5922
-5926
-5922
-5916
-5916
-5916
-5910
-5900
-5884
-5884
-5872
-5862
-5848
-5842
-5836
-5834
-5830
-5828
-5824
-5820
-5810
-5798
-5796
-5788
-5784
-5776
-5782
-5778
-5772
-5760
-5746
-5748
-5742
-5738
-5734
-5736
-5740
-5738
-5734
-5730
-5720
-5716
-5708
-5708
-5702
-5706
-5698
-5690
-5686
-5682
-5682
-5674
-5676
-5674
-5666
-5658
-5654
-5652
-5650
-5642
-5632
-5624
-5614
-5626
-5618
-5618
-5620
-5610
-5606
-5600
-5596
-5590
-5592
-5586
-5578
-5574
-5570
-5566
-5558
-5550
-5546
-5542
-5536
-5534
-5528
-5524
-5524
-5514
-5504
-5512
-5516
-5506
-5500
-5492
-5484
-5482
-5468
-5470
-5466
-5454
-5448
-5448
-5434
-5434
-5436
-5436
-5432
-5428
-5420
-5418
-5416
-5418
-5420
-5420
-5412
-5410
-5406
-5402
-5398
-5392
-5394
-5394
-5392
-5398
-5410
-5398
-5390
-5380
-5380
-5374
-5370
-5366
-5366
-5356
-5344
-5338
-5330
-5328
-5314
-5308
-5300
-5302
-5298
-5294
-5290
-5290
-5288
-5280
-5280
-5280
-5270
-5262
-5262
-5254
-5248
-5240
-5240
-5232
-5232
-5224
-5228
-5234
-5244
-5240
-5230
-5224
-5218
-5220
-5210
-5212
-5208
-5200
-5194
-5190
-5186
-5186
-5184
-5180
-5180
-5180
-5168
-5166
-5170
-5160
-5154
-5156
-5154
-5144
-5140
-5148
-5146
-5146
-5134
-5130
-5118
-5112
-5112
-5116
-5122
-5116
-5116
-5112
-5114
-5112
-5112
-5108
-5108
-5102
-5098
-5098
-5102
-5102
-5094
-5084
-5088
-5096
-5086
-5076
-5068
-5058
-5064
-5056
-5050
-5038
-5040
-5038
-5036
-5036
-5030
-5024
-5016
-5010
-5000
-4988
-4992
-4982
-4982
-4972
-4968
-4954
-4946
-4948
-4940
-4944
-4940
-4934
-4926
-4920
-4920
-4916
-4902
-4896
-4886
-4882
-4870
-4866
-4858
-4852
-4850
-4858
-4862
-4858
-4850
-4846
-4844
-4846
-4838
-4846
-4834
-4824
-4822
-4816
-4816
-4808
-4798
-4794
-4788
-4784
-4786
-4786
-4788
-4780
-4776
-4768
-4770
-4774
-4772
-4780
-4782
-4776
-4778
-4782
-4778
-4770
-4768
-4762
-4758
-4760
-4756
-4750
-4748
-4740
-4732
-4728
-4730
-4726
-4712
-4726
-4716
-4704
-4696
-4702
-4696
-4688
-4696
-4688
-4690
-4692
-4690
-4680
-4674
-4668
-4672
-4654
-4658
-4656
-4656
-4646
-4654
-4646
-4642
-4636
-4640
-4634
-4630
-4622
-4618
-4620
-4606
-4594
-4586
-4582
-4572
-4570
-4572
-4572
-4564
-4568
-4558
-4564
-4560
-4550
-4548
-4552
-4542
-4536
-4536
-4540
-4540
-4540
-4544
-4536
-4534
-4538
-4528
-4536
-4530
-4524
-4526
-4516
-4510
-4504
-4494
-4488
-4478
-4480
-4482
-4486
-4484
-4494
-4488
-4488
-4488
-4488
-4480
-4480
-4470
-4472
-4470
-4462
-4450
-4448
-4442
-4438
-4430
-4434
-4436
-4426
-4422
-4420
-4404
-4404
-4406
-4400
-4390
-4384
-4382
-4380
-4378
-4382
-4384
-4374
-4376
-4380
-4376
-4376
-4370
-4358
-4358
-4362
-4352
-4344
-4332
-4322
-4318
-4322
-4320
-4312
-4308
-4304
-4302
-4300
-4298
-4302
-4300
-4286
-4288
-4284
-4284
-4286
-4274
-4284
-4270
-4280
-4282
-4274
-4276
-4282
-4276
-4272
-4266
-4268
-4282
-4288
-4278
-4278
-4278
-4274
-4268
-4260
-4262
-4260
-4250
-4246
-4238
-4234
-4236
-4234
-4226
-4228
-4222
-4218
-4216
-4208
-4200
-4198
-4198
-4198
-4190
-4190
-4196
-4186
-4182
-4180
-4178
-4172
-4168
-4166
-4162
-4154
-4142
-4146
-4146
-4144
-4140
-4140
-4140
-4134
-4134
-4126
-4128
-4124
-4120
-4118
-4110
-4108
-4108
-4108
-4100
-4094
-4096
-4098
-4098
-4096
-4100
-4098
-4088
-4082
-4074
-4062
-4054
-4052
-4056
-4060
-4056
-4058
-4058
-4060
-4056
-4052
-4058
-4056
-4052
-4052
-4046
-4042
-4034
-4030
-4028
-4032
-4034
-4024
-4024
-4026
-4020
-4012
-4014
-4014
-4024
-4026
-4030
-4024
-4024
-4014
-4012
-4012
-4012
-4018
-4016
-4008
-4006
-4006
-4002
-4000
-3990
-3978
-3976
-3978
-3978
-3968
-3962
-3970
-3978
-3974
-3972
-3978
-3968
-3960
-3950
-3948
-3942
-3930
-3926
-3918
-3908
-3908
-3910
-3908
-3912
-3910
-3900
-3900
-3896
-3890
-3890
-3884
-3872
-3868
-3872
-3868
-3864
-3864
-3858
-3856
-3860
-3852
-3854
-3846
-3858
-3844
-3846
-3842
-3840
-3830
-3822
-3818
-3818
-3818
-3822
-3818
-3810
-3808
-3810
-3806
-3796
-3794
-3792
-3788
-3790
-3794
-3798
-3798
-3804
-3800
-3798
-3800
-3800
-3792
-3796
-3792
-3784
-3776
-3776
-3774
-3766
-3766
-3760
-3750
-3738
-3744
-3742
-3738
-3732
-3732
-3738
-3730
-3718
-3716
-3716
-3722
-3722
-3720
-3720
-3718
-3714
-3714
-3718
-3714
-3716
-3714
-3708
-3692
-3698
-3696
-3694
-3686
-3686
-3674
-3670
-3664
-3656
-3644
-3646
-3642
-3638
-3638
-3640
-3638
-3630
-3628
-3624
-3624
-3618
-3608
-3602
-3600
-3590
-3586
-3580
-3574
-3564
-3568
-3564
-3554
-3548
-3550
-3550
-3552
-3542
-3542
-3540
-3540
-3544
-3540
-3530
-3528
-3520
-3514
-3516
-3514
-3508
-3518
-3516
-3508
-3504
-3502
-3502
-3498
-3498
-3494
-3488
-3490
-3480
-3472
-3466
-3456
-3448
-3450
-3446
-3442
-3450
-3444
-3440
-3440
-3438
-3440
-3442
-3438
-3436
-3436
-3434
-3428
-3434
-3430
-3426
-3422
-3418
-3416
-3420
-3416
-3410
-3408
-3410
-3400
-3394
-3392
-3388
-3374
-3364
-3364
-3368
-3370
-3370
-3364
-3358
-3370
-3364
-3360
-3362
-3356
-3352
-3346
-3334
-3328
-3324
-3312
-3322
-3320
-3320
-3314
-3314
-3302
-3292
-3298
-3290
-3296
-3306
-3304
-3290
-3290
-3284
-3286
-3286
-3278
-3278
-3278
-3284
-3286
-3282
-3282
-3278
-3276
-3286
-3290
-3284
-3280
-3276
-3276
-3274
-3268
-3260
-3266
-3270
-3280
-3278
-3278
-3272
-3260
-3250
-3250
-3248
-3252
-3250
-3250
-3244
-3240
-3232
-3234
-3236
-3244
-3232
-3224
-3218
-3220
-3214
-3212
-3210
-3206
-3196
-3190
-3190
-3186
-3184
-3178
-3176
-3170
-3162
-3156
-3170
-3160
-3156
-3154
-3146
-3130
-3112
-3108
-3098
-3090
-3088
-3086
-3086
-3088
-3088
-3084
-3076
-3072
-3076
-3072
-3076
-3072
-3070
-3070
-3060
-3060
-3062
-3056
-3056
-3044
-3048
-3052
-3044
-3046
-3036
-3036
-3036
-3044
-3038
-3036
-3028
-3028
-3022
-3020
-3020
-3018
-3016
-3016
-3004
-3004
-3008
-2998
-2994
-2984
-2978
-2972
-2966
-2962
-2958
-2962
-2952
-2938
-2936
-2926
-2930
-2918
-2920
-2918
-2908
-2898
-2892
-2884
-2880
-2872
-2876
-2876
-2872
-2874
-2868
-2854
-2858
-2850
-2844
-2850
-2836
-2834
-2832
-2834
-2828
-2824
-2824
-2826
-2820
-2820
-2828
-2820
-2814
-2810
-2802
-2798
-2794
-2786
-2776
-2774
-2772
-2774
-2770
-2770
-2764
-2756
-2752
-2750
-2758
-2762
-2756
-2748
-2740
-2748
-2744
-2744
-2740
-2740
-2738
-2738
-2730
-2732
-2726
-2720
-2720
-2714
-2714
-2704
-2704
-2702
-2704
-2704
-2704
-2704
-2700
-2696
-2694
-2700
-2706
-2708
-2702
-2698
-2706
-2712
-2716
-2722
-2720
-2720
-2730
-2724
-2732
-2736
-2738
-2740
-2734
-2726
-2724
-2716
-2718
-2714
-2704
-2702
-2702
-2710
-2714
-2706
-2704
-2706
-2694
-2694
-2688
-2688
-2682
-2676
-2686
-2690
-2688
-2688
-2684
-2680
-2684
-2678
-2678
-2676
-2672
-2662
-2646
-2642
-2642
-2640
-2648
-2648
-2640
-2642
-2644
-2642
-2642
-2640
-2628
-2632
-2628
-2620
-2618
-2628
-2628
-2620
-2616
-2610
-2608
-2602
-2606
-2608
-2602
-2600
-2592
-2598
-2598
-2592
-2590
-2592
-2584
-2574
-2584
-2576
-2572
-2568
-2566
-2570
-2574
-2580
-2580
-2576
-2576
-2580
-2582
-2588
-2586
-2582
-2566
-2560
-2566
-2570
-2572
-2568
-2560
-2550
-2558
-2554
-2556
-2552
-2546
-2540
-2544
-2536
-2532
-2532
-2538
-2538
-2536
-2530
-2524
-2532
-2530
-2534
-2544
-2542
-2536
-2530
-2532
-2532
-2528
-2528
-2512
-2502
-2498
-2494
-2494
-2496
-2494
-2482
-2482
-2488
-2482
-2490
-2490
-2490
-2494
-2496
-2494
-2492
-2492
-2492
-2482
-2476
-2480
-2486
-2488
-2474
-2476
-2482
-2478
-2470
-2468
-2452
-2458
-2458
-2456
-2450
-2448
-2442
-2434
-2434
-2434
-2438
-2438
-2438
-2436
-2446
-2436
-2420
-2422
-2416
-2410
-2406
-2406
-2408
-2402
-2404
-2404
-2404
-2404
-2398
-2384
-2384
-2384
-2392
-2382
-2384
-2386
-2380
-2382
-2382
-2382
-2374
-2372
-2378
-2380
-2374
-2368
-2360
-2352
-2348
-2344
-2344
-2340
-2336
-2348
-2342
-2338
-2326
-2320
-2314
-2300
-2290
-2286
-2284
-2286
-2280
-2282
-2280
-2272
-2278
-2280
-2268
-2260
-2256
-2246
-2254
-2254
-2252
-2264
-2264
-2266
-2272
-2262
-2252
-2246
-2256
-2260
-2252
-2262
-2264
-2260
-2258
-2258
-2256
-2250
-2250
-2246
-2232
-2222
-2218
-2226
-2232
-2232
-2234
-2220
-2220
-2220
-2222
-2222
-2226
-2230
-2232
-2228
-2240
-2238
-2230
-2222
-2232
-2224
-2218
-2230
-2226
-2232
-2220
-2224
-2226
-2220
-2214
-2204
-2208
-2208
-2206
-2200
-2204
-2204
-2206
-2204
-2200
-2200
-2196
-2194
-2194
-2188
-2192
-2190
-2176
-2170
-2170
-2170
-2168
-2168
-2160
-2158
-2148
-2150
-2152
-2148
-2146
-2144
-2150
-2148
-2146
-2152
-2158
-2160
-2154
-2152
-2152
-2152
-2146
-2146
-2138
-2142
-2138
-2138
-2132
-2120
-2114
-2110
-2108
-2098
-2098
-2094
-2098
-2090
-2096
-2100
-2094
-2092
-2092
-2090
-2090
-2102
-2102
-2100
-2106
-2102
-2110
-2114
-2100
-2098
-2100
-2098
-2102
-2102
-2104
-2102
-2098
-2086
-2084
-2084
-2090
-2092
-2088
-2100
-2104
-2104
-2098
-2086
-2086
-2080
-2074
-2082
-2082
-2086
-2086
-2078
-2080
-2076
-2066
-2060
-2058
-2058
-2056
-2062
-2066
-2066
-2066
-2066
-2068
-2066
-2066
-2060
-2052
-2048
-2050
-2064
-2068
-2070
-2072
-2072
-2070
-2072
-2066
-2064
-2064
-2054
-2050
-2054
-2048
-2044
-2040
-2046
-2050
-2050
-2058
-2056
-2058
-2050
-2046
-2050
-2052
-2050
-2050
-2036
-2030
-2036
-2042
-2032
-2034
-2030
-2030
-2030
-2032
-2020
-2020
-2016
-2014
-2004
-2002
-2010
-2006
-2008
-2000
-2010
-2012
-2014
-2014
-2008
-2006
-2010
-2010
-2014
-2004
-1996
-1998
-1988
-1986
-1982
-1976
-1978
-1982
-1984
-1984
-1982
-1978
-1972
-1968
-1962
-1966
-1966
-1968
-1960
-1960
-1958
-1954
-1950
-1952
-1958
-1962
-1954
-1962
-1968
-1968
-1964
-1964
-1960
-1958
-1954
-1962
-1968
-1970
-1972
-1970
-1964
-1958
-1952
-1954
-1960
-1958
-1962
-1962
-1956
-1950
-1934
-1922
-1908
-1908
-1898
-1898
-1900
-1894
-1890
-1886
-1880
-1878
-1868
-1866
-1858
-1862
-1858
-1854
-1848
-1842
-1840
-1846
-1842
-1842
-1842
-1848
-1842
-1836
-1834
-1818
-1820
-1820
-1816
-1820
-1818
-1822
-1820
-1822
-1818
-1816
-1814
-1804
-1812
-1800
-1796
-1800
-1800
-1810
-1808
-1794
-1794
-1792
-1792
-1798
-1788
-1778
-1764
-1768
-1768
-1762
-1758
-1754
-1758
-1760
-1768
-1764
-1768
-1764
-1756
-1762
-1758
-1764
-1772
-1772
-1770
-1768
-1764
-1764
-1764
-1756
-1754
-1752
-1750
-1754
-1748
-1754
-1756
-1754
-1758
-1756
-1764
-1758
-1746
-1750
-1748
-1746
-1748
-1746
-1752
-1738
-1734
-1730
-1728
-1728
-1728
-1724
-1718
-1726
-1720
-1720
-1716
-1716
-1714
-1714
-1724
-1720
-1718
-1710
-1704
-1702
-1700
-1690
-1688
-1686
-1686
-1686
-1678
-1678
-1676
-1666
-1676
-1670
-1680
-1672
-1666
-1662
-1656
-1654
-1646
-1648
-1636
-1644
-1636
-1638
-1640
-1626
-1614
-1604
-1604
-1602
-1596
-1594
-1590
-1586
-1580
-1584
-1572
-1564
-1566
-1568
-1574
-1572
-1566
-1570
-1572
-1568
-1570
-1570
-1572
-1568
-1570
-1558
-1548
-1540
-1536
-1542
-1536
-1534
-1530
-1530
-1524
-1522
-1520
-1516
-1512
-1510
-1516
-1516
-1516
-1514
-1508
-1506
-1506
-1508
-1500
-1512
-1510
-1506
-1498
-1498
-1496
-1484
-1474
-1472
-1468
-1460
-1454
-1456
-1452
-1440
-1434
-1428
-1430
-1424
-1428
-1424
-1428
-1434
-1432
-1428
-1438
-1430
-1436
-1434
-1434
-1426
-1424
-1422
-1418
-1414
-1400
-1402
-1402
-1392
-1392
-1380
-1376
-1368
-1354
-1344
-1350
-1364
-1358
-1354
-1348
-1344
-1338
-1336
-1332
-1326
-1314
-1308
-1298
-1298
-1304
-1304
-1296
-1288
-1296
-1292
-1292
-1294
-1306
-1300
-1298
-1288
-1276
-1268
-1266
-1262
-1264
-1258
-1256
-1246
-1244
-1244
-1244
-1248
-1252
-1250
-1240
-1236
-1232
-1224
-1218
-1218
-1222
-1230
-1224
-1216
-1220
-1216
-1226
-1216
-1216
-1212
-1218
-1216
-1212
-1202
-1202
-1198
-1194
-1198
-1190
-1188
-1188
-1188
-1194
-1188
-1196
-1198
-1198
-1198
-1200
-1192
-1192
-1188
-1178
-1186
-1196
-1202
-1196
-1196
-1186
-1184
-1184
-1184
-1188
-1190
-1184
-1180
-1174
-1172
-1170
-1172
-1168
-1156
-1156
-1160
-1172
-1180
-1180
-1172
-1170
-1170
-1166
-1162
-1164
-1168
-1162
-1154
-1154
-1150
-1152
-1154
-1158
-1160
-1162
-1160
-1152
-1154
-1158
-1156
-1152
-1152
-1146
-1140
-1142
-1136
-1142
-1154
-1144
-1146
-1146
-1150
-1150
-1152
-1150
-1146
-1138
-1138
-1134
-1132
-1130
-1128
-1126
-1118
-1114
-1120
-1118
-1122
-1126
-1132
-1134
-1124
-1110
-1112
-1100
-1094
-1084
-1084
-1088
-1086
-1078
-1072
-1068
-1058
-1046
-1046
-1048
-1036
-1024
-1020
-1028
-1024
-1030
-1028
-1028
-1028
-1030
-1026
-1026
-1020
-1012
-1012
-1010
-1018
-1012
-1020
-1024
-1026
-1024
-1020
-1016
-1016
-1018
-1020
-1022
-1014
-1010
-1012
-1016
-1012
-1018
-1012
-1008
-1002
-992
-996
-990
-988
-986
-992
-988
-996
-998
-994
-1000
-1000
-1004
-992
-984
-978
-988
-984
-980
-974
-966
-950
-950
-950
-942
-936
-934
-936
-924
-918
-924
-934
-948
-942
-946
-952
-958
-950
-952
-944
-944
-944
-946
-930
-934
-924
-924
-934
-926
-918
-918
-922
-918
-912
-924
-926
-932
-928
-928
-926
-928
-930
-938
-952
-946
-952
-944
-942
-938
-932
-928
-926
-924
-928
-934
-938
-942
-934
-920
-912
-916
-906
-906
-896
-898
-904
-898
-910
-902
-906
-900
-896
-888
-892
-896
-888
-890
-894
-888
-890
-882
-888
-886
-890
-890
-892
-888
-888
-890
-882
-892
-890
-886
-886
-884
-882
-882
-880
-882
-882
-886
-878
-888
-888
-880
-874
-882
-868
-866
-864
-862
-864
-860
-868
-860
-864
-862
-864
-858
-852
-850
-856
-860
-856
-850
-844
-842
-836
-836
-836
-834
-832
-836
-840
-846
-846
-848
-836
-844
-840
-834
-844
-830
-820
-810
-818
-810
-804
-802
-792
-784
-776
-780
-778
-770
-770
-770
-760
-766
-770
-782
-794
-786
-784
-776
-778
-788
-798
-786
-786
-784
-778
-778
-780
-778
-770
-766
-766
-766
-766
-762
-760
-756
-750
-750
-750
-752
-744
-740
-744
-746
-742
-742
-734
-728
-732
-736
-736
-738
-734
-724
-718
-714
-710
-708
-702
-704
-708
-704
-710
-708
-712
-720
-712
-716
-716
-712
-718
-714
-712
-708
-714
-712
-704
-706
-708
-698
-696
-690
-690
-684
-674
-680
-686
-686
-690
-688
-684
-698
-706
-704
-700
-706
-714
-716
-720
-718
-718
-712
-706
-712
-702
-698
-694
-706
-704
-704
-706
-698
-692
-690
-688
-694
-700
-700
-694
-702
-702
-710
-706
-716
-708
-706
-708
-710
-704
-702
-692
-692
-694
-704
-706
-696
-696
-702
-692
-696
-698
-692
-696
-696
-696
-698
-694
-698
-700
-690
-678
-684
-680
-682
-678
-684
-692
-694
-694
-694
-702
-694
-686
-686
-686
-688
-688
-698
-694
-694
-694
-694
-684
-676
-676
-682
-682
-682
-672
-664
-664
-662
-658
-648
-648
-648
-652
-658
-654
-652
-644
-644
-652
-648
-640
-638
-638
-640
-630
-632
-640
-640
-642
-642
-642
-640
-640
-640
-646
-650
-644
-636
-628
-634
-632
-640
-636
-626
-624
-632
-628
-628
-626
-636
-632
-634
-642
-632
-634
-636
-632
-630
-634
-630
-638
-640
-636
-626
-630
-626
-618
-626
-626
-630
-622
-624
-630
-632
-636
-638
-644
-652
-648
-648
-646
-648
-650
-654
-654
-656
-658
-660
-660
-650
-648
-644
-650
-652
-648
-646
-650
-650
-650
-650
-652
-648
-654
-656
-650
-644
-646
-646
-648
-654
-666
-670
-666
-660
-660
-654
-658
-646
-646
-642
-638
-636
-630
-624
-616
-626
-624
-620
-620
-614
-618
-608
-606
-606
-600
-602
-600
-592
-600
-596
-596
-598
-602
-604
-606
-610
-598
-598
-598
-600
-596
-594
-590
-596
-596
-588
-582
-582
-574
-562
-562
-558
-562
-562
-556
-546
-540
-544
-542
-542
-538
-530
-528
-528
-522
-516
-514
-510
-516
-518
-516
-510
-508
-512
-502
-496
-504
-502
-498
-498
-498
-498
-500
-512
-518
-518
-516
-510
-506
-500
-506
-506
-506
-500
-500
-504
-504
-506
-506
-502
-502
-498
-502
-502
-500
-492
-494
-494
-484
-484
-488
-492
-486
-486
-496
-500
-488
-494
-500
-488
-474
-470
-462
-460
-456
-452
-450
-446
-444
-450
-450
-444
-436
-430
-430
-422
-410
-416
-420
-414
-404
-408
-402
-404
-410
-410
-404
-402
-400
-402
-400
-400
-406
-412
-416
-418
-414
-418
-422
-420
-410
-416
-416
-424
-424
-416
-424
-418
-418
-424
-430
-430
-432
-426
-432
-436
-436
-440
-442
-436
-436
-444
-448
-462
-462
-460
-454
-448
-452
-454
-458
-462
-472
-472
-466
-462
-456
-460
-458
-462
-470
-476
-474
-458
-460
-458
-456
-466
-456
-462
-466
-464
-460
-462
-464
-458
-460
-454
-458
-458
-456
-450
-450
-446
-454
-460
-460
-456
-460
-456
-458
-458
-458
-448
-454
-452
-452
-448
-442
-442
-436
-432
-438
-436
-446
-442
-446
-444
-440
-444
-432
-424
-436
-430
-428
-428
-430
-418
-416
-424
-422
-426
-424
-424
-422
-418
-414
-414
-404
-406
-396
-390
-396
-390
-394
-400
-396
-394
-388
-388
-386
-390
-392
-396
-398
-408
-404
-408
-408
-412
-416
-420
-432
-434
-432
-440
-440
-438
-438
-432
-434
-430
-430
-420
-424
-424
-424
-428
-420
-426
-430
-426
-426
-414
-414
-410
-412
-408
-408
-400
-394
-392
-396
-390
-384
-398
-398
-398
-402
-408
-416
-406
-404
-394
-396
-396
-396
-404
-404
-408
-398
-390
-392
-400
-404
-400
-400
-400
-410
-422
-420
-414
-406
-400
-404
-402
-404
-408
-404
-394
-390
-396
-404
-402
-402
-410
-406
-406
-404
-398
-396
-390
-394
-400
-400
-394
-388
-386
-392
-398
-390
-390
-388
-376
-378
-380
-374
-372
-372
-364
-354
-352
-352
-356
-356
-356
-356
-366
-360
-358
-348
-352
-352
-348
-346
-344
-344
-344
-340
-350
-356
-354
-364
-350
-338
-336
-336
-340
-338
-338
-332
-328
-320
-324
-320
-320
-318
-316
-318
-308
-308
-314
-310
-308
-306
-312
-318
-316
-312
-316
-314
-310
-310
-306
-310
-304
-306
-302
-302
-298
-292
-292
-292
-304
-304
-306
-304
-298
-292
-294
-292
-286
-286
-286
-290
-294
-294
-310
-306
-302
-308
-302
-312
-312
-304
-292
-296
-292
-294
-292
-286
-276
-276
-278
-278
-278
-282
-284
-294
-284
-284
-284
-294
-290
-290
-298
-304
-306
-306
-306
-304
-298
-302
-298
-300
-300
-310
-310
-314
-314
-312
-320
-322
-308
-314
-310
-302
-298
-312
-312
-308
-310
-306
-300
-302
-294
-298
-304
-302
-288
-290
-282
-290
-302
-302
-304
-300
-298
-298
-296
-300
-302
-306
-312
-322
-326
-334
-334
-330
-334
-336
-332
-346
-344
-340
-336
-346
-348
-344
-348
-350
-360
-354
-354
-354
-356
-354
-350
-350
-354
-360
-362
-360
-362
-366
-366
-378
-378
-372
-370
-366
-356
-360
-362
-350
-352
-360
-348
-344
-338
-342
-332
-330
-344
-334
-318
-322
-318
-320
-324
-328
-324
-322
-332
-332
-334
-334
-328
-324
-326
-326
-324
-328
-326
-330
-342
-350
-348
-352
-346
-342
-332
-340
-338
-338
-348
-346
-352
-348
-350
-348
-342
-342
-344
-350
-348
-352
-356
-352
-338
-334
-346
-342
-338
-340
-340
-342
-344
-336
-328
-332
-332
-334
-332
-340
-342
-348
-354
-356
-362
-366
-368
-378
-386
-378
-384
-386
-380
-374
-372
-366
-364
-362
-366
-374
-370
-368
-370
-370
-378
-376
-370
-370
-364
-364
-358
-358
-344
-344
-338
-332
-336
-332
-340
-346
-334
-324
-324
-332
-338
-334
-334
-330
-326
-326
-330
-334
-332
-334
-326
-324
-312
-316
-314
-322
-318
-316
-320
-314
-302
-302
-298
-292
-296
-284
-284
-286
-286
-290
-288
-284
-284
-286
-292
-300
-296
-300
-304
-298
-296
-304
-304
-304
-316
-316
-318
-320
-318
-318
-322
-322
-326
-320
-324
-322
-314
-308
-316
-314
-322
-312
-318
-322
-326
-318
-314
-306
-300
-296
-290
-294
-300
-306
-304
-300
-292
-290
-286
-292
-286
-292
-286
-280
-276
-274
-272
-284
-278
-280
-286
-288
-288
-288
-288
-286
-286
-284
-276
-280
-274
-276
-270
-272
-268
-268
-266
-266
-266
-266
-262
-252
-252
-246
-242
-242
-242
-238
-244
-250
-254
-246
-250
-250
-246
-248
-248
-248
-250
-248
-248
-242
-242
-232
-234
-232
-234
-242
-240
-234
-234
-230
-230
-228
-220
-214
-214
-212
-224
-228
-236
-240
-238
-234
-232
-234
-240
-238
-234
-228
-230
-228
-226
-228
-220
-218
-218
-224
-228
-234
-230
-240
-246
-248
-250
-248
-250
-250
-254
-258
-252
-254
-252
-252
-252
-248
-244
-238
-232
-236
-250
-254
-242
-246
-242
-234
-230
-228
-232
-238
-242
-240
-244
-238
-234
-232
-232
-230
-228
-222
-216
-214
-222
-224
-228
-222
-218
-210
-196
-194
-182
-184
-184
-186
-196
-196
-198
-202
-204
-202
-210
-206
-206
-214
-202
-196
-204
-192
-192
-188
-190
-174
-174
-164
-160
-168
-164
-166
-168
-164
-168
-166
-162
-170
-164
-170
-170
-164
-176
-172
-170
-170
-168
-156
-166
-168
-154
-160
-148
-154
-154
-150
-154
-154
-154
-144
-142
-148
-150
-150
-146
-134
-134
-136
-126
-126
-126
-132
-124
-126
-130
-130
-138
-144
-146
-146
-150
-148
-152
-162
-162
-162
-152
-152
-144
-140
-148
-146
-146
-146
-146
-146
-142
-142
-142
-144
-144
-146
-142
-138
-132
-122
-118
-112
-108
-102
-102
-104
-100
-102
-96
-92
-88
-92
-90
-86
-86
-88
-90
-92
-94
-102
-102
-98
-98
-96
-104
-106
-102
-102
-90
-96
-92
-104
-102
-110
-124
-124
-122
-126
-116
-112
-120
-114
-110
-108
-114
-114
-112
-112
-106
-110
-110
-112
-114
-116
-108
-92
-90
-98
-96
-96
-98
-100
-94
-92
-96
-88
-88
-94
-94
-100
-100
-98
-92
-84
-86
-80
-72
-80
-78
-84
-74
-74
-74
-68
-74
-62
-56
-56
-46
-46
-56
-54
-62
-64
-62
-62
-56
-56
-60
-50
-40
-48
-52
-56
-60
-62
-64
-64
-56
-52
-46
-54
-66
-56
-62
-68
-64
-66
-68
-76
-70
-60
-56
-46
-48
-42
-50
-48
-44
-42
-46
-58
-62
-66
-54
-56
-52
-52
-52
-60
-52
-42
-48
-48
-44
-42
-36
-30
-30
-30
-28
-22
-22
-28
-34
-34
-26
-18
-22
-20
-12
-10
-2
4
-6
-8
-12
-4
4
0
4
2
-6
-12
-8
2
12
12
14
8
0
6
8
6
4
6
0
12
6
6
6
0
-2
-2
4
10
12
8
20
12
10
4
6
14
10
20
20
14
22
16
22
18
14
8
12
12
12
22
22
30
24
22
24
16
20
12
12
14
8
8
16
18
18
28
24
16
24
30
34
30
30
28
24
20
20
22
28
28
24
12
16
20
30
42
38
48
44
48
46
40
44
38
34
36
28
28
32
26
26
28
34
38
34
36
34
32
30
34
32
32
40
34
22
26
32
28
26
26
36
46
38
50
48
50
46
54
60
62
60
58
58
60
68
70
66
68
64
66
68
60
70
72
74
70
78
70
70
68
54
54
44
46
52
60
62
54
56
52
60
66
62
64
66
62
68
70
68
72
70
68
72
58
72
84
80
84
84
86
96
102
102
106
106
112
114
114
120
110
114
108
100
108
106
104
104
100
96
104
104
94
100
106
114
104
104
110
104
98
98
94
98
96
102
108
110
114
112
112
110
114
118
122
126
128
130
132
132
130
128
132
130
126
122
130
126
124
124
122
122
120
118
114
108
106
104
104
104
104
112
124
128
124
122
116
116
118
120
114
114
112
116
114
108
112
112
112
108
106
104
100
100
96
94
102
100
92
96
104
104
100
100
98
94
94
96
104
118
110
110
114
114
124
132
134
134
140
134
130
126
128
134
124
116
110
102
104
100
100
96
92
92
96
100
96
100
102
104
110
108
118
114
118
114
114
120
120
132
130
132
130
132
140
142
150
160
168
172
166
158
154
158
152
142
144
140
140
138
132
132
138
136
144
142
134
138
138
142
146
146
142
148
142
150
158
152
158
156
154
154
160
166
170
168
170
168
180
182
182
190
182
188
186
178
174
170
178
184
184
184
176
180
178
188
182
188
194
196
202
194
192
196
196
192
196
188
184
182
176
172
170
160
166
170
170
172
174
174
184
190
192
192
180
186
186
186
182
196
200
206
200
198
200
202
204
210
208
206
210
208
206
212
206
204
196
202
204
212
200
200
202
206
216
218
226
224
216
224
226
218
218
220
216
216
218
220
224
216
222
218
224
214
214
214
212
218
220
212
202
200
208
204
204
204
196
194
198
190
190
182
186
196
196
190
198
198
200
202
192
198
192
198
192
184
178
190
192
188
178
184
180
188
194
208
204
200
200
204
208
206
216
220
224
214
222
226
236
234
224
216
218
212
218
224
220
220
218
226
222
216
222
216
208
206
210
204
200
196
194
188
180
186
186
186
192
192
198
192
188
198
202
206
206
202
192
192
186
186
196
204
206
212
218
224
232
228
238
236
236
244
250
238
238
246
236
232
232
234
240
240
238
242
248
252
244
246
238
240
238
238
238
234
238
232
236
240
238
250
244
254
252
258
262
268
262
258
258
258
260
260
260
266
276
282
290
290
292
290
294
290
290
292
302
310
306
304
300
286
272
272
274
272
278
276
274
264
262
268
266
266
266
270
262
258
258
264
264
268
272
262
264
266
266
262
254
252
252
260
268
280
282
284
276
270
272
278
274
278
268
272
270
262
264
266
266
276
274
282
272
280
270
258
264
264
268
274
280
272
264
258
258
256
266
276
274
266
266
270
258
244
250
248
258
262
266
268
264
258
256
258
254
256
246
250
246
238
244
230
226
218
214
222
210
224
224
216
212
216
218
222
216
220
212
218
218
224
228
226
232
238
240
236
246
252
256
246
252
246
250
250
256
250
256
252
246
248
246
246
244
234
230
228
222
230
222
224
230
222
226
230
234
234
240
240
248
256
258
266
268
268
264
276
278
272
280
280
270
270
276
278
276
280
276
274
276
272
264
264
266
278
280
276
284
290
290
286
282
274
270
278
286
284
274
274
280
272
272
276
270
270
268
268
264
264
266
270
258
258
258
258
266
260
266
270
272
284
282
286
286
286
286
282
284
288
284
282
288
296
304
308
320
318
314
320
314
314
308
302
308
306
300
302
300
316
320
320
320
318
302
296
294
298
300
306
312
314
304
306
310
300
300
296
294
284
286
288
278
286
288
284
284
290
294
286
284
288
292
304
304
312
316
316
316
318
320
326
324
332
330
334
332
328
334
328
320
322
322
320
326
336
336
326
324
314
314
316
314
316
312
306
308
316
310
304
308
312
316
320
316
320
316
324
322
322
330
324
324
312
314
314
312
320
318
316
308
306
304
310
302
312
300
300
306
314
310
324
318
318
320
322
318
322
318
316
324
328
330
338
336
342
344
342
340
336
334
338
340
340
344
346
354
346
348
350
348
348
348
354
346
342
344
346
340
344
342
348
350
356
354
358
362
360
368
368
372
376
382
380
374
368
360
354
362
364
356
358
362
364
358
352
356
356
352
350
348
348
340
340
336
342
342
332
342
342
336
342
340
346
344
354
354
356
362
354
350
350
350
360
368
372
386
394
394
402
406
410
412
416
420
422
434
426
422
412
406
408
402
400
398
408
408
412
408
404
406
402
398
398
396
404
406
404
406
398
390
388
388
384
380
378
378
390
396
394
402
410
414
414
412
416
416
424
418
410
408
404
404
408
406
404
404
404
408
402
404
404
400
402
402
398
404
404
414
412
412
414
414
412
412
416
406
406
410
412
412
414
408
414
420
420
416
424
426
428
426
430
434
432
438
446
438
448
450
448
456
458
454
462
462
464
474
464
462
456
464
474
474
474
476
472
480
482
486
488
500
498
500
506
498
500
492
490
492
492
486
474
474
470
470
474
474
482
490
498
502
502
504
498
504
512
516
518
514
506
506
498
502
500
492
490
496
504
508
504
512
512
516
524
520
530
536
542
542
550
554
556
552
544
544
544
544
540
548
554
548
556
560
560
558
558
562
560
560
556
558
554
550
550
558
556
550
548
536
546
540
544
546
536
542
532
522
526
520
518
516
510
504
500
508
510
516
514
514
504
510
500
508
508
506
506
512
518
514
508
504
506
502
496
496
496
500
512
506
496
504
508
512
512
514
518
514
520
522
524
530
526
518
522
514
524
514
518
520
528
522
530
532
538
528
520
520
530
528
530
542
538
532
528
528
528
532
524
520
524
520
524
514
514
520
514
512
522
528
540
542
540
534
526
530
534
540
546
544
546
548
540
536
534
524
526
532
540
550
552
554
552
564
570
574
574
568
564
560
562
556
552
556
548
554
548
560
568
560
546
558
560
558
552
554
552
560
560
556
552
550
550
550
552
556
550
540
540
556
558
562
560
562
554
560
550
542
542
540
544
548
544
548
546
554
542
540
544
542
536
530
532
528
522
524
522
528
530
528
522
526
532
532
532
530
522
516
520
528
526
526
524
526
522
520
516
520
520
528
528
534
530
526
526
526
528
526
528
524
514
516
514
508
500
500
500
498
490
482
482
488
484
484
484
492
488
486
484
476
474
480
478
482
486
494
490
492
488
486
486
490
494
490
494
502
502
500
502
500
494
494
494
494
498
492
490
492
488
484
480
486
490
476
482
488
488
486
486
486
484
472
478
470
464
470
480
484
502
498
506
508
520
516
514
506
506
492
498
498
500
492
486
486
486
486
486
494
496
496
502
508
512
508
516
518
518
522
518
528
532
530
520
522
512
520
514
502
502
500
510
508
512
512
516
510
508
512
510
514
510
520
516
518
514
516
522
522
520
522
524
524
518
514
512
512
516
524
526
524
522
518
520
518
526
530
526
532
542
558
556
544
544
548
552
548
538
544
532
532
534
546
556
556
562
552
540
538
540
524
524
520
514
510
512
520
516
518
514
516
516
524
524
514
514
516
512
508
508
504
500
498
494
494
490
484
480
484
476
484
480
478
478
474
474
464
464
466
476
466
462
464
454
448
450
448
448
446
450
446
442
442
446
454
450
440
438
442
444
442
442
440
438
436
436
428
428
426
436
436
444
444
442
444
450
452
452
456
458
452
442
454
444
444
440
448
446
444
444
444
440
442
444
442
444
444
442
452
448
448
450
444
442
442
440
444
440
448
446
438
442
452
450
450
444
438
436
442
440
438
430
422
426
414
416
418
426
432
438
438
430
428
422
424
424
430
430
432
436
438
448
450
454
450
448
450
446
440
440
442
448
454
454
458
452
458
454
464
476
480
480
486
492
494
498
500
514
514
514
512
516
520
516
512
520
522
518
522
524
528
520
520
528
518
512
514
522
526
524
522
512
516
518
518
520
512
504
504
508
508
510
508
508
506
502
500
506
500
496
490
490
484
484
482
480
468
466
466
476
474
472
474
478
478
488
484
484
478
472
482
480
478
486
476
486
490
498
496
496
490
490
498
506
506
506
494
486
488
496
492
492
498
492
492
492
492
488
480
480
480
482
490
490
486
472
466
460
462
452
456
458
456
448
450
450
446
448
454
460
460
462
468
462
468
464
458
448
454
446
446
444
442
442
430
432
428
430
434
450
450
460
470
470
466
470
466
466
470
476
482
482
488
480
484
482
492
486
494
500
498
492
494
494
500
496
502
506
512
516
516
514
508
506
514
520
528
524
520
526
528
536
544
540
532
538
542
544
544
540
544
540
542
546
552
554
548
552
554
564
564
562
570
568
568
568
570
566
554
552
546
552
552
554
550
550
550
550
548
554
558
562
562
566
562
568
564
554
558
558
564
566
560
562
562
548
536
548
550
550
552
544
554
552
550
550
550
558
564
566
576
574
576
586
588
586
604
610
614
618
612
602
602
612
612
620
620
612
618
618
618
618
620
620
616
618
632
634
636
628
624
624
628
630
628
638
646
646
630
634
626
632
636
634
644
644
636
638
636
634
636
634
632
632
624
624
624
620
612
616
618
612
608
610
616
616
618
626
620
616
616
620
628
620
620
620
614
616
616
622
618
628
624
630
640
642
644
648
654
654
658
646
640
634
624
628
636
636
634
638
644
646
648
644
646
648
648
652
646
650
652
660
654
658
652
648
652
660
658
656
656
654
658
664
662
664
664
666
672
680
680
678
678
680
676
680
690
690
700
700
704
708
698
692
680
678
670
674
664
666
666
670
666
674
672
664
662
668
668
672
662
666
668
660
664
658
664
670
664
668
668
668
674
674
666
672
674
680
680
682
692
692
700
710
708
708
696
696
694
700
700
702
700
700
698
696
700
692
692
702
702
700
696
698
698
700
702
704
706
704
700
704
712
718
714
720
726
732
730
738
730
734
734
736
730
734
734
738
732
730
736
732
730
726
714
718
716
732
726
724
734
734
730
724
720
720
720
712
712
704
712
714
714
706
710
720
722
724
730
728
730
736
730
730
726
730
730
732
726
734
742
740
744
750
750
744
738
736
728
730
738
730
734
734
738
738
734
730
720
716
714
720
722
712
712
712
718
722
724
714
710
706
702
700
704
704
710
702
706
696
698
700
690
684
684
676
676
688
692
688
674
676
674
678
672
674
680
680
678
672
674
672
678
682
680
692
696
694
694
696
694
700
712
712
720
722
718
710
710
704
702
694
682
670
670
666
664
666
664
672
678
678
676
672
672
678
688
688
688
684
682
676
674
674
668
664
672
672
662
658
664
656
658
658
668
666
668
668
660
652
664
668
668
658
662
662
660
654
650
640
638
634
636
638
642
646
640
636
632
626
630
640
640
640
632
624
634
632
636
632
628
622
616
616
618
618
622
628
636
630
624
622
618
618
620
616
618
622
624
620
624
626
630
628
630
634
632
626
626
622
622
632
638
644
644
630
630
632
640
642
652
650
656
664
656
654
654
660
666
668
676
662
662
658
662
664
670
670
670
672
672
674
672
674
676
682
686
694
698
704
698
696
690
690
694
688
690
692
694
692
702
710
706
718
720
712
722
726
724
724
722
714
722
724
732
720
714
716
718
712
708
706
696
704
710
708
716
714
712
702
708
716
722
732
740
738
746
748
748
756
740
740
736
734
738
740
740
740
728
730
736
740
746
746
746
736
740
738
750
750
748
748
744
742
740
740
726
726
724
712
712
714
714
722
718
724
732
736
744
754
752
758
750
754
750
758
770
776
776
778
774
774
780
782
770
762
760
762
764
758
760
754
752
762
762
764
766
762
758
758
758
762
762
762
752
744
742
742
740
740
738
744
732
740
740
734
738
734
742
742
748
748
744
746
746
748
736
732
732
732
736
728
726
730
730
732
732
732
730
726
724
722
716
718
714
714
722
724
726
730
730
732
742
742
754
756
756
754
752
752
754
758
752
760
754
756
746
744
728
728
722
726
728
726
726
736
736
746
734
742
742
748
748
740
736
732
740
744
742
742
744
742
744
744
750
756
762
762
758
760
758
760
760
762
756
758
756
752
760
762
766
760
764
764
760
746
738
734
738
744
746
734
734
732
738
742
748
748
738
744
740
736
736
738
742
738
740
740
738
738
742
740
734
726
720
718
724
732
746
750
748
742
740
732
732
728
742
740
744
744
750
742
742
744
742
742
738
746
746
746
748
742
738
726
730
730
734
736
734
738
734
730
722
728
736
738
730
726
728
726
726
718
712
710
704
700
698
694
694
700
694
694
702
704
704
710
710
712
710
712
714
712
712
716
716
720
718
716
706
706
704
704
708
702
708
700
708
714
726
716
716
716
716
722
724
722
728
724
724
718
718
706
702
710
712
712
718
714
712
712
720
722
720
708
702
708
706
708
708
716
706
706
710
708
706
702
706
708
708
712
706
702
706
706
716
718
722
716
712
706
706
704
702
704
708
704
708
712
718
726
732
728
726
728
730
736
738
738
738
728
728
728
722
726
724
722
726
730
730
722
720
710
710
704
696
690
698
692
694
706
704
698
700
700
690
692
704
706
700
706
700
696
708
704
706
708
712
708
708
716
722
716
720
708
712
710
710
706
706
702
710
712
712
716
718
712
710
704
710
700
704
700
710
702
704
708
708
714
714
704
706
696
696
692
688
690
686
690
678
676
672
682
684
682
678
684
692
694
694
694
692
690
680
678
690
690
694
692
702
696
696
698
692
700
692
690
694
702
698
696
692
684
682
680
688
682
686
676
676
678
680
676
682
680
668
670
662
658
650
654
660
658
652
662
670
672
672
672
670
678
684
674
678
684
686
694
688
682
674
676
672
678
672
672
676
676
672
674
674
672
664
658
670
670
666
670
674
680
680
674
674
672
670
666
668
668
666
668
668
660
652
660
658
662
658
654
652
650
648
646
652
660
668
668
680
688
692
692
700
706
706
708
702
708
704
716
716
718
712
712
716
718
726
730
736
738
730
736
732
728
726
726
734
744
736
732
740
734
734
734
734
738
744
754
756
748
752
744
742
744
746
748
750
750
748
756
758
752
754
754
754
752
746
754
752
740
738
736
736
732
732
742
742
738
742
738
728
720
726
722
716
712
704
704
712
712
706
716
720
716
728
730
738
726
736
736
738
730
726
720
722
722
722
722
722
730
724
732
732
728
716
710
702
702
702
708
704
700
700
710
720
728
736
738
740
732
718
728
730
734
722
716
710
708
704
698
688
688
682
684
676
670
668
668
672
674
666
662
664
666
676
674
666
670
666
672
664
670
662
664
656
654
656
664
656
656
668
670
662
666
658
658
660
662
668
664
660
662
656
654
654
648
646
644
648
646
642
640
634
630
628
626
628
634
624
618
618
626
628
612
606
596
598
598
596
600
600
594
600
604
600
604
606
618
614
604
602
598
594
584
590
598
602
602
606
600
600
592
590
594
594
594
588
584
594
596
590
586
594
602
600
600
602
610
616
616
620
616
618
626
626
634
632
622
616
620
628
636
634
640
642
642
638
638
642
638
630
634
630
632
632
624
616
614
612
608
596
602
610
614
608
610
622
626
634
636
642
632
634
638
646
656
662
666
662
666
672
678
682
682
674
672
672
670
678
684
694
696
696
706
706
716
716
716
716
716
706
700
698
702
694
694
696
696
698
694
700
706
706
716
710
704
712
702
700
704
700
708
716
710
708
710
710
710
714
714
722
722
734
740
738
738
734
738
738
742
742
736
736
740
742
734
730
728
730
718
716
716
710
708
700
704
700
696
702
698
698
694
692
686
682
690
686
686
690
686
688
694
686
686
686
694
702
698
692
696
698
698
700
714
714
714
714
726
724
718
718
714
720
716
716
710
704
710
706
710
704
702
714
720
710
718
710
700
698
698
696
700
696
706
716
714
716
714
706
706
