-2615
-2611
-2599
-2587
-2579
-2579
-2571
-2567
-2555
-2545
-2541
-2531
-2525
-2517
-2507
-2497
-2489
-2481
-2481
-2475
-2471
-2465
-2459
-2457
-2449
-2453
-2445
-2437
-2433
-2427
-2419
-2413
-2401
-2397
-2389
-2387
-2387
-2373
-2371
-2369
-2365
-2361
-2357
-2347
-2357
-2355
-2349
-2353
-2347
-2337
-2333
-2329
-2329
-2323
-2307
-2299
-2291
-2285
-2281
-2273
-2261
-2261
-2259
-2257
-2249
-2247
-2255
-2259
-2259
-2251
-2239
-2235
-2239
-2225
-2221
-2217
-2209
-2197
-2197
-2191
-2191
-2187
-2191
-2189
-2185
-2183
-2187
-2183
-2175
-2169
-2173
-2173
-2175
-2169
-2165
-2165
-2159
-2149
-2143
-2133
-2129
-2117
-2109
-2101
-2087
-2081
-2075
-2071
-2061
-2047
-2053
-2055
-2047
-2047
-2045
-2037
-2025
-2029
-2019
-2007
-2009
-1995
-1987
-1991
-1991
-1979
-1975
-1967
-1965
-1961
-1963
-1963
-1947
-1945
-1935
-1927
-1929
-1927
-1923
-1915
-1911
-1913
-1907
-1909
-1899
-1905
-1905
-1899
-1901
-1897
-1899
-1889
-1893
-1883
-1879
-1871
-1877
-1881
-1871
-1869
-1865
-1865
-1857
-1847
-1841
-1849
-1847
-1847
-1831
-1827
-1817
-1811
-1813
-1813
-1819
-1817
-1809
-1809
-1805
-1807
-1805
-1795
-1793
-1785
-1785
-1781
-1769
-1761
-1753
-1747
-1735
-1735
-1735
-1733
-1721
-1707
-1705
-1695
-1697
-1695
-1701
-1701
-1695
-1697
-1697
-1703
-1699
-1699
-1689
-1689
-1689
-1689
-1681
-1673
-1661
-1653
-1639
-1631
-1631
-1623
-1617
-1607
-1601
-1599
-1591
-1583
-1573
-1569
-1557
-1551
-1553
-1541
-1539
-1541
-1541
-1541
-1537
-1537
-1527
-1527
-1527
-1521
-1519
-1521
-1527
-1527
-1523
-1513
-1517
-1515
-1499
-1497
-1481
-1479
-1465
-1461
-1447
-1445
-1441
-1437
-1429
-1427
-1419
-1419
-1411
-1401
-1403
-1395
-1397
-1387
-1381
-1393
-1397
-1391
-1389
-1387
-1381
-1371
-1363
-1361
-1349
-1345
-1347
-1347
-1343
-1335
-1323
-1317
-1309
-1311
-1309
-1315
-1309
-1301
-1295
-1295
-1289
-1291
-1281
-1277
-1273
-1263
-1265
-1263
-1257
-1255
-1251
-1237
-1241
-1233
-1227
-1227
-1227
-1217
-1221
-1207
-1195
-1195
-1183
-1175
-1169
-1169
-1171
-1171
-1163
-1167
-1169
-1157
-1149
-1151
-1153
-1151
-1141
-1137
-1133
-1131
-1133
-1129
-1129
-1123
-1117
-1113
-1109
-1113
-1105
-1097
-1099
-1099
-1093
-1095
-1095
-1091
-1079
-1079
-1081
-1081
-1077
-1071
-1071
-1067
-1059
-1063
-1061
-1063
-1063
-1063
-1063
-1051
-1049
-1051
-1055
-1051
-1043
-1037
-1025
-1023
-1019
-1021
-1015
-1019
-1023
-1023
-1023
-1023
-1017
-1005
-997
-981
-971
-975
-963
-965
-955
-949
-951
-951
-953
-955
-953
-953
-951
-963
-963
-959
-949
-945
-937
-935
-939
-933
-929
-921
-921
-909
-909
-905
-897
-901
-897
-897
-901
-895
-895
-893
-887
-883
-883
-881
-877
-877
-877
-877
-861
-855
-857
-859
-853
-849
-845
-841
-845
-837
-839
-839
-843
-837
-833
-833
-833
-823
-817
-829
-831
-833
-831
-829
-827
-827
-829
-835
-819
-819
-813
-807
-799
-791
-791
-787
-787
-777
-773
-761
-751
-747
-747
-743
-741
-735
-737
-743
-739
-735
-727
-727
-719
-717
-725
-723
-715
-715
-715
-717
-713
-717
-713
-713
-713
-717
-717
-719
-713
-715
-721
-719
-723
-729
-735
-735
-727
-729
-743
-731
-735
-729
-733
-733
-725
-721
-725
-727
-723
-719
-715
-705
-705
-707
-699
-697
-699
-697
-701
-689
-689
-697
-689
-689
-693
-687
-679
-683
-681
-691
-693
-687
-677
-671
-669
-667
-663
-665
-655
-649
-649
-651
-643
-641
-637
-633
-633
-629
-623
-623
-615
-609
-599
-601
-593
-589
-583
-579
-569
-561
-547
-539
-535
-539
-525
-521
-517
-527
-525
-509
-511
-507
-501
-501
-497
-499
-505
-499
-501
-505
-503
-503
-503
-505
-507
-503
-503
-503
-495
-499
-491
-487
-477
-479
-479
-479
-475
-469
-471
-475
-477
-471
-473
-475
-467
-473
-465
-457
-453
-451
-445
-445
-435
-435
-439
-429
-427
-423
-415
-423
-427
-431
-423
-419
-425
-413
-405
-405
-407
-405
-401
-401
-409
-405
-395
-389
-393
-397
-391
-397
-405
-397
-391
-391
-393
-379
-391
-391
-391
-389
-381
-373
-375
-365
-369
-355
-349
-349
-347
-355
-361
-363
-365
-377
-371
-375
-375
-385
-389
-387
-391
-389
-389
-391
-383
-379
-387
-387
-379
-375
-381
-365
-365
-363
-363
-369
-359
-357
-349
-345
-343
-339
-341
-347
-345
-349
-333
-329
-329
-329
-325
-315
-313
-305
-303
-303
-305
-307
-299
-295
-299
-293
-291
-293
-287
-285
-279
-285
-287
-287
-283
-287
-279
-285
-283
-273
-273
-273
-275
-275
-277
-281
-289
-285
-279
-279
-281
-279
-279
-277
-273
-269
-265
-263
-267
-269
-269
-273
-279
-279
-279
-273
-267
-263
-269
-269
-275
-259
-261
-265
-257
-255
-255
-261
-259
-251
-251
-251
-255
-251
-253
-261
-261
-257
-253
-253
-249
-245
-235
-237
-229
-227
-227
-227
-225
-223
-221
-217
-217
-205
-211
-211
-207
-199
-197
-185
-195
-193
-195
-191
-197
-197
-199
-199
-199
-195
-197
-197
-199
-193
-187
-185
-187
-189
-175
-177
-181
-181
-179
-181
-177
-173
-175
-175
-173
-171
-171
-173
-169
-165
-153
-149
-149
-147
-141
-137
-141
-137
-143
-139
-141
-141
-145
-141
-143
-137
-129
-135
-133
-131
-135
-139
-139
-145
-151
-151
-163
-169
-169
-175
-179
-171
-171
-171
-173
-165
-165
-161
-165
-163
-159
-147
-141
-141
-129
-123
-121
-119
-113
-113
-105
-101
-101
-95
-95
-85
-93
-91
-83
-81
-87
-81
-87
-81
-81
-87
-89
-91
-99
-99
-95
-97
-105
-111
-113
-113
-111
-115
-115
-125
-119
-123
-115
-117
-115
-117
-121
-115
-109
-105
-103
-97
-111
-103
-101
-93
-89
-89
-95
-95
-93
-93
-91
-91
-89
-91
-89
-87
-83
-75
-79
-79
-71
-77
-79
-83
-81
-77
-81
-77
-71
-71
-71
-71
-63
-67
-67
-77
-79
-71
-67
-59
-67
-67
-71
-69
-65
-63
-63
-63
-61
-65
-71
-69
-61
-65
-71
-61
-61
-51
-51
-47
-47
-47
-41
-39
-41
-31
-25
-23
-23
-33
-27
-29
-27
-31
-33
-33
-37
-29
-29
-25
-29
-29
-35
-27
-21
-19
-23
-27
-25
-31
-35
-39
-47
-37
-33
-29
-29
-35
-33
-45
-37
-33
-39
-31
-33
-35
-31
-21
-25
-21
-11
-13
-13
-5
-11
-7
-13
-5
-1
-3
-5
3
3
11
17
11
13
13
17
17
13
9
5
9
1
-1
-1
-13
-15
-13
-17
-19
-17
-23
-19
-19
-11
-7
-1
7
7
11
11
7
7
7
9
5
5
5
7
-1
-1
-7
-7
-9
-7
1
-1
-3
-3
3
1
-3
-3
11
11
11
9
11
5
1
-5
-13
-5
-9
-13
-13
-17
-19
-11
-5
-3
-5
-11
-13
-19
-19
-19
-15
-17
-13
-19
-21
-21
-25
-31
-31
-31
-35
-45
-45
-39
-47
-41
-43
-35
-37
-33
-39
-37
-37
-35
-29
-27
-27
-27
-23
-31
-39
-35
-29
-29
-25
-29
-27
-23
-29
-25
-25
-25
-21
-25
-23
-21
-27
-21
-15
-15
-21
-19
-13
-19
-21
-23
-23
-23
-13
-7
-9
-5
3
1
3
3
1
7
-3
-5
-9
-11
-13
-3
-3
5
11
11
19
21
23
21
23
21
25
29
23
19
31
31
25
19
15
19
29
25
31
29
29
19
19
15
11
5
3
5
11
21
27
25
31
33
37
31
33
33
25
29
31
37
41
47
49
53
51
51
55
49
45
51
55
57
65
57
61
57
47
47
39
47
43
45
45
47
55
51
49
45
47
49
37
41
45
49
57
59
65
59
55
43
43
35
43
31
27
23
23
17
13
11
5
7
11
17
11
5
5
5
-1
7
5
3
-1
-3
1
-3
3
7
11
9
13
17
27
23
27
29
33
31
31
35
23
27
39
35
41
39
43
41
47
55
59
57
47
41
45
45
39
39
39
47
45
51
51
53
49
49
63
63
59
57
59
59
55
59
71
67
65
61
61
63
61
63
65
67
65
67
59
65
65
65
65
65
69
67
69
71
75
69
63
65
69
75
89
91
89
89
91
91
87
91
99
103
97
95
95
97
101
103
111
107
107
105
111
115
119
123
123
125
121
123
125
129
125
117
127
129
139
141
143
153
149
149
145
139
143
137
139
137
127
129
129
135
135
131
125
119
119
115
111
119
117
123
123
121
127
127
137
143
149
151
147
147
145
147
151
149
143
145
147
151
153
151
147
151
147
147
151
151
149
149
155
159
161
165
173
167
167
175
179
175
171
169
171
175
185
185
189
189
195
207
213
211
219
221
225
227
229
229
225
221
219
219
227
221
229
233
229
229
237
251
253
249
251
267
275
275
275
273
273
281
283
281
281
281
273
269
279
287
293
293
295
291
283
283
287
285
285
283
279
279
271
271
263
263
267
267
269
263
265
265
269
269
271
269
271
277
273
271
271
275
275
283
291
279
271
281
279
275
277
269
271
271
279
289
289
287
287
277
277
273
267
261
263
275
275
271
271
275
283
285
289
291
287
297
309
299
291
305
311
307
305
311
311
311
307
311
309
307
309
315
315
317
313
317
325
323
321
331
331
325
321
323
315
323
319
323
323
323
333
333
335
331
337
333
331
331
323
329
333
333
339
335
337
347
343
343
347
347
347
351
357
353
351
357
349
353
353
349
345
337
345
339
345
345
345
345
343
345
349
349
351
355
349
353
351
347
351
351
357
359
359
357
359
359
353
359
363
357
361
359
359
367
373
371
371
369
361
359
355
345
335
341
335
333
335
339
335
341
347
341
341
341
339
343
351
353
365
373
373
373
371
367
359
357
361
359
375
375
375
373
375
371
375
377
377
375
371
371
373
373
365
367
371
377
375
377
377
377
371
367
367
369
369
375
371
371
363
363
365
363
359
359
357
353
357
361
361
363
375
369
377
381
379
391
401
399
407
409
409
407
401
403
395
387
377
369
373
373
385
387
393
397
407
415
421
427
427
425
413
413
413
415
411
415
421
425
427
427
435
429
435
431
421
421
421
419
413
411
413
407
415
423
423
421
419
421
425
425
419
433
429
427
427
437
437
439
435
433
433
429
435
433
441
435
437
445
451
455
451
439
441
445
445
445
435
439
451
453
449
453
451
441
441
441
443
445
451
453
463
463
453
451
451
449
443
447
439
439
439
431
431
437
439
435
423
423
423
431
427
429
427
425
429
435
435
441
437
433
431
427
421
421
429
429
429
423
427
427
435
431
423
423
419
419
425
415
405
403
407
403
389
383
375
375
379
387
385
383
375
381
383
381
385
373
373
379
377
381
375
375
375
379
377
377
377
373
379
383
379
377
377
373
365
375
373
365
363
363
371
363
375
383
375
365
359
355
355
353
341
341
339
339
337
337
331
339
337
345
345
345
345
349
355
357
349
351
347
357
355
357
357
363
359
359
351
355
353
357
351
351
337
333
335
337
343
341
343
343
343
333
333
329
331
329
343
343
337
329
325
317
319
325
321
325
337
337
341
349
351
345
343
343
335
337
337
339
353
353
351
349
341
335
341
341
343
333
329
329
327
321
325
321
325
333
333
331
331
335
335
339
343
347
339
341
329
333
333
337
341
347
355
355
359
363
363
363
363
357
357
359
359
361
359
359
369
367
363
363
359
349
349
345
351
353
353
351
351
357
353
355
357
349
357
345
347
359
355
349
339
333
331
331
331
333
335
331
327
319
325
329
329
327
325
329
327
321
327
329
323
327
329
331
321
313
315
315
307
311
311
311
319
323
323
321
325
325
329
327
333
335
331
337
325
321
315
307
311
307
305
307
311
313
317
315
311
309
301
315
317
319
319
315
315
311
313
313
319
307
307
309
305
305
297
301
305
307
305
305
305
309
309
317
327
321
321
323
323
339
327
333
325
331
331
327
333
331
327
325
333
335
329
337
341
341
337
335
337
335
333
333
329
329
327
331
335
337
337
337
343
345
341
343
339
339
341
341
329
325
325
321
327
333
325
333
335
335
335
331
331
321
321
323
323
317
319
323
321
319
317
313
315
309
307
309
307
319
313
317
317
311
309
305
303
293
279
285
281
277
285
287
287
279
279
283
279
287
285
279
283
283
287
281
285
281
283
279
273
273
273
277
281
275
277
273
279
279
271
273
277
283
289
279
273
285
279
279
277
273
257
257
251
257
257
255
259
263
265
255
249
257
247
245
251
251
251
263
261
261
263
257
259
255
253
253
255
247
241
241
253
259
253
257
255
265
265
263
255
255
253
257
257
259
261
267
265
271
263
267
273
271
271
273
275
275
279
277
273
271
269
277
277
279
287
281
275
279
279
287
277
267
257
251
241
239
245
245
245
241
235
229
235
231
223
217
219
213
207
213
221
219
209
213
211
207
211
213
219
221
231
229
219
219
217
221
223
223
211
205
199
199
201
203
203
207
199
199
201
205
201
203
209
209
219
217
217
209
217
213
221
227
229
225
223
219
215
219
217
207
205
209
209
205
207
207
201
199
195
189
189
189
185
187
183
181
187
191
203
197
197
195
199
193
189
183
171
175
175
171
171
167
151
149
149
145
147
149
149
149
145
145
143
143
143
143
139
137
137
133
135
119
125
125
123
135
133
127
139
141
141
139
147
139
137
139
137
131
125
123
139
139
147
155
155
159
167
157
161
163
161
159
167
155
165
173
173
175
179
181
189
189
187
179
175
181
175
171
167
159
155
151
149
149
145
137
137
137
151
149
139
139
135
125
119
121
119
113
115
103
95
83
83
85
87
95
95
91
87
97
103
109
111
117
117
111
107
107
107
101
103
103
103
97
93
85
69
69
67
75
79
79
81
69
69
69
71
75
77
83
83
83
77
83
79
77
77
79
89
99
101
91
93
93
89
91
89
93
101
105
99
91
97
97
101
105
101
99
105
111
111
125
131
129
139
129
125
129
129
127
129
123
129
123
131
131
135
141
153
159
157
151
147
139
145
145
145
145
141
137
145
145
149
147
153
151
147
149
143
141
137
131
125
117
121
121
123
123
129
139
139
149
149
143
153
159
161
169
167
173
167
167
169
171
169
169
175
181
189
189
191
187
191
199
197
197
203
199
205
205
211
213
209
209
209
209
213
215
225
223
227
231
233
229
225
219
219
219
219
221
219
225
223
223
227
219
209
213
213
213
203
195
195
199
201
203
201
191
195
189
193
203
207
199
193
185
179
179
175
177
173
173
171
179
183
173
171
173
161
163
171
171
159
153
155
159
157
157
157
163
161
163
161
159
159
159
155
155
151
155
151
153
151
153
153
153
153
151
153
159
149
149
149
155
153
161
161
161
157
159
157
161
163
171
171
175
185
189
189
187
181
181
181
175
175
175
177
171
169
173
175
173
175
173
163
163
163
159
159
157
157
161
167
167
167
167
167
173
169
177
181
179
179
193
203
195
201
199
209
211
211
221
211
197
185
179
185
181
179
177
175
187
191
181
167
183
183
187
179
187
187
189
189
189
191
183
183
187
179
173
167
169
163
163
161
165
167
165
169
165
163
157
159
157
159
159
165
167
161
163
167
169
167
159
155
153
145
149
157
153
155
161
161
161
163
169
181
181
187
179
175
175
171
163
153
149
147
145
151
157
155
151
155
161
157
157
155
157
163
153
145
137
147
147
147
149
151
143
147
141
137
129
133
133
141
137
141
145
137
143
151
147
151
149
155
161
169
169
163
157
159
163
165
171
171
179
181
181
175
171
165
169
165
165
161
169
167
163
165
163
159
151
145
145
143
131
139
143
141
139
143
145
147
149
143
139
129
133
131
131
127
121
117
111
115
113
121
127
129
125
121
123
117
123
135
135
137
145
139
137
139
145
151
163
163
151
153
161
161
153
153
147
153
155
157
151
151
153
153
161
159
159
171
179
181
173
179
181
189
195
195
199
197
189
197
199
205
203
221
219
215
219
219
215
213
207
219
217
207
211
215
221
229
221
225
221
225
221
211
201
207
205
205
203
207
203
197
201
199
201
207
197
189
189
183
179
169
159
159
161
161
157
163
163
163
167
165
165
163
177
181
177
175
173
173
173
177
175
171
173
171
175
173
175
169
163
163
165
169
173
187
193
197
197
199
203
203
205
205
205
211
205
207
207
203
199
187
185
177
171
183
191
189
187
183
181
183
179
173
181
179
175
175
173
169
171
163
163
169
181
189
189
187
181
171
169
173
171
171
171
171
171
171
173
181
185
181
173
179
177
181
189
187
193
203
195
203
209
209
209
209
207
209
215
215
211
205
201
195
183
177
173
179
169
167
173
175
173
171
175
173
181
175
173
169
175
167
173
163
157
163
155
153
149
149
153
149
147
147
147
147
157
163
161
167
171
177
175
173
173
175
175
173
173
175
177
165
165
157
147
157
153
147
147
145
147
151
145
135
135
135
135
141
137
135
135
135
131
129
123
127
131
117
121
119
115
113
111
111
111
107
109
111
107
95
93
93
91
91
95
99
91
91
93
93
93
89
87
87
83
79
75
73
67
73
73
77
79
85
87
87
87
87
85
81
83
79
75
81
89
89
89
93
95
95
87
89
91
91
87
89
95
93
91
89
87
89
87
75
85
85
85
81
83
83
85
87
89
93
93
97
99
101
99
105
103
107
107
109
113
121
117
119
117
117
109
107
107
109
103
105
107
109
113
101
99
105
105
99
105
105
99
93
97
93
93
91
83
77
75
79
79
79
75
81
85
83
85
93
91
91
93
95
97
101
95
101
99
103
103
103
99
103
99
101
99
99
105
109
109
105
103
101
101
111
101
103
103
105
111
107
101
103
109
121
113
111
115
105
107
107
97
97
99
99
99
99
95
87
85
89
89
91
91
89
91
87
81
81
75
77
69
81
83
89
87
91
95
89
91
95
89
89
95
99
91
93
91
87
83
81
81
83
83
79
71
81
79
79
81
79
89
91
91
97
103
107
115
117
117
117
113
105
101
97
97
97
97
95
99
105
97
103
99
99
95
95
93
87
87
87
77
81
81
93
99
101
107
111
107
107
109
109
109
117
117
117
115
103
99
93
85
91
101
99
97
91
87
87
87
87
91
93
93
85
77
77
81
85
79
73
71
65
69
69
71
65
65
65
61
73
77
73
69
69
65
69
69
65
63
65
69
69
71
75
75
75
73
81
83
79
77
77
77
77
81
83
77
83
87
81
81
91
95
87
87
77
77
73
71
79
83
81
87
89
93
101
105
99
99
109
109
101
101
101
107
107
113
117
115
107
97
97
101
103
107
111
107
109
113
113
113
123
117
125
125
119
123
129
127
123
119
125
125
115
113
107
109
109
111
121
115
109
115
113
113
113
101
105
101
101
101
95
91
87
81
89
97
95
101
101
97
101
97
93
89
93
97
99
101
103
107
103
103
103
105
113
121
129
135
133
135
141
137
141
145
145
151
149
149
149
149
143
149
143
139
135
135
131
131
131
135
127
135
141
137
149
149
147
145
151
151
159
153
155
143
141
145
141
135
135
129
131
141
137
131
131
135
131
131
127
133
135
131
131
135
135
133
139
139
143
137
137
141
129
127
121
113
113
115
117
105
101
99
99
97
97
95
95
103
99
93
95
93
99
103
97
91
93
91
87
91
87
95
97
89
89
87
91
91
87
101
101
103
103
109
115
125
127
127
135
127
119
121
117
113
125
125
125
113
113
107
113
113
113
117
123
121
119
119
113
113
113
117
109
99
93
93
89
83
89
89
91
85
87
85
83
83
85
77
71
63
77
75
73
65
65
69
59
61
49
49
51
55
51
45
45
35
25
27
27
25
37
31
39
55
55
55
51
37
35
47
43
45
49
55
55
61
49
51
51
47
45
45
39
33
27
31
27
29
29
33
35
41
49
49
43
43
35
41
51
53
49
49
49
49
49
45
35
39
35
43
51
49
41
41
43
41
49
51
53
47
39
39
39
49
51
55
55
51
45
47
51
51
51
61
61
61
53
61
59
53
47
53
49
41
33
31
41
41
37
39
45
49
49
49
45
41
39
29
33
35
39
35
21
19
27
23
27
27
27
29
33
35
27
25
21
25
19
23
19
19
11
5
5
1
-3
-3
1
-1
7
9
-1
1
1
1
-1
-5
3
11
3
-5
-3
-1
1
-5
-3
1
5
1
1
3
1
7
9
9
13
13
17
17
9
15
15
9
3
5
1
13
21
35
37
33
45
43
53
49
43
31
31
25
25
27
21
37
47
45
47
45
49
49
55
51
55
59
57
55
51
49
49
55
51
53
57
49
41
37
33
39
29
25
31
41
41
39
45
45
45
43
45
35
43
41
33
39
39
37
37
31
33
29
29
31
39
37
33
27
17
25
29
27
33
39
39
49
53
53
53
51
47
55
55
55
65
67
75
75
67
69
65
73
67
69
69
69
63
53
57
57
55
51
49
53
45
47
53
57
61
57
61
67
73
73
75
79
81
79
77
77
77
75
71
75
75
67
77
85
87
83
77
81
77
75
77
81
85
85
87
89
75
71
73
59
59
49
43
47
43
41
53
45
51
51
49
41
41
41
43
43
43
41
47
51
57
61
57
61
63
63
53
39
41
41
45
43
35
39
43
53
53
55
55
63
61
59
59
51
51
49
45
45
45
41
51
55
53
45
47
51
59
65
71
67
69
67
63
63
65
57
57
67
69
63
65
69
69
71
81
77
75
73
79
75
73
77
83
91
93
105
105
101
105
105
95
103
105
107
107
101
97
101
99
101
101
101
95
91
95
89
95
95
95
99
99
99
95
97
101
97
95
93
97
91
87
87
93
97
101
105
105
99
103
109
103
89
83
75
71
63
69
77
81
75
75
75
75
69
75
69
75
79
83
89
85
77
69
71
71
75
73
79
71
75
73
79
77
85
83
77
83
77
71
67
67
77
81
77
75
73
81
77
73
71
71
67
73
71
83
87
91
87
89
91
95
103
111
111
109
107
107
117
123
131
127
127
127
123
123
125
129
141
147
143
143
137
137
137
139
133
135
141
133
133
133
131
133
133
127
127
119
121
121
123
127
127
119
119
117
117
123
123
117
115
127
125
121
115
109
113
113
117
113
111
115
115
109
111
101
105
105
107
107
101
99
107
111
109
109
101
109
97
93
95
95
93
101
103
97
101
91
97
97
97
107
107
101
97
97
97
91
87
87
93
93
99
95
99
97
91
97
91
97
91
93
99
105
99
107
109
111
103
111
111
111
111
115
115
119
119
119
119
111
103
105
111
113
115
119
119
127
135
133
137
139
139
135
133
135
135
133
135
133
141
143
143
151
151
141
137
141
139
145
145
153
157
159
157
165
165
171
173
171
185
183
183
183
183
185
191
191
195
191
195
183
179
181
173
173
173
171
171
171
165
163
157
155
157
147
153
153
159
157
155
155
157
163
173
171
171
169
167
155
149
151
157
157
155
161
161
165
159
161
153
149
151
151
149
139
135
127
125
127
129
121
123
131
129
127
131
129
137
137
141
143
147
147
147
149
141
139
137
139
135
137
137
137
135
131
135
133
139
143
145
141
141
129
125
117
115
115
105
119
121
121
117
123
117
115
115
123
129
125
119
125
125
123
117
121
117
113
113
111
109
105
111
107
99
89
83
77
83
89
83
93
85
73
69
69
69
77
59
59
55
55
65
65
63
61
59
57
63
69
69
75
71
63
69
59
63
67
75
69
69
69
71
77
71
75
73
75
67
63
75
83
85
89
87
79
73
71
71
75
79
87
87
85
85
81
73
81
81
75
71
69
57
51
41
45
37
33
39
35
35
35
41
39
35
41
41
43
45
55
59
59
57
61
59
67
77
75
67
77
75
75
85
75
83
97
95
91
87
87
87
93
93
93
97
89
87
85
81
79
79
79
69
61
61
61
61
61
67
65
57
57
61
69
75
71
75
63
69
57
61
51
59
65
67
71
83
79
83
83
79
79
81
81
83
87
81
77
81
85
97
107
109
109
105
99
111
107
103
103
105
97
101
101
105
117
111
111
121
117
113
117
119
113
113
113
101
101
95
95
83
85
87
85
83
85
87
89
89
93
89
89
87
85
85
79
81
87
87
83
85
91
91
91
95
99
105
113
105
95
95
103
101
93
93
89
87
85
77
89
89
87
85
85
85
87
79
75
87
87
87
83
85
85
79
79
79
81
73
71
69
69
69
77
71
73
83
89
87
85
81
85
95
89
89
87
87
83
71
77
81
73
71
77
85
79
67
61
69
69
73
75
73
65
69
69
69
63
63
61
63
67
63
49
53
55
57
57
59
61
61
61
65
73
67
83
89
83
77
81
85
85
73
81
81
83
79
81
89
91
91
91
91
93
93
93
87
85
81
83
89
85
85
87
91
99
101
91
97
101
107
107
121
127
127
133
131
131
135
137
135
135
135
139
139
139
141
141
147
147
143
143
139
139
139
135
131
129
131
131
141
143
147
141
145
147
147
145
145
139
141
135
131
133
129
127
129
113
109
113
115
127
127
131
131
125
135
137
131
127
119
117
115
109
105
101
105
103
109
109
97
99
99
95
93
99
91
99
99
97
91
89
93
93
95
99
101
103
103
103
97
105
107
107
103
101
105
107
107
107
107
101
101
103
103
99
101
97
99
105
105
109
107
107
105
95
93
93
91
87
91
93
101
103
107
107
109
105
113
111
103
99
97
95
93
85
93
87
87
89
87
93
87
95
95
97
99
99
101
115
115
121
113
117
111
113
119
111
111
105
103
115
109
107
113
121
119
131
133
137
137
141
141
131
127
127
123
125
123
127
127
131
143
137
141
141
145
149
147
143
143
143
141
141
137
129
129
133
129
127
127
127
129
131
123
113
119
123
123
131
131
135
131
131
129
125
125
133
137
141
137
133
139
133
133
127
125
125
133
135
145
145
135
141
139
135
137
137
137
135
137
135
137
143
143
141
151
151
151
147
153
149
149
155
155
157
163
163
161
157
157
155
149
155
153
161
155
161
151
155
155
167
165
159
161
167
167
169
169
171
171
173
175
175
175
175
175
169
155
159
163
159
155
151
153
153
149
149
153
153
159
161
171
167
157
157
159
155
161
161
157
167
167
171
175
169
165
173
179
171
171
169
169
169
179
177
177
173
171
163
161
159
159
161
165
163
159
157
149
149
145
149
147
155
159
163
165
155
151
157
161
169
181
181
183
191
199
195
203
203
199
195
183
187
185
187
189
185
171
169
167
165
171
175
169
163
163
163
165
171
165
165
157
159
163
165
167
165
161
161
167
167
169
173
175
177
175
175
173
171
165
171
179
179
169
165
165
153
151
143
153
153
155
155
151
153
151
151
153
165
165
157
151
155
157
153
145
147
145
137
133
135
133
143
139
153
149
149
149
147
147
147
147
151
165
169
169
165
169
159
155
149
145
149
159
163
161
153
157
157
159
159
167
159
161
161
165
157
153
153
149
147
143
149
149
147
153
161
163
165
163
151
141
153
153
151
151
153
155
147
147
141
139
139
141
129
119
111
113
121
121
109
119
117
109
107
109
115
117
119
119
109
103
105
97
99
99
109
109
109
111
95
97
111
115
115
113
123
123
131
137
137
141
141
137
135
129
129
127
135
133
141
135
137
133
139
131
141
147
143
147
157
147
153
147
147
147
143
143
137
143
137
133
133
129
129
125
121
133
137
143
141
139
137
147
149
139
143
143
153
147
149
147
159
161
163
159
151
151
151
145
141
137
147
153
153
145
143
143
145
149
159
153
147
147
155
141
137
137
145
135
135
141
143
127
129
119
123
119
123
123
123
123
121
115
119
131
131
133
135
131
131
131
127
133
137
137
133
129
119
119
117
103
103
105
105
103
105
101
109
113
113
115
117
113
107
101
99
103
103
113
115
111
105
107
103
99
87
95
103
109
113
109
105
105
101
101
101
99
99
99
99
99
99
99
93
103
111
111
111
117
113
109
111
115
115
115
121
121
127
133
135
139
143
143
145
139
139
139
133
141
135
139
147
149
143
147
147
149
151
149
151
159
155
161
161
169
167
169
165
161
157
159
167
171
159
157
159
159
155
157
159
161
157
159
159
165
161
155
145
153
157
153
151
155
157
163
165
181
181
173
179
191
181
187
195
199
199
203
209
205
199
201
199
199
195
189
179
175
175
179
173
169
167
167
175
177
177
175
177
185
183
187
185
189
189
181
177
175
181
179
177
179
185
185
181
175
179
183
189
187
195
195
201
211
213
213
213
207
203
201
199
209
205
197
201
199
209
209
209
209
213
213
221
223
223
225
231
233
235
235
223
223
221
217
213
221
219
221
223
225
225
217
219
225
225
225
223
221
217
221
219
213
215
215
209
201
195
199
191
191
193
185
179
183
191
195
187
191
183
191
191
195
195
201
193
187
187
189
191
189
183
183
179
173
177
169
163
169
163
161
159
157
153
155
159
173
169
163
159
157
155
157
157
151
145
143
133
131
129
131
125
121
121
121
115
109
109
105
107
103
99
97
103
105
105
99
101
101
101
101
105
103
99
103
101
101
101
89
97
95
91
83
85
87
83
79
77
77
67
69
69
69
73
77
69
67
67
63
77
73
73
73
69
63
59
61
59
59
53
45
49
53
55
53
41
39
41
43
33
39
31
25
31
21
21
23
25
29
35
33
35
35
31
27
33
31
27
27
21
15
19
11
11
5
9
13
13
9
11
13
1
1
-3
-9
-13
-13
-17
-17
-17
-21
-15
-11
-11
-15
-11
-3
-1
-5
-7
-17
-5
-5
-1
-3
1
5
-1
1
3
5
3
5
9
7
1
13
15
7
7
7
13
17
15
3
9
15
17
15
13
13
9
9
3
-7
-5
-5
-3
3
5
11
15
7
11
7
9
5
5
-7
-1
1
-3
1
1
9
19
27
29
35
29
27
33
33
39
35
33
35
27
35
39
47
47
45
43
45
49
47
45
39
29
21
23
15
19
25
21
21
21
23
27
37
35
35
33
37
37
41
39
47
39
43
33
33
29
29
27
37
37
37
33
39
33
37
49
41
35
35
35
23
23
21
15
19
13
13
19
9
17
29
33
25
29
23
17
25
31
25
25
35
27
35
25
23
15
15
11
13
21
21
27
27
23
17
19
15
15
13
7
15
15
15
9
3
7
13
9
7
1
-9
-15
-17
-21
-11
-5
5
3
3
5
-3
1
9
9
19
27
31
45
47
43
43
35
37
43
43
41
39
37
51
47
51
51
57
63
53
53
59
55
45
39
33
41
45
43
43
41
47
53
45
51
55
57
69
73
69
65
67
69
65
71
77
77
75
83
87
91
91
81
89
85
75
75
77
79
71
75
75
79
81
81
81
87
89
85
89
87
87
81
87
97
85
93
93
83
73
75
65
73
73
61
61
55
55
55
53
51
49
51
53
47
35
37
37
27
27
27
31
35
37
35
35
33
35
47
45
49
53
55
59
59
61
69
71
75
79
79
69
71
87
89
101
99
87
89
89
81
83
77
71
77
85
77
69
59
63
59
55
49
43
43
49
35
37
33
31
31
37
31
25
33
21
21
21
21
13
13
3
-5
5
13
19
21
25
29
29
27
25
29
27
23
27
19
19
19
23
23
19
25
27
23
23
23
23
21
19
13
3
5
-1
-1
3
5
7
9
3
3
-1
3
7
9
7
15
23
21
23
23
25
25
37
41
39
45
49
45
49
41
39
35
35
33
39
45
43
49
49
49
49
43
47
49
51
53
59
53
49
49
59
65
59
57
63
61
65
65
67
65
67
67
75
67
67
69
57
71
75
77
71
67
77
75
79
83
79
79
77
79
75
77
79
83
93
101
117
115
113
117
121
133
133
131
127
121
117
129
137
137
143
143
135
137
131
137
139
141
137
141
131
133
131
133
131
127
127
125
127
127
127
117
115
115
107
103
99
99
99
105
97
89
93
87
97
101
97
99
101
101
103
113
111
115
109
111
103
107
109
109
111
113
115
113
113
119
121
121
117
117
117
121
121
121
117
117
123
117
127
123
123
125
125
125
133
145
149
139
139
135
127
129
125
119
119
117
117
107
111
107
99
87
81
81
85
89
85
81
85
79
75
71
77
77
71
71
73
75
83
83
83
95
93
89
95
95
101
103
101
105
101
103
99
85
89
89
85
89
81
81
93
91
83
81
81
89
81
87
97
105
107
109
109
103
107
105
105
117
107
107
115
109
103
99
99
97
109
113
113
117
115
123
131
131
129
119
117
123
131
125
119
115
107
107
107
97
95
97
109
109
107
107
101
109
111
109
101
103
103
95
95
95
97
97
91
91
87
93
89
87
79
75
75
75
75
69
61
55
55
59
71
75
75
85
85
85
95
99
93
85
87
83
81
81
73
79
73
75
79
83
91
91
95
93
91
89
97
95
95
95
99
97
97
97
91
95
97
103
109
105
105
103
97
95
91
91
87
81
91
79
79
79
79
79
73
67
59
63
61
59
63
61
51
61
59
57
49
49
51
51
55
59
59
59
59
61
59
59
53
53
47
47
57
59
61
63
67
65
71
65
69
73
71
69
63
59
67
73
83
83
89
91
89
87
87
91
97
93
95
95
101
99
99
95
97
95
95
95
93
103
105
97
87
87
83
77
85
83
83
93
93
93
87
83
83
83
83
87
89
83
79
83
83
83
77
71
69
71
71
63
63
63
63
63
63
71
73
83
75
75
85
85
87
87
93
85
87
79
87
85
91
87
93
103
95
95
97
97
95
101
93
91
89
83
87
87
89
83
79
89
91
93
89
87
75
77
85
95
93
105
117
125
125
119
125
135
143
147
145
147
151
161
165
155
157
157
155
153
159
159
163
167
159
157
155
153
153
159
159
161
161
159
159
167
171
181
189
207
211
211
199
195
199
197
197
195
197
201
211
221
225
231
227
231
225
227
229
237
243
247
247
249
253
255
253
253
259
257
257
261
265
273
267
277
269
267
265
269
267
269
279
277
285
285
285
289
279
291
287
279
283
281
279
277
269
275
279
279
275
279
279
269
267
267
267
261
257
263
267
267
269
263
261
265
267
265
269
271
279
279
275
277
271
271
265
267
265
269
273
271
269
267
269
263
267
271
279
283
271
271
281
283
283
289
281
281
283
285
285
291
291
287
283
283
287
289
293
297
301
295
297
289
287
293
295
291
291
291
295
289
281
281
281
285
277
281
279
277
281
279
269
265
265
267
267
263
263
257
253
247
247
257
249
257
255
255
265
273
273
271
277
275
265
257
253
249
243
249
255
243
247
237
241
241
245
251
259
257
257
253
253
259
249
257
259
253
253
249
249
249
245
249
267
273
265
261
267
267
267
261
265
277
281
279
277
277
279
269
269
267
271
271
271
267
265
265
261
259
253
245
241
243
243
241
247
235
231
227
221
219
215
211
201
195
193
193
197
199
197
197
197
191
189
187
187
187
189
193
197
197
195
191
191
191
189
189
187
193
195
199
203
205
207
209
217
217
229
229
229
221
221
225
223
223
221
223
221
209
207
197
197
207
193
195
195
199
193
197
201
199
199
205
197
193
193
193
191
187
187
187
181
179
175
177
181
181
187
185
189
201
201
203
199
203
209
203
203
197
189
183
179
185
179
175
173
169
165
173
169
169
169
165
155
153
153
153
157
159
155
153
157
151
149
143
137
135
137
145
145
145
145
149
143
151
151
151
137
139
139
149
145
147
151
147
151
151
153
147
133
137
137
135
131
135
137
139
149
149
159
163
163
175
175
185
185
191
189
185
191
191
183
185
195
199
207
207
205
199
199
193
199
197
201
201
201
201
193
195
189
177
169
163
161
163
155
153
145
155
163
159
153
153
151
149
153
155
153
151
149
145
149
149
147
149
139
137
133
133
133
133
139
139
137
145
145
151
145
137
143
135
129
117
119
117
117
113
113
101
103
109
109
109
111
117
119
125
129
129
129
135
131
133
127
131
125
127
133
133
137
143
139
135
139
135
135
139
139
145
151
147
153
147
147
139
145
149
147
149
155
157
155
153
149
153
151
153
149
139
139
139
129
135
125
119
125
121
125
125
127
127
131
133
135
125
135
135
129
129
135
141
135
139
131
117
115
113
115
115
113
119
121
117
125
123
125
131
131
131
135
135
131
133
137
143
139
141
141
141
143
139
149
145
141
149
143
143
135
139
135
135
145
153
151
151
153
155
155
157
147
149
149
141
137
133
143
139
133
129
127
133
133
133
119
125
135
137
137
129
123
127
127
127
121
123
123
121
125
127
125
137
125
115
121
123
127
121
121
123
117
125
133
131
137
131
135
123
129
127
129
127
123
123
113
125
135
141
137
141
131
143
139
131
135
131
135
131
137
135
141
137
135
127
129
129
131
143
145
145
149
147
149
153
157
151
145
149
143
135
149
155
149
149
151
155
159
145
141
141
143
143
155
155
155
155
151
155
151
151
141
131
145
143
143
143
143
141
153
149
153
159
155
159
161
167
163
155
159
163
163
159
161
161
161
157
157
151
155
149
157
157
163
157
149
151
153
159
155
149
155
153
149
153
147
147
145
141
133
123
125
123
129
127
127
121
125
125
119
119
115
117
115
121
121
125
129
129
131
131
127
123
123
125
127
133
133
133
131
135
137
137
139
143
135
135
137
137
137
139
137
135
135
139
143
139
151
155
155
157
165
169
171
179
179
179
181
177
177
175
173
175
175
181
185
185
195
187
183
185
187
185
179
179
181
193
195
197
203
205
203
197
197
189
189
189
191
187
183
183
189
193
197
197
197
195
191
183
181
181
185
187
181
169
175
173
173
175
171
169
171
161
165
165
163
157
167
163
163
165
165
165
159
155
157
159
147
141
141
147
145
137
133
141
133
141
129
123
113
127
121
115
107
107
107
107
113
111
107
109
105
113
121
119
119
119
119
125
125
127
131
129
123
121
117
113
117
121
113
125
117
107
109
107
109
103
93
97
91
83
77
81
79
79
85
87
85
87
83
91
95
89
81
81
89
89
91
79
77
81
71
73
69
67
59
61
61
59
57
57
63
63
65
73
69
65
69
69
69
71
77
83
87
85
91
89
87
81
79
75
77
85
85
87
91
89
