-10470
-10462
-10460
-10456
-10440
-10428
-10418
-10414
-10416
-10406
-10404
-10400
-10396
-10394
-10384
-10380
-10368
-10368
-10360
-10352
-10350
-10342
-10336
-10328
-10322
-10316
-10308
-10300
-10300
-10298
-10290
-10280
-10274
-10266
-10254
-10246
-10236
-10226
-10222
-10216
-10210
-10202
-10202
-10198
-10188
-10178
-10168
-10160
-10160
-10156
-10158
-10154
-10148
-10138
-10130
-10126
-10114
-10104
-10092
-10084
-10076
-10064
-10062
-10060
-10060
-10056
-10040
-10034
-10034
-10032
-10022
-10020
-10012
-10008
-10000
-9992
-9994
-9990
-9990
-9984
-9976
-9964
-9956
-9946
-9944
-9940
-9932
-9924
-9910
-9902
-9898
-9892
-9892
-9886
-9880
-9870
-9852
-9844
-9836
-9828
-9824
-9810
-9804
-9798
-9788
-9784
-9772
-9774
-9774
-9768
-9758
-9754
-9746
-9734
-9730
-9714
-9702
-9686
-9682
-9682
-9678
-9678
-9672
-9670
-9662
-9660
-9664
-9658
-9654
-9646
-9644
-9644
-9650
-9638
-9638
-9638
-9630
-9624
-9616
-9606
-9600
-9596
-9590
-9580
-9576
-9572
-9558
-9550
-9544
-9544
-9538
-9538
-9530
-9524
-9520
-9512
-9506
-9498
-9486
-9478
-9476
-9466
-9466
-9452
-9448
-9440
-9436
-9430
-9424
-9420
-9418
-9406
-9400
-9398
-9386
-9386
-9380
-9380
-9364
-9346
-9340
-9328
-9326
-9316
-9310
-9302
-9306
-9304
-9298
-9290
-9280
-9278
-9270
-9264
-9264
-9260
-9254
-9258
-9250
-9240
-9230
-9232
-9220
-9220
-9224
-9230
-9226
-9218
-9210
-9208
-9202
-9192
-9194
-9190
-9190
-9188
-9188
-9184
-9172
-9162
-9160
-9146
-9132
-9124
-9124
-9118
-9110
-9106
-9098
-9086
-9080
-9066
-9062
-9054
-9054
-9048
-9038
-9026
-9022
-9026
-9020
-9012
-9006
-9002
-8998
-8988
-8984
-8972
-8972
-8964
-8956
-8952
-8950
-8944
-8936
-8926
-8922
-8918
-8914
-8908
-8904
-8900
-8896
-8888
-8886
-8876
-8864
-8858
-8856
-8846
-8830
-8822
-8820
-8810
-8810
-8802
-8798
-8788
-8786
-8774
-8764
-8760
-8760
-8750
-8746
-8744
-8740
-8726
-8722
-8712
-8698
-8694
-8692
-8686
-8682
-8678
-8678
-8678
-8666
-8662
-8648
-8642
-8636
-8632
-8624
-8614
-8604
-8600
-8592
-8594
-8582
-8574
-8560
-8552
-8548
-8542
-8524
-8508
-8498
-8500
-8494
-8490
-8480
-8474
-8468
-8464
-8454
-8448
-8450
-8446
-8436
-8432
-8426
-8418
-8406
-8408
-8398
-8388
-8392
-8378
-8376
-8370
-8368
-8366
-8362
-8360
-8354
-8344
-8342
-8338
-8328
-8322
-8314
-8310
-8302
-8292
-8284
-8278
-8266
-8258
-8250
-8248
-8238
-8234
-8236
-8226
-8222
-8212
-8208
-8204
-8204
-8210
-8196
-8196
-8200
-8194
-8188
-8176
-8176
-8170
-8164
-8152
-8142
-8140
-8130
-8124
-8126
-8124
-8120
-8120
-8108
-8104
-8088
-8078
-8074
-8066
-8060
-8058
-8048
-8038
-8026
-8020
-8020
-8014
-8006
-8000
-7996
-7990
-7980
-7976
-7968
-7958
-7954
-7948
-7940
-7930
-7924
-7912
-7908
-7912
-7898
-7898
-7894
-7886
-7888
-7882
-7880
-7878
-7876
-7876
-7862
-7866
-7864
-7858
-7856
-7856
-7854
-7854
-7840
-7836
-7832
-7824
-7820
-7814
-7808
-7808
-7806
-7798
-7798
-7796
-7790
-7790
-7784
-7782
-7776
-7778
-7776
-7770
-7760
-7752
-7748
-7742
-7738
-7740
-7732
-7716
-7712
-7702
-7686
-7684
-7672
-7662
-7652
-7652
-7656
-7646
-7642
-7634
-7626
-7618
-7610
-7604
-7592
-7590
-7584
-7580
-7580
-7572
-7564
-7556
-7554
-7542
-7532
-7532
-7532
-7522
-7512
-7502
-7490
-7480
-7480
-7474
-7474
-7462
-7458
-7450
-7440
-7440
-7430
-7428
-7428
-7418
-7414
-7404
-7398
-7394
-7390
-7388
-7388
-7388
-7384
-7384
-7376
-7364
-7368
-7364
-7358
-7346
-7334
-7328
-7324
-7320
-7312
-7314
-7318
-7316
-7306
-7296
-7294
-7282
-7274
-7270
-7262
-7254
-7252
-7246
-7238
-7232
-7232
-7230
-7230
-7218
-7212
-7204
-7204
-7204
-7196
-7194
-7188
-7188
-7172
-7160
-7164
-7154
-7144
-7144
-7140
-7136
-7132
-7128
-7120
-7124
-7126
-7114
-7102
-7098
-7094
-7094
-7088
-7088
-7082
-7074
-7070
-7074
-7062
-7064
-7056
-7056
-7044
-7052
-7044
-7032
-7026
-7022
-7012
-7012
-7006
-7000
-7002
-6994
-6992
-6992
-6988
-6986
-6972
-6954
-6952
-6950
-6956
-6966
-6956
-6960
-6954
-6952
-6948
-6952
-6944
-6936
-6930
-6934
-6938
-6938
-6928
-6930
-6928
-6930
-6928
-6920
-6912
-6914
-6908
-6902
-6902
-6898
-6888
-6888
-6880
-6872
-6878
-6876
-6864
-6854
-6844
-6834
-6830
-6828
-6818
-6824
-6824
-6822
-6818
-6810
-6810
-6804
-6798
-6794
-6794
-6790
-6790
-6786
-6796
-6794
-6792
-6788
-6794
-6792
-6796
-6790
-6792
-6778
-6774
-6772
-6764
-6756
-6750
-6746
-6738
-6736
-6732
-6728
-6718
-6710
-6704
-6692
-6684
-6686
-6694
-6686
-6682
-6682
-6682
-6680
-6672
-6674
-6674
-6674
-6664
-6656
-6646
-6640
-6642
-6642
-6638
-6628
-6614
-6600
-6600
-6594
-6584
-6576
-6568
-6566
-6568
-6580
-6570
-6560
-6552
-6558
-6560
-6550
-6544
-6538
-6536
-6530
-6524
-6522
-6526
-6522
-6522
-6520
-6522
-6514
-6508
-6508
-6504
-6504
-6504
-6500
-6492
-6482
-6474
-6466
-6466
-6470
-6466
-6468
-6456
-6456
-6452
-6438
-6432
-6436
-6434
-6428
-6420
-6422
-6418
-6408
-6408
-6408
-6400
-6400
-6400
-6396
-6392
-6380
-6382
-6372
-6364
-6358
-6354
-6346
-6344
-6342
-6340
-6336
-6326
-6324
-6310
-6300
-6286
-6292
-6280
-6282
-6284
-6292
-6284
-6272
-6276
-6274
-6276
-6274
-6268
-6270
-6272
-6262
-6244
-6246
-6240
-6240
-6232
-6234
-6226
-6220
-6228
-6226
-6224
-6210
-6208
-6202
-6198
-6194
-6184
-6184
-6176
-6166
-6158
-6158
-6156
-6148
-6144
-6146
-6134
-6128
-6118
-6114
-6122
-6112
-6106
-6100
-6088
-6084
-6080
-6072
-6070
-6066
-6056
-6054
-6048
-6044
-6032
-6032
-6028
-6028
-6024
-6018
-6014
-6012
-6010
-6010
-6006
-6008
-6006
-6006
-6002
-5998
-5998
-5988
-5982
-5990
-5988
-5978
-5968
-5960
-5966
-5954
-5950
-5952
-5946
-5940
-5940
-5936
-5936
-5926
-5918
-5914
-5914
-5910
-5906
-5896
-5892
-5888
-5876
-5874
-5866
-5866
-5864
-5856
-5862
-5864
-5864
-5852
-5852
-5848
-5836
-5834
-5836
-5832
-5822
-5810
-5810
-5812
-5808
-5804
-5808
-5798
-5790
-5788
-5780
-5780
-5776
-5776
-5770
-5764
-5766
-5764
-5776
-5768
-5758
-5756
-5766
-5758
-5754
-5750
-5742
-5736
-5730
-5730
-5722
-5728
-5722
-5724
-5722
-5720
-5710
-5710
-5702
-5698
-5702
-5704
-5696
-5700
-5706
-5698
-5694
-5688
-5692
-5686
-5678
-5668
-5676
-5670
-5660
-5654
-5652
-5640
-5640
-5624
-5612
-5604
-5604
-5598
-5592
-5584
-5586
-5578
-5574
-5574
-5568
-5566
-5568
-5564
-5558
-5562
-5550
-5562
-5568
-5564
-5550
-5544
-5542
-5532
-5522
-5520
-5526
-5526
-5516
-5500
-5496
-5500
-5502
-5498
-5494
-5492
-5482
-5478
-5476
-5476
-5468
-5462
-5456
-5452
-5450
-5450
-5444
-5444
-5436
-5426
-5420
-5416
-5406
-5404
-5394
-5388
-5386
-5380
-5374
-5362
-5354
-5350
-5348
-5344
-5346
-5336
-5330
-5326
-5324
-5320
-5320
-5318
-5312
-5306
-5308
-5304
-5296
-5286
-5284
-5278
-5272
-5278
-5278
-5280
-5284
-5272
-5266
-5276
-5266
-5268
-5262
-5254
-5248
-5242
-5232
-5226
-5228
-5216
-5212
-5200
-5202
-5198
-5194
-5184
-5178
-5168
-5172
-5160
-5162
-5160
-5148
-5152
-5148
-5140
-5144
-5148
-5154
-5148
-5150
-5150
-5146
-5150
-5144
-5140
-5148
-5136
-5124
-5124
-5128
-5122
-5122
-5124
-5124
-5122
-5130
-5130
-5130
-5122
-5126
-5126
-5126
-5120
-5104
-5106
-5104
-5108
-5102
-5100
-5104
-5102
-5092
-5086
-5078
-5078
-5084
-5076
-5072
-5072
-5066
-5058
-5052
-5050
-5046
-5040
-5036
-5028
-5022
-5016
-5012
-5006
-5002
-4990
-4990
-4990
-4984
-4974
-4974
-4962
-4960
-4958
-4950
-4948
-4948
-4950
-4946
-4934
-4932
-4926
-4922
-4914
-4920
-4918
-4914
-4908
-4906
-4900
-4902
-4894
-4884
-4884
-4886
-4878
-4872
-4866
-4852
-4850
-4848
-4848
-4842
-4844
-4834
-4828
-4816
-4810
-4808
-4806
-4802
-4792
-4792
-4786
-4778
-4776
-4772
-4766
-4764
-4758
-4750
-4744
-4748
-4746
-4744
-4746
-4742
-4736
-4732
-4734
-4734
-4730
-4726
-4730
-4722
-4728
-4720
-4720
-4714
-4722
-4716
-4722
-4722
-4714
-4712
-4710
-4718
-4712
-4712
-4702
-4714
-4710
-4704
-4704
-4698
-4694
-4688
-4698
-4686
-4676
-4680
-4688
-4692
-4692
-4676
-4674
-4670
-4660
-4662
-4652
-4650
-4642
-4642
-4632
-4624
-4624
-4632
-4638
-4636
-4632
-4632
-4626
-4622
-4622
-4610
-4608
-4598
-4592
-4598
-4588
-4590
-4584
-4568
-4572
-4574
-4572
-4568
-4562
-4558
-4550
-4546
-4542
-4542
-4530
-4530
-4526
-4520
-4518
-4512
-4498
-4494
-4478
-4476
-4470
-4462
-4456
-4452
-4452
-4452
-4456
-4452
-4442
-4432
-4422
-4416
-4412
-4404
-4402
-4400
-4398
-4386
-4390
-4388
-4384
-4368
-4368
-4364
-4366
-4370
-4366
-4370
-4370
-4376
-4376
-4374
-4368
-4362
-4364
-4374
-4370
-4376
-4370
-4362
-4348
-4342
-4336
-4328
-4328
-4318
-4314
-4316
-4314
-4314
-4316
-4308
-4300
-4292
-4296
-4286
-4282
-4270
-4260
-4250
-4258
-4264
-4256
-4242
-4234
-4224
-4226
-4224
-4218
-4212
-4216
-4220
-4224
-4222
-4216
-4206
-4198
-4198
-4208
-4208
-4210
-4200
-4194
-4186
-4186
-4188
-4194
-4192
-4190
-4184
-4184
-4182
-4174
-4174
-4168
-4154
-4150
-4142
-4140
-4132
-4134
-4136
-4134
-4132
-4132
-4132
-4116
-4114
-4112
-4108
-4108
-4108
-4106
-4104
-4100
-4088
-4086
-4076
-4076
-4072
-4070
-4064
-4066
-4058
-4060
-4052
-4046
-4044
-4042
-4044
-4042
-4036
-4024
-4022
-4022
-4026
-4032
-4030
-4032
-4024
-4026
-4022
-4022
-4016
-4008
-4006
-4000
-3990
-3984
-3992
-3982
-3974
-3968
-3964
-3966
-3960
-3956
-3954
-3948
-3958
-3942
-3936
-3924
-3920
-3924
-3916
-3914
-3908
-3906
-3906
-3898
-3896
-3888
-3888
-3886
-3880
-3874
-3872
-3872
-3866
-3856
-3846
-3848
-3852
-3852
-3850
-3852
-3854
-3854
-3844
-3836
-3836
-3830
-3830
-3818
-3814
-3802
-3802
-3804
-3802
-3808
-3808
-3810
-3806
-3792
-3786
-3768
-3766
-3758
-3756
-3748
-3748
-3744
-3738
-3730
-3724
-3720
-3716
-3716
-3722
-3708
-3704
-3700
-3700
-3696
-3702
-3702
-3710
-3714
-3710
-3712
-3698
-3690
-3690
-3678
-3666
-3670
-3678
-3670
-3666
-3666
-3668
-3660
-3644
-3636
-3632
-3620
-3616
-3610
-3610
-3606
-3600
-3600
-3598
-3596
-3594
-3592
-3592
-3596
-3590
-3592
-3594
-3584
-3590
-3586
-3598
-3598
-3592
-3598
-3590
-3586
-3588
-3582
-3582
-3576
-3580
-3576
-3576
-3578
-3584
-3576
-3568
-3574
-3570
-3560
-3568
-3562
-3560
-3552
-3540
-3534
-3534
-3532
-3522
-3520
-3514
-3498
-3510
-3510
-3522
-3508
-3508
-3504
-3516
-3512
-3504
-3512
-3508
-3502
-3512
-3510
-3498
-3492
-3494
-3486
-3484
-3476
-3480
-3470
-3462
-3450
-3444
-3446
-3440
-3434
-3424
-3424
-3424
-3434
-3432
-3436
-3434
-3428
-3424
-3426
-3428
-3422
-3416
-3418
-3420
-3418
-3418
-3412
-3414
-3414
-3412
-3414
-3422
-3408
-3406
-3402
-3406
-3396
-3384
-3378
-3374
-3380
-3374
-3378
-3370
-3364
-3362
-3362
-3368
-3368
-3360
-3358
-3356
-3346
-3338
-3338
-3338
-3342
-3342
-3342
-3342
-3338
-3332
-3328
-3330
-3326
-3318
-3318
-3308
-3312
-3316
-3318
-3318
-3316
-3314
-3316
-3308
-3296
-3294
-3298
-3314
-3316
-3316
-3318
-3316
-3314
-3310
-3302
-3304
-3298
-3290
-3280
-3282
-3278
-3266
-3266
-3266
-3278
-3276
-3272
-3262
-3262
-3268
-3270
-3276
-3272
-3278
-3278
-3274
-3274
-3266
-3262
-3254
-3248
-3246
-3238
-3226
-3234
-3230
-3232
-3234
-3240
-3234
-3228
-3222
-3218
-3218
-3214
-3198
-3186
-3174
-3174
-3170
-3168
-3164
-3170
-3176
-3170
-3170
-3160
-3162
-3162
-3164
-3156
-3154
-3160
-3166
-3172
-3174
-3176
-3174
-3170
-3168
-3162
-3160
-3162
-3160
-3162
-3156
-3152
-3144
-3138
-3132
-3120
-3120
-3110
-3118
-3110
-3110
-3116
-3120
-3118
-3118
-3118
-3110
-3102
-3112
-3106
-3110
-3106
-3104
-3102
-3100
-3100
-3090
-3086
-3086
-3084
-3096
-3106
-3106
-3110
-3116
-3110
-3112
-3116
-3112
-3104
-3094
-3084
-3086
-3080
-3084
-3078
-3074
-3080
-3080
-3076
-3064
-3068
-3064
-3056
-3046
-3046
-3042
-3036
-3036
-3032
-3036
-3026
-3026
-3034
-3034
-3040
-3052
-3054
-3048
-3050
-3052
-3054
-3062
-3062
-3058
-3056
-3056
-3064
-3064
-3056
-3056
-3054
-3050
-3058
-3056
-3056
-3046
-3034
-3036
-3034
-3036
-3034
-3038
-3034
-3034
-3036
-3046
-3042
-3042
-3034
-3028
-3026
-3022
-3018
-3012
-3014
-3008
-3004
-3008
-3004
-2992
-2996
-2994
-2998
-2996
-2994
-2984
-2982
-2992
-2986
-2984
-2972
-2972
-2976
-2966
-2966
-2958
-2958
-2952
-2938
-2942
-2938
-2922
-2926
-2924
-2914
-2910
-2912
-2914
-2906
-2916
-2916
-2914
-2904
-2904
-2908
-2904
-2894
-2904
-2902
-2900
-2900
-2910
-2906
-2902
-2906
-2892
-2894
-2884
-2884
-2878
-2874
-2866
-2856
-2862
-2862
-2854
-2856
-2846
-2840
-2832
-2834
-2836
-2828
-2820
-2822
-2814
-2814
-2812
-2800
-2806
-2810
-2810
-2808
-2802
-2806
-2806
-2810
-2804
-2806
-2804
-2808
-2804
-2808
-2804
-2804
-2816
-2824
-2810
-2806
-2802
-2802
-2802
-2794
-2786
-2788
-2782
-2788
-2788
-2790
-2784
-2790
-2786
-2776
-2772
-2766
-2766
-2772
-2770
-2766
-2764
-2760
-2756
-2752
-2752
-2748
-2758
-2750
-2750
-2748
-2748
-2750
-2744
-2748
-2756
-2754
-2752
-2750
-2748
-2748
-2748
-2740
-2746
-2750
-2746
-2742
-2736
-2736
-2742
-2740
-2734
-2734
-2730
-2726
-2726
-2716
-2704
-2700
-2696
-2700
-2704
-2704
-2700
-2694
-2694
-2692
-2684
-2680
-2672
-2676
-2676
-2682
-2684
-2680
-2682
-2678
-2666
-2670
-2672
-2672
-2670
-2668
-2676
-2678
-2672
-2682
-2674
-2668
-2654
-2646
-2634
-2630
-2626
-2630
-2630
-2624
-2618
-2610
-2614
-2608
-2594
-2598
-2594
-2584
-2588
-2592
-2592
-2582
-2586
-2590
-2588
-2588
-2580
-2580
-2582
-2572
-2572
-2566
-2562
-2564
-2566
-2566
-2562
-2558
-2556
-2552
-2552
-2544
-2550
-2552
-2548
-2546
-2548
-2548
-2542
-2544
-2548
-2556
-2562
-2550
-2548
-2550
-2554
-2550
-2544
-2532
-2540
-2544
-2554
-2548
-2546
-2550
-2544
-2542
-2532
-2546
-2548
-2542
-2542
-2530
-2532
-2528
-2536
-2540
-2542
-2542
-2538
-2540
-2538
-2534
-2522
-2516
-2526
-2524
-2518
-2516
-2502
-2502
-2496
-2492
-2486
-2486
-2492
-2492
-2488
-2482
-2480
-2478
-2476
-2480
-2480
-2472
-2468
-2468
-2472
-2470
-2462
-2452
-2456
-2454
-2456
-2470
-2464
-2460
-2454
-2450
-2442
-2444
-2440
-2440
-2434
-2444
-2446
-2454
-2458
-2466
-2462
-2460
-2460
-2452
-2450
-2452
-2452
-2450
-2448
-2442
-2444
-2436
-2432
-2428
-2424
-2432
-2422
-2414
-2426
-2424
-2424
-2428
-2418
-2422
-2430
-2420
-2414
-2406
-2398
-2392
-2388
-2384
-2378
-2366
-2356
-2362
-2364
-2364
-2370
-2376
-2376
-2370
-2360
-2364
-2366
-2364
-2362
-2368
-2366
-2368
-2368
-2380
-2374
-2366
-2360
-2356
-2356
-2364
-2364
-2356
-2354
-2356
-2362
-2356
-2346
-2346
-2346
-2346
-2338
-2340
-2342
-2350
-2362
-2360
-2354
-2360
-2350
-2348
-2354
-2350
-2352
-2342
-2340
-2350
-2348
-2348
-2346
-2334
-2326
-2334
-2332
-2332
-2330
-2322
-2320
-2316
-2318
-2312
-2312
-2316
-2322
-2310
-2298
-2288
-2284
-2284
-2278
-2276
-2284
-2276
-2280
-2270
-2268
-2258
-2258
-2250
-2248
-2254
-2254
-2252
-2256
-2262
-2256
-2252
-2244
-2238
-2230
-2226
-2220
-2218
-2216
-2220
-2208
-2212
-2208
-2204
-2196
-2202
-2200
-2194
-2196
-2192
-2196
-2182
-2182
-2180
-2184
-2188
-2190
-2200
-2200
-2186
-2184
-2184
-2194
-2192
-2188
-2186
-2178
-2172
-2158
-2154
-2150
-2154
-2156
-2162
-2164
-2160
-2158
-2156
-2148
-2152
-2152
-2156
-2152
-2152
-2158
-2152
-2144
-2148
-2142
-2154
-2152
-2148
-2138
-2142
-2138
-2144
-2154
-2156
-2156
-2150
-2138
-2134
-2128
-2128
-2126
-2124
-2120
-2108
-2102
-2098
-2102
-2094
-2084
-2082
-2084
-2076
-2078
-2074
-2066
-2066
-2062
-2060
-2062
-2054
-2046
-2056
-2058
-2056
-2060
-2066
-2058
-2064
-2066
-2054
-2046
-2048
-2042
-2032
-2040
-2042
-2044
-2036
-2036
-2026
-2026
-2020
-2012
-2008
-2002
-2002
-2000
-1992
-1994
-1998
-2002
-2008
-2008
-2012
-2012
-2014
-2016
-2006
-2008
-1998
-2004
-1996
-1996
-1986
-1988
-1992
-1982
-1984
-1986
-1982
-1976
-1976
-1972
-1962
-1956
-1964
-1958
-1952
-1960
-1946
-1948
-1932
-1928
-1928
-1920
-1920
-1912
-1904
-1900
-1892
-1898
-1902
-1892
-1890
-1884
-1882
-1880
-1868
-1862
-1856
-1854
-1852
-1844
-1844
-1844
-1846
-1840
-1826
-1828
-1814
-1810
-1802
-1806
-1800
-1790
-1790
-1790
-1790
-1784
-1780
-1774
-1780
-1780
-1772
-1774
-1780
-1774
-1776
-1776
-1766
-1770
-1766
-1768
-1770
-1768
-1768
-1754
-1754
-1746
-1744
-1746
-1740
-1732
-1724
-1726
-1720
-1728
-1726
-1724
-1718
-1708
-1704
-1706
-1710
-1710
-1706
-1712
-1708
-1706
-1714
-1720
-1720
-1720
-1724
-1720
-1722
-1712
-1704
-1696
-1696
-1700
-1702
-1702
-1698
-1698
-1692
-1688
-1674
-1676
-1668
-1664
-1662
-1656
-1660
-1654
-1648
-1652
-1650
-1646
-1640
-1638
-1640
-1640
-1642
-1644
-1650
-1646
-1636
-1636
-1632
-1638
-1642
-1632
-1628
-1626
-1616
-1620
-1624
-1622
-1622
-1626
-1620
-1630
-1632
-1628
-1628
-1626
-1616
-1604
-1612
-1608
-1614
-1616
-1612
-1612
-1604
-1604
-1606
-1602
-1598
-1608
-1612
-1618
-1616
-1614
-1606
-1612
-1618
-1618
-1610
-1612
-1604
-1604
-1594
-1590
-1586
-1582
-1576
-1572
-1574
-1570
-1570
-1570
-1562
-1554
-1550
-1554
-1552
-1556
-1564
-1568
-1568
-1560
-1554
-1552
-1550
-1552
-1552
-1544
-1552
-1552
-1556
-1546
-1538
-1526
-1516
-1510
-1514
-1506
-1496
-1498
-1494
-1496
-1504
-1504
-1498
-1498
-1494
-1488
-1484
-1484
-1484
-1480
-1480
-1476
-1466
-1458
-1460
-1458
-1452
-1450
-1440
-1440
-1440
-1442
-1450
-1440
-1442
-1438
-1434
-1436
-1438
-1436
-1442
-1444
-1450
-1444
-1446
-1448
-1454
-1448
-1448
-1450
-1456
-1460
-1468
-1464
-1468
-1474
-1464
-1466
-1466
-1466
-1464
-1460
-1458
-1452
-1444
-1446
-1442
-1444
-1440
-1432
-1436
-1430
-1438
-1432
-1426
-1426
-1426
-1428
-1418
-1412
-1410
-1416
-1420
-1414
-1418
-1414
-1414
-1422
-1420
-1414
-1406
-1412
-1410
-1410
-1410
-1406
-1398
-1388
-1382
-1376
-1382
-1378
-1370
-1376
-1374
-1372
-1364
-1362
-1362
-1350
-1344
-1340
-1334
-1334
-1334
-1338
-1336
-1328
-1330
-1330
-1326
-1324
-1330
-1332
-1342
-1344
-1344
-1346
-1346
-1342
-1344
-1340
-1338
-1338
-1338
-1338
-1326
-1336
-1332
-1338
-1336
-1342
-1344
-1342
-1344
-1344
-1340
-1332
-1320
-1324
-1316
-1312
-1308
-1302
-1312
-1308
-1314
-1310
-1312
-1302
-1304
-1306
-1302
-1300
-1294
-1288
-1284
-1276
-1272
-1266
-1258
-1260
-1254
-1248
-1250
-1250
-1240
-1244
-1238
-1242
-1242
-1246
-1248
-1250
-1250
-1252
-1244
-1240
-1240
-1240
-1234
-1230
-1228
-1230
-1232
-1224
-1216
-1208
-1208
-1202
-1200
-1196
-1192
-1192
-1192
-1180
-1170
-1162
-1160
-1162
-1166
-1166
-1164
-1174
-1166
-1156
-1164
-1158
-1150
-1156
-1150
-1148
-1158
-1146
-1140
-1130
-1136
-1140
-1140
-1136
-1142
-1146
-1144
-1152
-1148
-1142
-1144
-1146
-1148
-1146
-1152
-1152
-1152
-1150
-1154
-1152
-1152
-1150
-1152
-1152
-1164
-1160
-1158
-1164
-1158
-1164
-1154
-1158
-1152
-1154
-1154
-1152
-1144
-1146
-1134
-1146
-1140
-1138
-1134
-1128
-1130
-1132
-1130
-1126
-1124
-1136
-1136
-1136
-1136
-1134
-1124
-1126
-1136
-1136
-1140
-1142
-1140
-1144
-1138
-1124
-1122
-1118
-1118
-1118
-1124
-1124
-1128
-1130
-1132
-1132
-1120
-1120
-1110
-1106
-1096
-1094
-1092
-1082
-1088
-1092
-1092
-1100
-1092
-1084
-1084
-1070
-1066
-1058
-1064
-1064
-1060
-1044
-1044
-1040
-1038
-1034
-1038
-1048
-1056
-1064
-1056
-1054
-1056
-1062
-1066
-1068
-1066
-1070
-1066
-1064
-1070
-1070
-1076
-1072
-1074
-1076
-1076
-1080
-1074
-1074
-1086
-1080
-1080
-1074
-1074
-1078
-1078
-1070
-1062
-1052
-1050
-1040
-1044
-1048
-1046
-1046
-1050
-1052
-1050
-1048
-1044
-1042
-1038
-1038
-1048
-1040
-1042
-1036
-1032
-1040
-1040
-1032
-1036
-1028
-1028
-1036
-1042
-1040
-1036
-1042
-1048
-1044
-1040
-1040
-1034
-1036
-1040
-1036
-1032
-1034
-1028
-1026
-1034
-1026
-1032
-1040
-1042
-1050
-1046
-1042
-1044
-1046
-1046
-1042
-1042
-1036
-1036
-1036
-1030
-1034
-1030
-1042
-1038
-1040
-1028
-1016
-1022
-1024
-1028
-1030
-1026
-1024
-1030
-1030
-1038
-1046
-1048
-1048
-1046
-1046
-1042
-1046
-1034
-1028
-1028
-1034
-1032
-1026
-1026
-1024
-1024
-1028
-1020
-1020
-1022
-1016
-1024
-1016
-1020
-1022
-1012
-1022
-1016
-1018
-1020
-1020
-1018
-1026
-1020
-1020
-1026
-1022
-1012
-1016
-1012
-1006
-1004
-998
-994
-984
-976
-978
-978
-984
-986
-982
-986
-994
-994
-990
-994
-992
-986
-978
-980
-972
-968
-964
-952
-952
-948
-954
-948
-956
-942
-958
-956
-958
-954
-950
-950
-958
-958
-958
-954
-942
-932
-932
-930
-926
-926
-934
-926
-924
-922
-920
-920
-916
-916
-914
-916
-906
-908
-906
-908
-906
-908
-908
-902
-904
-906
-912
-908
-910
-906
-910
-910
-908
-912
-912
-916
-906
-904
-902
-904
-888
-886
-882
-878
-874
-874
-868
-866
-868
-870
-874
-882
-878
-878
-882
-882
-880
-882
-876
-874
-874
-874
-870
-870
-872
-864
-850
-846
-840
-840
-842
-848
-848
-844
-846
-852
-850
-860
-852
-844
-842
-840
-830
-828
-830
-826
-822
-820
-816
-812
-810
-804
-810
-812
-804
-806
-802
-796
-798
-802
-806
-804
-802
-806
-798
-796
-798
-796
-798
-800
-790
-784
-790
-786
-788
-780
-790
-778
-776
-774
-772
-770
-776
-770
-760
-754
-750
-752
-740
-742
-742
-746
-744
-744
-736
-736
-728
-728
-718
-718
-710
-710
-706
-708
-698
-696
-690
-692
-694
-698
-700
-692
-698
-704
-702
-692
-694
-694
-690
-690
-680
-680
-690
-696
-692
-688
-686
-682
-692
-696
-702
-690
-680
-674
-670
-672
-672
-666
-670
-666
-674
-670
-664
-668
-668
-668
-666
-668
-658
-662
-664
-664
-648
-646
-634
-642
-642
-638
-636
-646
-644
-650
-656
-654
-642
-646
-652
-652
-646
-646
-636
-636
-636
-640
-644
-642
-642
-638
-628
-620
-620
-616
-612
-620
-622
-622
-612
-608
-604
-600
-596
-594
-598
-604
-596
-596
-594
-600
-598
-600
-600
-592
-596
-594
-590
-590
-586
-584
-580
-584
-576
-582
-570
-578
-590
-588
-578
-580
-574
-572
-574
-576
-572
-574
-566
-566
-566
-558
-558
-560
-552
-556
-544
-544
-538
-546
-550
-554
-558
-560
-562
-574
-570
-570
-570
-572
-574
-574
-582
-576
-572
-562
-548
-554
-558
-564
-570
-564
-550
-556
-564
-562
-564
-560
-562
-564
-566
-554
-550
-542
-550
-552
-550
-550
-546
-542
-542
-538
-544
-538
-536
-528
-532
-530
-536
-526
-532
-524
-530
-532
-532
-534
-532
-532
-532
-534
-530
-528
-520
-516
-520
-512
-512
-514
-512
-522
-520
-522
-528
-520
-522
-514
-518
-526
-524
-520
-520
-520
-520
-512
-524
-526
-532
-528
-530
-534
-536
-538
-540
-534
-540
-536
-528
-532
-534
-532
-532
-534
-530
-534
-538
-538
-524
-518
-530
-542
-546
-542
-546
-536
-538
-532
-524
-522
-524
-526
-532
-520
-516
-512
-504
-504
-510
-504
-498
-496
-494
-492
-498
-502
-504
-500
-508
-504
-498
-496
-494
-492
-490
-490
-486
-486
-486
-476
-472
-474
-466
-472
-480
-476
-464
-462
-452
-446
-448
-448
-442
-440
-428
-430
-432
-426
-426
-428
-420
-408
-406
-406
-394
-394
-398
-402
-408
-408
-404
-406
-398
-402
-400
-408
-414
-410
-420
-420
-430
-420
-416
-404
-404
-404
-402
-398
-406
-414
-414
-418
-410
-404
-398
-402
-396
-388
-388
-380
-378
-378
-376
-376
-386
-384
-392
-396
-392
-388
-388
-394
-392
-388
-376
-380
-378
-378
-378
-378
-382
-378
-380
-380
-376
-382
-380
-376
-372
-368
-372
-370
-364
-360
-362
-350
-352
-354
-346
-344
-346
-346
-344
-338
-334
-348
-352
-356
-358
-370
-370
-364
-354
-356
-352
-354
-366
-374
-382
-378
-382
-382
-374
-366
-360
-354
-350
-346
-348
-356
-350
-352
-356
-352
-360
-360
-354
-350
-356
-362
-372
-378
-372
-374
-374
-372
-372
-380
-378
-378
-372
-368
-374
-370
-372
-378
-378
-374
-380
-378
-372
-370
-368
-364
-360
-354
-348
-352
-354
-354
-352
-346
-342
-336
-336
-336
-334
-320
-326
-322
-316
-312
-318
-312
-306
-306
-306
-312
-310
-318
-322
-324
-328
-330
-322
-312
-308
-312
-312
-326
-322
-312
-306
-306
-306
-308
-302
-304
-302
-298
-294
-292
-294
-296
-294
-302
-302
-302
-296
-298
-290
-290
-282
-280
-286
-298
-300
-300
-296
-294
-306
-310
-308
-298
-296
-298
-302
-298
-298
-292
-284
-284
-286
-288
-282
-278
-282
-282
-280
-288
-286
-294
-298
-298
-296
-304
-298
-296
-292
-292
-294
-288
-286
-282
-276
-276
-284
-288
-290
-278
-278
-286
-284
-286
-288
-292
-290
-284
-286
-282
-280
-278
-270
-272
-272
-260
-260
-254
-254
-258
-248
-242
-248
-248
-240
-248
-236
-234
-240
-244
-244
-242
-244
-244
-246
-238
-238
-234
-234
-218
-214
-214
-218
-212
-216
-220
-222
-216
-216
-210
-220
-220
-208
-220
-222
-226
-230
-232
-234
-234
-232
-232
-234
-230
-230
-232
-228
-228
-228
-234
-224
-226
-224
-216
-224
-230
-230
-224
-230
-228
-224
-224
-228
-226
-226
-224
-224
-230
-232
-238
-242
-236
-238
-240
-236
-238
-236
-240
-240
-244
-246
-242
-242
-234
-234
-230
-220
-214
-216
-224
-224
-230
-232
-234
-234
-226
-222
-220
-228
-224
-228
-220
-216
-212
-212
-214
-218
-220
-214
-210
-210
-220
-224
-230
-232
-226
-230
-226
-230
-214
-216
-210
-208
-204
-196
-194
-196
-190
-182
-188
-192
-196
-186
-182
-180
-186
-174
-176
-176
-166
-158
-156
-158
-162
-154
-148
-144
-146
-138
-132
-128
-122
-128
-132
-136
-142
-142
-134
-138
-140
-148
-154
-146
-150
-154
-150
-152
-152
-148
-144
-140
-138
-136
-142
-146
-152
-150
-150
-154
-148
-144
-138
-132
-124
-122
-112
-112
-122
-124
-124
-128
-128
-126
-122
-126
-128
-134
-128
-128
-122
-128
-130
-124
-124
-126
-120
-118
-112
-112
-110
-108
-110
-116
-110
-108
-94
-92
-90
-90
-96
-94
-98
-88
-84
-74
-76
-82
-82
-86
-86
-86
-86
-80
-70
-74
-72
-68
-64
-62
-68
-68
-66
-72
-72
-70
-70
-76
-76
-80
-70
-74
-72
-72
-72
-66
-66
-78
-84
-88
-86
-86
-84
-80
-80
-76
-72
-68
-66
-70
-76
-72
-62
-66
-56
-60
-62
-60
-66
-66
-66
-64
-68
-62
-60
-62
-72
-72
-78
-82
-82
-80
-80
-82
-74
-74
-66
-62
-54
-54
-44
-48
-46
-34
-34
-30
-34
-30
-32
-30
-32
-30
-30
-34
-36
-36
-38
-26
-28
-32
-26
-36
-34
-34
-36
-38
-34
-36
-38
-32
-28
-30
-34
-30
-30
-20
-24
-36
-36
-40
-38
-40
-48
-44
-48
-50
-46
-48
-42
-34
-36
-26
-20
-18
-16
-14
-10
-12
-10
-10
-18
-16
-14
-16
-2
-10
-6
0
2
-2
-6
0
6
18
20
26
30
20
28
24
20
28
36
42
50
58
62
58
64
62
62
66
56
52
50
50
42
52
52
50
48
40
36
40
36
30
24
20
18
26
32
30
38
32
34
42
46
46
48
50
58
56
58
58
58
58
56
58
54
56
50
52
52
48
44
42
46
38
46
46
52
42
38
34
38
42
42
40
46
42
44
38
40
44
44
38
38
38
34
34
32
36
32
36
30
32
34
30
28
26
30
32
28
28
22
24
32
32
44
42
34
40
44
48
52
50
48
44
34
38
50
58
62
64
66
70
72
72
66
70
72
78
82
80
74
72
62
58
64
72
86
78
80
82
84
74
78
74
76
70
82
88
80
86
88
96
88
90
94
96
84
78
84
86
86
86
90
90
92
82
80
88
80
84
92
86
90
80
80
88
90
98
96
92
96
98
110
106
120
116
116
108
112
102
98
96
94
96
86
82
72
70
74
66
70
74
74
88
94
94
86
88
88
88
88
92
88
92
88
88
84
86
82
82
84
90
90
86
88
86
80
74
82
84
82
78
84
80
80
76
74
78
78
86
90
94
96
106
108
106
114
114
114
118
116
114
108
108
104
106
98
88
88
76
82
78
80
96
94
96
84
84
88
84
90
88
82
86
82
84
88
92
88
92
86
80
84
82
90
82
86
82
84
84
76
80
80
74
80
76
74
76
72
68
66
76
78
82
86
90
98
96
96
106
102
100
108
116
122
118
118
124
132
138
132
132
126
134
128
130
128
124
118
118
118
116
122
132
122
132
124
120
126
140
140
146
142
144
138
134
138
144
138
140
140
138
140
136
140
142
144
144
156
154
150
156
162
156
158
152
150
144
152
152
136
142
144
146
148
142
142
142
144
142
146
146
142
134
134
136
126
134
128
136
142
146
134
134
136
146
148
152
142
152
160
164
166
166
170
178
176
186
184
192
194
192
202
196
190
190
190
202
202
208
206
202
198
198
196
194
200
198
198
192
186
182
178
166
168
176
184
192
188
178
180
186
194
192
200
200
206
196
200
200
200
202
202
200
190
192
198
200
190
192
190
198
200
208
218
224
224
224
220
212
214
216
216
218
216
206
198
192
200
200
192
180
186
186
192
202
204
210
206
208
202
202
206
198
198
202
208
200
190
192
196
196
198
198
204
200
200
198
202
210
208
206
202
214
218
224
236
222
224
214
216
220
224
222
224
234
232
232
238
244
250
252
256
256
254
246
246
252
260
256
258
262
270
270
264
264
264
264
258
270
270
266
260
258
262
266
262
262
264
270
274
264
264
264
264
260
258
262
262
272
270
266
264
262
268
256
260
256
254
258
252
254
262
264
270
268
262
260
260
262
266
266
268
266
266
274
274
272
272
274
272
272
272
270
274
280
282
272
262
276
276
268
260
258
260
262
260
260
262
256
258
266
268
262
270
274
270
264
266
274
270
278
270
266
276
278
282
290
292
300
302
304
302
300
302
296
308
304
310
306
294
304
304
304
298
292
290
284
282
272
264
264
268
272
280
282
276
282
288
272
272
278
284
280
282
276
276
276
268
270
270
262
256
248
260
264
262
258
248
248
248
252
250
250
254
254
256
248
252
248
256
266
260
262
258
254
256
264
266
282
286
288
288
298
304
308
312
318
310
312
316
312
308
314
318
320
316
328
328
322
320
312
314
316
316
322
324
312
318
318
322
320
322
322
320
316
314
318
316
314
302
294
284
292
288
294
286
284
280
284
288
284
294
300
298
298
298
298
288
300
298
308
294
304
308
308
314
318
324
326
332
330
320
328
322
324
312
310
318
314
316
308
314
308
306
310
308
314
310
310
302
298
294
296
302
294
294
294
292
296
290
294
298
304
314
316
312
306
310
304
298
302
314
316
314
314
310
312
312
298
288
290
300
296
292
294
296
290
292
306
308
310
306
306
296
300
292
294
294
290
284
284
286
288
284
296
298
294
294
298
288
290
298
300
302
306
312
320
320
322
326
338
334
324
324
322
318
322
324
328
336
334
324
316
312
306
308
308
306
306
308
312
304
304
302
308
310
308
312
312
304
314
314
318
332
332
328
328
322
316
308
312
316
314
318
316
318
316
308
304
306
310
304
298
302
302
312
314
312
310
312
312
304
304
310
312
304
310
314
316
310
310
310
308
304
306
296
296
290
288
296
292
292
296
284
288
274
276
272
282
286
282
274
276
286
294
300
298
302
302
302
294
300
296
308
312
304
308
302
302
304
310
314
310
312
312
314
304
302
310
306
308
302
308
314
314
314
316
308
304
308
300
300
298
302
306
304
302
296
306
312
302
304
292
288
302
290
278
272
264
264
264
272
284
288
298
292
284
290
288
294
292
296
302
298
296
304
308
298
296
296
290
294
292
292
294
294
294
298
300
308
302
290
288
296
298
302
302
306
304
304
306
304
306
308
308
312
318
324
320
322
326
326
326
336
336
340
338
336
336
336
334
326
322
324
324
330
332
340
336
328
322
316
316
314
316
322
328
322
324
326
332
338
334
326
330
334
326
322
316
320
310
314
320
320
326
324
326
320
314
322
326
318
322
324
326
328
330
330
328
322
332
328
320
322
320
324
320
320
320
320
322
324
322
318
322
314
320
310
314
306
308
312
314
310
322
330
330
326
326
318
314
314
320
318
316
322
322
324
322
328
324
324
318
312
310
318
332
330
322
322
326
322
330
334
336
334
334
340
338
340
330
338
334
328
330
334
340
348
352
350
344
344
342
344
342
342
336
336
336
334
332
330
338
326
322
324
326
330
328
334
326
324
328
336
338
346
346
346
348
352
358
362
368
374
376
374
378
376
364
364
374
372
366
362
362
366
372
368
372
380
382
378
378
380
378
374
372
378
390
396
390
390
388
390
384
384
386
388
400
402
398
404
402
404
400
394
386
386
384
388
386
390
386
386
396
398
398
396
404
408
408
410
412
410
410
400
396
390
382
386
388
388
394
396
392
390
400
402
402
400
402
398
396
390
398
402
412
422
426
426
422
420
422
422
420
416
412
416
428
422
420
426
434
442
430
422
434
430
432
426
422
418
418
406
396
396
396
398
394
398
396
394
392
398
400
396
394
398
390
394
396
396
390
384
386
388
396
394
398
392
398
402
410
410
414
422
418
422
430
436
436
436
424
410
408
414
416
410
406
404
414
408
410
412
414
420
418
420
422
426
436
428
428
428
430
418
424
422
424
424
418
426
416
424
412
408
400
402
408
420
414
404
410
410
414
420
414
408
408
412
408
400
392
392
382
386
388
386
386
378
382
386
392
390
394
394
398
402
406
400
398
400
398
410
410
414
418
410
420
424
426
424
424
420
414
408
406
412
428
434
438
432
432
430
434
438
436
434
434
440
440
436
444
442
438
430
428
418
424
432
432
432
430
432
440
438
438
436
428
430
422
426
430
430
432
432
432
438
434
438
438
438
446
448
454
462
462
462
464
466
472
472
470
478
466
470
470
480
472
470
484
480
480
476
476
474
466
474
474
478
474
472
476
480
474
474
474
474
476
482
484
482
472
474
476
478
470
466
462
464
466
466
476
474
484
478
474
482
474
482
490
482
482
484
492
502
500
504
500
490
484
484
484
474
480
472
476
476
464
464
458
458
462
464
470
468
468
464
456
466
474
474
464
464
466
460
454
446
450
448
446
440
438
432
440
436
436
430
436
434
434
442
440
440
440
446
446
454
454
452
456
452
446
442
430
436
436
440
448
446
444
442
436
434
434
424
422
418
420
414
414
406
404
390
388
390
388
392
392
390
388
392
394
398
400
406
404
402
410
424
432
434
430
432
432
424
418
420
418
414
418
406
400
392
394
388
388
390
390
394
386
378
376
370
374
372
372
374
374
374
374
368
368
376
386
398
394
404
404
402
398
390
384
390
378
378
372
372
374
370
376
378
386
390
384
390
394
398
402
392
388
382
376
372
364
362
364
362
368
366
362
360
356
352
358
360
352
344
340
342
340
336
338
332
334
336
344
360
352
342
348
338
330
332
326
332
328
330
332
326
328
324
322
318
318
320
314
314
308
310
310
300
292
292
296
300
292
290
280
276
270
262
264
266
272
274
284
278
274
276
278
282
284
288
294
296
292
292
292
296
300
300
300
292
294
292
292
290
290
294
302
310
314
320
322
326
330
330
334
324
318
316
312
304
304
306
316
308
310
306
302
306
316
320
324
332
330
340
340
346
348
356
352
346
342
348
340
340
338
334
334
336
330
334
334
332
328
322
322
322
320
318
322
330
336
338
336
330
332
334
332
332
332
334
338
338
344
344
346
348
348
354
348
356
366
360
356
348
352
356
352
356
348
354
364
362
358
354
356
358
360
364
362
362
368
370
368
374
376
374
378
386
386
388
388
386
390
392
386
382
384
384
388
386
388
388
392
396
392
394
400
394
402
396
396
386
380
388
384
384
382
390
392
390
390
400
390
390
394
402
400
398
390
382
376
378
378
376
370
374
372
372
364
368
380
380
382
378
382
388
388
390
392
396
398
406
402
404
404
412
418
422
410
412
416
414
416
416
414
414
418
412
406
410
410
410
410
418
412
420
420
420
424
434
436
442
434
430
438
438
438
440
434
434
440
442
446
438
440
440
446
442
442
454
446
458
460
458
462
458
460
454
460
460
454
456
454
460
458
456
458
460
456
454
448
448
452
454
466
472
476
482
484
490
490
488
482
488
492
492
496
496
494
488
484
484
480
474
476
480
478
480
474
474
464
460
464
458
452
454
448
444
430
430
432
436
438
442
438
436
426
424
430
434
434
430
434
438
440
448
446
450
446
450
452
450
446
448
450
450
450
438
434
434
438
436
434
436
440
438
442
442
444
442
438
440
448
454
446
440
444
444
436
440
450
452
456
460
456
456
460
454
464
464
454
462
466
466
460
460
464
462
460
466
460
452
454
448
456
462
462
460
454
444
450
454
462
460
464
464
476
474
470
472
472
478
476
488
488
488
488
506
496
494
496
508
518
520
528
530
528
520
518
514
516
516
518
516
518
516
516
514
508
514
518
518
520
518
520
518
520
524
536
534
532
532
528
522
524
522
528
534
534
536
536
540
542
548
540
538
538
530
534
526
524
522
526
538
526
526
526
534
530
534
534
544
544
548
542
554
554
550
550
554
554
548
552
550
550
554
554
552
550
538
538
538
542
546
548
552
550
546
552
548
552
548
550
548
550
546
542
536
530
530
532
536
530
528
538
538
536
538
532
534
536
532
534
538
538
538
528
528
538
542
548
556
554
558
562
560
552
552
552
554
558
560
558
566
568
566
562
550
552
540
536
532
536
538
544
538
536
540
540
540
542
534
534
530
528
530
536
538
544
536
536
540
538
546
540
534
540
534
532
528
526
520
520
512
504
514
512
508
512
510
504
506
500
500
504
500
498
496
504
500
504
512
510
512
508
500
506
504
516
526
524
528
536
530
532
538
550
556
546
546
548
544
544
548
548
554
554
548
552
552
558
554
550
552
560
560
568
560
564
562
554
556
560
554
566
574
576
582
584
582
580
590
596
600
598
604
604
594
604
606
610
606
608
600
606
610
612
610
614
616
606
614
610
618
618
602
606
602
604
604
612
606
610
614
612
612
612
610
620
620
618
612
610
616
626
632
632
636
640
636
644
652
648
644
642
648
656
654
650
646
652
654
650
650
654
654
662
666
666
666
668
664
668
664
674
668
664
666
666
668
680
686
682
686
678
678
678
676
678
682
680
678
676
680
680
680
686
680
686
690
694
688
688
678
678
680
676
690
692
696
694
692
686
676
680
680
676
682
682
680
680
676
686
694
688
686
682
682
680
678
672
666
652
662
664
666
662
662
664
662
670
664
666
664
662
662
658
666
658
662
668
678
672
672
672
668
666
664
660
660
658
664
672
674
668
672
678
672
674
676
674
666
660
660
660
668
656
654
658
650
654
658
646
648
642
652
652
652
654
652
654
652
662
662
668
664
658
656
660
658
660
658
666
672
666
666
666
672
670
672
664
668
666
674
668
672
674
672
670
678
680
674
676
678
674
670
672
670
676
680
676
676
674
680
678
676
672
672
666
670
670
662
658
658
658
650
650
652
654
654
654
656
656
650
650
650
654
658
656
660
654
648
650
654
658
652
654
648
648
644
646
642
642
642
640
638
640
636
636
628
624
622
616
616
624
616
624
632
630
630
624
634
626
626
632
628
632
626
628
628
620
618
620
614
600
610
614
614
612
610
608
604
594
590
594
598
602
602
600
602
610
614
622
622
624
624
628
638
632
638
632
626
620
628
632
644
646
640
644
642
636
630
624
630
636
638
640
646
646
650
654
650
644
638
628
622
614
612
618
608
610
608
600
608
604
596
596
608
614
610
614
620
616
608
608
608
608
610
614
616
620
620
616
612
608
606
596
588
600
602
610
620
622
620
622
614
608
600
598
606
602
604
594
602
602
588
596
600
602
598
596
590
590
588
594
596
596
598
592
586
592
588
584
580
580
568
572
564
564
558
552
546
544
544
546
546
548
548
554
546
546
546
550
546
542
536
534
542
546
546
542
542
542
534
524
530
536
542
548
548
550
552
556
560
556
568
562
556
560
562
566
566
570
572
570
570
568
568
558
564
572
578
572
570
574
572
572
584
584
584
578
574
580
576
580
588
592
594
594
588
590
590
592
596
590
590
592
590
598
606
602
598
590
598
600
604
594
590
594
602
602
608
594
598
592
594
604
590
598
600
608
602
604
602
600
600
592
588
596
594
586
590
584
584
586
588
590
592
588
592
598
604
600
606
612
604
606
590
590
588
588
592
598
598
602
598
600
604
600
600
606
614
614
616
616
618
612
618
622
626
630
626
624
608
620
620
624
624
622
622
630
630
632
628
630
632
634
634
638
646
652
652
654
652
656
656
654
650
642
646
640
630
636
640
648
642
644
654
648
654
654
658
662
664
676
686
686
680
686
700
700
700
698
706
712
718
714
706
698
694
696
688
692
692
688
694
700
694
692
700
702
706
706
706
702
696
696
688
690
696
700
698
684
676
682
690
692
696
696
690
698
694
682
686
686
686
676
674
674
676
680
684
680
676
678
668
674
668
662
650
660
660
666
668
670
670
664
672
678
680
682
672
674
668
670
662
652
650
658
662
668
666
674
670
658
654
652
646
646
644
650
656
658
666
674
668
666
674
686
690
692
700
702
696
692
686
682
680
674
672
680
682
682
676
668
670
674
674
672
672
662
664
662
660
650
648
652
658
662
664
668
660
656
656
660
654
654
660
666
664
662
666
672
666
672
666
666
668
668
674
678
678
678
674
682
680
678
668
666
654
666
664
670
662
658
660
658
654
660
658
660
664
660
670
670
664
666
666
668
672
672
672
680
680
686
692
696
698
700
704
710
710
716
714
714
714
712
708
712
712
716
716
718
718
716
706
708
708
708
700
704
702
698
690
692
686
688
686
688
690
696
690
698
692
688
688
690
690
692
696
698
702
702
704
708
702
702
694
698
696
698
712
718
712
712
712
704
708
714
706
708
708
714
718
708
704
700
698
702
710
716
720
728
736
734
736
740
736
734
744
738
734
734
738
736
742
740
746
752
758
758
764
752
756
760
760
760
752
756
754
750
744
740
734
738
730
740
746
750
752
750
752
744
746
750
752
760
758
758
756
762
760
756
752
750
746
744
736
734
734
734
742
746
748
746
756
756
750
756
760
762
760
748
752
752
742
740
736
738
734
736
740
732
730
726
730
732
732
734
736
748
750
748
748
754
756
756
752
750
744
748
742
746
748
750
744
738
736
740
746
736
730
730
724
724
716
708
700
700
700
690
702
700
706
702
694
694
702
702
708
706
706
700
700
694
684
682
676
676
670
678
672
684
692
698
696
692
686
686
688
688
688
690
690
688
700
706
710
710
704
700
704
710
716
716
716
700
702
710
712
712
712
710
710
710
714
716
714
726
732
722
728
730
736
732
730
742
732
724
720
712
714
708
712
712
716
718
728
728
722
722
728
728
728
728
730
732
734
730
728
736
732
738
744
748
748
750
758
766
760
760
756
758
752
764
766
762
758
754
754
752
752
754
766
760
762
758
756
752
756
762
760
764
772
762
768
768
774
784
788
782
792
794
796
796
796
794
782
784
794
790
788
790
794
794
802
800
804
804
800
806
808
806
808
816
814
806
800
794
794
792
784
788
796
798
804
802
806
804
812
810
810
810
812
820
822
816
810
810
806
810
808
818
822
824
820
824
820
828
828
820
816
820
822
824
826
814
818
818
810
814
814
808
812
812
812
808
820
814
804
800
798
798
796
802
802
796
790
796
790
790
792
802
810
808
806
812
808
804
802
792
790
800
796
782
776
774
782
788
788
780
778
778
774
778
786
790
796
798
798
792
792
786
780
788
792
796
794
792
796
800
806
804
800
796
796
784
790
788
788
786
792
796
800
798
796
794
796
800
808
802
812
814
812
804
804
794
794
800
802
802
812
814
826
824
826
822
822
824
820
826
824
818
822
824
818
814
812
808
806
810
808
802
796
804
806
802
802
