-10468
-10468
-10468
-10468
-10464
-10460
-10456
-10448
-10450
-10450
-10450
-10450
-10450
-10440
-10440
-10428
-10428
-10420
-10406
-10392
-10382
-10382
-10378
-10378
-10378
-10374
-10374
-10374
-10374
-10370
-10370
-10370
-10370
-10370
-10360
-10350
-10346
-10342
-10342
-10336
-10332
-10330
-10330
-10316
-10316
-10316
-10316
-10312
-10312
-10302
-10302
-10294
-10294
-10288
-10286
-10278
-10278
-10262
-10254
-10246
-10234
-10234
-10232
-10232
-10228
-10218
-10210
-10210
-10204
-10204
-10204
-10198
-10198
-10188
-10188
-10184
-10178
-10178
-10178
-10178
-10176
-10166
-10162
-10162
-10162
-10154
-10154
-10154
-10148
-10148
-10142
-10144
-10144
-10136
-10134
-10128
-10128
-10116
-10102
-10102
-10100
-10100
-10094
-10094
-10094
-10084
-10084
-10080
-10078
-10078
-10078
-10076
-10068
-10068
-10062
-10054
-10054
-10054
-10054
-10054
-10056
-10044
-10032
-10024
-10016
-10016
-10006
-10000
-9998
-9996
-9996
-9996
-9996
-9996
-9982
-9974
-9974
-9966
-9958
-9954
-9954
-9954
-9948
-9934
-9930
-9920
-9920
-9916
-9916
-9904
-9904
-9896
-9894
-9888
-9878
-9880
-9870
-9870
-9858
-9858
-9858
-9858
-9848
-9848
-9848
-9840
-9830
-9830
-9820
-9808
-9796
-9784
-9778
-9778
-9778
-9778
-9776
-9776
-9776
-9764
-9760
-9760
-9760
-9758
-9758
-9742
-9736
-9722
-9712
-9696
-9696
-9698
-9688
-9682
-9670
-9658
-9648
-9638
-9638
-9638
-9638
-9628
-9616
-9616
-9616
-9612
-9598
-9586
-9586
-9578
-9566
-9560
-9560
-9552
-9542
-9534
-9534
-9534
-9534
-9534
-9526
-9526
-9526
-9524
-9524
-9524
-9524
-9512
-9512
-9512
-9512
-9512
-9512
-9512
-9504
-9506
-9502
-9492
-9492
-9492
-9492
-9484
-9484
-9472
-9472
-9472
-9470
-9470
-9470
-9470
-9470
-9470
-9470
-9460
-9460
-9450
-9450
-9446
-9446
-9432
-9424
-9424
-9424
-9424
-9420
-9420
-9414
-9410
-9410
-9408
-9414
-9414
-9412
-9408
-9408
-9408
-9410
-9410
-9402
-9394
-9394
-9384
-9384
-9380
-9380
-9370
-9370
-9370
-9370
-9358
-9358
-9358
-9356
-9350
-9350
-9348
-9338
-9338
-9338
-9332
-9320
-9312
-9302
-9300
-9298
-9298
-9294
-9284
-9268
-9262
-9262
-9254
-9244
-9244
-9244
-9240
-9238
-9224
-9220
-9220
-9220
-9220
-9216
-9216
-9216
-9216
-9218
-9210
-9210
-9210
-9210
-9208
-9208
-9208
-9200
-9192
-9192
-9182
-9178
-9178
-9174
-9174
-9174
-9172
-9172
-9172
-9162
-9156
-9156
-9156
-9152
-9152
-9144
-9138
-9132
-9138
-9126
-9124
-9124
-9114
-9114
-9114
-9106
-9100
-9100
-9100
-9098
-9090
-9090
-9080
-9076
-9076
-9072
-9064
-9064
-9068
-9064
-9064
-9058
-9058
-9050
-9050
-9050
-9044
-9036
-9024
-9012
-9008
-9008
-9000
-9000
-8986
-8982
-8974
-8964
-8956
-8956
-8956
-8956
-8956
-8944
-8944
-8944
-8944
-8936
-8936
-8936
-8930
-8930
-8930
-8920
-8908
-8910
-8910
-8902
-8896
-8884
-8884
-8884
-8884
-8880
-8866
-8858
-8848
-8838
-8838
-8832
-8830
-8830
-8824
-8812
-8812
-8812
-8812
-8812
-8812
-8806
-8800
-8800
-8800
-8800
-8798
-8792
-8782
-8774
-8774
-8766
-8766
-8760
-8760
-8750
-8750
-8752
-8752
-8752
-8752
-8752
-8754
-8746
-8742
-8730
-8724
-8724
-8714
-8714
-8714
-8714
-8708
-8708
-8702
-8694
-8694
-8688
-8682
-8670
-8674
-8666
-8666
-8666
-8666
-8664
-8668
-8668
-8658
-8650
-8636
-8630
-8630
-8624
-8624
-8624
-8624
-8624
-8622
-8616
-8616
-8616
-8616
-8614
-8614
-8614
-8606
-8606
-8596
-8590
-8590
-8586
-8574
-8574
-8574
-8564
-8564
-8564
-8556
-8556
-8546
-8544
-8550
-8550
-8556
-8544
-8544
-8544
-8538
-8538
-8536
-8536
-8536
-8536
-8536
-8536
-8536
-8536
-8524
-8518
-8518
-8514
-8504
-8494
-8494
-8494
-8490
-8490
-8490
-8490
-8482
-8482
-8482
-8472
-8472
-8472
-8472
-8474
-8474
-8468
-8468
-8466
-8462
-8462
-8460
-8460
-8462
-8462
-8460
-8460
-8454
-8454
-8454
-8454
-8454
-8454
-8454
-8454
-8454
-8446
-8438
-8438
-8438
-8438
-8428
-8430
-8424
-8412
-8412
-8408
-8408
-8396
-8396
-8390
-8390
-8390
-8382
-8382
-8382
-8370
-8360
-8358
-8358
-8358
-8358
-8358
-8358
-8356
-8344
-8344
-8330
-8330
-8330
-8326
-8326
-8326
-8324
-8318
-8318
-8318
-8320
-8314
-8310
-8310
-8310
-8310
-8310
-8298
-8298
-8296
-8282
-8276
-8278
-8268
-8264
-8264
-8264
-8264
-8264
-8264
-8264
-8264
-8260
-8260
-8260
-8260
-8252
-8252
-8252
-8252
-8252
-8252
-8252
-8252
-8244
-8244
-8234
-8232
-8232
-8228
-8222
-8222
-8210
-8210
-8210
-8204
-8198
-8198
-8198
-8198
-8184
-8176
-8166
-8166
-8166
-8156
-8156
-8156
-8156
-8156
-8148
-8148
-8144
-8140
-8128
-8128
-8134
-8126
-8126
-8118
-8118
-8118
-8118
-8106
-8106
-8100
-8096
-8096
-8088
-8080
-8080
-8072
-8072
-8072
-8072
-8072
-8072
-8074
-8072
-8072
-8060
-8060
-8060
-8058
-8052
-8052
-8046
-8046
-8046
-8046
-8040
-8040
-8040
-8040
-8024
-8020
-8012
-8012
-8012
-8012
-8002
-8002
-7992
-7984
-7974
-7970
-7962
-7954
-7954
-7944
-7944
-7944
-7944
-7940
-7940
-7936
-7936
-7918
-7918
-7904
-7904
-7904
-7902
-7902
-7902
-7892
-7892
-7892
-7882
-7882
-7882
-7872
-7872
-7872
-7878
-7878
-7868
-7868
-7868
-7868
-7864
-7860
-7852
-7852
-7852
-7852
-7852
-7852
-7842
-7832
-7822
-7822
-7822
-7810
-7810
-7810
-7804
-7802
-7792
-7784
-7784
-7780
-7774
-7774
-7764
-7764
-7764
-7764
-7764
-7754
-7754
-7746
-7746
-7746
-7744
-7744
-7742
-7742
-7746
-7734
-7734
-7736
-7730
-7730
-7730
-7724
-7724
-7724
-7724
-7724
-7718
-7718
-7718
-7718
-7710
-7710
-7714
-7714
-7706
-7706
-7706
-7706
-7706
-7694
-7694
-7694
-7688
-7670
-7670
-7670
-7670
-7670
-7670
-7670
-7668
-7666
-7652
-7652
-7652
-7652
-7658
-7658
-7652
-7652
-7654
-7654
-7660
-7654
-7644
-7648
-7642
-7636
-7630
-7620
-7612
-7610
-7610
-7604
-7604
-7596
-7596
-7586
-7586
-7586
-7578
-7578
-7578
-7578
-7578
-7578
-7578
-7578
-7568
-7564
-7564
-7564
-7560
-7560
-7560
-7560
-7562
-7562
-7558
-7552
-7552
-7550
-7542
-7536
-7536
-7536
-7526
-7522
-7522
-7512
-7506
-7506
-7506
-7500
-7498
-7502
-7498
-7498
-7498
-7490
-7488
-7482
-7476
-7464
-7472
-7466
-7466
-7466
-7468
-7458
-7458
-7450
-7450
-7440
-7440
-7440
-7440
-7436
-7436
-7436
-7436
-7436
-7430
-7420
-7422
-7414
-7404
-7404
-7414
-7406
-7406
-7400
-7400
-7398
-7392
-7390
-7390
-7390
-7390
-7396
-7398
-7398
-7398
-7382
-7370
-7370
-7370
-7370
-7370
-7374
-7374
-7374
-7374
-7364
-7358
-7356
-7352
-7354
-7352
-7346
-7344
-7338
-7338
-7334
-7334
-7334
-7334
-7334
-7334
-7334
-7322
-7322
-7316
-7314
-7314
-7314
-7314
-7314
-7306
-7306
-7294
-7294
-7292
-7292
-7288
-7288
-7288
-7288
-7284
-7284
-7284
-7282
-7270
-7272
-7272
-7274
-7278
-7278
-7280
-7280
-7280
-7280
-7276
-7268
-7268
-7266
-7266
-7260
-7258
-7258
-7258
-7258
-7248
-7248
-7248
-7248
-7248
-7248
-7252
-7252
-7242
-7242
-7238
-7238
-7236
-7236
-7238
-7230
-7226
-7224
-7226
-7226
-7226
-7226
-7224
-7224
-7224
-7224
-7224
-7224
-7216
-7216
-7216
-7218
-7218
-7218
-7228
-7228
-7216
-7204
-7192
-7192
-7192
-7186
-7186
-7178
-7178
-7178
-7178
-7178
-7178
-7166
-7162
-7168
-7168
-7162
-7156
-7144
-7134
-7142
-7144
-7144
-7144
-7146
-7146
-7136
-7136
-7136
-7134
-7134
-7134
-7134
-7134
-7126
-7128
-7128
-7126
-7126
-7122
-7122
-7124
-7114
-7108
-7102
-7094
-7094
-7088
-7084
-7084
-7084
-7080
-7070
-7068
-7068
-7070
-7062
-7060
-7048
-7048
-7048
-7048
-7048
-7048
-7040
-7034
-7032
-7028
-7028
-7028
-7028
-7028
-7022
-7022
-7022
-7022
-7018
-7018
-7018
-7018
-7018
-7018
-7018
-7018
-7016
-7016
-7012
-7010
-7002
-6990
-6980
-6976
-6976
-6970
-6962
-6962
-6962
-6960
-6954
-6948
-6948
-6934
-6934
-6924
-6916
-6902
-6902
-6902
-6902
-6902
-6892
-6892
-6892
-6892
-6888
-6886
-6878
-6878
-6872
-6872
-6864
-6864
-6850
-6850
-6850
-6850
-6844
-6838
-6826
-6826
-6826
-6816
-6808
-6808
-6808
-6802
-6802
-6802
-6790
-6784
-6776
-6776
-6772
-6764
-6756
-6756
-6764
-6764
-6764
-6756
-6744
-6740
-6740
-6740
-6728
-6726
-6726
-6720
-6714
-6714
-6710
-6704
-6704
-6700
-6700
-6688
-6688
-6688
-6688
-6688
-6682
-6672
-6672
-6672
-6664
-6654
-6648
-6654
-6644
-6644
-6634
-6634
-6628
-6628
-6628
-6618
-6618
-6618
-6618
-6622
-6614
-6614
-6608
-6608
-6602
-6602
-6602
-6596
-6588
-6588
-6588
-6580
-6580
-6580
-6578
-6578
-6568
-6574
-6574
-6570
-6574
-6570
-6570
-6570
-6570
-6570
-6570
-6576
-6568
-6558
-6548
-6536
-6536
-6526
-6526
-6524
-6524
-6524
-6524
-6522
-6522
-6522
-6514
-6514
-6514
-6512
-6512
-6512
-6502
-6502
-6502
-6502
-6486
-6486
-6486
-6486
-6476
-6476
-6464
-6464
-6464
-6464
-6464
-6464
-6464
-6464
-6460
-6452
-6452
-6452
-6444
-6442
-6442
-6438
-6434
-6434
-6438
-6444
-6448
-6444
-6440
-6440
-6430
-6420
-6412
-6406
-6406
-6406
-6404
-6404
-6404
-6404
-6404
-6404
-6404
-6404
-6404
-6402
-6402
-6402
-6402
-6402
-6402
-6402
-6400
-6400
-6400
-6400
-6400
-6398
-6396
-6396
-6396
-6396
-6394
-6388
-6388
-6388
-6380
-6368
-6368
-6368
-6366
-6356
-6348
-6342
-6336
-6334
-6324
-6324
-6324
-6320
-6304
-6302
-6300
-6300
-6300
-6298
-6294
-6294
-6294
-6294
-6290
-6290
-6276
-6266
-6266
-6266
-6266
-6262
-6272
-6272
-6272
-6264
-6266
-6266
-6254
-6258
-6250
-6250
-6250
-6246
-6238
-6234
-6228
-6222
-6222
-6210
-6204
-6204
-6198
-6198
-6198
-6198
-6184
-6180
-6180
-6180
-6176
-6174
-6170
-6162
-6162
-6158
-6158
-6152
-6140
-6138
-6124
-6120
-6124
-6116
-6116
-6116
-6104
-6094
-6092
-6090
-6078
-6078
-6078
-6080
-6074
-6074
-6074
-6066
-6066
-6066
-6062
-6058
-6056
-6056
-6044
-6042
-6042
-6042
-6042
-6034
-6034
-6034
-6024
-6024
-6024
-6024
-6024
-6024
-6024
-6024
-6016
-6016
-6002
-5996
-5996
-5994
-5986
-5998
-6004
-5998
-5998
-5998
-5998
-5998
-5986
-5980
-5980
-5980
-5968
-5968
-5968
-5964
-5964
-5964
-5970
-5970
-5966
-5966
-5966
-5966
-5966
-5966
-5962
-5962
-5962
-5962
-5962
-5962
-5962
-5962
-5962
-5952
-5944
-5940
-5928
-5918
-5918
-5918
-5918
-5912
-5912
-5912
-5906
-5906
-5906
-5912
-5904
-5904
-5904
-5904
-5904
-5896
-5896
-5892
-5886
-5886
-5880
-5880
-5882
-5878
-5878
-5878
-5878
-5878
-5878
-5866
-5864
-5864
-5856
-5856
-5856
-5856
-5860
-5860
-5860
-5852
-5852
-5850
-5850
-5850
-5850
-5842
-5834
-5834
-5834
-5834
-5832
-5822
-5820
-5820
-5814
-5816
-5804
-5792
-5788
-5788
-5788
-5780
-5780
-5782
-5788
-5774
-5774
-5774
-5768
-5768
-5760
-5758
-5758
-5754
-5744
-5744
-5736
-5726
-5718
-5718
-5718
-5706
-5694
-5694
-5694
-5688
-5688
-5682
-5682
-5682
-5682
-5682
-5682
-5678
-5678
-5678
-5662
-5658
-5648
-5638
-5632
-5630
-5628
-5628
-5630
-5630
-5614
-5622
-5610
-5616
-5616
-5626
-5626
-5620
-5620
-5614
-5614
-5614
-5602
-5602
-5596
-5598
-5596
-5596
-5596
-5590
-5588
-5588
-5588
-5590
-5580
-5580
-5580
-5580
-5576
-5568
-5568
-5582
-5580
-5564
-5570
-5570
-5558
-5558
-5552
-5546
-5546
-5542
-5542
-5532
-5526
-5514
-5514
-5514
-5506
-5494
-5488
-5488
-5474
-5474
-5474
-5474
-5474
-5474
-5474
-5474
-5466
-5468
-5468
-5464
-5458
-5456
-5456
-5456
-5456
-5450
-5454
-5456
-5456
-5450
-5438
-5438
-5438
-5426
-5426
-5422
-5424
-5412
-5412
-5412
-5412
-5406
-5406
-5402
-5402
-5402
-5398
-5398
-5390
-5390
-5390
-5390
-5378
-5370
-5376
-5376
-5376
-5376
-5376
-5376
-5376
-5376
-5376
-5362
-5360
-5360
-5354
-5358
-5358
-5352
-5352
-5342
-5342
-5342
-5342
-5342
-5338
-5336
-5336
-5336
-5326
-5336
-5336
-5330
-5330
-5324
-5324
-5316
-5306
-5294
-5292
-5292
-5282
-5282
-5280
-5280
-5280
-5280
-5270
-5270
-5268
-5268
-5262
-5272
-5270
-5270
-5266
-5264
-5266
-5254
-5254
-5254
-5244
-5238
-5230
-5230
-5226
-5222
-5222
-5222
-5222
-5218
-5218
-5222
-5222
-5222
-5222
-5222
-5222
-5218
-5218
-5218
-5222
-5224
-5224
-5228
-5228
-5230
-5230
-5224
-5220
-5220
-5220
-5220
-5220
-5210
-5208
-5208
-5212
-5212
-5208
-5208
-5208
-5202
-5202
-5202
-5208
-5208
-5208
-5212
-5210
-5210
-5210
-5208
-5208
-5194
-5194
-5190
-5190
-5190
-5182
-5172
-5172
-5172
-5172
-5172
-5168
-5168
-5168
-5168
-5168
-5168
-5168
-5168
-5168
-5172
-5172
-5172
-5170
-5170
-5158
-5158
-5158
-5158
-5158
-5158
-5158
-5162
-5154
-5154
-5154
-5150
-5150
-5150
-5150
-5150
-5138
-5132
-5140
-5130
-5118
-5118
-5114
-5114
-5114
-5114
-5108
-5108
-5098
-5098
-5098
-5092
-5092
-5092
-5092
-5090
-5090
-5090
-5090
-5090
-5090
-5090
-5090
-5086
-5084
-5078
-5078
-5076
-5076
-5076
-5076
-5076
-5066
-5072
-5064
-5058
-5058
-5060
-5056
-5056
-5056
-5056
-5048
-5044
-5044
-5044
-5046
-5044
-5044
-5044
-5038
-5032
-5032
-5028
-5022
-5018
-5018
-5018
-5018
-5018
-5018
-5018
-5008
-5008
-5008
-5008
-5008
-5008
-5008
-5010
-5008
-4998
-4990
-4990
-4982
-4978
-4978
-4974
-4974
-4974
-4972
-4972
-4960
-4950
-4950
-4950
-4958
-4960
-4948
-4948
-4944
-4944
-4944
-4944
-4932
-4932
-4932
-4932
-4932
-4934
-4936
-4926
-4926
-4926
-4928
-4922
-4922
-4914
-4912
-4906
-4908
-4914
-4914
-4912
-4910
-4910
-4910
-4906
-4904
-4898
-4898
-4900
-4902
-4902
-4898
-4904
-4904
-4904
-4904
-4904
-4904
-4904
-4904
-4898
-4898
-4898
-4894
-4890
-4890
-4890
-4890
-4890
-4890
-4882
-4870
-4874
-4874
-4874
-4868
-4854
-4854
-4854
-4848
-4848
-4848
-4838
-4838
-4826
-4826
-4826
-4826
-4826
-4826
-4826
-4832
-4832
-4834
-4834
-4834
-4834
-4834
-4834
-4834
-4834
-4824
-4826
-4826
-4814
-4800
-4792
-4792
-4792
-4784
-4778
-4778
-4778
-4766
-4758
-4756
-4756
-4756
-4754
-4758
-4754
-4754
-4744
-4732
-4728
-4728
-4728
-4728
-4726
-4726
-4718
-4718
-4724
-4724
-4724
-4724
-4724
-4724
-4724
-4724
-4712
-4716
-4718
-4718
-4712
-4700
-4700
-4696
-4696
-4696
-4694
-4686
-4686
-4686
-4686
-4676
-4668
-4668
-4668
-4664
-4666
-4650
-4640
-4640
-4640
-4630
-4630
-4630
-4632
-4628
-4624
-4612
-4618
-4618
-4612
-4612
-4612
-4612
-4602
-4602
-4602
-4602
-4596
-4596
-4596
-4584
-4584
-4578
-4578
-4570
-4564
-4564
-4556
-4556
-4552
-4554
-4546
-4546
-4546
-4546
-4552
-4550
-4550
-4548
-4548
-4548
-4548
-4548
-4540
-4538
-4532
-4530
-4522
-4516
-4520
-4520
-4520
-4514
-4506
-4506
-4506
-4506
-4508
-4502
-4504
-4504
-4504
-4508
-4510
-4502
-4502
-4502
-4498
-4490
-4484
-4484
-4482
-4482
-4476
-4476
-4476
-4468
-4468
-4466
-4460
-4456
-4456
-4452
-4452
-4446
-4446
-4446
-4442
-4438
-4438
-4438
-4438
-4440
-4428
-4428
-4428
-4414
-4406
-4406
-4402
-4402
-4402
-4384
-4382
-4376
-4374
-4374
-4374
-4380
-4378
-4378
-4378
-4376
-4376
-4370
-4372
-4372
-4372
-4372
-4364
-4364
-4354
-4346
-4346
-4336
-4336
-4336
-4336
-4336
-4340
-4340
-4326
-4316
-4314
-4318
-4320
-4320
-4320
-4328
-4316
-4316
-4316
-4316
-4304
-4304
-4304
-4304
-4294
-4294
-4294
-4284
-4278
-4278
-4278
-4278
-4270
-4270
-4274
-4268
-4254
-4244
-4244
-4244
-4246
-4248
-4254
-4252
-4252
-4246
-4246
-4246
-4246
-4246
-4246
-4234
-4234
-4228
-4220
-4216
-4216
-4216
-4208
-4210
-4210
-4202
-4186
-4186
-4186
-4178
-4178
-4178
-4178
-4178
-4180
-4180
-4186
-4188
-4182
-4182
-4178
-4182
-4182
-4176
-4162
-4154
-4148
-4148
-4152
-4140
-4140
-4140
-4142
-4136
-4136
-4136
-4136
-4126
-4126
-4126
-4126
-4126
-4126
-4126
-4126
-4116
-4112
-4112
-4112
-4112
-4114
-4116
-4116
-4112
-4112
-4112
-4114
-4116
-4110
-4108
-4112
-4110
-4110
-4114
-4124
-4124
-4112
-4112
-4106
-4100
-4098
-4096
-4090
-4084
-4084
-4076
-4076
-4076
-4074
-4074
-4074
-4078
-4078
-4078
-4068
-4068
-4072
-4072
-4072
-4072
-4060
-4060
-4060
-4060
-4060
-4060
-4058
-4058
-4058
-4058
-4054
-4048
-4048
-4048
-4048
-4048
-4040
-4036
-4042
-4032
-4032
-4032
-4032
-4038
-4036
-4036
-4044
-4040
-4040
-4040
-4042
-4042
-4034
-4036
-4036
-4036
-4036
-4036
-4030
-4022
-4022
-4024
-4024
-4024
-4024
-4024
-4024
-4022
-4022
-4022
-4022
-4018
-4018
-4010
-4010
-4006
-4012
-4012
-4012
-4012
-4012
-4020
-4028
-4028
-4028
-4020
-4014
-4014
-4014
-4010
-4010
-4010
-4010
-3998
-3990
-3990
-3990
-3998
-3998
-3994
-3994
-3994
-3994
-3992
-3996
-3996
-3996
-3984
-3974
-3964
-3964
-3962
-3958
-3952
-3944
-3936
-3928
-3928
-3916
-3916
-3918
-3918
-3914
-3906
-3906
-3906
-3904
-3898
-3892
-3892
-3894
-3894
-3894
-3890
-3890
-3890
-3890
-3886
-3874
-3864
-3864
-3864
-3864
-3864
-3860
-3860
-3848
-3848
-3848
-3842
-3842
-3832
-3830
-3824
-3814
-3814
-3804
-3804
-3802
-3802
-3792
-3786
-3786
-3786
-3786
-3786
-3786
-3786
-3786
-3786
-3786
-3786
-3780
-3780
-3780
-3782
-3772
-3774
-3766
-3782
-3782
-3782
-3782
-3768
-3766
-3768
-3768
-3770
-3772
-3772
-3772
-3766
-3768
-3768
-3768
-3768
-3768
-3770
-3772
-3770
-3762
-3762
-3762
-3762
-3762
-3772
-3772
-3772
-3768
-3758
-3754
-3748
-3740
-3726
-3720
-3724
-3724
-3724
-3716
-3716
-3712
-3716
-3708
-3708
-3708
-3708
-3714
-3706
-3706
-3690
-3690
-3690
-3676
-3680
-3680
-3680
-3674
-3672
-3672
-3670
-3670
-3670
-3674
-3674
-3674
-3674
-3672
-3680
-3682
-3682
-3682
-3672
-3672
-3672
-3672
-3672
-3668
-3668
-3668
-3668
-3660
-3660
-3662
-3664
-3664
-3654
-3650
-3650
-3650
-3650
-3650
-3650
-3650
-3636
-3636
-3628
-3628
-3626
-3626
-3626
-3626
-3628
-3628
-3628
-3628
-3632
-3624
-3624
-3636
-3636
-3628
-3628
-3628
-3628
-3628
-3628
-3630
-3628
-3626
-3626
-3622
-3622
-3622
-3610
-3610
-3610
-3610
-3604
-3596
-3596
-3596
-3596
-3596
-3596
-3596
-3592
-3600
-3588
-3576
-3576
-3576
-3568
-3562
-3558
-3556
-3556
-3550
-3550
-3550
-3544
-3538
-3532
-3532
-3536
-3526
-3530
-3530
-3530
-3526
-3522
-3522
-3522
-3522
-3526
-3518
-3518
-3506
-3506
-3506
-3506
-3506
-3504
-3504
-3502
-3502
-3502
-3498
-3498
-3494
-3494
-3494
-3484
-3484
-3494
-3490
-3492
-3492
-3480
-3478
-3478
-3478
-3474
-3472
-3472
-3470
-3470
-3470
-3470
-3468
-3468
-3468
-3468
-3460
-3460
-3460
-3460
-3460
-3460
-3450
-3450
-3450
-3456
-3452
-3452
-3448
-3444
-3446
-3446
-3446
-3434
-3436
-3436
-3428
-3426
-3426
-3416
-3416
-3410
-3410
-3410
-3414
-3410
-3410
-3402
-3402
-3402
-3402
-3398
-3402
-3400
-3400
-3400
-3394
-3398
-3398
-3398
-3400
-3398
-3398
-3386
-3386
-3388
-3386
-3386
-3378
-3378
-3378
-3378
-3378
-3378
-3378
-3378
-3374
-3376
-3368
-3368
-3360
-3350
-3350
-3344
-3340
-3340
-3340
-3340
-3336
-3336
-3336
-3336
-3336
-3336
-3336
-3336
-3334
-3334
-3328
-3328
-3328
-3328
-3328
-3328
-3328
-3328
-3328
-3328
-3320
-3324
-3324
-3314
-3318
-3320
-3320
-3320
-3316
-3316
-3300
-3290
-3288
-3288
-3278
-3272
-3272
-3274
-3270
-3266
-3266
-3268
-3262
-3262
-3260
-3260
-3260
-3254
-3254
-3254
-3254
-3260
-3268
-3262
-3262
-3262
-3262
-3250
-3250
-3262
-3262
-3262
-3264
-3264
-3252
-3252
-3246
-3240
-3240
-3240
-3240
-3246
-3246
-3256
-3256
-3256
-3256
-3256
-3256
-3250
-3250
-3246
-3240
-3236
-3236
-3228
-3228
-3228
-3228
-3228
-3228
-3228
-3222
-3216
-3216
-3216
-3206
-3206
-3206
-3206
-3196
-3200
-3200
-3202
-3186
-3186
-3186
-3176
-3178
-3172
-3172
-3166
-3164
-3154
-3154
-3154
-3166
-3166
-3164
-3164
-3164
-3164
-3162
-3162
-3148
-3142
-3136
-3136
-3132
-3132
-3132
-3132
-3132
-3132
-3132
-3136
-3136
-3132
-3128
-3128
-3120
-3116
-3108
-3108
-3110
-3110
-3108
-3106
-3106
-3106
-3106
-3106
-3098
-3098
-3098
-3098
-3098
-3098
-3098
-3102
-3108
-3114
-3114
-3114
-3112
-3112
-3104
-3104
-3106
-3106
-3106
-3104
-3102
-3096
-3096
-3096
-3100
-3094
-3090
-3088
-3088
-3088
-3088
-3088
-3082
-3078
-3072
-3072
-3072
-3064
-3064
-3064
-3064
-3062
-3056
-3056
-3048
-3038
-3038
-3038
-3040
-3040
-3040
-3040
-3040
-3040
-3040
-3032
-3032
-3032
-3036
-3030
-3030
-3034
-3034
-3022
-3022
-3022
-3022
-3022
-3022
-3016
-3010
-3010
-3016
-3016
-3016
-3008
-3008
-3008
-3000
-2998
-2998
-3002
-3002
-2994
-2994
-2988
-2988
-2984
-2982
-2982
-2980
-2982
-2992
-2986
-2994
-2986
-2986
-2974
-2974
-2974
-2968
-2974
-2974
-2966
-2974
-2968
-2968
-2968
-2968
-2968
-2966
-2966
-2966
-2956
-2960
-2960
-2956
-2956
-2956
-2956
-2952
-2948
-2948
-2950
-2950
-2950
-2946
-2946
-2940
-2936
-2922
-2914
-2914
-2914
-2914
-2914
-2908
-2900
-2888
-2888
-2888
-2882
-2882
-2882
-2882
-2880
-2880
-2870
-2870
-2862
-2854
-2854
-2854
-2852
-2846
-2836
-2834
-2828
-2828
-2828
-2826
-2824
-2826
-2818
-2818
-2818
-2812
-2812
-2810
-2808
-2808
-2808
-2808
-2796
-2790
-2782
-2778
-2778
-2776
-2776
-2778
-2778
-2780
-2780
-2774
-2768
-2768
-2768
-2752
-2750
-2740
-2734
-2730
-2730
-2730
-2730
-2726
-2726
-2726
-2720
-2720
-2720
-2720
-2720
-2720
-2720
-2714
-2718
-2718
-2718
-2718
-2718
-2718
-2718
-2718
-2714
-2714
-2714
-2726
-2714
-2716
-2716
-2722
-2708
-2708
-2708
-2704
-2706
-2714
-2714
-2714
-2714
-2714
-2714
-2714
-2706
-2706
-2696
-2690
-2694
-2692
-2694
-2694
-2694
-2694
-2694
-2694
-2694
-2698
-2698
-2698
-2696
-2692
-2692
-2684
-2686
-2684
-2680
-2676
-2676
-2682
-2682
-2674
-2674
-2674
-2674
-2666
-2670
-2670
-2670
-2674
-2674
-2674
-2668
-2668
-2666
-2666
-2666
-2672
-2672
-2660
-2650
-2650
-2650
-2650
-2634
-2628
-2616
-2616
-2620
-2620
-2620
-2606
-2606
-2606
-2598
-2590
-2590
-2590
-2590
-2590
-2586
-2590
-2596
-2584
-2586
-2578
-2578
-2578
-2578
-2578
-2580
-2580
-2586
-2586
-2592
-2588
-2588
-2588
-2588
-2586
-2590
-2576
-2566
-2558
-2554
-2554
-2554
-2554
-2554
-2554
-2542
-2550
-2530
-2530
-2530
-2532
-2526
-2524
-2526
-2528
-2528
-2528
-2528
-2528
-2528
-2528
-2534
-2534
-2534
-2524
-2520
-2520
-2520
-2518
-2514
-2514
-2514
-2508
-2512
-2504
-2504
-2508
-2512
-2504
-2504
-2504
-2492
-2492
-2492
-2492
-2492
-2502
-2502
-2502
-2502
-2502
-2502
-2502
-2500
-2500
-2500
-2500
-2484
-2482
-2478
-2468
-2470
-2470
-2468
-2470
-2470
-2474
-2464
-2458
-2458
-2458
-2458
-2460
-2460
-2458
-2458
-2458
-2456
-2452
-2452
-2446
-2446
-2438
-2434
-2428
-2432
-2432
-2432
-2428
-2428
-2418
-2418
-2416
-2414
-2408
-2414
-2414
-2414
-2420
-2412
-2412
-2412
-2412
-2412
-2412
-2406
-2406
-2406
-2406
-2402
-2392
-2386
-2382
-2382
-2372
-2366
-2362
-2362
-2362
-2360
-2360
-2356
-2356
-2356
-2356
-2356
-2368
-2368
-2368
-2368
-2368
-2368
-2368
-2368
-2368
-2372
-2376
-2376
-2376
-2378
-2382
-2382
-2382
-2382
-2382
-2378
-2378
-2378
-2372
-2372
-2372
-2376
-2376
-2364
-2364
-2364
-2362
-2362
-2360
-2360
-2360
-2350
-2350
-2350
-2342
-2342
-2336
-2342
-2338
-2346
-2344
-2344
-2344
-2352
-2354
-2354
-2346
-2346
-2336
-2336
-2334
-2334
-2334
-2334
-2334
-2334
-2330
-2328
-2336
-2332
-2326
-2324
-2318
-2318
-2318
-2318
-2318
-2318
-2318
-2316
-2316
-2326
-2326
-2326
-2326
-2326
-2326
-2326
-2314
-2314
-2314
-2302
-2302
-2308
-2308
-2308
-2310
-2306
-2308
-2308
-2308
-2310
-2312
-2312
-2312
-2306
-2306
-2306
-2306
-2302
-2302
-2298
-2298
-2298
-2294
-2294
-2294
-2288
-2288
-2276
-2276
-2276
-2268
-2268
-2262
-2262
-2264
-2264
-2264
-2262
-2262
-2266
-2266
-2266
-2266
-2266
-2264
-2264
-2260
-2260
-2266
-2270
-2270
-2270
-2270
-2278
-2278
-2278
-2278
-2278
-2278
-2278
-2272
-2278
-2288
-2284
-2284
-2270
-2270
-2270
-2262
-2262
-2262
-2262
-2256
-2256
-2256
-2256
-2256
-2252
-2252
-2244
-2244
-2242
-2242
-2242
-2252
-2252
-2252
-2252
-2252
-2244
-2234
-2234
-2234
-2234
-2234
-2234
-2234
-2234
-2234
-2226
-2220
-2212
-2224
-2224
-2232
-2232
-2234
-2234
-2234
-2234
-2252
-2258
-2258
-2258
-2252
-2254
-2254
-2254
-2254
-2246
-2246
-2246
-2246
-2246
-2246
-2246
-2238
-2238
-2238
-2238
-2238
-2232
-2232
-2242
-2240
-2234
-2234
-2234
-2228
-2228
-2228
-2228
-2228
-2228
-2216
-2206
-2198
-2198
-2198
-2192
-2178
-2176
-2174
-2174
-2164
-2166
-2158
-2158
-2158
-2166
-2166
-2162
-2158
-2160
-2160
-2154
-2152
-2152
-2152
-2152
-2152
-2152
-2156
-2154
-2154
-2154
-2154
-2154
-2154
-2154
-2154
-2154
-2150
-2150
-2150
-2150
-2144
-2144
-2136
-2126
-2120
-2120
-2126
-2126
-2126
-2138
-2138
-2138
-2138
-2134
-2132
-2132
-2138
-2138
-2138
-2138
-2138
-2132
-2128
-2130
-2130
-2130
-2130
-2124
-2110
-2112
-2122
-2122
-2122
-2116
-2112
-2112
-2112
-2114
-2114
-2108
-2108
-2104
-2104
-2116
-2108
-2108
-2108
-2100
-2100
-2100
-2100
-2102
-2102
-2102
-2098
-2098
-2086
-2086
-2086
-2086
-2094
-2086
-2086
-2086
-2086
-2086
-2092
-2088
-2088
-2096
-2090
-2090
-2082
-2082
-2082
-2082
-2074
-2074
-2074
-2076
-2070
-2070
-2062
-2074
-2074
-2074
-2074
-2064
-2062
-2062
-2056
-2056
-2056
-2056
-2056
-2056
-2056
-2056
-2048
-2048
-2050
-2042
-2034
-2034
-2038
-2038
-2038
-2044
-2036
-2036
-2036
-2032
-2032
-2032
-2028
-2030
-2030
-2034
-2034
-2034
-2038
-2038
-2032
-2032
-2036
-2036
-2036
-2036
-2028
-2028
-2028
-2028
-2028
-2012
-2012
-2012
-2012
-2016
-2016
-2016
-2016
-2016
-2016
-2022
-2022
-2014
-2014
-2018
-2020
-2020
-2018
-2018
-2018
-2018
-2018
-2014
-2014
-2000
-2000
-2002
-2002
-2000
-2000
-2006
-2006
-2006
-2006
-2010
-2004
-2000
-2000
-1996
-1996
-1996
-1996
-1996
-1992
-1992
-1984
-1984
-1984
-1980
-1980
-1980
-1972
-1970
-1970
-1968
-1964
-1968
-1960
-1964
-1966
-1962
-1962
-1962
-1962
-1962
-1960
-1950
-1950
-1940
-1932
-1932
-1932
-1932
-1922
-1912
-1908
-1908
-1908
-1908
-1910
-1900
-1900
-1898
-1892
-1892
-1892
-1892
-1896
-1896
-1896
-1896
-1892
-1886
-1892
-1890
-1880
-1866
-1866
-1866
-1866
-1868
-1870
-1868
-1858
-1858
-1858
-1858
-1858
-1858
-1858
-1858
-1854
-1854
-1852
-1852
-1848
-1848
-1838
-1838
-1838
-1840
-1834
-1834
-1834
-1828
-1828
-1828
-1828
-1828
-1828
-1830
-1826
-1824
-1818
-1818
-1816
-1820
-1822
-1820
-1820
-1828
-1828
-1828
-1824
-1820
-1816
-1822
-1824
-1830
-1832
-1834
-1834
-1834
-1840
-1838
-1850
-1850
-1850
-1850
-1850
-1852
-1852
-1852
-1858
-1858
-1864
-1876
-1868
-1868
-1864
-1864
-1864
-1864
-1862
-1862
-1870
-1870
-1866
-1866
-1866
-1866
-1866
-1868
-1868
-1868
-1862
-1862
-1862
-1858
-1858
-1854
-1854
-1854
-1854
-1854
-1854
-1852
-1852
-1844
-1844
-1836
-1830
-1830
-1830
-1830
-1830
-1830
-1830
-1830
-1826
-1826
-1830
-1824
-1824
-1820
-1816
-1814
-1814
-1814
-1814
-1814
-1814
-1814
-1814
-1810
-1810
-1810
-1810
-1810
-1810
-1820
-1810
-1806
-1812
-1812
-1812
-1808
-1810
-1810
-1810
-1812
-1806
-1806
-1794
-1782
-1782
-1784
-1784
-1784
-1784
-1784
-1774
-1778
-1786
-1786
-1786
-1786
-1786
-1778
-1776
-1776
-1778
-1778
-1774
-1774
-1774
-1782
-1782
-1782
-1782
-1782
-1782
-1786
-1776
-1764
-1764
-1770
-1770
-1770
-1780
-1778
-1770
-1770
-1770
-1770
-1764
-1764
-1764
-1764
-1764
-1760
-1760
-1760
-1760
-1760
-1762
-1762
-1756
-1756
-1752
-1744
-1744
-1738
-1738
-1738
-1734
-1734
-1736
-1736
-1736
-1740
-1740
-1740
-1740
-1742
-1742
-1742
-1742
-1746
-1748
-1748
-1748
-1750
-1750
-1750
-1750
-1744
-1744
-1744
-1750
-1750
-1750
-1760
-1760
-1768
-1764
-1758
-1758
-1758
-1752
-1744
-1742
-1752
-1750
-1748
-1758
-1746
-1742
-1730
-1742
-1742
-1740
-1734
-1734
-1728
-1728
-1720
-1720
-1720
-1724
-1726
-1720
-1720
-1714
-1706
-1698
-1704
-1706
-1696
-1696
-1696
-1698
-1698
-1698
-1698
-1688
-1690
-1690
-1690
-1690
-1688
-1696
-1700
-1700
-1700
-1694
-1694
-1682
-1672
-1666
-1666
-1662
-1662
-1656
-1656
-1656
-1658
-1658
-1660
-1656
-1656
-1656
-1650
-1646
-1646
-1646
-1644
-1644
-1644
-1644
-1642
-1642
-1642
-1642
-1634
-1634
-1628
-1628
-1618
-1618
-1616
-1624
-1624
-1616
-1616
-1616
-1616
-1616
-1616
-1618
-1618
-1618
-1616
-1616
-1616
-1618
-1616
-1622
-1622
-1622
-1608
-1608
-1608
-1606
-1606
-1606
-1600
-1600
-1600
-1592
-1592
-1592
-1590
-1586
-1584
-1588
-1584
-1584
-1584
-1584
-1592
-1594
-1586
-1578
-1574
-1574
-1570
-1576
-1576
-1576
-1578
-1580
-1580
-1586
-1586
-1586
-1584
-1594
-1584
-1584
-1584
-1582
-1582
-1582
-1582
-1586
-1580
-1580
-1580
-1580
-1578
-1572
-1578
-1580
-1580
-1580
-1580
-1580
-1578
-1574
-1572
-1572
-1572
-1572
-1578
-1572
-1570
-1560
-1554
-1552
-1556
-1556
-1558
-1552
-1546
-1552
-1552
-1552
-1556
-1562
-1558
-1562
-1558
-1548
-1548
-1548
-1548
-1548
-1556
-1552
-1552
-1552
-1552
-1552
-1540
-1544
-1554
-1554
-1546
-1546
-1546
-1546
-1540
-1536
-1536
-1536
-1536
-1544
-1544
-1544
-1544
-1544
-1544
-1544
-1544
-1546
-1546
-1544
-1544
-1546
-1546
-1542
-1534
-1538
-1526
-1526
-1522
-1522
-1524
-1522
-1522
-1526
-1524
-1516
-1512
-1512
-1512
-1514
-1514
-1514
-1506
-1506
-1514
-1514
-1514
-1500
-1500
-1500
-1494
-1492
-1492
-1492
-1492
-1480
-1482
-1480
-1480
-1480
-1480
-1480
-1480
-1480
-1474
-1474
-1474
-1474
-1478
-1478
-1478
-1476
-1476
-1482
-1482
-1476
-1476
-1476
-1470
-1470
-1470
-1470
-1470
-1470
-1466
-1466
-1474
-1466
-1462
-1456
-1456
-1452
-1454
-1454
-1454
-1456
-1456
-1448
-1444
-1444
-1436
-1436
-1436
-1430
-1430
-1430
-1430
-1430
-1430
-1436
-1436
-1426
-1430
-1430
-1430
-1428
-1428
-1428
-1428
-1428
-1428
-1428
-1420
-1412
-1404
-1412
-1402
-1402
-1398
-1398
-1398
-1404
-1404
-1404
-1402
-1402
-1402
-1398
-1398
-1398
-1398
-1398
-1398
-1398
-1398
-1398
-1398
-1402
-1402
-1406
-1408
-1410
-1410
-1398
-1406
-1406
-1406
-1406
-1406
-1414
-1414
-1414
-1420
-1420
-1410
-1400
-1400
-1400
-1400
-1398
-1398
-1408
-1408
-1402
-1394
-1404
-1404
-1404
-1410
-1410
-1410
-1400
-1400
-1398
-1398
-1398
-1404
-1394
-1396
-1396
-1386
-1386
-1390
-1382
-1380
-1378
-1378
-1382
-1390
-1392
-1386
-1390
-1396
-1390
-1390
-1384
-1376
-1376
-1372
-1372
-1372
-1368
-1368
-1368
-1368
-1368
-1368
-1368
-1368
-1368
-1368
-1368
-1368
-1368
-1368
-1368
-1368
-1370
-1378
-1378
-1378
-1378
-1378
-1378
-1376
-1376
-1372
-1374
-1374
-1374
-1378
-1378
-1376
-1376
-1376
-1376
-1380
-1378
-1384
-1384
-1384
-1384
-1384
-1384
-1384
-1382
-1382
-1382
-1382
-1374
-1376
-1376
-1368
-1368
-1368
-1368
-1368
-1384
-1380
-1380
-1380
-1382
-1382
-1382
-1382
-1382
-1382
-1382
-1376
-1378
-1378
-1378
-1376
-1382
-1382
-1372
-1358
-1356
-1356
-1356
-1356
-1362
-1358
-1356
-1356
-1356
-1348
-1354
-1358
-1354
-1354
-1350
-1350
-1338
-1338
-1346
-1350
-1350
-1350
-1350
-1350
-1350
-1354
-1354
-1354
-1354
-1354
-1354
-1354
-1354
-1354
-1354
-1354
-1356
-1352
-1352
-1352
-1346
-1346
-1346
-1356
-1358
-1358
-1358
-1360
-1360
-1360
-1358
-1358
-1358
-1358
-1360
-1360
-1352
-1350
-1350
-1346
-1346
-1344
-1336
-1332
-1332
-1334
-1334
-1328
-1320
-1320
-1320
-1320
-1326
-1326
-1322
-1322
-1324
-1332
-1332
-1332
-1332
-1328
-1328
-1332
-1332
-1332
-1332
-1332
-1332
-1332
-1332
-1332
-1332
-1332
-1332
-1334
-1334
-1334
-1338
-1342
-1342
-1342
-1342
-1342
-1336
-1338
-1340
-1336
-1334
-1326
-1326
-1326
-1326
-1326
-1326
-1316
-1318
-1318
-1318
-1318
-1318
-1318
-1318
-1318
-1316
-1312
-1312
-1312
-1302
-1298
-1290
-1294
-1282
-1286
-1286
-1290
-1290
-1290
-1290
-1288
-1288
-1286
-1284
-1284
-1284
-1280
-1280
-1280
-1278
-1278
-1278
-1278
-1282
-1282
-1280
-1280
-1280
-1286
-1288
-1288
-1288
-1290
-1280
-1280
-1274
-1274
-1268
-1268
-1268
-1268
-1262
-1262
-1256
-1252
-1252
-1250
-1248
-1250
-1250
-1262
-1262
-1262
-1254
-1260
-1260
-1260
-1260
-1260
-1260
-1262
-1262
-1260
-1260
-1260
-1260
-1260
-1260
-1260
-1260
-1260
-1260
-1258
-1270
-1262
-1250
-1250
-1238
-1238
-1238
-1236
-1236
-1234
-1230
-1224
-1224
-1212
-1214
-1208
-1208
-1204
-1200
-1200
-1200
-1200
-1200
-1204
-1198
-1204
-1212
-1212
-1212
-1212
-1206
-1196
-1196
-1184
-1182
-1188
-1188
-1190
-1190
-1190
-1190
-1190
-1190
-1190
-1190
-1186
-1184
-1194
-1194
-1196
-1210
-1210
-1210
-1206
-1206
-1206
-1202
-1202
-1202
-1204
-1196
-1196
-1194
-1194
-1188
-1184
-1184
-1184
-1180
-1182
-1182
-1182
-1182
-1182
-1176
-1176
-1162
-1156
-1152
-1156
-1156
-1156
-1156
-1158
-1158
-1158
-1158
-1162
-1162
-1156
-1156
-1158
-1158
-1158
-1158
-1158
-1152
-1148
-1148
-1148
-1148
-1146
-1146
-1142
-1138
-1138
-1136
-1136
-1136
-1136
-1136
-1136
-1138
-1142
-1140
-1140
-1140
-1140
-1140
-1140
-1140
-1136
-1136
-1136
-1136
-1128
-1128
-1128
-1128
-1128
-1134
-1130
-1130
-1130
-1130
-1130
-1136
-1136
-1136
-1136
-1138
-1136
-1136
-1142
-1142
-1142
-1142
-1144
-1148
-1146
-1146
-1144
-1144
-1144
-1144
-1148
-1152
-1152
-1156
-1156
-1156
-1152
-1156
-1152
-1144
-1144
-1136
-1134
-1122
-1118
-1122
-1122
-1116
-1100
-1100
-1100
-1096
-1094
-1094
-1094
-1102
-1104
-1092
-1090
-1090
-1080
-1080
-1080
-1082
-1074
-1076
-1074
-1074
-1068
-1068
-1068
-1068
-1068
-1068
-1068
-1068
-1072
-1072
-1076
-1076
-1078
-1072
-1076
-1076
-1076
-1076
-1076
-1074
-1084
-1084
-1084
-1086
-1086
-1086
-1086
-1086
-1082
-1082
-1082
-1082
-1082
-1082
-1082
-1078
-1074
-1074
-1070
-1074
-1074
-1070
-1062
-1062
-1062
-1062
-1062
-1064
-1064
-1064
-1064
-1064
-1064
-1064
-1064
-1066
-1064
-1058
-1062
-1054
-1054
-1056
-1060
-1060
-1064
-1064
-1064
-1064
-1064
-1064
-1062
-1058
-1058
-1062
-1066
-1066
-1066
-1060
-1060
-1060
-1060
-1060
-1062
-1062
-1064
-1066
-1070
-1070
-1070
-1076
-1076
-1076
-1076
-1078
-1068
-1062
-1062
-1062
-1062
-1052
-1056
-1048
-1048
-1052
-1054
-1054
-1060
-1066
-1064
-1064
-1064
-1064
-1064
-1070
-1070
-1070
-1070
-1070
-1070
-1074
-1070
-1074
-1068
-1060
-1056
-1056
-1056
-1054
-1054
-1054
-1054
-1050
-1046
-1046
-1048
-1048
-1048
-1040
-1040
-1038
-1032
-1024
-1024
-1022
-1022
-1022
-1022
-1022
-1016
-1022
-1022
-1022
-1032
-1032
-1032
-1028
-1022
-1032
-1032
-1032
-1038
-1034
-1030
-1030
-1030
-1030
-1030
-1030
-1030
-1028
-1028
-1020
-1016
-1022
-1024
-1024
-1018
-1018
-1018
-1018
-1020
-1014
-1006
-1006
-1006
-1006
-1010
-1008
-1008
-1010
-1010
-1000
-1000
-1000
-992
-994
-994
-994
-994
-994
-980
-988
-988
-988
-988
-988
-990
-992
-992
-992
-992
-992
-992
-992
-992
-986
-986
-970
-966
-962
-958
-968
-966
-972
-972
-972
-972
-964
-964
-964
-964
-956
-956
-956
-960
-960
-960
-960
-960
-956
-956
-956
-952
-950
-954
-954
-954
-954
-960
-966
-966
-966
-966
-966
-968
-968
-968
-962
-962
-962
-956
-942
-942
-940
-940
-940
-940
-940
-936
-936
-932
-930
-930
-926
-926
-926
-936
-936
-934
-926
-926
-930
-928
-928
-930
-922
-926
-930
-930
-926
-928
-928
-932
-930
-928
-924
-924
-924
-924
-924
-924
-924
-912
-912
-912
-898
-898
-898
-898
-890
-896
-896
-896
-894
-894
-894
-898
-902
-896
-896
-894
-894
-894
-894
-896
-898
-890
-890
-890
-888
-892
-892
-892
-892
-892
-884
-878
-868
-856
-858
-858
-864
-862
-866
-866
-864
-862
-862
-860
-852
-852
-850
-854
-854
-848
-846
-842
-842
-836
-838
-838
-844
-844
-844
-844
-844
-844
-844
-840
-848
-848
-848
-848
-844
-848
-846
-846
-846
-846
-850
-850
-844
-828
-828
-816
-816
-808
-808
-808
-802
-802
-806
-810
-810
-810
-812
-800
-800
-806
-810
-816
-804
-810
-802
-800
-792
-792
-792
-790
-790
-790
-802
-802
-798
-794
-794
-794
-794
-794
-788
-788
-788
-786
-786
-786
-792
-782
-782
-774
-774
-778
-778
-778
-776
-776
-776
-762
-762
-762
-762
-764
-764
-764
-764
-764
-768
-766
-772
-772
-776
-782
-782
-782
-786
-786
-786
-786
-786
-786
-786
-786
-786
-786
-786
-788
-788
-780
-780
-772
-772
-760
-756
-756
-762
-760
-760
-760
-760
-760
-760
-760
-762
-762
-762
-766
-766
-766
-760
-760
-760
-760
-760
-760
-752
-748
-742
-742
-736
-736
-736
-736
-736
-736
-736
-736
-732
-732
-718
-720
-720
-710
-710
-710
-712
-720
-728
-728
-728
-724
-730
-730
-720
-710
-704
-702
-708
-708
-702
-702
-702
-702
-706
-704
-698
-706
-706
-706
-696
-692
-692
-692
-692
-692
-694
-694
-694
-694
-694
-686
-686
-686
-680
-680
-680
-684
-686
-686
-690
-686
-686
-686
-694
-694
-696
-696
-696
-688
-694
-694
-694
-694
-698
-698
-698
-692
-694
-694
-694
-688
-688
-688
-696
-708
-704
-704
-704
-696
-702
-696
-696
-692
-700
-700
-700
-700
-694
-694
-694
-702
-702
-704
-704
-696
-696
-696
-696
-696
-696
-692
-692
-696
-694
-694
-686
-684
-684
-684
-680
-688
-688
-692
-694
-694
-694
-698
-698
-700
-700
-700
-700
-710
-710
-710
-710
-706
-706
-706
-694
-694
-694
-694
-692
-692
-692
-692
-692
-692
-692
-692
-692
-682
-674
-674
-688
-692
-692
-692
-692
-682
-676
-676
-676
-672
-672
-672
-666
-666
-662
-654
-654
-652
-652
-652
-652
-652
-648
-648
-636
-630
-630
-630
-620
-624
-624
-624
-624
-622
-622
-622
-610
-610
-610
-604
-604
-604
-604
-604
-604
-600
-600
-600
-600
-600
-604
-598
-592
-598
-598
-598
-590
-590
-592
-592
-592
-588
-588
-588
-588
-588
-588
-598
-592
-584
-580
-582
-578
-582
-582
-582
-582
-580
-580
-580
-590
-586
-590
-590
-590
-594
-590
-578
-578
-582
-584
-584
-586
-586
-586
-590
-592
-592
-598
-598
-600
-600
-600
-606
-616
-616
-616
-616
-620
-626
-626
-632
-622
-618
-618
-618
-624
-618
-618
-618
-622
-620
-630
-632
-632
-640
-640
-634
-634
-634
-636
-636
-638
-642
-642
-638
-638
-638
-642
-640
-640
-640
-640
-640
-640
-632
-640
-640
-640
-634
-634
-636
-636
-638
-638
-638
-636
-636
-642
-630
-632
-632
-630
-630
-630
-632
-632
-632
-632
-636
-644
-636
-636
-636
-628
-618
-618
-618
-620
-620
-618
-618
-618
-618
-618
-624
-624
-622
-630
-630
-632
-628
-628
-628
-628
-628
-624
-616
-616
-618
-618
-618
-610
-610
-610
-610
-610
-604
-604
-604
-604
-604
-604
-600
-604
-606
-606
-606
-604
-604
-604
-604
-600
-600
-600
-600
-600
-600
-606
-606
-608
-608
-604
-610
-614
-614
-606
-602
-602
-602
-602
-602
-602
-602
-602
-594
-594
-588
-584
-584
-584
-588
-594
-598
-596
-596
-596
-596
-596
-596
-596
-596
-596
-596
-596
-596
-592
-590
-590
-590
-580
-580
-580
-580
-580
-578
-580
-568
-568
-568
-568
-568
-574
-570
-570
-570
-572
-572
-574
-574
-578
-578
-576
-576
-576
-580
-580
-580
-580
-578
-578
-568
-564
-564
-572
-572
-570
-574
-568
-568
-568
-568
-568
-568
-570
-570
-564
-558
-558
-558
-558
-552
-556
-556
-556
-552
-550
-548
-560
-560
-560
-554
-548
-548
-548
-548
-548
-548
-548
-540
-532
-538
-538
-538
-542
-542
-546
-546
-546
-546
-546
-548
-550
-550
-544
-548
-536
-536
-536
-526
-518
-524
-524
-524
-518
-518
-520
-520
-520
-528
-528
-528
-528
-528
-530
-530
-530
-526
-526
-514
-514
-514
-508
-510
-510
-510
-516
-516
-514
-512
-516
-516
-516
-516
-522
-530
-518
-518
-512
-512
-512
-512
-512
-512
-520
-520
-514
-524
-524
-524
-524
-524
-532
-532
-532
-532
-532
-534
-542
-542
-542
-542
-546
-554
-554
-564
-564
-558
-550
-550
-550
-554
-554
-554
-552
-552
-552
-558
-558
-558
-562
-570
-564
-564
-564
-564
-564
-564
-564
-570
-570
-570
-564
-566
-576
-574
-570
-570
-570
-558
-550
-544
-544
-544
-544
-548
-546
-546
-546
-550
-550
-550
-550
-550
-550
-542
-540
-538
-546
-538
-538
-538
-538
-538
-538
-538
-538
-538
-538
-528
-526
-526
-530
-528
-524
-524
-524
-520
-520
-518
-514
-514
-514
-508
-500
-488
-476
-476
-480
-480
-476
-476
-470
-470
-470
-470
-472
-472
-472
-466
-466
-466
-466
-462
-458
-462
-466
-466
-458
-458
-466
-460
-468
-466
-474
-462
-462
-462
-460
-456
-452
-452
-456
-462
-460
-460
-460
-460
-460
-460
-460
-460
-460
-460
-458
-456
-456
-456
-460
-460
-460
-460
-460
-460
-460
-470
-474
-476
-480
-480
-484
-474
-474
-474
-474
-468
-472
-472
-472
-474
-474
-470
-470
-470
-470
-474
-468
-468
-468
-468
-468
-468
-458
-458
-458
-458
-462
-460
-454
-468
-468
-468
-468
-468
-482
-480
-480
-474
-472
-472
-472
-468
-468
-468
-468
-470
-470
-470
-458
-458
-466
-462
-462
-462
-472
-472
-478
-478
-472
-472
-472
-472
-472
-470
-470
-470
-470
-474
-474
-474
-476
-476
-468
-468
-468
-468
-468
-468
-468
-460
-468
-474
-462
-462
-468
-468
-462
-460
-454
-454
-454
-444
-450
-440
-440
-440
-436
-440
-440
-434
-430
-430
-430
-430
-434
-430
-424
-424
-424
-430
-432
-442
-442
-442
-442
-430
-434
-434
-432
-440
-440
-440
-432
-426
-426
-426
-428
-426
-430
-430
-430
-436
-436
-434
-426
-426
-426
-426
-426
-418
-424
-426
-426
-426
-418
-418
-418
-418
-420
-420
-414
-412
-412
-420
-424
-412
-412
-412
-412
-412
-412
-408
-398
-396
-400
-400
-404
-396
-396
-386
-378
-380
-380
-380
-384
-384
-384
-386
-386
-386
-384
-384
-388
-388
-388
-390
-390
-390
-390
-390
-388
-388
-384
-384
-386
-398
-398
-398
-400
-400
-400
-402
-396
-394
-394
-394
-394
-388
-388
-388
-386
-388
-394
-402
-408
-408
-408
-408
-408
-408
-412
-412
-410
-396
-396
-396
-396
-396
-396
-396
-396
-396
-396
-392
-392
-392
-392
-392
-392
-392
-392
-396
-394
-394
-394
-394
-392
-388
-388
-400
-406
-406
-406
-406
-406
-410
-410
-410
-410
-410
-410
-402
-402
-406
-406
-406
-414
-404
-406
-406
-408
-420
-420
-420
-418
-412
-412
-416
-422
-422
-428
-426
-426
-426
-424
-424
-424
-422
-426
-432
-432
-432
-432
-436
-438
-430
-426
-426
-426
-426
-426
-428
-438
-438
-438
-438
-438
-438
-436
-436
-442
-428
-432
-434
-434
-448
-448
-448
-454
-454
-454
-462
-468
-468
-470
-482
-482
-482
-478
-478
-478
-474
-474
-474
-474
-474
-474
-466
-460
-460
-460
-460
-466
-466
-466
-466
-466
-466
-458
-458
-458
-454
-452
-452
-452
-460
-460
-450
-450
-442
-440
-440
-440
-438
-440
-440
-440
-450
-454
-454
-456
-460
-460
-454
-454
-454
-458
-458
-446
-446
-446
-434
-434
-434
-448
-442
-428
-428
-428
-422
-422
-414
-414
-424
-424
-424
-424
-424
-424
-426
-432
-432
-430
-420
-422
-422
-422
-422
-422
-420
-420
-420
-418
-418
-416
-416
-422
-422
-428
-428
-426
-422
-430
-430
-430
-442
-436
-434
-436
-436
-436
-436
-436
-436
-436
-436
-434
-434
-434
-430
-440
-448
-460
-460
-448
-448
-450
-456
-456
-454
-454
-454
-454
-454
-452
-452
-452
-452
-464
-470
-470
-474
-482
-482
-482
-482
-482
-486
-486
-490
-486
-486
-486
-486
-486
-480
-480
-480
-476
-474
-474
-476
-476
-464
-462
-462
-464
-464
-454
-454
-460
-460
-452
-452
-452
-452
-446
-444
-440
-440
-442
-442
-444
-446
-448
-448
-456
-456
-440
-440
-440
-440
-440
-440
-440
-440
-438
-438
-432
-432
-430
-430
-428
-420
-420
-420
-420
-420
-420
-420
-418
-416
-406
-404
-400
-400
-400
-394
-394
-390
-390
-390
-396
-396
-396
-392
-392
-392
-394
-394
-390
-390
-388
-394
-396
-388
-388
-388
-390
-390
-392
-392
-400
-400
-398
-402
-402
-394
-392
-390
-388
-380
-380
-382
-382
-382
-384
-384
-384
-384
-382
-382
-382
-382
-396
-402
-402
-402
-402
-402
-402
-402
-398
-394
-396
-390
-390
-388
-388
-388
-388
-396
-406
-406
-400
-400
-400
-400
-400
-396
-402
-410
-410
-410
-410
-406
-410
-412
-412
-412
-412
-412
-412
-412
-400
-404
-404
-404
-404
-398
-400
-396
-396
-392
-398
-398
-398
-398
-398
-398
-396
-400
-400
-390
-390
-386
-386
-386
-386
-390
-392
-396
-396
-396
-392
-392
-392
-392
-392
-386
-386
-386
-386
-386
-386
-386
-388
-394
-394
-396
-390
-382
-382
-382
-382
-382
-390
-390
-378
-376
-376
-370
-370
-370
-370
-370
-370
-370
-362
-362
-362
-362
-362
-362
-370
-372
-378
-378
-368
-368
-368
-368
-366
-364
-364
-358
-358
-346
-346
-346
-344
-344
-336
-336
-338
-346
-346
-346
-346
-346
-346
-346
-346
-346
-350
-344
-346
-338
-340
-340
-340
-340
-340
-340
-340
-340
-340
-340
-340
-334
-334
-334
-334
-330
-330
-334
-334
-344
-346
-346
-346
-346
-342
-342
-342
-338
-336
-334
-328
-328
-324
-328
-332
-342
-342
-342
-344
-344
-344
-344
-342
-342
-350
-350
-350
-362
-370
-370
-366
-368
-368
-368
-368
-376
-380
-380
-380
-380
-380
-380
-380
-380
-380
-380
-380
-380
-380
-372
-372
-366
-366
-366
-366
-366
-372
-372
-362
-364
-364
-364
-364
-364
-364
-364
-364
-360
-360
-366
-366
-366
-366
-366
-366
-366
-366
-366
-360
-360
-360
-360
-356
-354
-358
-358
-358
-356
-360
-354
-354
-356
-356
-356
-352
-352
-348
-348
-348
-350
-348
-348
-348
-348
-348
-344
-344
-352
-344
-344
-348
-348
-348
-346
-358
-358
-358
-358
-362
-362
-362
-362
-362
-362
-354
-354
-350
-356
-348
-348
-348
-350
-350
-348
-348
-354
-354
-354
-354
-354
-348
-336
-346
-346
-346
-352
-352
-358
-358
-358
-358
-358
-358
-366
-368
-366
-366
-362
-358
-358
-358
-358
-350
-350
-350
-366
-366
-366
-364
-364
-366
-372
-372
-364
-364
-364
-364
-366
-366
-366
-366
-368
-368
-372
-372
-374
-378
-372
-372
-372
-372
-364
-364
-358
-358
-358
-358
-362
-358
-358
-364
-360
-354
-354
-354
-352
-354
-348
-348
-352
-356
-356
-356
-354
-354
-350
-350
-350
-348
-348
-346
-346
-344
-344
-344
-350
-350
-350
-350
-350
-354
-354
-354
-348
-348
-348
-346
-348
-346
-346
-350
-348
-348
-340
-340
-340
-340
-348
-348
-348
-356
-356
-362
-364
-364
-364
-364
-364
-364
-364
-364
-364
-358
-360
-360
-360
-360
-360
-360
-360
-360
-360
-360
-362
-362
-356
-348
-344
-344
-344
-348
-348
-348
-344
-344
-340
-336
-336
-334
-332
-332
-326
-326
-328
-328
-332
-332
-332
-332
-332
-332
-338
-338
-336
-326
-326
-326
-326
-328
-320
-320
-318
-312
-312
-312
-312
-312
-312
-312
-312
-310
-310
-310
-300
-296
-296
-306
-300
-292
-290
-290
-290
-290
-288
-280
-280
-280
-272
-272
-272
-268
-274
-274
-274
-268
-272
-272
-272
-270
-276
-276
-276
-276
-282
-294
-294
-294
-288
-292
-292
-292
-292
-292
-294
-296
-286
-282
-282
-278
-278
-278
-278
-280
-280
-278
-278
-278
-274
-274
-272
-278
-278
-278
-274
-264
-264
-252
-252
-252
-252
-248
-246
-246
-246
-246
-242
-242
-228
-220
-220
-218
-218
-218
-232
-232
-232
-236
-224
-224
-220
-220
-218
-220
-220
-220
-220
-210
-220
-220
-226
-230
-230
-218
-216
-216
-220
-212
-212
-208
-208
-214
-214
-212
-208
-196
-196
-196
-202
-202
-204
-212
-212
-212
-212
-212
-222
-232
-238
-230
-230
-230
-230
-230
-236
-236
-236
-242
-242
-240
-246
-246
-240
-236
-238
-238
-246
-250
-250
-250
-248
-248
-248
-248
-250
-256
-260
-260
-260
-260
-270
-270
-274
-274
-274
-274
-268
-268
-264
-264
-264
-264
-264
-264
-264
-260
-264
-264
-262
-262
-250
-250
-250
-248
-252
-252
-252
-252
-260
-260
-254
-254
-256
-256
-252
-250
-260
-256
-256
-256
-260
-262
-262
-262
-262
-264
-264
-260
-264
-264
-262
-262
-262
-262
-262
-262
-262
-262
-262
-264
-264
-268
-268
-268
-260
-260
-260
-260
-260
-256
-254
-254
-254
-254
-260
-260
-258
-258
-260
-260
-252
-254
-256
-248
-248
-248
-248
-246
-246
-246
-244
-244
-236
-242
-250
-250
-252
-252
-250
-256
-256
-254
-254
-254
-254
-254
-258
-260
-262
-258
-258
-258
-266
-258
-258
-258
-258
-268
-268
-270
-270
-270
-266
-266
-254
-252
-256
-256
-256
-252
-252
-250
-248
-246
-246
-246
-246
-246
-250
-250
-250
-254
-254
-250
-260
-260
-260
-258
-258
-252
-248
-248
-248
-248
-242
-242
-242
-244
-248
-256
-256
-256
-258
-250
-250
-248
-248
-248
-238
-238
-236
-234
-234
-234
-234
-234
-234
-234
-234
-234
-226
-226
-220
-218
-222
-216
-216
-216
-216
-216
-216
-212
-212
-216
-220
-220
-216
-216
-220
-216
-204
-192
-188
-186
-186
-188
-190
-194
-194
-194
-198
-198
-202
-202
-210
-210
-210
-210
-210
-210
-206
-198
-198
-200
-200
-200
-202
-202
-202
-194
-194
-194
-194
-192
-192
-192
-192
-196
-186
-186
-186
-182
-192
-192
-182
-182
-182
-182
-184
-184
-184
-184
-184
-184
-184
-188
-188
-188
-182
-168
-168
-168
-170
-170
-170
-176
-176
-176
-176
-176
-178
-174
-174
-174
-176
-176
-178
-178
-178
-172
-172
-172
-172
-176
-176
-174
-168
-168
-170
-170
-170
-166
-164
-164
-176
-176
-176
-176
-176
-176
-164
-164
-164
-164
-164
-164
-164
-164
-164
-164
-168
-168
-178
-174
-174
-174
-172
-160
-160
-162
-164
-164
-164
-160
-162
-160
-160
-160
-160
-158
-158
-158
-162
-162
-162
-162
-162
-154
-154
-154
-154
-156
-152
-152
-148
-148
-138
-146
-146
-146
-146
-146
-146
-152
-152
-152
-146
-146
-146
-146
-144
-144
-144
-142
-150
-150
-150
-150
-150
-150
-154
-154
-154
-154
-154
-154
-150
-150
-150
-146
-146
-150
-150
-152
-150
-154
-154
-162
-156
-168
-174
-174
-174
-164
-164
-162
-162
-162
-162
-162
-162
-162
-160
-160
-160
-160
-160
-166
-166
-170
-170
-164
-166
-172
-180
-180
-176
-178
-178
-178
-178
-180
-190
-192
-192
-190
-186
-190
-190
-190
-190
-194
-194
-194
-194
-194
-194
-192
-192
-192
-192
-192
-184
-184
-184
-184
-184
-184
-188
-194
-194
-204
-212
-208
-212
-212
-214
-214
-206
-204
-208
-202
-198
-198
-198
-198
-188
-188
-188
-188
-188
-190
-190
-190
-190
-194
-194
-188
-192
-192
-194
-194
-194
-186
-186
-186
-178
-178
-178
-178
-178
-180
-180
-184
-184
-184
-186
-186
