-10468
-10464
-10454
-10448
-10436
-10430
-10420
-10422
-10422
-10410
-10394
-10390
-10386
-10376
-10370
-10362
-10362
-10356
-10344
-10340
-10340
-10326
-10314
-10308
-10306
-10300
-10288
-10282
-10278
-10268
-10258
-10256
-10246
-10242
-10236
-10224
-10224
-10222
-10214
-10210
-10194
-10180
-10172
-10172
-10166
-10158
-10148
-10140
-10134
-10128
-10122
-10114
-10108
-10106
-10098
-10088
-10082
-10074
-10070
-10072
-10068
-10064
-10058
-10058
-10050
-10052
-10038
-10042
-10030
-10020
-10012
-10010
-10008
-10006
-10002
-9996
-9988
-9976
-9972
-9968
-9958
-9948
-9946
-9936
-9928
-9924
-9924
-9918
-9918
-9910
-9900
-9892
-9882
-9874
-9860
-9848
-9834
-9838
-9838
-9824
-9814
-9802
-9790
-9774
-9766
-9770
-9762
-9756
-9744
-9736
-9724
-9712
-9698
-9696
-9690
-9680
-9668
-9662
-9658
-9644
-9636
-9630
-9624
-9614
-9612
-9608
-9606
-9604
-9592
-9594
-9582
-9572
-9562
-9554
-9554
-9548
-9540
-9532
-9524
-9510
-9508
-9494
-9490
-9480
-9476
-9472
-9464
-9458
-9450
-9442
-9432
-9424
-9412
-9402
-9392
-9384
-9376
-9372
-9356
-9348
-9340
-9334
-9334
-9328
-9316
-9312
-9310
-9304
-9300
-9292
-9292
-9288
-9282
-9270
-9262
-9256
-9248
-9238
-9236
-9232
-9230
-9228
-9224
-9226
-9220
-9208
-9202
-9190
-9182
-9178
-9172
-9164
-9158
-9156
-9150
-9142
-9142
-9126
-9118
-9110
-9108
-9112
-9108
-9094
-9084
-9082
-9078
-9068
-9060
-9054
-9050
-9042
-9028
-9018
-9016
-9008
-9006
-9002
-8994
-8986
-8976
-8978
-8966
-8962
-8956
-8948
-8942
-8940
-8928
-8922
-8918
-8924
-8922
-8914
-8912
-8906
-8894
-8894
-8882
-8878
-8878
-8868
-8854
-8852
-8844
-8836
-8836
-8830
-8824
-8824
-8828
-8830
-8822
-8814
-8806
-8812
-8810
-8804
-8808
-8804
-8802
-8798
-8790
-8778
-8768
-8768
-8764
-8764
-8762
-8750
-8740
-8738
-8732
-8724
-8714
-8704
-8702
-8700
-8690
-8680
-8674
-8666
-8664
-8664
-8662
-8658
-8646
-8634
-8626
-8618
-8606
-8600
-8590
-8590
-8586
-8586
-8582
-8574
-8570
-8566
-8556
-8548
-8544
-8542
-8542
-8530
-8526
-8514
-8502
-8500
-8496
-8490
-8486
-8486
-8482
-8482
-8476
-8466
-8458
-8446
-8434
-8420
-8420
-8408
-8394
-8386
-8378
-8376
-8380
-8368
-8368
-8368
-8368
-8356
-8346
-8344
-8342
-8338
-8324
-8320
-8310
-8300
-8286
-8286
-8282
-8280
-8276
-8266
-8262
-8258
-8254
-8256
-8248
-8240
-8240
-8228
-8220
-8214
-8220
-8214
-8206
-8204
-8198
-8192
-8182
-8176
-8166
-8154
-8138
-8140
-8138
-8140
-8140
-8136
-8120
-8112
-8102
-8092
-8092
-8090
-8086
-8080
-8080
-8076
-8076
-8080
-8076
-8070
-8058
-8058
-8050
-8042
-8036
-8032
-8028
-8016
-8012
-8014
-8016
-8004
-7996
-7998
-7994
-7986
-7984
-7978
-7970
-7968
-7978
-7978
-7976
-7960
-7954
-7946
-7948
-7942
-7938
-7928
-7920
-7914
-7914
-7910
-7904
-7894
-7886
-7882
-7874
-7870
-7858
-7850
-7834
-7834
-7828
-7822
-7812
-7800
-7792
-7786
-7774
-7772
-7762
-7754
-7748
-7742
-7726
-7720
-7720
-7716
-7708
-7706
-7702
-7700
-7688
-7686
-7678
-7682
-7674
-7670
-7672
-7660
-7662
-7656
-7646
-7642
-7640
-7638
-7634
-7628
-7618
-7608
-7600
-7584
-7578
-7584
-7574
-7578
-7568
-7558
-7556
-7554
-7548
-7538
-7530
-7526
-7518
-7516
-7516
-7512
-7508
-7502
-7500
-7494
-7488
-7482
-7474
-7472
-7468
-7468
-7468
-7464
-7464
-7464
-7452
-7446
-7442
-7436
-7430
-7430
-7418
-7422
-7426
-7416
-7418
-7406
-7396
-7388
-7386
-7380
-7366
-7358
-7352
-7348
-7340
-7342
-7338
-7328
-7324
-7314
-7310
-7302
-7298
-7296
-7300
-7296
-7292
-7286
-7280
-7272
-7280
-7280
-7280
-7274
-7274
-7264
-7256
-7244
-7246
-7238
-7234
-7220
-7216
-7210
-7212
-7214
-7206
-7202
-7200
-7192
-7200
-7190
-7180
-7176
-7170
-7176
-7178
-7170
-7166
-7158
-7158
-7154
-7148
-7134
-7132
-7116
-7108
-7106
-7092
-7086
-7082
-7082
-7086
-7080
-7078
-7066
-7056
-7054
-7048
-7044
-7034
-7030
-7024
-7018
-7022
-7012
-7008
-7002
-6994
-6996
-6992
-6986
-6970
-6960
-6956
-6950
-6946
-6940
-6934
-6934
-6936
-6928
-6926
-6920
-6914
-6920
-6914
-6914
-6912
-6902
-6902
-6892
-6890
-6888
-6884
-6884
-6886
-6886
-6876
-6882
-6878
-6874
-6870
-6858
-6858
-6852
-6842
-6838
-6830
-6820
-6812
-6808
-6798
-6792
-6790
-6786
-6784
-6776
-6764
-6756
-6740
-6736
-6730
-6726
-6714
-6706
-6692
-6686
-6680
-6676
-6668
-6662
-6662
-6652
-6642
-6632
-6622
-6618
-6608
-6602
-6600
-6612
-6616
-6610
-6604
-6590
-6586
-6578
-6586
-6586
-6574
-6560
-6554
-6558
-6558
-6552
-6550
-6550
-6554
-6546
-6548
-6544
-6532
-6518
-6514
-6518
-6520
-6520
-6518
-6510
-6504
-6500
-6494
-6484
-6480
-6488
-6482
-6476
-6472
-6468
-6468
-6460
-6458
-6450
-6458
-6456
-6452
-6448
-6450
-6438
-6430
-6420
-6426
-6420
-6416
-6410
-6404
-6404
-6404
-6400
-6398
-6404
-6412
-6404
-6398
-6388
-6384
-6374
-6374
-6362
-6358
-6354
-6352
-6350
-6342
-6340
-6332
-6324
-6322
-6318
-6322
-6318
-6304
-6308
-6298
-6302
-6298
-6296
-6292
-6288
-6278
-6272
-6272
-6266
-6256
-6246
-6246
-6234
-6236
-6236
-6244
-6234
-6230
-6216
-6214
-6210
-6206
-6198
-6190
-6182
-6168
-6160
-6160
-6152
-6154
-6144
-6150
-6142
-6140
-6136
-6140
-6132
-6132
-6130
-6132
-6128
-6124
-6110
-6108
-6106
-6096
-6092
-6086
-6080
-6076
-6072
-6074
-6078
-6072
-6066
-6062
-6056
-6042
-6046
-6038
-6024
-6024
-6022
-6022
-6016
-6008
-6000
-5992
-5984
-5982
-5978
-5978
-5970
-5964
-5956
-5942
-5932
-5926
-5920
-5912
-5912
-5918
-5912
-5910
-5904
-5898
-5900
-5896
-5882
-5872
-5872
-5862
-5850
-5842
-5836
-5838
-5828
-5816
-5812
-5802
-5800
-5798
-5794
-5794
-5782
-5786
-5778
-5780
-5780
-5786
-5778
-5772
-5768
-5764
-5762
-5752
-5746
-5744
-5736
-5732
-5736
-5740
-5728
-5720
-5722
-5720
-5720
-5718
-5720
-5718
-5710
-5714
-5706
-5700
-5700
-5696
-5686
-5686
-5678
-5662
-5660
-5660
-5668
-5662
-5654
-5644
-5638
-5632
-5632
-5632
-5636
-5622
-5620
-5614
-5604
-5600
-5602
-5612
-5608
-5600
-5588
-5588
-5586
-5588
-5590
-5590
-5586
-5580
-5582
-5570
-5572
-5566
-5562
-5570
-5570
-5564
-5562
-5560
-5556
-5554
-5556
-5548
-5546
-5536
-5528
-5524
-5524
-5512
-5504
-5492
-5486
-5484
-5484
-5484
-5474
-5468
-5458
-5448
-5440
-5448
-5456
-5448
-5440
-5436
-5424
-5420
-5422
-5418
-5408
-5402
-5402
-5402
-5404
-5400
-5390
-5386
-5384
-5380
-5376
-5372
-5368
-5370
-5372
-5368
-5356
-5352
-5352
-5352
-5352
-5348
-5340
-5342
-5336
-5336
-5332
-5334
-5324
-5310
-5306
-5300
-5288
-5274
-5276
-5282
-5272
-5260
-5250
-5238
-5224
-5230
-5232
-5236
-5232
-5230
-5222
-5220
-5224
-5222
-5224
-5218
-5212
-5212
-5198
-5210
-5206
-5202
-5188
-5180
-5172
-5186
-5186
-5184
-5178
-5178
-5176
-5172
-5176
-5174
-5174
-5176
-5170
-5158
-5150
-5148
-5150
-5154
-5144
-5144
-5146
-5160
-5154
-5152
-5154
-5142
-5132
-5138
-5140
-5132
-5130
-5130
-5118
-5116
-5118
-5118
-5112
-5102
-5092
-5086
-5088
-5084
-5078
-5076
-5074
-5062
-5074
-5076
-5068
-5056
-5044
-5048
-5050
-5044
-5038
-5044
-5038
-5032
-5032
-5032
-5026
-5020
-5012
-5012
-5014
-5000
-5006
-5002
-5004
-4998
-4998
-5002
-5000
-4992
-4990
-4982
-4974
-4966
-4970
-4964
-4958
-4948
-4946
-4940
-4946
-4952
-4946
-4942
-4948
-4948
-4946
-4936
-4932
-4924
-4916
-4908
-4908
-4900
-4896
-4892
-4888
-4884
-4874
-4864
-4870
-4862
-4864
-4862
-4858
-4852
-4848
-4846
-4846
-4836
-4834
-4826
-4824
-4816
-4804
-4810
-4814
-4820
-4816
-4808
-4796
-4802
-4794
-4784
-4780
-4780
-4788
-4780
-4776
-4774
-4770
-4762
-4764
-4764
-4760
-4756
-4758
-4750
-4744
-4734
-4728
-4718
-4716
-4706
-4696
-4686
-4674
-4678
-4678
-4670
-4670
-4668
-4664
-4654
-4654
-4642
-4630
-4632
-4638
-4628
-4630
-4636
-4644
-4636
-4624
-4616
-4610
-4596
-4588
-4590
-4582
-4572
-4572
-4564
-4564
-4558
-4554
-4556
-4552
-4546
-4536
-4536
-4526
-4528
-4518
-4504
-4494
-4496
-4488
-4490
-4488
-4488
-4480
-4468
-4464
-4464
-4462
-4458
-4458
-4456
-4462
-4464
-4470
-4460
-4464
-4462
-4464
-4450
-4442
-4442
-4434
-4444
-4442
-4442
-4440
-4434
-4432
-4426
-4412
-4402
-4394
-4392
-4402
-4396
-4386
-4382
-4384
-4376
-4364
-4372
-4368
-4368
-4358
-4364
-4360
-4354
-4350
-4358
-4350
-4346
-4340
-4344
-4346
-4338
-4336
-4334
-4338
-4336
-4326
-4328
-4320
-4316
-4312
-4316
-4306
-4300
-4296
-4294
-4288
-4286
-4280
-4276
-4274
-4262
-4262
-4256
-4252
-4250
-4248
-4238
-4236
-4232
-4226
-4220
-4228
-4220
-4212
-4204
-4200
-4200
-4194
-4196
-4196
-4190
-4188
-4184
-4180
-4180
-4180
-4190
-4204
-4198
-4192
-4192
-4180
-4172
-4164
-4158
-4162
-4160
-4156
-4148
-4150
-4154
-4148
-4146
-4138
-4128
-4118
-4118
-4116
-4130
-4138
-4128
-4112
-4108
-4100
-4084
-4084
-4078
-4080
-4084
-4082
-4074
-4064
-4062
-4054
-4050
-4050
-4048
-4050
-4050
-4046
-4044
-4040
-4028
-4020
-4026
-4024
-4020
-4014
-4004
-4008
-4000
-4008
-4008
-4008
-4004
-3992
-3980
-3976
-3974
-3972
-3970
-3968
-3982
-3970
-3958
-3956
-3952
-3948
-3938
-3940
-3934
-3926
-3924
-3918
-3912
-3906
-3904
-3904
-3894
-3888
-3890
-3888
-3890
-3888
-3886
-3894
-3888
-3886
-3874
-3870
-3872
-3860
-3866
-3860
-3866
-3858
-3860
-3856
-3852
-3862
-3858
-3850
-3850
-3844
-3848
-3854
-3852
-3858
-3858
-3858
-3860
-3854
-3844
-3846
-3846
-3852
-3842
-3834
-3836
-3818
-3806
-3802
-3806
-3804
-3794
-3792
-3784
-3780
-3784
-3778
-3774
-3778
-3772
-3770
-3774
-3780
-3776
-3770
-3760
-3760
-3762
-3758
-3762
-3764
-3768
-3764
-3752
-3748
-3738
-3734
-3732
-3730
-3722
-3722
-3712
-3706
-3694
-3696
-3688
-3688
-3676
-3668
-3658
-3658
-3658
-3650
-3644
-3638
-3640
-3630
-3624
-3628
-3626
-3620
-3610
-3598
-3596
-3582
-3582
-3576
-3570
-3578
-3576
-3574
-3570
-3574
-3574
-3568
-3558
-3562
-3568
-3558
-3544
-3548
-3548
-3548
-3554
-3556
-3562
-3560
-3558
-3548
-3542
-3540
-3532
-3522
-3516
-3516
-3514
-3512
-3510
-3520
-3512
-3510
-3506
-3496
-3500
-3500
-3492
-3486
-3486
-3482
-3478
-3474
-3480
-3476
-3470
-3468
-3458
-3458
-3450
-3448
-3444
-3438
-3442
-3440
-3436
-3444
-3440
-3440
-3446
-3448
-3458
-3460
-3452
-3438
-3430
-3420
-3412
-3408
-3408
-3402
-3392
-3386
-3388
-3380
-3374
-3370
-3370
-3360
-3350
-3350
-3350
-3356
-3358
-3356
-3360
-3356
-3348
-3354
-3348
-3350
-3346
-3344
-3346
-3340
-3332
-3332
-3324
-3322
-3320
-3308
-3306
-3296
-3292
-3290
-3292
-3284
-3288
-3284
-3276
-3278
-3276
-3268
-3274
-3270
-3278
-3268
-3264
-3258
-3252
-3252
-3250
-3248
-3256
-3252
-3244
-3242
-3254
-3252
-3246
-3242
-3238
-3234
-3222
-3218
-3220
-3216
-3224
-3222
-3222
-3214
-3210
-3206
-3202
-3194
-3196
-3204
-3190
-3188
-3184
-3190
-3186
-3186
-3190
-3188
-3176
-3174
-3164
-3164
-3160
-3156
-3152
-3146
-3146
-3146
-3136
-3142
-3134
-3134
-3128
-3132
-3126
-3122
-3128
-3134
-3128
-3120
-3120
-3112
-3100
-3102
-3110
-3114
-3112
-3106
-3108
-3106
-3100
-3100
-3102
-3102
-3098
-3100
-3100
-3108
-3102
-3100
-3100
-3094
-3086
-3074
-3070
-3074
-3072
-3072
-3068
-3056
-3056
-3054
-3046
-3044
-3046
-3042
-3026
-3020
-3018
-3010
-3012
-3006
-3002
-2994
-2992
-2998
-3000
-3004
-3004
-3006
-2996
-2988
-2982
-2982
-2976
-2968
-2964
-2964
-2956
-2968
-2956
-2956
-2952
-2942
-2944
-2938
-2944
-2932
-2930
-2920
-2928
-2920
-2910
-2902
-2906
-2902
-2910
-2916
-2916
-2908
-2900
-2898
-2888
-2880
-2872
-2860
-2870
-2864
-2858
-2860
-2852
-2844
-2846
-2838
-2836
-2838
-2842
-2842
-2830
-2828
-2840
-2848
-2850
-2852
-2846
-2852
-2840
-2840
-2838
-2830
-2836
-2842
-2838
-2838
-2846
-2840
-2832
-2828
-2824
-2818
-2816
-2816
-2812
-2800
-2798
-2792
-2796
-2796
-2786
-2784
-2784
-2776
-2770
-2772
-2766
-2768
-2764
-2762
-2760
-2760
-2768
-2770
-2764
-2762
-2758
-2758
-2758
-2750
-2750
-2754
-2750
-2752
-2746
-2744
-2742
-2742
-2746
-2758
-2756
-2756
-2754
-2750
-2746
-2754
-2754
-2760
-2758
-2756
-2744
-2744
-2736
-2730
-2726
-2728
-2734
-2726
-2720
-2720
-2726
-2714
-2704
-2702
-2708
-2698
-2688
-2688
-2682
-2676
-2674
-2674
-2674
-2676
-2672
-2674
-2674
-2672
-2672
-2660
-2650
-2646
-2644
-2648
-2652
-2652
-2648
-2646
-2646
-2634
-2630
-2622
-2626
-2626
-2622
-2626
-2622
-2628
-2626
-2620
-2612
-2600
-2600
-2602
-2608
-2606
-2604
-2600
-2596
-2588
-2582
-2574
-2576
-2568
-2570
-2576
-2564
-2558
-2552
-2552
-2548
-2536
-2540
-2530
-2536
-2538
-2528
-2518
-2506
-2502
-2502
-2504
-2516
-2508
-2498
-2496
-2494
-2486
-2488
-2492
-2484
-2476
-2482
-2486
-2492
-2492
-2482
-2480
-2480
-2478
-2474
-2472
-2472
-2472
-2458
-2458
-2446
-2448
-2442
-2444
-2444
-2446
-2446
-2444
-2440
-2440
-2436
-2426
-2438
-2438
-2432
-2434
-2424
-2418
-2416
-2408
-2396
-2396
-2404
-2398
-2392
-2394
-2386
-2384
-2378
-2370
-2364
-2352
-2350
-2352
-2348
-2340
-2342
-2332
-2328
-2328
-2322
-2320
-2312
-2310
-2306
-2308
-2310
-2306
-2298
-2298
-2294
-2284
-2284
-2288
-2288
-2284
-2270
-2266
-2270
-2270
-2270
-2274
-2266
-2256
-2268
-2270
-2268
-2258
-2256
-2246
-2242
-2240
-2240
-2232
-2234
-2226
-2226
-2226
-2222
-2218
-2212
-2216
-2214
-2220
-2214
-2226
-2214
-2218
-2214
-2218
-2206
-2208
-2204
-2202
-2198
-2204
-2208
-2210
-2204
-2202
-2204
-2200
-2196
-2194
-2186
-2194
-2180
-2174
-2174
-2178
-2174
-2176
-2180
-2174
-2174
-2172
-2170
-2174
-2174
-2170
-2164
-2164
-2166
-2166
-2166
-2160
-2164
-2170
-2168
-2170
-2164
-2162
-2162
-2162
-2164
-2160
-2168
-2162
-2164
-2162
-2170
-2172
-2170
-2178
-2166
-2172
-2158
-2170
-2162
-2156
-2152
-2152
-2152
-2150
-2150
-2142
-2136
-2134
-2132
-2128
-2136
-2136
-2136
-2134
-2130
-2140
-2144
-2148
-2146
-2138
-2134
-2128
-2132
-2126
-2126
-2130
-2132
-2124
-2118
-2126
-2120
-2116
-2122
-2118
-2118
-2120
-2118
-2118
-2110
-2110
-2108
-2112
-2114
-2106
-2100
-2098
-2104
-2104
-2098
-2096
-2096
-2096
-2096
-2086
-2088
-2072
-2062
-2056
-2048
-2046
-2044
-2056
-2050
-2044
-2042
-2034
-2024
-2034
-2028
-2040
-2032
-2032
-2032
-2028
-2030
-2032
-2026
-2028
-2026
-2026
-2022
-2024
-2036
-2030
-2016
-2012
-2002
-1994
-1986
-1988
-1992
-1994
-1996
-1990
-1986
-1984
-1990
-1990
-1976
-1976
-1968
-1958
-1954
-1942
-1932
-1922
-1926
-1918
-1924
-1926
-1918
-1920
-1920
-1914
-1914
-1922
-1918
-1924
-1918
-1918
-1912
-1918
-1914
-1918
-1918
-1916
-1916
-1912
-1908
-1902
-1894
-1896
-1894
-1890
-1898
-1892
-1900
-1908
-1906
-1902
-1896
-1888
-1886
-1890
-1886
-1892
-1880
-1866
-1866
-1868
-1868
-1858
-1860
-1850
-1840
-1844
-1848
-1856
-1860
-1864
-1858
-1854
-1842
-1850
-1848
-1848
-1848
-1850
-1854
-1852
-1854
-1854
-1842
-1836
-1836
-1828
-1826
-1820
-1830
-1818
-1814
-1810
-1806
-1800
-1802
-1798
-1800
-1796
-1794
-1790
-1778
-1788
-1786
-1782
-1790
-1780
-1782
-1776
-1772
-1768
-1766
-1766
-1768
-1768
-1768
-1756
-1750
-1748
-1746
-1746
-1760
-1764
-1758
-1754
-1752
-1746
-1746
-1754
-1746
-1750
-1742
-1746
-1746
-1752
-1748
-1752
-1754
-1762
-1754
-1748
-1742
-1742
-1752
-1756
-1756
-1748
-1744
-1744
-1736
-1736
-1732
-1728
-1720
-1726
-1722
-1714
-1716
-1708
-1704
-1710
-1714
-1716
-1710
-1704
-1704
-1700
-1702
-1702
-1700
-1706
-1700
-1702
-1712
-1710
-1706
-1706
-1690
-1676
-1678
-1682
-1684
-1680
-1682
-1684
-1682
-1682
-1684
-1690
-1684
-1684
-1688
-1684
-1678
-1690
-1682
-1678
-1682
-1696
-1684
-1668
-1662
-1656
-1658
-1650
-1650
-1646
-1642
-1644
-1644
-1642
-1652
-1648
-1638
-1628
-1618
-1614
-1616
-1612
-1606
-1604
-1598
-1602
-1594
-1598
-1592
-1586
-1586
-1578
-1580
-1576
-1586
-1586
-1590
-1582
-1584
-1578
-1582
-1580
-1568
-1552
-1552
-1542
-1548
-1546
-1544
-1552
-1548
-1544
-1540
-1544
-1534
-1526
-1532
-1522
-1526
-1528
-1516
-1516
-1520
-1518
-1526
-1522
-1512
-1504
-1502
-1498
-1502
-1506
-1492
-1492
-1484
-1486
-1480
-1484
-1472
-1468
-1472
-1472
-1472
-1468
-1452
-1450
-1442
-1440
-1434
-1432
-1422
-1426
-1420
-1420
-1412
-1412
-1408
-1410
-1414
-1418
-1428
-1418
-1418
-1418
-1412
-1418
-1416
-1418
-1410
-1414
-1416
-1410
-1414
-1414
-1406
-1400
-1396
-1390
-1392
-1394
-1390
-1392
-1394
-1392
-1386
-1388
-1394
-1390
-1390
-1382
-1390
-1390
-1384
-1388
-1378
-1376
-1374
-1370
-1366
-1360
-1360
-1352
-1348
-1358
-1362
-1356
-1344
-1346
-1340
-1338
-1330
-1334
-1332
-1322
-1324
-1322
-1324
-1316
-1314
-1314
-1310
-1316
-1314
-1302
-1306
-1302
-1300
-1294
-1294
-1296
-1292
-1294
-1288
-1286
-1288
-1288
-1284
-1276
-1288
-1286
-1278
-1270
-1274
-1272
-1272
-1268
-1264
-1260
-1266
-1266
-1266
-1268
-1266
-1260
-1252
-1254
-1250
-1258
-1256
-1252
-1246
-1246
-1248
-1250
-1248
-1258
-1254
-1260
-1260
-1248
-1246
-1236
-1240
-1240
-1236
-1236
-1240
-1240
-1246
-1246
-1248
-1242
-1244
-1240
-1234
-1228
-1228
-1228
-1230
-1226
-1224
-1216
-1208
-1206
-1202
-1194
-1192
-1200
-1188
-1186
-1186
-1180
-1176
-1170
-1174
-1160
-1152
-1154
-1160
-1156
-1160
-1152
-1158
-1160
-1160
-1156
-1154
-1158
-1152
-1142
-1138
-1138
-1122
-1112
-1108
-1100
-1098
-1096
-1102
-1090
-1082
-1090
-1094
-1088
-1080
-1084
-1092
-1088
-1084
-1086
-1082
-1084
-1086
-1090
-1094
-1094
-1086
-1090
-1094
-1098
-1096
-1086
-1076
-1082
-1078
-1076
-1074
-1074
-1074
-1080
-1078
-1062
-1068
-1078
-1076
-1078
-1078
-1084
-1086
-1078
-1070
-1072
-1070
-1058
-1070
-1066
-1064
-1054
-1046
-1042
-1038
-1034
-1038
-1032
-1030
-1016
-1024
-1028
-1016
-1012
-1016
-1014
-1008
-1008
-1016
-1008
-1006
-1010
-1008
-1004
-1002
-1000
-988
-986
-992
-988
-984
-984
-982
-978
-992
-998
-1000
-1006
-1002
-1006
-1012
-1014
-1016
-1018
-1018
-1018
-1024
-1024
-1022
-1016
-1018
-1018
-1022
-1020
-1020
-1020
-1032
-1030
-1026
-1028
-1034
-1042
-1046
-1054
-1050
-1050
-1044
-1032
-1032
-1040
-1034
-1030
-1028
-1030
-1026
-1024
-1022
-1026
-1022
-1022
-1024
-1016
-1008
-1010
-1016
-1010
-1016
-1006
-1000
-1000
-990
-986
-982
-984
-982
-982
-992
-980
-984
-984
-982
-980
-970
-962
-962
-976
-984
-980
-980
-974
-966
-972
-976
-970
-970
-966
-954
-952
-952
-956
-966
-958
-958
-960
-954
-948
-948
-940
-940
-944
-938
-938
-944
-942
-930
-934
-944
-944
-928
-916
-922
-916
-922
-930
-924
-918
-912
-906
-900
-898
-892
-892
-898
-896
-898
-906
-908
-908
-910
-910
-904
-902
-906
-906
-906
-914
-908
-904
-902
-902
-906
-898
-890
-888
-884
-880
-882
-880
-882
-888
-894
-900
-910
-898
-892
-886
-884
-882
-880
-878
-870
-872
-880
-874
-878
-872
-872
-872
-868
-860
-854
-860
-856
-852
-852
-852
-842
-836
-832
-832
-832
-838
-834
-828
-828
-826
-818
-818
-818
-820
-824
-820
-820
-816
-818
-816
-814
-810
-812
-810
-812
-812
-806
-812
-818
-814
-818
-818
-804
-810
-804
-798
-794
-782
-782
-782
-776
-770
-772
-760
-748
-744
-748
-754
-758
-760
-754
-756
-752
-754
-756
-754
-758
-744
-746
-752
-756
-756
-752
-754
-764
-770
-772
-768
-770
-774
-774
-774
-778
-780
-782
-776
-776
-782
-770
-762
-762
-774
-774
-776
-784
-792
-800
-808
-806
-804
-804
-806
-806
-804
-808
-810
-808
-806
-808
-812
-810
-822
-822
-822
-820
-820
-818
-824
-812
-810
-800
-806
-804
-798
-808
-802
-802
-804
-808
-802
-808
-802
-802
-794
-784
-786
-774
-774
-780
-780
-778
-782
-796
-796
-796
-800
-800
-796
-796
-804
-794
-790
-788
-784
-784
-776
-780
-774
-780
-784
-786
-780
-780
-776
-778
-778
-772
-770
-754
-746
-748
-756
-756
-756
-750
-744
-748
-746
-738
-746
-744
-738
-736
-730
-728
-736
-730
-730
-726
-730
-728
-730
-728
-730
-742
-730
-722
-728
-728
-732
-734
-734
-724
-718
-712
-710
-704
-702
-698
-698
-702
-702
-706
-706
-706
-708
-710
-716
-710
-702
-704
-700
-718
-720
-722
-722
-722
-730
-730
-722
-710
-716
-720
-718
-724
-718
-718
-714
-726
-734
-720
-718
-722
-716
-716
-710
-702
-692
-702
-700
-686
-692
-692
-692
-680
-678
-674
-680
-678
-674
-674
-666
-662
-660
-662
-656
-652
-650
-656
-646
-644
-644
-644
-640
-638
-640
-638
-636
-640
-640
-640
-632
-632
-632
-638
-640
-634
-628
-638
-646
-640
-642
-650
-644
-638
-638
-644
-642
-640
-644
-632
-628
-628
-626
-628
-624
-624
-632
-634
-628
-624
-626
-624
-620
-616
-608
-600
-600
-598
-594
-588
-592
-586
-578
-584
-598
-596
-604
-602
-604
-602
-610
-616
-610
-602
-604
-606
-590
-584
-578
-582
-584
-578
-572
-574
-578
-576
-572
-570
-568
-568
-570
-566
-570
-562
-564
-570
-564
-564
-556
-566
-568
-566
-572
-566
-556
-550
-534
-532
-534
-532
-538
-540
-534
-534
-540
-546
-550
-562
-566
-570
-570
-564
-552
-552
-548
-548
-548
-542
-534
-532
-542
-534
-534
-546
-550
-548
-546
-546
-552
-548
-542
-536
-540
-534
-532
-536
-538
-544
-552
-556
-556
-554
-554
-556
-550
-556
-560
-548
-540
-528
-528
-520
-512
-514
-514
-506
-504
-492
-492
-496
-488
-482
-476
-476
-476
-472
-470
-468
-452
-456
-458
-468
-472
-468
-462
-452
-444
-444
-444
-438
-440
-438
-434
-434
-436
-438
-442
-436
-436
-448
-452
-458
-448
-454
-456
-456
-452
-458
-456
-444
-448
-438
-440
-436
-438
-434
-428
-428
-426
-416
-420
-422
-422
-416
-414
-408
-408
-416
-410
-402
-402
-400
-400
-398
-392
-384
-382
-378
-386
-384
-378
-382
-390
-388
-392
-398
-406
-410
-404
-400
-400
-394
-398
-394
-392
-394
-390
-374
-366
-364
-356
-350
-342
-346
-334
-338
-336
-326
-340
-324
-320
-326
-322
-316
-316
-318
-322
-322
-314
-304
-310
-310
-300
-298
-300
-302
-302
-298
-292
-278
-272
-286
-296
-302
-310
-310
-314
-308
-308
-316
-316
-314
-308
-310
-300
-296
-294
-290
-288
-288
-296
-294
-290
-276
-270
-270
-268
-270
-264
-262
-256
-258
-254
-254
-258
-260
-264
-274
-268
-268
-272
-278
-282
-278
-288
-276
-276
-276
-282
-282
-268
-272
-268
-272
-268
-274
-276
-278
-270
-278
-268
-266
-266
-264
-260
-262
-270
-280
-282
-274
-268
-274
-272
-282
-288
-288
-294
-294
-302
-296
-296
-296
-284
-278
-278
-272
-276
-276
-280
-288
-292
-292
-288
-290
-302
-298
-300
-294
-288
-284
-282
-284
-280
-274
-264
-274
-280
-278
-280
-280
-284
-284
-288
-284
-278
-274
-276
-272
-262
-256
-252
-250
-248
-238
-230
-238
-240
-242
-252
-244
-246
-240
-242
-238
-238
-238
-234
-238
-234
-232
-234
-232
-232
-232
-226
-222
-222
-218
-214
-220
-226
-222
-226
-228
-234
-226
-234
-246
-238
-234
-234
-238
-236
-240
-234
-222
-216
-208
-210
-214
-218
-222
-224
-226
-214
-216
-206
-202
-204
-198
-206
-218
-222
-220
-224
-234
-232
-232
-224
-228
-238
-240
-244
-242
-240
-238
-236
-230
-220
-212
-206
-216
-214
-220
-220
-212
-212
-210
-200
-192
-196
-194
-192
-184
-184
-188
-184
-188
-186
-192
-190
-190
-192
-188
-188
-186
-190
-198
-202
-196
-188
-188
-174
-170
-172
-168
-174
-178
-184
-174
-176
-178
-180
-172
-160
-150
-152
-142
-146
-152
-156
-152
-148
-148
-146
-146
-134
-130
-142
-128
-126
-116
-120
-126
-124
-122
-118
-114
-106
-110
-112
-108
-104
-96
-98
-92
-94
-92
-94
-102
-96
-94
-92
-90
-98
-104
-112
-122
-126
-132
-124
-118
-112
-106
-108
-110
-106
-102
-94
-90
-96
-90
-86
-88
-76
-74
-74
-66
-68
-62
-58
-64
-54
-54
-60
-58
-62
-60
-60
-62
-58
-58
-58
-52
-40
-40
-38
-30
-36
-44
-42
-48
-46
-54
-54
-56
-56
-62
-62
-64
-68
-72
-68
-70
-62
-70
-70
-80
-78
-74
-74
-68
-60
-64
-56
-52
-56
-58
-56
-48
-38
-30
-30
-38
-36
-46
-38
-38
-38
-32
-26
-26
-20
-24
-20
-12
-10
-2
-12
-14
-14
-12
-18
-16
-22
-26
-30
-36
-38
-42
-46
-48
-46
-52
-42
-42
-46
-48
-44
-42
-44
-42
-36
-38
-32
-34
-34
-38
-38
-40
-40
-40
-36
-40
-40
-38
-46
-30
-26
-26
-22
-26
-30
-36
-30
-32
-38
-30
-36
-24
-40
-34
-32
-34
-32
-30
-20
-18
-16
-26
-26
-26
-20
-18
-12
-14
-14
-18
-4
-4
-4
2
0
6
12
16
22
20
26
36
48
46
48
46
48
52
48
56
62
60
66
70
76
74
78
88
92
84
84
92
80
84
86
90
94
94
94
90
96
96
92
104
98
100
104
100
98
104
110
98
102
106
100
96
96
98
102
92
90
100
102
106
100
94
98
96
104
102
102
100
104
94
106
106
96
96
98
92
90
90
82
72
72
76
76
78
78
88
90
90
94
92
90
92
84
84
88
90
100
102
94
92
106
106
112
114
112
114
110
106
106
112
114
112
108
120
126
126
120
120
126
128
130
138
142
144
140
146
138
136
138
138
130
124
128
124
128
126
118
122
132
130
126
128
140
142
144
150
148
144
154
158
162
168
170
170
170
176
174
174
174
174
166
168
164
160
160
168
162
162
160
154
154
160
168
174
174
176
176
176
182
186
192
190
184
186
196
196
210
210
204
206
206
210
214
210
212
204
196
198
198
192
196
200
200
206
202
206
206
216
212
210
208
208
216
220
222
214
220
226
228
226
220
216
216
222
222
222
214
214
222
222
222
218
218
212
212
224
220
220
218
226
236
242
242
240
228
220
224
226
224
228
228
228
228
234
238
236
236
240
242
252
248
248
246
242
244
254
246
244
238
230
218
212
208
198
200
204
206
212
208
214
202
196
202
212
218
226
228
230
230
230
222
222
224
220
228
226
228
220
214
224
218
210
210
210
214
216
210
204
198
196
196
198
206
208
210
202
206
198
200
198
198
196
208
204
216
202
198
200
200
204
204
206
198
194
198
200
202
202
206
210
208
196
204
202
206
210
208
208
216
210
212
214
206
204
206
214
216
216
216
216
218
220
230
224
232
236
242
242
244
238
230
228
226
220
230
234
232
236
234
240
242
242
242
230
228
222
216
216
218
208
206
202
200
198
198
198
200
194
200
204
210
218
212
214
216
216
216
220
216
218
214
214
214
218
226
224
228
220
228
214
206
206
206
204
208
208
202
200
192
192
192
188
194
202
206
208
198
204
210
202
190
194
206
202
210
204
208
208
198
182
186
192
188
192
192
196
204
208
214
214
214
218
224
224
224
226
232
226
222
222
222
222
216
214
216
204
206
206
208
198
200
202
198
198
198
198
196
204
212
214
208
202
206
208
202
196
204
192
198
194
196
198
188
184
184
188
186
186
186
192
200
190
190
196
206
208
202
204
198
200
206
212
216
226
214
222
220
218
220
220
214
218
230
236
238
242
244
252
246
254
256
258
250
242
242
238
238
230
232
236
232
232
230
226
226
228
228
224
230
230
234
236
238
238
228
230
226
224
232
224
222
228
224
228
232
236
240
244
238
240
242
242
238
234
232
240
246
244
248
248
260
260
260
264
254
254
262
272
268
268
274
270
270
274
282
280
276
284
276
288
286
282
280
286
282
282
286
280
278
274
266
262
276
272
270
280
280
280
290
284
284
288
290
286
286
284
290
286
288
290
296
298
296
298
312
310
310
308
296
300
298
288
288
294
288
296
292
300
308
310
302
304
310
312
312
312
318
326
326
324
320
322
322
322
328
338
344
350
350
352
344
340
342
346
336
336
342
352
364
360
364
356
368
364
364
368
366
370
378
376
376
380
380
380
384
382
380
392
378
386
390
384
386
380
382
382
380
378
382
370
364
372
368
370
366
374
372
374
380
382
382
376
366
370
366
372
362
370
382
378
384
378
382
376
382
390
406
404
404
410
416
414
412
416
416
414
420
410
402
406
408
418
422
422
424
424
420
422
422
420
426
420
422
420
422
414
412
414
412
414
412
414
406
402
392
402
402
406
398
404
406
416
418
414
402
402
408
416
414
422
422
424
424
416
418
430
426
424
426
432
430
430
428
432
434
434
424
430
434
432
436
440
450
448
444
444
444
450
452
462
458
460
468
460
454
456
460
462
454
448
456
454
454
452
458
452
458
454
454
450
448
444
438
432
436
436
428
426
430
432
434
428
424
426
424
430
428
418
414
410
422
426
426
418
414
414
416
412
412
410
406
406
404
400
408
402
394
392
388
398
398
398
384
390
398
400
408
396
396
402
402
398
398
394
390
396
394
410
416
404
396
398
396
386
384
378
380
386
386
388
380
380
370
374
376
376
372
374
374
376
368
372
366
368
366
366
368
370
374
368
358
362
360
370
358
356
358
360
356
354
356
362
362
364
370
380
378
388
388
392
384
394
404
402
406
408
406
416
410
422
428
430
434
440
438
430
436
440
438
438
440
428
440
442
444
446
454
454
452
446
446
442
448
436
442
442
440
438
432
434
430
432
432
436
448
448
450
448
450
454
456
460
458
454
458
464
460
456
458
462
462
468
454
466
456
458
460
454
450
450
452
452
458
458
456
452
458
466
470
470
464
462
460
454
460
460
456
460
460
460
458
456
450
444
448
444
456
452
456
452
454
456
458
442
438
444
458
460
462
462
464
464
470
474
480
480
480
488
482
478
472
468
466
476
474
474
476
480
484
482
484
492
486
484
488
492
484
478
484
476
482
486
490
480
472
472
484
482
476
476
478
484
480
474
474
468
466
464
454
452
450
462
456
448
444
440
444
446
446
444
450
452
452
454
460
454
462
464
470
468
464
460
458
458
456
458
464
462
476
466
462
456
460
460
458
456
446
450
456
454
454
460
452
454
458
456
460
458
464
468
476
478
470
468
468
460
462
454
454
452
444
446
442
436
436
430
430
436
434
430
420
416
404
406
400
410
414
412
410
408
410
412
410
410
412
418
426
422
422
432
426
428
422
416
420
414
404
408
414
410
418
414
420
416
408
408
412
404
406
412
416
412
412
416
414
420
430
422
428
428
426
424
418
412
420
410
416
416
406
410
412
408
412
416
424
422
422
428
434
446
446
450
448
456
452
452
448
440
440
434
444
436
434
434
430
428
436
438
438
440
454
468
474
474
474
476
476
472
480
488
494
500
504
504
504
496
502
510
516
512
512
514
508
500
502
498
496
498
492
502
498
504
502
504
504
502
506
506
506
508
508
512
520
522
526
516
518
514
510
512
516
518
518
520
514
508
504
506
506
506
504
504
502
508
514
520
512
518
526
524
526
522
530
532
538
540
536
534
524
520
514
508
510
512
516
504
504
504
502
498
500
502
510
506
500
504
508
504
504
500
496
492
486
488
492
490
494
488
488
498
492
500
500
504
506
506
498
496
498
500
502
494
496
498
498
500
508
508
512
516
514
514
518
526
514
510
508
516
514
512
520
520
528
530
544
550
548
542
544
550
548
542
540
538
538
540
538
536
532
532
532
526
524
532
544
548
540
544
544
544
536
532
534
532
536
532
526
532
528
528
516
524
512
514
504
502
504
500
506
498
496
494
498
492
496
486
484
488
486
480
476
476
476
470
462
470
474
482
478
478
470
470
466
474
474
476
492
480
472
474
476
480
482
478
480
484
476
464
462
466
462
454
456
456
456
460
452
446
436
432
430
428
418
418
424
424
422
428
430
436
436
432
426
416
414
408
410
410
408
412
404
404
406
414
418
424
422
426
432
432
432
430
436
436
440
438
436
442
434
426
432
428
428
432
424
432
432
436
444
442
436
432
432
430
428
428
426
426
424
426
420
422
422
416
422
434
434
428
428
416
412
400
404
402
404
400
400
402
398
400
406
406
412
404
412
414
414
410
420
422
414
424
414
406
410
404
404
400
400
400
400
398
404
412
414
416
418
434
436
438
440
440
438
444
436
442
440
434
430
426
426
428
428
428
430
436
436
436
442
442
434
438
446
448
448
446
452
462
462
466
470
464
456
460
466
468
474
478
484
486
484
482
478
476
482
490
498
496
506
500
492
488
492
490
488
484
482
478
482
476
472
472
470
466
458
464
460
458
466
474
482
478
480
480
484
478
468
466
460
458
456
464
466
462
454
454
458
464
466
478
470
464
468
468
472
466
460
458
452
454
446
446
450
442
434
430
434
442
438
444
446
440
442
452
446
448
446
448
450
452
452
446
444
444
436
440
440
440
444
448
446
444
442
430
430
422
428
430
442
444
434
430
424
432
428
426
428
432
430
432
436
440
448
454
460
466
460
464
458
456
468
470
474
472
478
476
478
484
486
492
490
484
476
480
484
484
486
486
490
496
490
488
490
488
486
494
504
498
500
502
500
502
502
496
496
496
488
482
474
474
490
496
490
490
488
484
488
488
484
486
492
480
474
474
476
478
470
478
486
484
490
480
482
480
478
478
480
480
472
476
480
474
462
460
452
452
454
452
460
460
460
460
474
478
474
474
470
466
462
470
466
462
460
468
468
472
468
474
478
478
478
474
474
474
468
474
474
476
480
484
486
484
480
482
486
474
476
478
476
482
476
478
476
476
478
478
478
480
474
474
474
466
462
458
458
450
446
444
448
450
450
448
454
456
462
460
460
458
458
456
452
444
448
448
448
444
444
452
450
446
446
446
444
446
440
442
430
432
434
422
424
420
426
426
424
430
436
444
440
438
444
446
442
440
434
434
436
442
438
438
442
446
446
450
448
452
444
446
448
444
442
430
436
434
434
430
428
426
418
424
414
412
416
406
406
410
418
412
406
412
412
406
412
412
406
398
400
406
398
392
392
398
396
398
392
388
380
380
390
388
378
372
372
370
368
370
362
358
356
348
344
348
336
344
340
342
338
334
338
338
342
342
344
344
350
346
354
348
344
342
338
336
340
348
344
342
348
344
352
346
346
348
348
344
336
344
336
340
346
354
354
358
358
350
348
352
350
342
338
338
346
344
346
338
342
346
336
336
340
338
326
312
312
310
310
316
306
302
296
296
304
306
306
312
310
310
304
306
306
310
312
304
306
308
308
306
308
318
320
326
334
328
330
324
322
316
326
326
324
322
322
314
316
308
308
304
300
298
298
300
298
306
308
316
308
316
312
314
308
312
310
314
304
310
306
308
312
316
324
336
334
334
340
338
340
340
338
332
338
330
322
314
318
316
314
312
308
304
304
306
304
306
304
296
298
300
292
290
290
286
290
292
288
296
294
304
302
308
312
316
320
324
320
328
340
338
334
342
346
344
340
346
348
344
344
340
336
336
342
348
360
364
360
358
364
368
368
376
374
384
386
384
382
380
376
378
376
380
376
380
374
382
378
374
372
382
392
394
408
406
404
394
398
392
400
400
402
400
406
400
400
400
402
404
406
400
406
412
408
400
396
406
404
412
414
412
416
416
426
420
406
404
402
404
404
412
416
416
422
428
432
432
426
420
426
434
434
432
422
438
442
442
436
432
434
432
422
426
434
436
436
438
432
440
438
438
436
434
438
436
442
446
448
452
454
450
458
454
456
456
450
450
448
454
450
458
466
466
474
478
482
480
474
474
478
488
492
500
498
504
502
500
496
494
494
500
492
486
486
494
494
492
492
498
498
496
496
502
514
514
516
522
532
534
530
532
532
526
534
530
524
524
536
542
550
544
544
550
560
554
554
552
546
546
552
558
550
552
550
558
566
560
568
574
558
550
544
548
546
548
550
554
548
546
534
540
546
558
566
564
566
564
572
584
580
590
584
578
582
582
580
584
590
588
594
596
600
594
598
588
594
594
594
594
594
598
600
598
594
584
580
578
582
582
582
578
582
582
580
582
590
586
586
594
596
598
596
586
580
584
582
588
594
588
590
596
594
594
596
594
592
588
586
590
590
586
578
582
582
584
582
588
592
594
592
600
602
610
612
610
608
606
602
606
600
602
600
592
594
592
600
596
598
602
606
604
604
610
612
608
614
612
616
618
618
624
628
632
632
632
620
624
622
626
628
626
626
632
622
626
622
622
624
624
618
628
628
626
628
640
648
644
646
648
644
656
650
654
656
652
662
666
668
660
666
672
676
682
682
686
680
680
678
678
686
688
694
704
704
706
696
694
700
692
692
698
706
702
698
686
682
684
694
690
686
684
684
690
686
686
684
678
688
680
684
686
684
678
678
678
678
676
680
676
674
670
672
678
690
684
682
684
690
696
692
688
698
696
694
694
700
706
710
704
700
698
704
704
706
710
718
716
712
716
726
724
730
724
726
716
712
724
724
724
724
720
720
716
726
720
730
734
728
730
734
726
730
742
742
742
742
742
742
746
742
740
748
746
746
748
748
752
744
740
742
748
740
740
736
750
748
750
752
756
756
758
750
746
750
744
732
722
716
720
720
722
724
730
730
730
732
730
732
742
738
740
738
744
752
746
754
752
742
746
756
746
760
758
754
754
754
758
760
764
770
770
768
772
774
772
768
764
774
774
774
778
798
798
796
788
788
794
796
794
802
804
796
808
812
812
816
824
834
838
838
834
830
834
822
822
816
816
820
826
834
834
838
830
824
834
840
838
838
830
830
834
834
834
840
840
836
838
844
846
854
844
846
846
848
848
854
854
852
856
858
858
856
856
854
856
848
852
856
852
848
840
836
828
838
826
820
812
812
810
812
812
816
816
816
820
816
816
816
820
814
812
808
808
814
814
816
810
810
814
810
808
808
806
806
810
814
816
816
814
806
794
800
796
794
796
800
802
806
804
798
794
802
800
790
792
798
796
806
806
806
810
806
804
804
804
806
800
798
810
810
808
810
806
802
812
814
810
810
812
820
818
822
826
824
826
824
820
826
830
830
834
836
834
840
844
848
840
844
842
842
838
842
842
844
840
840
850
852
852
850
852
850
858
854
862
872
874
876
880
872
872
870
870
874
874
876
870
862
860
864
856
848
856
856
856
856
856
860
860
856
846
858
860
858
870
874
872
866
856
864
864
860
856
860
856
854
852
858
864
856
866
866
868
866
874
870
878
876
864
856
848
856
858
860
854
868
870
860
862
858
848
850
850
858
858
856
856
862
862
856
854
848
852
854
858
862
870
872
874
876
880
878
870
868
860
864
866
864
868
880
878
882
888
890
890
888
890
890
886
882
888
888
888
890
890
894
892
896
902
906
906
918
926
930
934
940
942
948
952
952
952
954
962
968
972
974
970
970
970
966
966
960
948
942
936
944
942
952
940
934
926
930
928
934
938
936
934
936
922
924
924
928
932
930
930
930
934
934
936
938
940
940
938
934
932
926
928
934
938
946
950
950
954
948
954
954
956
968
958
956
960
960
954
946
940
942
928
926
930
932
928
932
932
930
924
928
928
928
940
944
948
952
956
956
956
962
972
974
966
978
982
982
988
982
978
982
968
958
958
960
966
970
980
974
978
976
972
966
964
964
964
954
954
952
956
958
962
974
968
970
968
964
956
958
950
956
950
952
956
962
954
962
956
956
952
954
958
958
954
942
938
940
938
946
952
954
962
960
960
968
962
960
958
962
970
960
960
956
964
968
968
964
966
970
970
960
960
962
956
956
960
964
968
966
970
962
968
962
966
968
960
958
958
960
956
956
948
942
944
940
938
940
938
934
944
940
946
936
936
934
936
938
942
942
944
942
934
936
938
936
930
938
936
936
938
926
920
922
924
930
924
916
918
920
922
922
930
928
932
936
938
934
926
928
922
930
930
928
936
942
936
928
928
924
928
932
938
948
950
948
946
958
958
950
956
960
960
962
960
964
962
964
960
960
952
946
940
942
934
934
934
932
926
934
932
924
920
920
916
918
908
904
912
918
912
914
922
922
924
932
932
942
952
952
952
950
952
950
946
944
936
940
930
930
920
916
924
922
926
920
920
920
924
928
932
934
934
932
928
932
942
948
948
946
950
948
946
950
948
948
948
948
948
950
946
944
932
928
926
932
928
930
934
938
944
954
948
954
954
960
956
952
954
960
958
958
962
968
966
972
976
982
986
982
982
976
976
978
978
968
962
962
964
970
972
966
958
954
952
952
948
960
956
968
970
966
974
980
982
976
974
972
972
966
960
960
956
958
948
954
954
950
950
950
954
954
956
956
950
958
960
958
956
948
948
950
954
956
958
960
958
974
982
984
986
982
978
984
996
1000
1002
1004
1010
1014
1018
1016
1018
1012
1002
1004
1010
1008
998
990
984
986
988
990
990
988
974
982
990
988
994
982
976
978
976
976
972
964
972
978
982
984
978
990
988
980
978
980
980
980
984
984
980
976
980
982
976
972
980
966
954
952
952
952
946
958
960
956
954
950
950
952
942
950
952
960
966
974
972
972
970
978
976
982
980
970
958
946
950
954
956
960
962
958
954
950
950
950
954
954
952
952
960
958
958
954
952
944
946
948
952
942
932
934
930
936
942
942
938
936
932
928
920
918
916
914
922
918
920
916
926
920
916
916
920
924
924
924
922
912
908
918
922
922
926
928
918
920
912
910
912
908
920
926
928
918
918
922
926
918
914
922
928
924
940
930
924
922
922
926
926
924
926
934
928
928
936
938
936
938
944
946
950
948
956
952
944
940
950
950
956
954
958
954
964
966
962
956
958
956
950
950
960
962
958
954
954
954
950
952
952
948
950
946
940
934
932
936
938
936
940
936
928
930
930
930
924
932
928
926
934
938
936
940
946
942
946
942
940
940
942
950
942
948
938
940
948
942
940
942
934
936
928
928
926
930
938
940
936
924
930
926
926
920
908
912
904
908
912
916
914
912
912
912
902
896
898
896
888
894
896
892
896
900
900
910
906
900
896
894
886
878
876
876
876
872
878
880
878
882
878
880
882
882
878
876
884
886
890
890
884
880
878
872
874
884
892
890
890
880
874
876
876
878
884
890
886
888
888
886
884
882
880
872
872
868
866
866
872
872
864
876
876
874
870
878
894
892
892
880
878
866
866
868
862
866
862
860
860
858
860
860
864
864
858
860
860
866
860
864
860
864
868
864
858
870
868
868
864
866
866
860
864
870
866
866
870
870
870
866
862
862
870
880
886
884
894
892
896
890
898
888
888
886
886
884
902
906
898
900
898
900
892
882
876
880
876
874
874
868
864
856
860
856
862
860
870
870
882
880
884
880
880
886
888
888
876
872
876
886
886
888
892
892
890
898
900
908
908
912
916
910
916
914
902
900
900
906
904
906
910
912
912
908
908
904
900
906
902
902
914
924
916
916
900
902
900
900
900
902
914
918
914
916
908
912
910
900
898
902
902
896
902
904
904
894
892
890
886
886
886
880
886
896
894
888
888
886
878
876
878
872
874
862
868
870
872
886
884
880
878
880
880
878
886
892
896
898
900
904
900
898
896
896
892
898
892
890
894
894
892
880
892
886
892
902
894
900
902
896
896
900
904
894
894
892
894
904
902
914
908
908
908
910
908
900
898
906
908
904
904
900
904
898
904
894
888
886
882
886
890
888
888
890
886
888
884
880
878
878
874
878
878
878
864
860
854
854
852
850
842
848
848
850
846
844
842
838
842
836
