-2623
-2621
-2619
-2617
-2617
-2617
-2617
-2617
-2605
-2599
-2597
-2587
-2581
-2571
-2567
-2563
-2559
-2555
-2553
-2545
-2543
-2529
-2529
-2523
-2515
-2505
-2497
-2493
-2485
-2479
-2475
-2471
-2471
-2459
-2451
-2449
-2443
-2435
-2435
-2429
-2421
-2407
-2399
-2387
-2385
-2387
-2379
-2369
-2359
-2359
-2351
-2347
-2343
-2343
-2329
-2333
-2321
-2325
-2315
-2303
-2297
-2289
-2279
-2273
-2273
-2275
-2257
-2245
-2237
-2235
-2223
-2217
-2207
-2207
-2207
-2203
-2205
-2205
-2205
-2199
-2199
-2197
-2187
-2171
-2173
-2167
-2165
-2153
-2147
-2149
-2141
-2139
-2127
-2121
-2117
-2117
-2105
-2099
-2095
-2095
-2087
-2089
-2079
-2073
-2073
-2069
-2057
-2057
-2041
-2045
-2049
-2039
-2029
-2019
-2013
-2013
-1999
-1993
-1983
-1971
-1957
-1943
-1933
-1933
-1933
-1933
-1923
-1915
-1913
-1907
-1909
-1917
-1913
-1913
-1915
-1905
-1903
-1903
-1895
-1895
-1895
-1891
-1881
-1871
-1865
-1853
-1845
-1833
-1833
-1837
-1837
-1829
-1817
-1825
-1823
-1825
-1825
-1823
-1817
-1807
-1801
-1795
-1797
-1785
-1777
-1779
-1771
-1759
-1751
-1751
-1745
-1747
-1733
-1717
-1715
-1705
-1689
-1685
-1681
-1677
-1671
-1663
-1659
-1651
-1647
-1641
-1643
-1639
-1639
-1639
-1631
-1625
-1627
-1623
-1619
-1607
-1603
-1603
-1597
-1597
-1605
-1603
-1599
-1599
-1605
-1597
-1597
-1585
-1583
-1579
-1577
-1569
-1575
-1575
-1571
-1571
-1565
-1581
-1581
-1583
-1583
-1577
-1583
-1583
-1587
-1579
-1579
-1575
-1575
-1571
-1573
-1565
-1565
-1555
-1561
-1563
-1561
-1549
-1549
-1549
-1545
-1541
-1551
-1551
-1543
-1531
-1521
-1515
-1515
-1511
-1511
-1511
-1515
-1509
-1507
-1499
-1511
-1499
-1503
-1495
-1499
-1495
-1485
-1483
-1481
-1469
-1473
-1469
-1469
-1471
-1459
-1451
-1435
-1429
-1423
-1415
-1403
-1395
-1387
-1379
-1369
-1367
-1367
-1371
-1369
-1369
-1363
-1365
-1359
-1345
-1339
-1329
-1327
-1321
-1321
-1321
-1319
-1315
-1313
-1315
-1309
-1303
-1295
-1289
-1287
-1287
-1291
-1279
-1277
-1277
-1277
-1269
-1259
-1249
-1247
-1241
-1237
-1237
-1227
-1227
-1235
-1235
-1235
-1235
-1237
-1239
-1239
-1237
-1235
-1227
-1229
-1223
-1221
-1229
-1219
-1219
-1213
-1215
-1215
-1209
-1197
-1193
-1191
-1181
-1181
-1181
-1179
-1191
-1179
-1169
-1167
-1169
-1173
-1161
-1155
-1151
-1155
-1141
-1135
-1125
-1115
-1105
-1101
-1105
-1097
-1089
-1085
-1091
-1091
-1083
-1087
-1087
-1087
-1085
-1087
-1081
-1079
-1079
-1075
-1075
-1075
-1081
-1083
-1083
-1085
-1089
-1075
-1069
-1069
-1069
-1071
-1079
-1079
-1071
-1071
-1075
-1073
-1073
-1077
-1065
-1053
-1045
-1031
-1025
-1019
-1009
-997
-989
-983
-975
-969
-965
-955
-949
-949
-943
-931
-929
-925
-917
-921
-913
-905
-903
-901
-899
-889
-881
-869
-871
-871
-871
-875
-875
-875
-867
-869
-871
-867
-865
-865
-869
-855
-853
-843
-837
-829
-821
-821
-821
-811
-817
-821
-811
-813
-817
-813
-799
-799
-799
-793
-789
-781
-779
-781
-781
-783
-783
-783
-783
-781
-795
-793
-779
-781
-781
-779
-773
-767
-767
-767
-761
-761
-763
-763
-767
-759
-753
-745
-735
-739
-749
-751
-763
-763
-767
-763
-763
-755
-743
-747
-747
-743
-743
-735
-737
-737
-727
-725
-727
-729
-747
-753
-753
-753
-747
-747
-743
-747
-751
-743
-745
-737
-739
-737
-731
-731
-729
-727
-725
-731
-731
-725
-729
-727
-717
-723
-719
-721
-721
-715
-709
-705
-695
-695
-697
-683
-683
-679
-683
-683
-683
-679
-679
-681
-679
-679
-677
-681
-665
-661
-659
-655
-653
-653
-647
-651
-651
-651
-649
-641
-635
-635
-637
-631
-623
-625
-625
-619
-615
-619
-625
-619
-609
-609
-603
-599
-601
-599
-597
-591
-591
-583
-585
-587
-569
-573
-579
-573
-565
-565
-561
-565
-557
-557
-555
-555
-553
-539
-541
-549
-541
-541
-535
-541
-541
-547
-545
-541
-533
-533
-527
-525
-525
-523
-525
-513
-513
-511
-511
-513
-515
-505
-495
-493
-491
-495
-495
-493
-491
-497
-497
-507
-501
-497
-489
-489
-491
-483
-493
-493
-499
-501
-501
-491
-491
-481
-483
-485
-491
-487
-481
-489
-483
-475
-481
-477
-481
-483
-481
-479
-467
-473
-483
-481
-471
-471
-471
-471
-473
-479
-475
-475
-475
-477
-475
-481
-479
-479
-469
-465
-461
-455
-455
-451
-449
-465
-467
-463
-459
-463
-471
-471
-467
-457
-455
-455
-449
-445
-445
-445
-437
-431
-423
-423
-419
-407
-407
-397
-385
-389
-393
-393
-389
-393
-389
-397
-397
-389
-383
-385
-389
-379
-367
-371
-365
-367
-359
-359
-359
-357
-353
-359
-357
-353
-341
-341
-341
-331
-337
-337
-337
-337
-335
-337
-333
-339
-337
-331
-331
-329
-323
-323
-323
-317
-317
-309
-309
-305
-305
-297
-299
-305
-305
-305
-305
-299
-297
-303
-297
-293
-295
-295
-307
-301
-307
-309
-317
-305
-301
-301
-299
-301
-303
-303
-303
-299
-291
-285
-285
-287
-279
-275
-275
-279
-279
-279
-279
-287
-289
-285
-285
-285
-275
-271
-277
-271
-257
-257
-257
-259
-249
-243
-241
-249
-249
-255
-263
-265
-275
-275
-275
-277
-283
-289
-291
-291
-281
-279
-277
-271
-275
-279
-273
-273
-271
-263
-261
-267
-275
-267
-273
-279
-271
-267
-267
-263
-263
-269
-271
-277
-275
-283
-283
-283
-279
-273
-277
-277
-279
-275
-269
-267
-267
-267
-265
-265
-257
-249
-243
-241
-245
-243
-235
-235
-239
-235
-223
-211
-209
-211
-213
-213
-213
-223
-227
-227
-225
-225
-217
-217
-225
-225
-219
-215
-211
-209
-209
-205
-205
-217
-225
-223
-223
-223
-225
-225
-223
-235
-239
-239
-241
-241
-241
-225
-219
-219
-221
-223
-217
-217
-217
-209
-203
-207
-203
-201
-201
-205
-209
-221
-211
-207
-213
-209
-203
-195
-183
-171
-187
-177
-177
-167
-165
-171
-163
-163
-163
-161
-165
-167
-155
-155
-155
-159
-155
-149
-149
-149
-147
-155
-159
-159
-173
-179
-169
-171
-167
-161
-169
-167
-171
-175
-177
-173
-171
-175
-177
-175
-173
-177
-179
-179
-189
-193
-193
-191
-197
-191
-197
-199
-193
-201
-199
-199
-199
-197
-197
-197
-203
-199
-201
-197
-197
-189
-197
-193
-189
-199
-197
-201
-193
-193
-195
-187
-185
-179
-179
-179
-167
-161
-161
-161
-161
-161
-155
-163
-165
-173
-171
-177
-173
-175
-171
-181
-177
-165
-155
-151
-151
-151
-151
-151
-155
-149
-147
-143
-143
-141
-135
-133
-133
-125
-123
-121
-115
-113
-109
-109
-105
-99
-93
-97
-101
-93
-87
-83
-89
-87
-95
-95
-99
-99
-99
-97
-93
-85
-83
-89
-83
-79
-73
-75
-67
-61
-59
-59
-71
-65
-79
-77
-77
-77
-71
-71
-75
-77
-77
-73
-69
-65
-65
-63
-57
-57
-59
-61
-57
-59
-59
-63
-67
-73
-77
-77
-77
-75
-67
-63
-61
-65
-55
-55
-57
-53
-53
-55
-59
-57
-61
-61
-63
-65
-65
-61
-63
-71
-63
-73
-73
-65
-67
-67
-65
-63
-61
-61
-61
-63
-51
-45
-35
-35
-29
-23
-23
-31
-33
-33
-39
-37
-39
-37
-37
-33
-33
-35
-39
-41
-41
-45
-45
-49
-51
-51
-49
-45
-49
-41
-45
-47
-53
-51
-57
-55
-61
-61
-55
-55
-55
-53
-45
-39
-39
-39
-39
-35
-27
-19
-21
-17
-21
-19
-27
-27
-29
-21
-17
-23
-29
-25
-23
-23
-23
-23
-23
-21
-21
-23
-21
-21
-19
-23
-33
-35
-25
-27
-15
-15
-23
-23
-19
-19
-19
-13
-17
-13
-7
-3
-11
-11
-7
-7
-5
-3
9
9
21
17
13
13
9
15
13
17
-1
3
3
3
5
-1
-9
-17
-13
-21
-21
-15
-13
-3
-11
-9
-9
-3
-11
-11
-11
-3
-7
1
1
1
1
9
7
21
19
25
23
29
25
21
23
11
19
21
17
21
19
15
23
17
17
9
9
9
5
15
13
15
21
29
29
29
19
19
23
23
13
17
17
13
19
19
21
21
19
21
23
23
17
15
19
13
17
21
21
25
23
21
21
21
17
21
21
25
35
41
33
35
41
43
39
43
37
37
35
35
43
43
39
39
43
43
39
39
43
37
27
21
27
25
25
21
21
15
9
13
15
15
13
15
17
19
25
27
19
27
27
27
25
17
11
-1
-1
-7
-5
-13
-9
-9
-9
-7
-11
-5
-11
-15
-11
-7
-3
-5
5
5
7
17
11
5
1
9
11
13
13
7
7
13
15
7
1
1
-5
5
5
5
-3
1
5
9
13
23
23
9
9
11
7
5
5
-1
5
7
15
13
5
3
5
-3
-11
-3
-3
-7
-3
1
-7
1
3
5
1
5
11
23
23
19
19
19
21
27
23
25
33
29
33
29
33
41
49
49
49
53
49
43
47
51
49
53
47
47
45
45
57
57
51
55
57
61
69
63
69
65
67
67
67
67
69
73
61
63
55
49
49
45
47
47
43
37
41
41
35
39
49
49
49
49
43
49
53
43
49
41
41
37
33
35
35
33
33
31
41
47
55
61
65
69
69
69
69
71
59
51
51
57
57
57
51
59
67
63
65
61
67
71
71
71
63
63
59
55
53
53
55
59
59
61
63
71
77
75
75
73
77
75
75
71
71
71
65
59
59
67
75
83
85
79
83
89
87
81
85
77
77
77
85
87
87
85
89
89
89
91
91
91
89
95
95
93
97
97
103
99
103
107
109
115
109
107
109
105
103
97
101
97
99
101
99
91
83
87
87
97
107
109
111
105
103
103
101
97
101
99
99
103
103
107
107
103
101
99
97
87
87
91
89
91
97
103
97
97
103
109
115
109
111
109
105
105
105
99
93
87
99
97
93
95
101
99
99
103
105
101
109
111
105
119
119
119
119
115
115
119
121
121
129
127
129
133
141
135
131
123
123
123
123
121
127
137
137
139
139
149
149
149
161
167
157
157
173
171
169
165
159
167
167
181
185
179
179
175
181
179
177
181
185
185
179
181
171
163
151
147
149
149
149
149
151
147
141
133
133
133
141
143
147
149
143
131
127
127
135
135
135
135
135
129
129
135
131
121
121
121
117
107
111
103
89
89
87
95
97
101
99
101
97
97
95
99
103
119
135
135
143
147
145
145
145
143
147
153
165
161
175
177
179
179
179
181
181
179
171
173
167
167
165
167
175
181
183
189
197
197
191
187
187
183
183
183
179
173
177
177
179
183
179
173
175
171
173
179
175
175
175
175
171
169
169
169
167
163
177
187
199
201
201
209
197
193
193
197
199
207
195
195
189
189
189
189
189
187
183
179
175
179
187
187
179
189
193
201
201
189
181
177
169
167
167
169
175
177
179
173
175
181
185
181
181
175
175
177
181
177
179
185
193
187
199
207
193
193
189
195
195
193
207
213
213
205
199
199
205
205
201
193
193
191
201
199
197
201
197
195
203
203
213
213
209
215
211
209
207
205
205
209
205
209
209
217
211
217
217
217
209
219
217
219
211
213
213
213
213
217
213
213
207
217
217
219
229
223
227
233
237
237
239
239
239
247
253
247
245
245
255
247
253
245
231
237
225
219
217
221
223
217
217
231
225
223
227
229
231
239
239
235
237
239
235
231
235
245
245
243
239
239
239
239
241
245
243
239
239
239
239
247
243
239
243
243
231
233
235
241
241
233
223
223
223
223
233
233
227
231
229
229
231
237
241
237
237
237
245
249
245
253
251
253
243
243
251
263
261
255
267
273
287
277
273
277
283
275
267
275
271
273
273
277
277
267
261
263
271
271
263
263
257
247
247
243
253
247
249
243
239
229
229
229
227
227
221
221
219
219
209
215
211
209
211
205
201
207
211
205
205
211
221
221
215
209
213
209
209
213
215
221
231
229
229
229
227
223
233
241
241
241
237
241
245
245
245
243
235
241
243
239
239
235
247
247
249
243
245
253
259
259
253
251
249
253
253
255
251
259
259
261
263
263
265
265
265
265
267
267
267
261
261
269
263
261
261
259
259
259
263
273
275
283
283
277
271
271
273
273
265
261
261
259
255
247
261
253
247
243
251
249
249
257
255
253
257
259
247
253
259
267
271
271
271
263
263
267
273
281
285
289
299
295
293
283
281
277
267
269
275
277
269
273
269
263
259
257
259
257
263
265
263
261
261
257
259
257
261
267
271
275
275
279
279
287
291
293
293
287
283
279
281
283
289
281
271
271
271
271
267
267
269
275
267
273
279
285
285
279
283
283
283
291
285
287
277
281
285
285
283
283
289
285
285
289
289
295
299
301
305
305
297
295
299
303
313
303
303
311
311
297
295
291
289
289
277
275
283
279
285
283
287
285
289
293
289
289
291
287
291
291
295
287
281
275
275
275
275
271
273
267
267
267
275
275
269
275
283
283
275
279
283
279
283
279
279
277
273
269
263
259
263
271
269
271
271
271
271
279
281
277
279
279
277
277
279
283
283
283
283
283
283
283
281
289
295
291
289
297
305
313
313
313
313
313
301
291
285
285
287
283
275
273
279
275
281
279
289
289
287
287
287
295
285
281
285
283
293
291
291
291
289
281
277
285
291
291
299
293
295
291
293
295
289
291
291
295
295
293
303
301
299
297
295
303
305
303
305
305
305
309
309
313
311
311
297
297
301
289
285
295
305
305
297
287
293
293
291
291
291
295
283
275
277
277
285
291
285
289
289
283
281
285
285
271
267
271
267
267
263
263
259
255
253
265
257
259
259
263
263
269
281
289
281
271
277
261
255
257
255
253
259
259
253
253
255
253
257
259
263
275
263
267
261
261
255
255
255
257
257
265
261
261
257
257
257
257
257
255
257
253
261
257
259
265
263
263
263
259
263
263
257
253
245
245
239
243
243
249
245
241
239
235
235
233
245
249
245
247
247
249
243
247
239
239
229
233
237
241
241
241
235
243
245
241
245
251
235
233
233
233
235
227
219
215
207
203
207
215
213
209
207
205
205
209
211
215
225
225
221
221
227
233
233
231
227
221
223
223
231
227
225
223
223
229
225
221
219
213
207
207
207
211
221
217
221
219
219
221
215
213
215
215
211
221
213
201
195
197
197
191
195
191
197
195
187
197
193
191
195
195
195
195
195
191
191
181
181
179
177
179
185
181
177
181
181
177
177
179
191
193
195
193
193
187
177
179
181
181
181
181
185
173
169
173
169
171
175
177
173
173
169
171
167
169
173
165
165
167
167
175
175
177
177
181
175
175
179
185
183
189
189
197
197
205
209
217
207
211
219
221
217
227
225
223
219
229
229
231
235
233
231
223
223
217
215
215
215
225
227
217
221
221
211
211
223
223
211
213
219
215
221
229
229
233
243
239
229
233
239
243
235
231
231
231
237
231
231
231
239
235
229
235
239
239
239
241
241
247
245
247
243
243
245
253
245
241
241
237
239
245
253
257
263
265
263
267
267
269
267
259
265
271
273
267
267
263
267
275
271
277
285
289
289
287
287
285
285
283
285
291
293
299
295
295
301
305
307
313
319
325
333
335
337
351
353
351
351
339
337
337
337
335
343
355
361
351
351
345
347
337
335
325
327
325
321
325
319
325
325
331
341
335
327
325
325
325
333
339
343
331
327
327
321
325
313
313
305
307
313
309
317
325
323
323
321
329
331
331
337
329
325
319
323
323
323
321
321
317
309
309
305
305
317
317
317
323
329
315
317
317
319
319
323
321
323
317
317
325
321
319
327
329
323
321
331
335
347
349
349
345
345
345
341
335
325
317
313
317
325
327
327
327
325
319
319
317
315
313
315
315
307
309
305
307
307
301
303
299
303
305
303
303
307
313
309
309
307
301
303
301
297
297
293
285
275
275
275
281
275
275
269
265
265
259
255
259
269
267
265
275
275
269
269
265
269
275
279
271
281
287
281
289
289
297
297
297
301
297
291
291
289
289
285
281
275
277
267
265
265
265
257
259
259
253
257
257
255
253
257
255
257
257
257
257
259
259
261
261
273
271
271
269
273
273
277
277
271
279
271
269
261
261
259
269
267
263
263
263
253
249
243
235
233
219
215
219
211
209
201
205
205
197
191
187
187
187
189
189
195
191
191
189
193
201
209
201
201
209
211
215
217
215
225
231
231
235
237
245
253
249
255
259
265
273
273
277
271
267
271
283
281
271
271
269
279
281
277
283
281
281
287
289
281
281
277
279
281
281
279
273
273
269
269
269
269
279
281
281
279
283
283
285
291
289
283
287
287
291
289
285
285
285
283
287
287
285
289
295
301
299
299
303
305
301
299
303
303
301
299
293
293
293
285
287
287
289
299
305
305
305
303
303
309
305
297
293
305
303
295
295
299
303
305
303
293
281
279
277
271
273
275
275
273
287
281
283
285
287
293
307
305
299
293
293
291
293
293
287
279
277
281
281
281
287
295
291
283
281
269
267
267
257
259
259
259
259
263
255
253
253
249
249
249
243
241
237
241
235
235
237
231
231
235
235
235
235
237
231
237
237
245
235
233
243
235
235
223
225
225
231
235
235
243
239
241
231
223
219
221
217
217
227
223
217
219
225
217
219
221
217
215
215
215
215
217
219
219
223
225
243
247
247
251
247
245
243
243
241
231
235
225
225
221
227
225
219
213
213
211
209
215
215
213
213
211
207
207
205
205
201
203
207
209
215
211
205
193
191
199
191
193
183
177
179
179
177
177
183
181
181
179
187
187
191
187
193
197
199
193
193
193
193
197
193
193
193
195
193
187
187
193
193
199
193
193
179
179
183
187
187
193
201
199
199
195
195
203
203
191
199
197
195
195
197
201
197
201
189
189
197
191
191
189
197
203
203
209
209
209
209
201
199
199
191
195
185
183
183
187
193
193
199
197
191
193
201
207
203
203
195
195
203
203
195
187
185
185
175
169
167
165
165
163
165
161
171
163
167
173
173
163
165
167
169
169
165
157
155
157
163
171
175
173
175
175
167
167
175
167
167
171
171
163
163
163
173
175
175
171
169
165
159
157
161
159
165
165
175
167
171
175
173
173
163
161
165
163
161
149
149
159
153
149
149
155
161
161
159
155
151
143
139
139
139
131
131
133
129
133
133
137
141
129
121
115
115
113
113
103
97
101
101
111
107
107
107
117
125
131
135
125
115
115
109
105
105
105
99
99
111
105
105
103
97
89
83
81
87
87
81
89
89
89
83
77
81
83
95
87
91
89
93
83
75
77
73
77
83
73
73
63
65
67
65
69
69
67
65
69
69
67
61
53
49
43
41
49
49
49
49
55
53
63
63
53
55
61
71
73
81
79
79
85
83
79
87
89
79
71
71
79
77
79
83
83
81
83
73
75
77
71
79
73
73
81
79
79
79
69
69
59
67
65
65
63
65
59
57
61
61
71
71
65
57
55
43
47
47
43
49
51
53
49
55
53
55
55
53
51
45
53
55
53
59
53
59
69
77
79
75
71
73
75
79
77
73
69
69
67
67
71
65
57
67
67
67
65
65
63
67
63
65
63
63
67
71
67
61
65
59
57
65
67
65
61
67
63
63
61
63
67
67
57
49
49
53
49
57
57
59
57
55
49
49
49
49
49
51
55
61
63
61
61
69
69
67
67
69
61
61
61
65
63
71
75
75
75
75
79
73
71
71
75
81
87
85
83
77
75
75
73
77
75
83
83
83
81
73
73
75
77
79
77
77
75
73
73
69
75
79
85
79
87
93
89
89
91
99
99
91
91
87
83
81
87
85
83
85
81
83
91
95
99
97
97
107
105
107
107
99
99
103
103
111
103
105
113
111
101
95
97
89
93
91
89
85
89
93
101
105
99
111
115
127
131
129
139
139
145
151
151
151
149
153
153
143
137
135
129
127
121
115
117
113
119
121
117
115
119
123
127
125
121
123
125
125
123
121
119
119
121
119
115
117
117
117
115
117
123
117
121
127
129
127
133
131
125
133
133
137
139
135
133
135
141
141
137
137
145
143
141
143
137
131
131
133
137
133
135
137
129
131
137
145
147
149
149
149
143
143
143
145
143
149
145
145
145
143
149
149
145
147
151
163
163
159
163
163
165
167
161
163
179
183
173
177
169
167
173
173
181
165
165
173
177
179
183
183
187
177
169
169
171
181
181
177
183
183
179
177
185
183
181
173
177
173
173
175
169
181
173
179
181
183
187
193
191
187
191
197
197
207
201
203
211
217
209
209
207
199
191
191
185
181
183
185
185
183
179
179
179
179
185
185
181
177
173
175
181
179
179
187
187
195
189
185
185
183
183
183
179
183
189
191
195
191
187
185
181
189
189
185
185
183
183
181
181
187
177
181
181
181
177
179
175
179
177
187
183
185
175
175
177
171
175
177
169
169
169
161
151
153
153
167
175
173
179
175
173
175
187
187
179
169
175
171
167
163
159
159
163
163
149
149
149
153
153
159
163
171
179
177
179
181
181
171
157
157
151
153
153
157
157
165
161
159
153
143
143
147
155
155
151
147
143
143
139
143
137
135
131
131
131
129
123
123
117
119
125
127
125
125
131
135
129
131
127
129
133
131
143
139
147
141
151
149
157
157
157
151
155
161
155
159
161
159
159
161
155
153
155
157
153
157
155
159
153
147
137
139
141
133
133
127
125
125
135
135
135
129
127
123
123
115
111
111
119
109
105
111
111
113
111
115
119
105
103
105
105
105
105
95
101
105
99
103
99
95
95
95
97
87
91
93
93
97
95
97
101
111
111
113
115
115
115
121
121
127
127
127
133
129
125
125
123
123
127
129
131
131
131
137
141
143
135
135
127
133
135
135
141
137
135
139
133
133
127
123
133
123
123
127
125
123
121
121
123
135
139
139
147
143
143
145
153
153
153
155
149
151
153
159
155
155
151
149
145
139
141
143
141
143
151
155
157
161
157
153
163
163
155
155
153
151
151
151
159
153
159
165
163
161
159
167
153
153
155
155
165
157
163
163
175
175
165
171
175
173
181
183
189
183
189
199
209
213
209
209
209
209
219
221
221
223
221
225
229
229
223
211
209
221
223
223
215
225
225
225
229
235
235
229
229
229
227
223
225
223
225
225
221
221
211
211
209
201
201
207
209
209
209
209
213
217
213
207
203
215
219
217
225
225
213
209
209
213
219
219
225
235
233
231
233
231
219
217
207
211
209
209
205
203
203
203
193
193
193
193
189
191
179
179
181
181
181
177
175
173
179
185
185
185
177
189
187
187
189
177
177
171
173
169
169
165
161
161
161
157
157
157
155
155
159
157
157
169
165
167
165
165
171
165
165
165
163
157
149
149
147
141
145
145
139
139
143
143
151
145
135
135
139
139
143
149
141
135
145
149
145
151
161
161
167
171
171
163
163
163
167
171
183
179
179
181
175
173
171
161
161
155
153
153
149
153
159
167
165
165
165
161
163
159
159
157
157
159
155
147
151
155
147
137
135
139
133
127
119
121
123
135
135
131
131
123
125
123
129
121
113
121
119
119
103
103
111
105
103
103
113
111
109
103
103
97
97
97
101
107
115
125
119
119
119
125
121
125
125
129
127
133
135
127
127
127
131
133
123
123
123
121
127
129
129
129
129
135
135
133
141
155
159
163
163
167
155
157
155
151
159
155
157
155
155
159
161
153
151
151
149
145
157
161
171
169
177
177
177
181
181
185
177
179
171
173
163
163
159
159
161
157
157
159
159
171
171
167
167
163
163
157
163
157
153
157
157
171
171
177
177
173
171
175
169
177
175
175
175
181
183
183
183
179
179
177
181
181
185
179
185
193
189
191
199
195
195
183
183
187
181
179
187
187
175
175
173
175
179
177
177
175
175
167
167
163
161
165
169
165
163
169
181
181
181
181
179
181
179
177
171
175
167
167
165
165
163
165
175
171
173
175
173
173
185
187
187
181
173
169
163
175
179
189
189
179
177
179
179
179
183
183
181
187
193
181
181
181
183
189
191
189
189
189
189
191
197
201
191
187
189
183
193
185
185
183
195
203
209
209
217
217
221
225
233
227
225
223
219
213
207
205
207
207
205
205
201
201
195
199
199
199
201
199
199
207
207
209
213
213
207
207
209
207
203
199
209
209
203
197
201
195
193
193
187
175
173
173
175
175
173
171
169
167
159
159
155
155
159
159
147
151
153
159
157
157
165
173
167
167
165
155
159
157
151
163
167
177
179
179
183
183
177
181
179
185
187
189
179
179
185
181
185
197
207
207
205
205
201
191
193
195
189
187
193
205
201
201
199
207
207
203
203
205
205
211
199
201
201
207
199
199
209
211
209
215
213
215
217
219
213
209
207
195
195
195
195
193
193
189
189
189
185
185
185
173
173
175
179
173
175
171
171
169
169
167
167
165
161
169
171
173
183
183
191
189
189
195
203
201
201
205
207
215
215
225
229
229
233
237
231
235
225
229
233
231
233
233
227
229
231
237
237
247
245
255
253
243
243
229
223
227
225
225
223
223
225
223
223
233
237
237
241
241
239
231
225
225
229
229
227
225
231
233
235
235
231
227
227
231
235
239
235
231
231
231
231
233
233
237
233
229
223
225
227
225
213
199
203
209
203
195
205
207
203
205
205
213
221
229
223
223
213
217
217
219
229
231
225
229
231
231
241
241
239
237
233
233
239
245
245
239
243
249
239
239
239
245
241
241
245
243
249
245
237
231
235
237
243
243
235
235
233
237
237
241
251
255
257
261
273
271
269
269
269
271
265
265
267
273
281
281
283
279
277
271
271
271
275
275
279
279
287
285
287
293
301
303
293
293
289
287
293
285
281
271
279
281
277
287
281
285
285
285
277
287
281
275
283
281
281
281
283
279
281
285
279
275
275
271
263
257
263
257
255
255
251
253
255
259
253
247
247
245
241
243
251
251
245
245
245
245
239
233
233
241
241
239
245
239
237
249
251
251
247
239
231
237
237
237
235
235
229
227
227
225
225
225
233
231
237
237
243
239
229
229
235
227
225
215
219
221
219
215
213
213
217
211
201
189
189
189
177
179
179
177
173
173
173
169
165
163
157
159
161
169
173
177
179
185
181
183
181
179
163
159
167
169
171
171
171
167
157
163
163
155
157
155
155
165
167
169
165
165
165
163
157
155
161
155
161
163
167
163
163
157
157
159
161
163
169
165
163
161
165
165
171
167
177
175
183
179
189
193
197
197
199
203
199
199
203
199
197
211
215
221
225
225
227
229
231
227
225
225
227
229
229
219
219
219
221
225
221
223
219
219
227
229
233
237
233
237
237
237
237
235
241
243
241
243
237
233
229
229
219
215
203
205
205
201
199
201
201
209
205
205
203
199
197
193
195
185
181
185
191
199
205
207
205
201
193
189
197
203
207
219
225
227
219
217
215
211
217
221
215
223
235
235
231
231
225
227
223
221
217
223
221
221
211
211
217
221
217
215
225
213
217
211
215
215
223
217
229
227
227
227
227
227
227
229
229
231
223
215
219
229
225
235
241
239
233
225
227
235
231
233
229
233
233
239
237
239
247
243
239
239
233
241
239
241
239
239
239
235
237
233
231
231
229
229
229
233
233
231
223
221
229
223
225
227
225
223
219
219
219
217
225
229
231
229
225
227
229
229
231
239
243
245
255
267
267
267
267
269
261
269
281
283
281
281
283
281
289
289
283
283
287
281
277
273
277
275
281
281
275
275
267
271
271
269
265
265
263
261
259
263
269
269
265
269
265
261
263
263
265
265
273
277
279
277
277
277
281
279
279
277
275
271
271
277
285
289
287
293
293
289
293
301
301
301
303
303
303
303
313
315
313
319
323
329
321
319
313
315
317
325
327
327
321
317
325
331
331
325
329
327
325
331
331
327
317
317
317
327
327
331
337
329
333
329
327
327
321
315
315
311
311
321
313
317
317
323
327
323
335
333
335
335
337
333
339
335
347
341
333
335
335
339
337
329
331
331
335
337
333
335
337
333
341
339
347
339
341
341
335
337
339
343
339
337
335
339
333
337
325
325
325
317
311
311
317
311
313
313
313
309
313
309
315
311
303
305
305
309
315
317
321
315
313
313
313
309
305
301
297
289
289
297
297
297
297
309
309
315
317
307
313
311
317
317
317
313
315
321
315
311
303
299
299
287
293
301
303
303
307
309
311
305
303
301
299
295
301
303
301
301
299
297
297
297
293
287
287
289
289
289
289
273
269
265
265
261
261
255
249
255
239
239
243
243
231
231
229
237
237
239
237
233
221
229
233
235
223
231
231
225
217
213
211
211
209
209
201
203
201
203
203
205
205
211
219
219
219
217
219
219
223
223
223
227
227
229
233
233
237
231
233
231
233
243
251
257
259
255
255
253
255
249
257
255
259
259
261
263
267
271
263
269
269
275
285
283
289
295
293
301
305
315
309
317
331
335
339
339
337
337
347
345
343
337
331
335
335
337
337
337
341
341
333
339
345
349
345
331
327
331
323
325
325
319
315
307
309
301
301
305
305
301
291
287
271
263
273
273
275
275
275
277
283
279
285
295
293
295
293
291
299
291
289
289
299
291
289
289
295
295
299
305
307
307
297
301
301
301
297
291
297
301
295
293
293
289
293
293
295
295
295
293
285
289
289
281
271
259
259
253
251
251
241
247
245
249
245
249
249
249
253
259
261
269
271
267
263
261
261
263
265
269
273
273
283
287
283
283
289
283
283
283
281
285
293
295
287
287
289
285
285
281
281
267
261
261
259
259
263
265
257
257
267
271
271
271
273
275
275
273
269
269
255
263
255
257
257
255
257
249
251
245
241
231
239
237
247
259
267
257
261
261
263
271
269
263
263
263
265
265
263
275
265
265
269
271
275
279
279
279
279
265
261
255
249
251
257
253
245
243
243
251
251
245
245
243
235
235
233
239
239
239
239
231
233
229
229
231
231
231
231
229
235
221
227
227
235
239
245
239
231
231
241
243
245
235
231
231
225
225
227
231
237
235
235
229
229
227
223
223
223
219
219
207
207
211
219
221
221
219
219
211
219
215
213
217
217
213
209
207
207
209
209
213
213
213
213
213
213
213
209
211
213
225
227
225
223
215
215
215
215
219
217
217
219
219
219
215
217
225
227
235
239
233
231
235
233
233
229
219
219
217
223
225
221
221
227
221
217
215
215
213
211
211
223
223
217
203
215
207
205
207
205
197
195
189
189
189
185
191
193
185
181
181
187
179
177
177
185
189
195
203
199
195
199
193
189
193
189
187
187
189
191
187
193
193
191
185
181
183
179
185
195
191
197
197
207
213
227
233
231
229
229
231
231
231
231
239
229
235
233
233
225
229
227
227
233
241
237
235
233
229
233
233
237
233
235
239
229
223
223
223
215
215
221
231
227
227
227
223
221
221
225
227
227
227
227
217
219
219
219
215
209
217
217
215
223
223
217
225
231
235
241
235
241
243
247
245
241
231
227
231
231
221
209
217
227
229
229
225
227
215
215
205
209
211
211
209
213
209
209
211
215
215
213
219
221
217
217
215
217
221
219
217
211
211
213
209
217
217
223
223
219
207
215
213
217
215
215
219
227
225
225
223
225
227
223
221
217
217
215
215
215
217
221
215
215
213
221
221
231
231
231
239
239
237
231
233
233
243
239
225
225
227
227
233
237
237
237
233
227
233
233
223
227
221
221
235
227
221
219
219
213
205
201
203
203
199
201
201
201
199
199
201
203
213
201
195
191
191
193
193
195
185
193
193
191
191
191
193
201
189
185
177
179
177
179
185
181
183
181
195
193
193
189
189
193
195
193
203
207
207
205
201
209
221
211
209
215
215
217
213
215
219
209
207
203
205
205
213
219
223
223
221
227
219
219
217
215
229
229
229
221
225
221
225
223
217
215
215
209
203
205
203
203
207
205
207
219
211
211
207
219
217
213
215
207
211
217
211
215
213
213
205
207
201
199
199
199
199
205
207
207
207
205
207
199
209
213
215
211
207
207
203
203
205
207
217
205
207
209
209
209
215
217
215
217
213
217
217
223
221
223
223
219
219
215
215
213
209
221
221
223
221
225
225
225
213
213
217
217
221
221
215
221
219
223
217
213
215
217
223
221
219
223
223
219
219
223
217
225
227
221
231
237
235
235
223
215
217
225
227
219
219
227
227
229
233
235
235
233
235
239
251
255
265
267
267
277
275
271
269
259
251
243
253
257
257
261
263
265
265
265
265
265
263
263
263
265
273
271
263
259
271
271
279
285
291
283
287
293
287
287
285
289
287
287
289
291
291
283
283
277
277
277
281
275
273
279
279
275
275
275
279
279
279
273
277
281
285
279
283
285
277
275
271
283
273
273
267
279
281
283
283
287
285
285
281
279
279
275
275
281
287
275
271
277
277
265
267
267
269
273
273
283
281
281
283
283
283
285
289
283
283
285
289
295
297
293
301
299
299
301
295
293
297
293
295
305
305
305
305
301
303
301
313
309
303
293
289
287
281
269
267
275
263
263
263
257
247
237
237
239
235
235
235
225
223
223
223
227
223
231
235
239
243
241
239
235
241
241
241
243
247
247
243
251
253
257
245
241
243
235
231
231
231
231
227
235
225
217
229
221
231
235
239
233
235
243
247
249
245
247
247
253
259
251
249
247
255
255
245
237
237
235
245
249
245
241
243
253
237
243
237
241
239
231
237
237
237
237
235
235
239
239
249
255
255
243
245
249
247
241
245
245
249
245
235
235
237
243
243
239
239
245
247
235
237
241
243
243
241
237
239
243
233
231
231
235
233
233
239
229
227
223
219
219
225
229
227
223
227
225
231
235
235
235
233
241
251
255
255
255
257
251
245
253
249
245
243
243
243
237
229
219
219
213
211
211
203
207
215
217
219
217
223
219
215
215
215
219
227
233
237
237
231
235
241
243
243
241
243
235
237
231
235
239
239
239
229
233
233
233
235
239
231
229
223
221
229
235
231
229
233
233
233
219
223
231
231
229
223
223
223
223
231
231
231
231
227
227
223
217
223
217
221
221
227
231
231
233
231
231
231
229
237
237
233
237
237
239
235
243
243
245
235
233
239
237
239
235
237
247
249
245
251
259
259
251
247
249
249
241
249
249
247
243
253
253
251
251
251
255
251
251
247
247
249
247
255
263
257
259
267
267
267
267
263
263
269
271
265
273
275
277
277
277
277
285
285
291
287
275
275
273
269
271
267
273
281
281
283
281
277
281
281
273
273
277
287
297
301
305
307
313
313
311
307
307
307
311
307
307
301
303
299
305
297
297
295
295
297
291
281
275
275
273
277
273
277
279
279
279
273
279
279
283
281
277
275
275
281
285
281
281
281
279
291
291
287
287
285
277
263
261
259
261
259
259
259
259
269
275
275
269
261
253
253
251
253
255
253
251
253
255
261
267
257
257
257
261
267
257
257
247
235
235
235
227
229
237
237
239
233
239
239
235
229
225
219
215
215
213
215
211
225
217
219
213
217
227
215
211
201
205
199
207
213
219
211
205
203
207
199
203
203
207
207
215
217
219
219
219
209
207
213
211
203
207
209
211
215
211
209
211
213
213
215
207
209
217
213
215
211
217
225
227
233
233
233
227
227
227
227
221
229
223
225
231
233
241
249
255
257
255
255
255
241
241
247
241
239
235
235
235
229
221
215
205
203
201
209
211
213
221
225
221
219
219
219
223
231
223
227
231
237
241
239
233
229
229
229
221
227
225
229
229
233
233
233
235
237
241
245
241
245
243
247
239
231
229
229
235
243
249
241
229
231
235
241
249
253
251
253
259
259
259
265
267
271
267
267
269
273
267
265
265
265
263
261
249
245
243
233
229
227
221
221
221
213
215
215
219
225
223
225
225
227
223
223
225
225
223
223
231
229
229
225
225
225
223
223
223
221
219
217
221
221
225
223
217
217
207
201
193
205
203
213
217
201
191
199
195
189
187
197
197
187
189
195
195
195
193
193
195
195
195
191
191
197
199
205
207
203
197
185
189
183
189
183
183
185
187
183
183
185
193
195
195
181
179
187
185
193
191
191
191
193
191
191
191
183
177
177
183
183
195
193
195
195
195
199
199
203
207
213
207
215
219
219
221
217
223
221
221
221
209
213
217
217
223
227
227
227
219
227
227
231
229
231
231
229
231
231
229
229
225
229
227
221
225
229
229
229
237
239
241
235
229
235
239
239
237
233
233
235
245
237
227
225
227
225
227
223
229
233
225
217
227
237
229
231
225
231
231
241
245
259
253
257
257
249
249
249
249
247
245
255
249
261
255
259
267
267
267
269
271
275
271
271
271
271
277
277
277
283
283
273
265
267
263
259
251
255
249
245
247
259
261
249
245
241
233
233
227
227
225
223
227
223
223
215
205
209
199
195
187
191
191
185
181
181
185
181
177
175
177
173
173
185
181
175
171
161
161
159
163
163
163
161
171
167
159
155
157
159
167
165
173
171
169
165
157
167
169
167
163
171
177
167
167
163
163
159
163
165
169
169
177
179
171
171
175
169
165
177
171
171
171
169
169
167
173
175
175
181
173
171
169
167
167
161
157
163
163
159
155
151
163
165
159
155
161
157
167
163
165
171
167
167
177
181
181
189
193
187
189
193
189
199
189
189
189
189
185
183
189
179
183
183
189
193
197
197
207
205
197
203
199
199
193
199
193
193
193
195
205
203
199
199
193
201
205
207
205
203
191
199
197
195
195
193
193
205
209
211
205
191
195
193
199
185
185
187
193
193
191
197
201
197
201
193
197
199
193
189
187
187
185
179
189
187
183
181
181
177
185
185
189
193
191
187
189
189
191
183
189
185
181
181
175
173
171
161
157
159
155
155
161
159
161
157
149
149
141
149
153
147
143
135
125
121
131
139
147
145
151
147
149
147
151
155
145
151
149
149
143
147
139
145
143
143
151
141
141
141
147
141
139
143
143
143
139
139
139
135
137
129
123
123
121
123
123
123
127
127
121
119
111
113
111
105
123
123
123
123
117
129
129
129
129
121
131
141
143
145
147
141
141
145
149
149
147
141
137
147
153
155
153
143
141
143
143
151
155
163
157
149
155
161
165
167
177
181
179
171
173
167
167
171
167
165
173
173
171
175
175
173
171
179
179
171
169
173
171
177
179
181
173
177
177
177
173
173
177
173
173
173
181
181
181
177
177
177
181
179
179
183
185
185
193
183
179
179
185
185
197
201
201
209
209
207
207
211
207
207
205
199
199
