-10470
-10464
-10458
-10444
-10442
-10432
-10426
-10422
-10422
-10412
-10402
-10392
-10384
-10378
-10368
-10362
-10360
-10358
-10354
-10348
-10348
-10338
-10328
-10316
-10304
-10298
-10294
-10284
-10284
-10274
-10264
-10254
-10238
-10228
-10216
-10198
-10194
-10188
-10182
-10178
-10176
-10168
-10166
-10160
-10154
-10142
-10140
-10132
-10124
-10120
-10120
-10116
-10108
-10106
-10102
-10100
-10096
-10082
-10070
-10062
-10056
-10042
-10034
-10028
-10020
-10006
-10000
-9994
-9994
-9996
-9996
-9986
-9980
-9978
-9972
-9964
-9958
-9948
-9942
-9938
-9936
-9920
-9910
-9912
-9908
-9900
-9894
-9886
-9870
-9864
-9860
-9858
-9850
-9840
-9836
-9828
-9822
-9812
-9804
-9798
-9794
-9790
-9786
-9786
-9776
-9766
-9760
-9760
-9760
-9744
-9740
-9734
-9728
-9718
-9706
-9698
-9694
-9688
-9680
-9676
-9670
-9660
-9652
-9650
-9648
-9648
-9636
-9638
-9640
-9630
-9618
-9612
-9600
-9606
-9596
-9590
-9580
-9574
-9560
-9548
-9534
-9524
-9522
-9526
-9524
-9522
-9508
-9498
-9488
-9488
-9480
-9472
-9470
-9462
-9458
-9448
-9442
-9440
-9432
-9432
-9420
-9414
-9400
-9398
-9398
-9388
-9380
-9378
-9372
-9372
-9366
-9364
-9354
-9348
-9340
-9332
-9324
-9328
-9318
-9312
-9300
-9290
-9284
-9278
-9270
-9256
-9250
-9234
-9226
-9220
-9212
-9206
-9198
-9200
-9186
-9176
-9174
-9166
-9162
-9152
-9140
-9140
-9134
-9128
-9116
-9110
-9108
-9102
-9104
-9098
-9104
-9092
-9090
-9078
-9068
-9066
-9056
-9050
-9046
-9034
-9032
-9022
-9014
-9004
-8996
-8994
-8980
-8976
-8976
-8968
-8966
-8956
-8946
-8942
-8932
-8924
-8918
-8912
-8906
-8900
-8900
-8892
-8888
-8882
-8884
-8874
-8868
-8864
-8858
-8850
-8838
-8830
-8824
-8820
-8808
-8802
-8796
-8786
-8780
-8772
-8770
-8754
-8752
-8748
-8740
-8734
-8722
-8716
-8714
-8710
-8692
-8684
-8680
-8674
-8676
-8672
-8668
-8662
-8652
-8650
-8650
-8646
-8636
-8630
-8620
-8612
-8604
-8600
-8598
-8590
-8580
-8574
-8558
-8550
-8550
-8544
-8540
-8538
-8528
-8518
-8512
-8502
-8494
-8496
-8490
-8488
-8484
-8470
-8464
-8450
-8450
-8440
-8434
-8436
-8432
-8422
-8416
-8406
-8398
-8398
-8398
-8394
-8388
-8374
-8368
-8368
-8364
-8354
-8348
-8342
-8338
-8328
-8322
-8314
-8308
-8304
-8304
-8298
-8296
-8292
-8290
-8284
-8284
-8278
-8276
-8266
-8264
-8268
-8264
-8258
-8252
-8252
-8246
-8252
-8244
-8232
-8232
-8228
-8222
-8216
-8212
-8206
-8194
-8186
-8176
-8168
-8164
-8158
-8152
-8150
-8142
-8130
-8126
-8124
-8124
-8114
-8104
-8092
-8086
-8086
-8074
-8068
-8054
-8042
-8032
-8026
-8010
-7996
-7994
-7990
-7984
-7974
-7968
-7958
-7956
-7944
-7946
-7932
-7922
-7916
-7910
-7904
-7890
-7884
-7876
-7868
-7862
-7854
-7844
-7840
-7830
-7826
-7818
-7810
-7804
-7796
-7790
-7784
-7780
-7772
-7764
-7758
-7756
-7750
-7736
-7730
-7722
-7710
-7702
-7692
-7682
-7682
-7678
-7670
-7670
-7658
-7666
-7654
-7644
-7652
-7646
-7646
-7644
-7636
-7626
-7628
-7630
-7620
-7612
-7606
-7594
-7594
-7588
-7576
-7568
-7558
-7548
-7536
-7530
-7534
-7526
-7516
-7504
-7492
-7484
-7474
-7470
-7466
-7462
-7458
-7450
-7440
-7434
-7434
-7428
-7428
-7426
-7422
-7412
-7398
-7390
-7396
-7384
-7376
-7370
-7364
-7358
-7352
-7344
-7334
-7328
-7318
-7316
-7310
-7300
-7302
-7300
-7296
-7290
-7288
-7278
-7274
-7268
-7268
-7272
-7268
-7260
-7264
-7258
-7250
-7250
-7250
-7248
-7252
-7244
-7236
-7228
-7224
-7220
-7216
-7212
-7204
-7196
-7192
-7178
-7178
-7184
-7176
-7176
-7166
-7168
-7152
-7146
-7148
-7138
-7128
-7122
-7116
-7110
-7104
-7096
-7102
-7098
-7088
-7082
-7070
-7072
-7070
-7066
-7068
-7062
-7058
-7060
-7060
-7050
-7042
-7032
-7022
-7012
-7008
-7014
-7006
-7008
-6998
-6988
-6986
-6988
-6984
-6974
-6974
-6968
-6964
-6958
-6962
-6952
-6950
-6952
-6952
-6946
-6940
-6940
-6938
-6936
-6938
-6928
-6926
-6918
-6904
-6900
-6896
-6890
-6894
-6890
-6888
-6890
-6884
-6884
-6876
-6876
-6876
-6872
-6872
-6872
-6872
-6864
-6860
-6854
-6850
-6840
-6838
-6832
-6830
-6828
-6816
-6808
-6798
-6788
-6774
-6770
-6772
-6770
-6764
-6760
-6742
-6736
-6728
-6728
-6722
-6716
-6710
-6704
-6704
-6700
-6704
-6702
-6702
-6690
-6688
-6684
-6674
-6664
-6664
-6658
-6654
-6654
-6652
-6650
-6644
-6648
-6642
-6630
-6620
-6618
-6618
-6616
-6618
-6614
-6604
-6604
-6606
-6600
-6592
-6590
-6588
-6590
-6580
-6568
-6560
-6546
-6540
-6540
-6538
-6530
-6520
-6510
-6510
-6504
-6494
-6490
-6486
-6478
-6472
-6468
-6470
-6466
-6460
-6448
-6448
-6440
-6436
-6426
-6430
-6420
-6420
-6406
-6400
-6398
-6402
-6394
-6396
-6396
-6392
-6390
-6390
-6380
-6368
-6360
-6356
-6348
-6344
-6344
-6336
-6328
-6322
-6314
-6310
-6306
-6306
-6300
-6300
-6316
-6312
-6312
-6314
-6314
-6310
-6306
-6304
-6302
-6296
-6286
-6274
-6260
-6260
-6248
-6240
-6226
-6220
-6212
-6202
-6196
-6188
-6190
-6180
-6178
-6172
-6178
-6172
-6170
-6162
-6146
-6140
-6134
-6130
-6120
-6114
-6108
-6102
-6106
-6098
-6082
-6068
-6062
-6060
-6054
-6044
-6032
-6026
-6016
-6020
-6008
-5998
-5996
-5996
-5998
-5988
-6000
-5998
-5988
-5976
-5974
-5968
-5960
-5952
-5942
-5934
-5926
-5924
-5916
-5904
-5894
-5894
-5888
-5882
-5878
-5884
-5886
-5874
-5874
-5872
-5874
-5872
-5856
-5858
-5856
-5858
-5846
-5842
-5842
-5838
-5830
-5828
-5832
-5826
-5826
-5820
-5820
-5814
-5816
-5804
-5798
-5796
-5790
-5788
-5784
-5788
-5786
-5784
-5780
-5778
-5776
-5774
-5772
-5772
-5760
-5754
-5754
-5752
-5740
-5742
-5732
-5732
-5730
-5730
-5724
-5718
-5712
-5706
-5698
-5694
-5680
-5676
-5680
-5668
-5652
-5646
-5646
-5636
-5628
-5626
-5636
-5630
-5628
-5636
-5636
-5636
-5620
-5618
-5608
-5600
-5594
-5588
-5594
-5586
-5578
-5568
-5568
-5568
-5564
-5552
-5552
-5542
-5538
-5534
-5532
-5522
-5520
-5510
-5516
-5514
-5514
-5504
-5500
-5496
-5492
-5486
-5486
-5482
-5482
-5468
-5470
-5470
-5478
-5468
-5464
-5462
-5452
-5452
-5444
-5436
-5436
-5434
-5428
-5416
-5404
-5400
-5400
-5418
-5416
-5414
-5408
-5400
-5390
-5380
-5376
-5368
-5370
-5362
-5354
-5356
-5354
-5338
-5344
-5342
-5338
-5342
-5336
-5338
-5340
-5342
-5346
-5344
-5346
-5334
-5320
-5322
-5316
-5322
-5314
-5320
-5320
-5310
-5302
-5292
-5284
-5290
-5288
-5280
-5276
-5266
-5262
-5260
-5254
-5252
-5246
-5246
-5234
-5226
-5230
-5234
-5238
-5226
-5224
-5216
-5210
-5200
-5200
-5204
-5208
-5200
-5192
-5192
-5186
-5184
-5190
-5196
-5200
-5198
-5196
-5186
-5188
-5182
-5182
-5180
-5172
-5166
-5156
-5160
-5160
-5150
-5140
-5144
-5148
-5144
-5132
-5126
-5118
-5116
-5112
-5116
-5116
-5114
-5116
-5116
-5110
-5102
-5094
-5088
-5080
-5078
-5076
-5062
-5060
-5060
-5058
-5060
-5056
-5056
-5058
-5052
-5042
-5038
-5040
-5028
-5028
-5020
-5016
-5012
-5004
-4998
-4988
-4990
-4988
-4980
-4982
-4980
-4988
-4978
-4980
-4972
-4962
-4956
-4960
-4956
-4954
-4958
-4950
-4948
-4952
-4960
-4950
-4952
-4950
-4944
-4934
-4924
-4924
-4918
-4906
-4902
-4898
-4892
-4882
-4880
-4884
-4886
-4872
-4874
-4870
-4866
-4856
-4850
-4848
-4840
-4836
-4826
-4820
-4816
-4812
-4814
-4810
-4804
-4798
-4786
-4772
-4766
-4766
-4764
-4758
-4770
-4760
-4766
-4764
-4756
-4760
-4762
-4764
-4758
-4756
-4754
-4750
-4744
-4748
-4748
-4742
-4742
-4738
-4740
-4736
-4732
-4734
-4730
-4722
-4722
-4716
-4708
-4702
-4702
-4696
-4694
-4696
-4696
-4696
-4690
-4676
-4676
-4676
-4672
-4664
-4654
-4660
-4658
-4646
-4632
-4628
-4630
-4622
-4618
-4618
-4620
-4622
-4622
-4622
-4612
-4602
-4598
-4586
-4586
-4578
-4568
-4562
-4556
-4552
-4542
-4546
-4544
-4556
-4556
-4560
-4558
-4546
-4540
-4526
-4518
-4520
-4512
-4516
-4512
-4510
-4516
-4510
-4506
-4496
-4494
-4490
-4488
-4484
-4486
-4494
-4488
-4492
-4484
-4482
-4484
-4480
-4466
-4466
-4466
-4456
-4456
-4448
-4446
-4438
-4440
-4436
-4436
-4436
-4428
-4432
-4422
-4416
-4408
-4416
-4424
-4426
-4426
-4424
-4412
-4404
-4396
-4394
-4388
-4388
-4392
-4394
-4400
-4394
-4390
-4388
-4386
-4400
-4398
-4390
-4388
-4382
-4374
-4370
-4356
-4342
-4344
-4344
-4334
-4324
-4316
-4302
-4306
-4310
-4310
-4324
-4310
-4304
-4300
-4290
-4278
-4280
-4274
-4270
-4256
-4258
-4258
-4244
-4252
-4250
-4246
-4246
-4240
-4236
-4228
-4216
-4216
-4222
-4220
-4220
-4216
-4208
-4206
-4206
-4196
-4210
-4212
-4204
-4198
-4190
-4190
-4190
-4188
-4182
-4174
-4186
-4188
-4180
-4174
-4168
-4172
-4166
-4156
-4156
-4146
-4130
-4122
-4118
-4114
-4112
-4118
-4116
-4116
-4104
-4100
-4088
-4086
-4080
-4084
-4082
-4084
-4080
-4078
-4082
-4090
-4084
-4086
-4078
-4080
-4084
-4080
-4074
-4072
-4064
-4054
-4054
-4050
-4050
-4046
-4040
-4046
-4042
-4042
-4040
-4034
-4032
-4024
-4030
-4020
-4016
-4012
-4010
-4000
-3988
-3986
-3986
-3978
-3980
-3980
-3990
-3988
-3980
-3980
-3980
-3980
-3980
-3982
-3970
-3962
-3960
-3946
-3946
-3944
-3938
-3944
-3958
-3950
-3946
-3934
-3924
-3922
-3914
-3926
-3920
-3920
-3914
-3916
-3920
-3922
-3916
-3910
-3906
-3906
-3910
-3912
-3906
-3902
-3894
-3894
-3884
-3876
-3884
-3882
-3886
-3892
-3886
-3870
-3864
-3860
-3854
-3854
-3852
-3852
-3850
-3844
-3840
-3834
-3830
-3826
-3828
-3822
-3810
-3810
-3804
-3796
-3800
-3798
-3796
-3788
-3788
-3794
-3788
-3784
-3780
-3768
-3760
-3758
-3764
-3760
-3752
-3752
-3744
-3746
-3742
-3736
-3734
-3748
-3750
-3752
-3754
-3758
-3750
-3752
-3748
-3740
-3734
-3728
-3732
-3730
-3734
-3726
-3734
-3730
-3728
-3726
-3720
-3712
-3710
-3706
-3700
-3688
-3676
-3672
-3676
-3666
-3666
-3662
-3664
-3660
-3658
-3658
-3654
-3656
-3652
-3652
-3642
-3638
-3634
-3624
-3632
-3630
-3620
-3614
-3614
-3604
-3600
-3592
-3582
-3578
-3574
-3574
-3576
-3572
-3564
-3562
-3550
-3552
-3554
-3550
-3558
-3552
-3538
-3538
-3534
-3528
-3514
-3520
-3516
-3516
-3508
-3506
-3504
-3504
-3504
-3498
-3490
-3484
-3474
-3470
-3466
-3464
-3464
-3452
-3448
-3446
-3452
-3452
-3448
-3440
-3430
-3430
-3426
-3428
-3420
-3408
-3400
-3400
-3398
-3396
-3396
-3392
-3388
-3388
-3390
-3388
-3388
-3382
-3380
-3382
-3382
-3382
-3372
-3390
-3384
-3380
-3374
-3374
-3368
-3364
-3364
-3360
-3344
-3352
-3350
-3348
-3342
-3340
-3336
-3332
-3320
-3316
-3316
-3314
-3306
-3300
-3296
-3288
-3282
-3278
-3278
-3270
-3270
-3274
-3274
-3268
-3272
-3266
-3268
-3268
-3258
-3258
-3256
-3254
-3246
-3234
-3226
-3232
-3226
-3218
-3216
-3206
-3196
-3186
-3186
-3178
-3178
-3178
-3166
-3158
-3152
-3146
-3154
-3146
-3138
-3128
-3124
-3116
-3106
-3106
-3106
-3094
-3104
-3108
-3100
-3094
-3096
-3092
-3096
-3094
-3088
-3092
-3088
-3092
-3096
-3102
-3088
-3098
-3092
-3104
-3106
-3110
-3108
-3114
-3112
-3112
-3102
-3098
-3092
-3086
-3088
-3086
-3092
-3090
-3078
-3078
-3078
-3080
-3086
-3086
-3094
-3094
-3092
-3096
-3088
-3090
-3092
-3096
-3088
-3080
-3080
-3076
-3076
-3078
-3080
-3076
-3066
-3068
-3072
-3068
-3062
-3054
-3044
-3036
-3036
-3038
-3042
-3046
-3056
-3056
-3058
-3058
-3048
-3048
-3052
-3048
-3044
-3048
-3040
-3038
-3040
-3044
-3038
-3028
-3024
-3034
-3036
-3040
-3036
-3030
-3024
-3032
-3030
-3028
-3030
-3020
-3020
-3024
-3022
-3022
-3010
-3010
-3010
-3002
-2992
-2982
-2980
-2970
-2956
-2956
-2956
-2958
-2966
-2964
-2958
-2960
-2958
-2968
-2962
-2954
-2962
-2962
-2966
-2970
-2974
-2966
-2960
-2956
-2956
-2950
-2936
-2932
-2928
-2928
-2928
-2934
-2940
-2938
-2938
-2936
-2940
-2932
-2934
-2936
-2934
-2922
-2916
-2914
-2900
-2902
-2894
-2900
-2898
-2900
-2906
-2898
-2886
-2896
-2900
-2902
-2898
-2892
-2892
-2884
-2878
-2876
-2878
-2870
-2876
-2872
-2868
-2872
-2870
-2868
-2870
-2860
-2862
-2854
-2850
-2854
-2862
-2864
-2860
-2860
-2850
-2848
-2834
-2832
-2826
-2824
-2822
-2820
-2812
-2796
-2784
-2780
-2782
-2782
-2778
-2774
-2776
-2764
-2758
-2762
-2760
-2758
-2760
-2760
-2758
-2756
-2748
-2742
-2738
-2726
-2732
-2738
-2728
-2722
-2726
-2722
-2714
-2708
-2708
-2708
-2708
-2706
-2704
-2708
-2708
-2708
-2708
-2698
-2700
-2690
-2690
-2690
-2696
-2698
-2700
-2704
-2694
-2682
-2688
-2688
-2682
-2680
-2674
-2670
-2660
-2656
-2648
-2646
-2642
-2642
-2638
-2628
-2628
-2618
-2604
-2594
-2588
-2588
-2582
-2572
-2564
-2558
-2552
-2546
-2536
-2538
-2524
-2530
-2524
-2526
-2520
-2522
-2522
-2512
-2512
-2504
-2504
-2500
-2494
-2494
-2494
-2486
-2482
-2480
-2476
-2480
-2478
-2482
-2484
-2486
-2484
-2476
-2478
-2466
-2458
-2452
-2446
-2446
-2440
-2440
-2442
-2434
-2436
-2430
-2430
-2422
-2418
-2406
-2408
-2396
-2390
-2384
-2384
-2386
-2378
-2370
-2366
-2366
-2374
-2372
-2366
-2368
-2370
-2360
-2360
-2360
-2360
-2360
-2358
-2362
-2356
-2360
-2358
-2364
-2374
-2378
-2374
-2362
-2360
-2360
-2354
-2350
-2348
-2338
-2326
-2318
-2326
-2326
-2318
-2310
-2316
-2324
-2326
-2318
-2312
-2308
-2304
-2308
-2300
-2296
-2296
-2302
-2308
-2312
-2310
-2300
-2294
-2292
-2298
-2304
-2292
-2298
-2300
-2298
-2286
-2286
-2288
-2284
-2276
-2270
-2270
-2274
-2274
-2272
-2266
-2260
-2258
-2262
-2262
-2266
-2272
-2270
-2262
-2258
-2256
-2254
-2252
-2252
-2252
-2260
-2266
-2260
-2264
-2262
-2256
-2250
-2242
-2238
-2228
-2226
-2224
-2220
-2218
-2216
-2214
-2214
-2220
-2222
-2218
-2216
-2212
-2208
-2208
-2208
-2208
-2200
-2200
-2194
-2190
-2180
-2176
-2180
-2186
-2188
-2180
-2178
-2176
-2174
-2168
-2172
-2160
-2156
-2152
-2152
-2142
-2144
-2146
-2142
-2140
-2138
-2138
-2130
-2118
-2118
-2120
-2114
-2104
-2102
-2094
-2090
-2090
-2086
-2078
-2068
-2066
-2062
-2062
-2058
-2054
-2046
-2046
-2042
-2040
-2036
-2038
-2030
-2034
-2036
-2030
-2036
-2032
-2038
-2042
-2032
-2026
-2026
-2020
-2010
-2012
-2016
-2014
-2008
-1998
-1992
-1996
-2004
-2004
-2004
-2006
-2014
-2006
-2004
-2006
-2012
-2006
-2010
-2012
-2006
-2002
-2004
-2006
-2012
-1996
-1994
-1992
-1988
-1986
-1996
-1986
-1984
-1980
-1972
-1962
-1946
-1946
-1950
-1956
-1952
-1948
-1954
-1946
-1942
-1946
-1934
-1934
-1932
-1934
-1934
-1934
-1936
-1938
-1932
-1926
-1916
-1910
-1902
-1902
-1898
-1894
-1896
-1890
-1880
-1874
-1882
-1880
-1880
-1880
-1880
-1882
-1886
-1884
-1886
-1886
-1874
-1874
-1880
-1882
-1880
-1874
-1870
-1870
-1866
-1860
-1850
-1848
-1838
-1826
-1824
-1828
-1832
-1828
-1830
-1824
-1816
-1814
-1816
-1816
-1822
-1822
-1828
-1822
-1818
-1824
-1826
-1826
-1836
-1834
-1848
-1852
-1850
-1856
-1860
-1860
-1862
-1860
-1848
-1850
-1842
-1834
-1832
-1822
-1820
-1824
-1828
-1830
-1826
-1828
-1828
-1832
-1844
-1840
-1846
-1836
-1842
-1836
-1832
-1828
-1824
-1828
-1836
-1838
-1842
-1830
-1828
-1826
-1820
-1816
-1812
-1808
-1810
-1808
-1804
-1796
-1794
-1802
-1792
-1782
-1784
-1782
-1786
-1780
-1778
-1778
-1786
-1776
-1768
-1756
-1748
-1746
-1746
-1746
-1738
-1744
-1738
-1726
-1728
-1724
-1724
-1728
-1720
-1722
-1716
-1714
-1710
-1702
-1700
-1692
-1694
-1682
-1680
-1682
-1686
-1678
-1674
-1670
-1668
-1668
-1662
-1664
-1666
-1668
-1660
-1672
-1682
-1670
-1672
-1668
-1668
-1670
-1672
-1676
-1676
-1670
-1672
-1668
-1670
-1672
-1668
-1672
-1672
-1676
-1672
-1670
-1666
-1664
-1670
-1664
-1652
-1648
-1646
-1638
-1624
-1628
-1626
-1630
-1636
-1632
-1634
-1628
-1630
-1632
-1632
-1642
-1632
-1634
-1626
-1616
-1610
-1598
-1594
-1594
-1594
-1584
-1578
-1572
-1566
-1560
-1562
-1568
-1574
-1578
-1578
-1576
-1576
-1576
-1572
-1564
-1568
-1564
-1560
-1562
-1560
-1554
-1550
-1542
-1538
-1542
-1536
-1540
-1526
-1524
-1528
-1530
-1526
-1532
-1518
-1518
-1526
-1540
-1538
-1534
-1544
-1534
-1536
-1536
-1540
-1536
-1536
-1538
-1530
-1532
-1522
-1520
-1514
-1506
-1496
-1496
-1494
-1492
-1500
-1492
-1494
-1496
-1500
-1496
-1492
-1494
-1484
-1482
-1480
-1484
-1488
-1494
-1490
-1484
-1480
-1478
-1474
-1474
-1468
-1462
-1466
-1468
-1468
-1460
-1460
-1464
-1462
-1458
-1460
-1458
-1458
-1454
-1462
-1458
-1454
-1452
-1452
-1446
-1448
-1450
-1444
-1434
-1432
-1428
-1436
-1440
-1440
-1426
-1426
-1428
-1430
-1434
-1434
-1426
-1414
-1410
-1400
-1406
-1410
-1408
-1408
-1410
-1412
-1414
-1408
-1398
-1400
-1412
-1402
-1396
-1386
-1378
-1370
-1374
-1358
-1362
-1358
-1358
-1356
-1356
-1360
-1366
-1360
-1356
-1352
-1354
-1350
-1342
-1326
-1328
-1330
-1330
-1322
-1328
-1334
-1338
-1344
-1338
-1336
-1334
-1332
-1326
-1326
-1326
-1318
-1326
-1322
-1320
-1322
-1314
-1312
-1312
-1318
-1314
-1304
-1310
-1304
-1304
-1300
-1304
-1304
-1306
-1306
-1304
-1294
-1286
-1278
-1278
-1274
-1270
-1276
-1280
-1266
-1264
-1258
-1252
-1250
-1252
-1252
-1246
-1246
-1252
-1246
-1246
-1240
-1244
-1240
-1240
-1236
-1228
-1232
-1226
-1226
-1232
-1234
-1238
-1242
-1244
-1240
-1234
-1234
-1230
-1222
-1228
-1218
-1216
-1216
-1216
-1220
-1234
-1234
-1228
-1232
-1234
-1222
-1224
-1232
-1230
-1232
-1240
-1236
-1228
-1226
-1218
-1214
-1216
-1210
-1208
-1212
-1208
-1206
-1208
-1204
-1206
-1206
-1206
-1208
-1218
-1216
-1214
-1214
-1212
-1206
-1208
-1210
-1210
-1214
-1216
-1218
-1214
-1220
-1224
-1218
-1218
-1212
-1210
-1210
-1208
-1206
-1204
-1206
-1204
-1204
-1198
-1192
-1186
-1184
-1176
-1172
-1168
-1168
-1168
-1168
-1172
-1170
-1168
-1174
-1184
-1178
-1168
-1168
-1162
-1162
-1164
-1166
-1162
-1168
-1160
-1150
-1156
-1154
-1148
-1154
-1154
-1154
-1162
-1162
-1170
-1168
-1170
-1166
-1162
-1162
-1162
-1168
-1156
-1146
-1142
-1142
-1134
-1130
-1120
-1118
-1126
-1118
-1126
-1122
-1128
-1134
-1138
-1130
-1128
-1130
-1134
-1128
-1124
-1122
-1120
-1116
-1118
-1126
-1124
-1120
-1122
-1112
-1108
-1112
-1110
-1118
-1112
-1120
-1118
-1124
-1120
-1122
-1112
-1108
-1112
-1108
-1104
-1094
-1094
-1098
-1102
-1102
-1106
-1100
-1102
-1100
-1100
-1106
-1102
-1100
-1102
-1090
-1082
-1088
-1080
-1084
-1084
-1082
-1084
-1084
-1078
-1078
-1074
-1076
-1082
-1074
-1078
-1072
-1066
-1066
-1060
-1050
-1064
-1064
-1058
-1066
-1064
-1060
-1056
-1052
-1044
-1052
-1054
-1060
-1060
-1058
-1062
-1072
-1064
-1060
-1054
-1054
-1050
-1058
-1064
-1072
-1080
-1078
-1082
-1074
-1072
-1074
-1074
-1070
-1068
-1064
-1060
-1068
-1070
-1068
-1060
-1054
-1066
-1058
-1058
-1066
-1062
-1060
-1060
-1064
-1064
-1058
-1052
-1042
-1038
-1026
-1040
-1038
-1024
-1014
-1010
-1006
-1006
-998
-996
-994
-990
-978
-980
-978
-970
-968
-966
-968
-972
-976
-974
-974
-968
-968
-974
-964
-966
-962
-962
-966
-962
-960
-968
-964
-974
-976
-984
-982
-980
-978
-978
-982
-986
-994
-984
-976
-988
-990
-982
-968
-970
-972
-964
-966
-962
-970
-972
-972
-976
-982
-980
-982
-978
-974
-972
-978
-978
-974
-970
-976
-974
-968
-958
-960
-956
-948
-934
-930
-928
-922
-926
-916
-912
-912
-906
-910
-912
-906
-906
-900
-892
-892
-884
-886
-886
-882
-884
-892
-890
-892
-896
-896
-894
-882
-884
-878
-880
-892
-888
-892
-894
-890
-888
-888
-888
-890
-894
-896
-908
-918
-912
-908
-906
-912
-920
-912
-912
-916
-912
-916
-918
-912
-902
-910
-910
-908
-908
-900
-894
-892
-882
-870
-874
-872
-864
-858
-852
-852
-852
-844
-844
-840
-834
-834
-828
-820
-822
-824
-820
-818
-818
-818
-822
-826
-818
-814
-812
-814
-812
-820
-822
-822
-816
-810
-808
-808
-800
-796
-794
-792
-802
-798
-806
-804
-810
-804
-804
-812
-812
-808
-804
-800
-798
-798
-794
-790
-780
-782
-776
-768
-766
-766
-768
-766
-764
-760
-768
-768
-764
-764
-764
-758
-758
-760
-762
-764
-760
-766
-772
-770
-768
-766
-758
-758
-750
-752
-756
-760
-766
-758
-748
-742
-740
-742
-732
-736
-738
-746
-746
-746
-754
-756
-754
-746
-740
-744
-750
-758
-756
-750
-744
-744
-744
-754
-752
-744
-744
-754
-756
-750
-742
-750
-736
-732
-736
-744
-740
-740
-740
-748
-754
-750
-750
-746
-740
-742
-736
-744
-750
-750
-750
-746
-752
-746
-748
-748
-740
-736
-736
-734
-730
-732
-722
-724
-722
-724
-724
-722
-712
-716
-712
-712
-706
-706
-704
-708
-696
-710
-708
-706
-702
-706
-710
-710
-712
-710
-698
-706
-706
-716
-716
-716
-718
-712
-704
-710
-716
-718
-712
-712
-710
-710
-704
-700
-700
-694
-696
-688
-678
-680
-678
-678
-682
-676
-676
-672
-678
-680
-686
-684
-684
-690
-686
-672
-670
-664
-660
-656
-652
-658
-658
-652
-646
-646
-646
-654
-662
-662
-662
-666
-666
-664
-666
-662
-654
-652
-650
-650
-636
-638
-630
-630
-620
-622
-628
-632
-638
-638
-632
-624
-626
-612
-624
-614
-612
-612
-606
-608
-614
-612
-606
-608
-612
-618
-610
-608
-606
-606
-602
-598
-600
-602
-604
-604
-598
-594
-594
-600
-600
-606
-608
-610
-614
-622
-620
-614
-624
-624
-620
-614
-618
-624
-628
-630
-642
-646
-654
-654
-660
-658
-656
-652
-666
-662
-668
-670
-676
-668
-674
-678
-674
-672
-670
-666
-660
-656
-656
-664
-662
-672
-678
-684
-680
-676
-678
-682
-682
-682
-672
-680
-674
-670
-658
-654
-652
-650
-656
-660
-654
-652
-652
-644
-648
-654
-656
-658
-654
-648
-638
-640
-644
-640
-646
-652
-650
-648
-636
-636
-628
-630
-628
-632
-630
-624
-622
-616
-620
-612
-620
-622
-624
-622
-610
-622
-626
-622
-624
-620
-620
-630
-632
-640
-642
-640
-636
-638
-646
-650
-650
-640
-636
-632
-630
-628
-622
-618
-614
-612
-612
-618
-620
-612
-616
-622
-622
-622
-622
-616
-616
-620
-620
-620
-628
-630
-632
-632
-634
-638
-640
-640
-640
-638
-622
-618
-622
-628
-628
-618
-620
-622
-622
-618
-608
-608
-606
-598
-600
-600
-598
-604
-608
-612
-614
-608
-612
-608
-606
-612
-610
-618
-618
-606
-608
-602
-600
-604
-600
-600
-596
-586
-586
-582
-590
-588
-588
-592
-598
-600
-594
-582
-580
-582
-584
-584
-580
-578
-572
-572
-576
-574
-572
-572
-570
-564
-556
-556
-558
-550
-554
-562
-560
-558
-562
-548
-556
-562
-560
-564
-564
-562
-568
-576
-572
-572
-570
-568
-562
-560
-560
-562
-564
-558
-556
-554
-554
-556
-564
-562
-554
-548
-548
-552
-542
-546
-560
-556
-560
-560
-558
-554
-556
-550
-552
-546
-542
-546
-542
-538
-536
-536
-530
-534
-528
-530
-530
-524
-520
-528
-526
-520
-522
-524
-508
-508
-502
-498
-498
-496
-488
-484
-478
-472
-470
-468
-460
-458
-472
-474
-468
-478
-478
-480
-482
-474
-474
-468
-458
-452
-452
-446
-448
-448
-456
-448
-444
-444
-442
-446
-442
-438
-440
-436
-438
-426
-430
-420
-422
-430
-420
-416
-426
-426
-422
-424
-418
-420
-418
-412
-408
-408
-410
-402
-406
-402
-394
-388
-380
-368
-376
-376
-372
-378
-388
-398
-392
-386
-382
-376
-374
-372
-364
-360
-350
-344
-346
-346
-338
-336
-336
-336
-330
-332
-326
-326
-330
-320
-324
-320
-318
-312
-316
-310
-312
-310
-302
-292
-292
-292
-282
-282
-286
-278
-274
-284
-290
-294
-292
-288
-288
-290
-282
-282
-276
-284
-282
-284
-272
-266
-266
-262
-262
-262
-270
-274
-278
-276
-278
-278
-272
-274
-276
-272
-280
-296
-298
-290
-294
-290
-282
-284
-284
-284
-290
-292
-290
-304
-298
-298
-304
-304
-298
-294
-288
-286
-282
-290
-290
-292
-292
-292
-296
-296
-294
-286
-284
-290
-290
-290
-294
-292
-290
-286
-280
-270
-272
-282
-282
-280
-282
-282
-276
-268
-268
-264
-258
-254
-252
-254
-260
-260
-250
-250
-238
-230
-236
-232
-228
-228
-244
-246
-250
-248
-250
-250
-254
-258
-256
-258
-258
-258
-256
-254
-252
-240
-248
-250
-250
-254
-258
-264
-266
-274
-282
-274
-270
-274
-270
-266
-252
-252
-250
-250
-238
-236
-238
-244
-248
-242
-242
-246
-246
-244
-234
-238
-244
-250
-254
-254
-254
-266
-270
-272
-266
-262
-264
-266
-268
-268
-280
-280
-270
-270
-272
-272
-272
-268
-270
-280
-278
-288
-296
-292
-288
-288
-286
-280
-284
-280
-282
-282
-272
-266
-270
-266
-270
-278
-282
-288
-286
-282
-290
-284
-282
-280
-280
-280
-278
-274
-262
-264
-264
-268
-262
-266
-268
-276
-272
-274
-274
-266
-266
-270
-260
-254
-254
-256
-248
-242
-238
-234
-224
-222
-214
-210
-216
-220
-224
-212
-212
-214
-224
-232
-234
-222
-214
-216
-214
-218
-218
-218
-216
-206
-212
-204
-202
-190
-182
-182
-172
-176
-184
-180
-190
-194
-198
-202
-198
-206
-208
-212
-204
-198
-194
-208
-208
-210
-214
-214
-214
-216
-220
-222
-214
-214
-212
-216
-210
-216
-220
-214
-214
-218
-216
-222
-218
-218
-218
-220
-222
-224
-226
-218
-212
-216
-212
-216
-216
-210
-210
-208
-208
-210
-212
-202
-206
-202
-198
-204
-196
-192
-186
-184
-186
-182
-184
-190
-184
-182
-184
-172
-172
-166
-162
-170
-172
-170
-172
-172
-166
-162
-172
-178
-180
-180
-176
-180
-184
-178
-172
-172
-180
-178
-172
-168
-168
-166
-168
-168
-166
-168
-170
-170
-170
-164
-170
-164
-164
-172
-170
-178
-176
-170
-164
-164
-170
-170
-162
-164
-170
-178
-172
-170
-170
-164
-160
-172
-172
-166
-174
-176
-176
-174
-174
-176
-178
-182
-186
-176
-176
-184
-186
-182
-190
-190
-188
-194
-200
-198
-200
-198
-190
-184
-182
-182
-180
-182
-176
-170
-170
-178
-174
-170
-166
-170
-174
-160
-168
-164
-178
-190
-190
-196
-192
-206
-202
-204
-196
-188
-184
-192
-192
-190
-196
-198
-192
-192
-190
-194
-188
-186
-194
-188
-182
-182
-182
-182
-182
-178
-172
-170
-176
-184
-180
-178
-178
-186
-190
-190
-186
-184
-188
-194
-184
-176
-174
-168
-170
-172
-174
-170
-166
-164
-158
-158
-154
-150
-148
-148
-148
-140
-146
-142
-144
-156
-158
-164
-168
-166
-172
-172
-178
-184
-196
-192
-202
-212
-212
-212
-212
-218
-222
-224
-218
-216
-218
-220
-228
-228
-234
-240
-242
-244
-254
-254
-262
-264
-272
-274
-274
-270
-264
-260
-266
-272
-258
-266
-264
-268
-268
-260
-270
-272
-270
-272
-262
-266
-274
-266
-274
-270
-268
-278
-274
-270
-272
-266
-260
-264
-270
-266
-270
-272
-278
-290
-298
-290
-296
-302
-308
-306
-298
-302
-312
-314
-314
-302
-290
-284
-280
-280
-272
-268
-262
-258
-262
-258
-258
-266
-260
-246
-238
-236
-234
-232
-236
-230
-222
-222
-220
-224
-214
-214
-212
-202
-202
-202
-196
-190
-194
-186
-180
-178
-176
-178
-178
-174
-178
-176
-184
-178
-176
-180
-180
-174
-178
-184
-184
-188
-180
-182
-180
-182
-172
-160
-164
-164
-176
-174
-180
-176
-186
-188
-194
-190
-194
-192
-186
-186
-192
-194
-188
-186
-178
-174
-166
-170
-178
-184
-190
-186
-184
-190
-194
-196
-186
-196
-190
-192
-194
-198
-194
-194
-186
-178
-178
-182
-186
-182
-180
-180
-172
-170
-164
-172
-164
-160
-144
-156
-160
-154
-156
-152
-152
-140
-140
-134
-136
-136
-136
-138
-136
-128
-124
-134
-124
-118
-120
-124
-126
-126
-118
-118
-122
-124
-122
-124
-124
-118
-114
-112
-110
-110
-106
-106
-110
-108
-106
-106
-102
-102
-104
-114
-112
-114
-118
-122
-122
-126
-124
-126
-130
-130
-130
-126
-120
-120
-120
-128
-132
-138
-142
-142
-142
-148
-146
-144
-144
-144
-144
-140
-134
-142
-140
-140
-142
-134
-136
-140
-134
-142
-134
-130
-122
-124
-120
-120
-112
-110
-112
-108
-96
-92
-94
-94
-94
-96
-98
-100
-90
-92
-90
-98
-88
-84
-76
-82
-86
-90
-96
-100
-104
-92
-82
-84
-82
-78
-68
-62
-64
-62
-64
-72
-78
-72
-66
-66
-64
-64
-60
-56
-54
-52
-48
-40
-36
-40
-36
-40
-40
-36
-32
-30
-38
-36
-52
-54
-50
-62
-58
-58
-66
-64
-60
-62
-56
-60
-64
-70
-64
-62
-68
-66
-66
-66
-66
-56
-64
-64
-64
-66
-62
-66
-70
-76
-70
-70
-64
-70
-68
-72
-78
-92
-90
-88
-82
-76
-84
-80
-66
-62
-62
-72
-70
-68
-72
-72
-72
-74
-80
-80
-64
-64
-60
-66
-62
-64
-64
-60
-60
-78
-78
-80
-80
-80
-82
-80
-82
-82
-86
-90
-84
-80
-78
-70
-76
-74
-74
-76
-74
-76
-76
-64
-56
-46
-46
-48
-40
-38
-34
-34
-40
-44
-38
-40
-38
-30
-26
-28
-30
-28
-16
-16
-18
-26
-26
-26
-28
-38
-40
-42
-36
-44
-54
-50
-62
-62
-58
-68
-70
-72
-80
-82
-84
-86
-80
-96
-102
-106
-110
-102
-110
-110
-108
-104
-104
-100
-102
-100
-94
-92
-96
-86
-82
-84
-82
-84
-78
-78
-82
-78
-74
-74
-68
-64
-58
-64
-74
-66
-66
-62
-70
-76
-78
-84
-82
-86
-86
-88
-94
-94
-88
-98
-100
-112
-110
-116
-114
-102
-112
-110
-110
-110
-108
-114
-108
-102
-96
-94
-92
-92
-80
-84
-80
-78
-80
-74
-78
-80
-80
-78
-88
-84
-86
-84
-86
-88
-78
-78
-72
-74
-68
-64
-62
-66
-60
-66
-60
-64
-62
-62
-48
-50
-52
-56
-50
-52
-56
-54
-60
-68
-64
-62
-58
-52
-52
-56
-58
-44
-40
-40
-38
-38
-46
-32
-28
-24
-28
-30
-30
-30
-40
-44
-46
-50
-50
-50
-32
-36
-32
-44
-48
-54
-54
-54
-54
-44
-48
-48
-50
-48
-40
-30
-26
-28
-18
-14
-14
-16
-16
-10
-10
-4
-8
-8
-8
-8
-2
2
-2
-2
-4
-6
-8
6
-2
-2
4
8
18
2
-4
-6
-14
-22
-16
-18
-18
-14
-14
-10
-8
-12
-6
-6
4
4
12
6
12
10
16
24
28
34
42
38
42
38
32
36
32
30
24
24
24
20
20
16
22
36
34
46
46
40
46
40
40
44
44
38
46
42
42
44
42
42
40
32
30
30
40
50
46
34
42
44
38
40
28
30
30
34
38
40
48
58
56
64
64
60
52
56
58
58
58
64
74
66
60
50
54
54
50
50
54
56
44
44
38
42
38
44
56
54
48
48
44
48
46
46
54
54
54
56
58
66
64
54
58
54
58
62
62
66
70
64
60
60
66
66
74
72
70
62
64
68
84
90
92
86
86
88
88
86
86
90
90
88
80
84
82
78
76
78
78
80
72
82
80
82
86
72
72
62
64
64
62
52
60
66
78
78
70
70
72
78
74
64
68
72
84
82
88
96
102
102
102
102
108
108
106
100
94
98
112
108
120
120
118
118
120
128
128
134
138
138
140
140
144
144
134
128
130
128
124
122
128
130
134
136
142
140
146
152
156
154
162
170
174
176
176
182
176
180
184
194
196
196
200
194
192
190
196
196
190
194
198
202
204
204
206
206
216
218
216
210
202
204
208
206
206
206
212
222
230
224
220
220
220
218
216
212
216
220
224
228
224
228
228
238
238
242
244
246
246
240
252
246
244
238
236
226
228
230
220
222
224
232
230
232
228
230
230
242
246
240
246
252
256
256
260
270
274
276
272
274
262
258
264
256
252
258
264
266
268
270
278
292
302
292
292
292
294
294
300
300
314
322
326
330
334
332
328
332
330
336
326
330
330
328
320
320
320
316
312
320
314
312
308
306
316
322
324
314
314
316
332
332
326
322
326
322
324
324
326
328
330
318
320
324
330
328
328
318
318
324
318
308
314
330
330
324
314
304
312
306
302
300
306
306
298
300
300
298
302
308
302
302
298
308
306
316
322
316
316
318
320
328
326
330
332
328
326
320
328
336
332
334
330
334
336
340
342
340
328
332
336
330
324
320
316
308
312
318
308
310
308
308
310
310
306
300
304
290
280
282
286
298
298
310
310
308
300
302
310
302
298
280
284
284
288
288
290
292
300
296
300
300
306
302
306
310
304
308
306
314
316
320
320
316
316
314
320
320
306
308
304
306
296
284
282
282
284
282
280
272
286
288
288
288
294
292
298
294
306
314
310
318
324
318
322
328
328
316
322
318
320
326
330
322
320
324
320
332
318
318
316
314
308
308
302
296
296
302
292
290
294
300
304
296
298
300
304
310
316
312
324
328
316
310
302
302
302
290
300
304
304
308
306
306
308
302
298
304
306
310
306
296
308
304
306
302
314
306
312
308
314
312
304
304
310
304
300
310
320
318
318
328
326
330
324
312
314
320
322
314
310
308
298
294
288
298
294
302
300
304
304
304
300
302
298
298
290
286
282
284
282
290
298
294
292
286
288
288
284
288
290
288
294
296
294
294
294
294
290
294
288
300
300
302
302
302
308
306
314
316
318
314
322
326
334
342
334
330
332
332
328
322
326
326
328
328
324
336
344
346
346
344
334
338
350
346
354
348
356
346
342
352
352
348
350
358
352
362
358
360
372
366
368
368
366
370
370
372
372
372
370
366
362
370
368
370
378
376
372
384
388
392
392
388
382
372
372
378
386
384
390
386
382
398
406
408
410
410
418
430
424
430
428
430
424
420
416
422
430
434
432
434
434
442
440
438
440
448
452
452
456
454
460
462
462
462
460
464
454
460
464
466
464
474
464
464
454
454
458
458
464
462
466
468
472
470
462
468
478
474
478
466
472
470
472
468
472
470
472
476
476
472
478
482
474
468
474
486
484
484
484
492
496
484
486
482
476
478
476
476
474
476
476
476
468
470
468
472
478
480
482
488
482
490
498
498
486
488
486
488
490
490
492
490
484
486
488
482
484
482
478
482
476
478
470
466
470
462
464
462
462
470
468
474
472
468
466
474
478
478
472
476
488
490
492
492
492
492
498
498
486
490
492
498
496
500
498
494
494
492
488
478
484
488
486
482
470
474
464
478
482
486
480
480
480
476
476
472
482
480
482
482
490
476
474
466
468
464
468
466
462
464
464
456
452
450
452
452
444
444
436
436
432
420
416
414
416
422
426
426
418
422
418
416
412
422
422
418
408
406
400
396
408
406
402
400
398
390
392
396
398
388
394
402
394
392
388
384
382
382
376
378
376
376
374
370
374
380
378
388
386
384
390
386
384
388
382
390
390
392
386
398
412
412
414
412
416
418
416
412
418
418
422
432
432
430
434
430
428
422
424
428
436
432
430
432
432
430
434
432
428
428
434
432
432
432
422
424
434
430
430
432
438
448
448
446
442
448
454
454
450
450
446
444
438
432
436
432
426
418
420
416
410
416
410
416
414
422
418
412
416
420
414
416
422
424
422
424
418
418
416
428
432
436
436
436
428
418
416
404
412
422
412
412
422
420
428
428
430
430
436
432
428
418
418
424
416
420
422
424
434
434
430
436
436
436
442
436
438
438
438
444
448
438
432
424
424
418
416
414
412
412
414
420
416
416
414
412
414
422
432
422
422
426
424
424
428
432
440
444
444
436
434
436
436
434
432
426
428
428
432
430
440
440
448
454
456
460
456
456
462
462
468
466
466
468
468
476
482
486
484
486
480
482
486
488
488
490
492
490
486
494
488
490
486
484
486
498
496
492
498
498
496
498
504
500
500
508
506
508
516
516
524
528
536
532
534
538
532
532
526
534
542
540
552
552
550
550
550
554
554
564
572
574
570
566
574
570
576
570
564
566
570
568
574
572
568
570
572
564
566
566
568
556
562
560
566
570
566
554
544
542
540
536
528
540
542
532
538
532
536
536
532
534
536
536
532
544
546
546
542
542
546
540
540
542
540
536
542
542
546
546
542
534
534
538
530
532
532
524
526
522
518
522
516
514
518
524
530
538
544
542
544
542
538
552
552
552
548
540
536
542
542
542
556
556
560
554
558
562
562
560
560
566
580
578
574
574
576
576
580
576
580
580
582
582
578
580
574
572
568
560
570
578
578
584
576
580
586
586
588
588
588
588
590
586
592
590
582
570
578
576
574
576
572
572
580
592
584
574
574
570
566
572
574
580
586
588
592
586
592
588
584
586
588
574
568
568
574
564
560
552
548
556
556
564
560
546
548
556
548
536
534
536
536
538
544
544
534
542
548
552
546
534
530
538
534
532
536
530
528
514
514
518
516
516
518
516
520
522
520
530
528
534
532
540
540
536
540
542
544
542
540
540
544
548
546
554
554
550
556
562
568
580
590
590
582
582
586
582
578
580
578
574
574
574
580
584
580
590
592
596
596
602
598
600
596
580
574
578
576
588
592
590
592
594
602
606
606
600
600
608
618
622
622
626
626
632
632
628
636
632
642
640
638
636
644
646
638
630
622
616
618
616
620
618
616
622
612
612
610
604
590
596
606
608
616
618
628
624
620
618
612
610
604
610
610
610
608
612
610
596
594
588
580
574
580
578
588
582
584
586
586
588
594
598
592
594
592
598
594
598
598
604
608
608
608
608
610
608
618
610
618
618
628
626
610
620
624
640
638
646
646
638
648
642
642
644
644
636
644
642
642
650
650
642
638
634
626
620
624
626
630
628
624
620
626
636
640
642
632
632
632
632
636
644
642
642
648
640
648
654
660
668
666
672
680
692
692
692
692
694
694
700
694
686
680
676
670
668
676
678
676
684
684
694
694
702
700
706
714
718
712
704
718
722
720
720
714
710
706
704
700
700
702
700
702
696
694
690
690
692
686
688
688
676
666
660
664
662
654
652
644
644
646
634
630
630
622
618
614
616
608
608
614
620
616
612
610
606
618
624
628
636
628
634
634
628
618
616
612
610
614
610
614
610
606
602
604
600
600
600
594
598
606
608
608
606
606
610
608
612
622
622
630
634
634
632
630
628
620
622
624
614
612
604
608
616
616
618
622
622
612
610
606
612
614
614
616
620
616
614
608
606
618
614
624
634
628
630
630
638
650
642
646
648
650
640
644
644
640
648
650
648
642
634
630
630
628
620
614
618
626
622
616
620
624
622
622
614
616
614
614
614
618
618
616
620
616
612
612
612
612
616
612
618
628
634
636
632
632
632
644
642
638
638
632
634
634
640
636
642
650
646
650
646
650
648
650
648
644
646
638
642
646
658
652
654
652
654
654
660
660
650
650
650
650
656
648
654
652
658
648
654
656
656
654
652
646
656
646
644
648
642
656
662
650
662
662
664
664
658
660
658
656
654
652
654
660
658
656
654
660
658
658
654
656
648
654
640
648
646
654
652
646
648
646
648
646
650
656
656
654
644
640
638
638
636
628
634
642
650
636
636
632
638
638
644
646
636
640
646
654
656
650
644
654
664
662
652
648
646
654
656
654
650
646
652
646
644
640
624
618
614
608
618
624
622
614
626
620
630
636
628
620
636
636
640
634
632
626
618
618
634
640
638
644
640
638
634
632
634
636
640
636
628
624
618
606
612
608
612
616
616
620
616
612
612
612
610
614
624
628
624
626
630
632
636
630
618
610
604
604
602
600
600
598
604
606
606
604
606
600
594
588
580
580
586
576
578
580
580
580
576
578
576
580
578
584
582
582
588
582
576
572
576
582
582
576
582
570
574
584
588
598
588
590
590
586
578
582
572
562
558
560
560
556
552
552
560
560
568
564
562
564
564
552
552
546
548
554
550
546
552
552
556
558
562
562
574
564
570
574
574
574
582
568
570
578
586
586
582
582
574
572
572
570
572
570
570
568
574
570
562
558
556
564
570
568
578
578
576
590
582
580
582
576
578
582
584
582
578
582
580
584
588
590
592
586
592
598
596
598
606
610
604
602
608
600
600
590
586
594
602
606
616
626
624
634
642
640
636
632
632
634
636
638
634
632
628
636
640
632
640
638
642
638
642
644
644
634
628
628
628
628
628
628
624
624
622
636
642
650
656
650
652
650
640
644
646
644
644
642
642
642
648
636
634
638
632
632
634
632
622
616
614
620
624
632
624
622
630
636
642
642
644
636
634
626
622
622
624
624
608
616
616
620
618
618
620
622
624
636
630
626
630
624
626
634
636
634
638
648
652
654
654
646
646
650
646
644
644
648
658
648
646
648
646
648
648
640
636
636
634
630
628
618
618
626
626
630
624
622
624
624
630
636
646
660
656
654
664
666
660
666
660
660
662
662
658
650
648
652
660
664
656
662
672
676
686
694
690
698
704
704
712
706
706
704
704
710
708
698
690
686
688
696
694
682
678
674
674
674
674
674
668
670
666
666
670
676
680
688
692
686
686
686
688
688
686
682
688
680
682
680
682
682
688
692
690
694
694
696
692
694
698
692
692
694
698
704
704
710
708
710
700
690
682
680
692
698
692
694
692
704
712
716
718
714
714
724
724
722
730
732
738
738
740
736
746
750
756
756
756
752
750
750
746
754
752
748
746
744
752
746
746
754
752
754
754
758
762
764
772
760
756
764
772
778
778
774
774
772
774
778
768
770
774
770
764
766
762
762
760
760
758
756
752
748
760
760
760
760
770
764
762
762
772
776
776
778
782
778
780
774
774
776
780
786
786
788
798
790
792
796
788
802
800
802
806
804
806
810
808
802
800
800
794
798
794
800
798
808
808
812
814
806
808
806
804
810
806
806
802
796
786
782
780
786
788
794
798
812
816
808
814
814
820
816
826
826
832
832
824
826
826
832
834
822
818
816
808
806
802
802
802
804
800
794
790
790
778
780
780
778
780
780
778
786
790
788
776
784
782
780
782
774
772
770
770
768
774
772
762
764
768
766
760
756
754
752
756
766
764
766
766
766
776
782
776
766
770
776
764
754
750
740
750
748
756
766
766
762
760
766
762
760
752
754
754
750
752
758
762
762
766
758
762
766
756
752
752
762
768
776
782
784
784
784
778
776
782
790
798
792
790
798
796
810
806
806
798
796
786
782
780
776
786
784
788
782
792
796
794
800
806
810
808
808
800
798
802
794
788
796
792
798
796
790
790
796
794
800
788
788
790
794
790
788
786
792
790
794
786
786
788
786
784
784
788
788
790
798
802
800
802
812
800
804
800
800
792
790
796
796
800
800
802
806
806
806
808
804
804
798
804
812
818
816
818
812
810
810
808
810
808
812
796
808
808
806
800
798
798
796
808
814
806
808
802
802
804
800
788
778
772
778
772
774
774
780
774
778
784
780
778
776
776
782
778
784
784
776
778
784
772
774
772
776
776
770
766
760
768
766
762
760
770
776
782
776
774
770
778
778
776
774
778
778
774
774
772
770
770
764
766
766
770
768
762
762
768
756
752
754
754
754
760
762
770
768
762
764
756
756
746
744
742
738
738
746
746
748
738
738
732
728
730
726
722
718
714
710
714
708
710
714
714
722
720
710
714
718
710
708
700
712
712
704
702
696
692
698
708
710
702
710
712
714
712
712
712
704
712
710
710
706
712
710
710
710
700
698
702
704
704
706
708
710
706
702
710
720
718
716
722
722
718
720
716
722
726
720
718
718
718
716
720
720
720
720
722
726
716
720
716
722
728
724
720
716
720
712
712
716
720
716
718
722
722
730
728
728
718
722
730
722
726
720
716
720
710
718
710
706
704
698
694
702
696
690
690
696
696
694
694
680
676
684
680
682
690
688
680
678
678
676
678
676
674
670
678
678
680
674
668
664
666
662
660
660
656
660
664
666
662
666
670
670
672
670
676
682
690
706
706
702
700
700
704
702
706
710
696
702
702
700
698
690
690
680
692
688
688
692
686
678
684
682
690
692
700
698
698
698
708
720
716
718
710
706
694
694
690
688
692
686
696
696
692
696
696
694
696
710
708
710
716
728
734
730
730
730
732
732
734
726
716
716
706
702
700
694
702
706
698
700
702
694
688
684
682
680
684
682
684
690
692
688
692
702
706
710
710
702
696
690
688
690
680
684
682
676
666
672
668
664
666
668
664
660
668
668
670
674
680
688
688
690
684
682
694
696
706
700
702
704
706
710
708
710
716
708
706
712
714
706
702
694
686
680
688
688
688
684
682
680
680
682
682
682
696
696
702
694
698
692
700
692
696
692
694
688
684
688
686
676
674
682
690
688
690
698
686
692
692
686
694
690
692
690
686
688
684
688
680
690
694
694
700
692
702
702
704
706
706
710
710
722
722
718
724
722
720
720
724
716
708
702
700
696
698
702
694
694
702
698
700
706
708
710
712
702
696
684
690
700
702
700
706
710
716
720
716
706
700
700
692
688
690
690
694
688
686
688
686
688
684
686
686
686
696
692
694
698
708
716
730
734
724
720
720
718
720
714
706
710
718
726
722
720
720
718
710
718
718
714
718
