-2619
-2619
-2607
-2603
-2603
-2603
-2603
-2603
-2603
-2603
-2603
-2593
-2593
-2593
-2597
-2595
-2595
-2587
-2585
-2579
-2579
-2579
-2579
-2579
-2579
-2567
-2557
-2555
-2543
-2537
-2531
-2531
-2527
-2523
-2523
-2523
-2523
-2515
-2507
-2501
-2501
-2501
-2501
-2489
-2489
-2487
-2481
-2475
-2475
-2471
-2471
-2471
-2459
-2457
-2457
-2453
-2449
-2449
-2449
-2437
-2437
-2431
-2419
-2419
-2407
-2395
-2391
-2391
-2391
-2391
-2389
-2389
-2383
-2383
-2375
-2375
-2369
-2361
-2357
-2355
-2355
-2355
-2343
-2343
-2341
-2333
-2333
-2317
-2311
-2311
-2311
-2299
-2299
-2299
-2299
-2291
-2291
-2291
-2291
-2291
-2291
-2283
-2279
-2279
-2273
-2267
-2267
-2257
-2259
-2259
-2259
-2253
-2241
-2239
-2239
-2229
-2227
-2227
-2217
-2209
-2203
-2201
-2201
-2193
-2193
-2191
-2189
-2185
-2185
-2185
-2179
-2179
-2175
-2175
-2175
-2163
-2155
-2151
-2151
-2151
-2143
-2143
-2147
-2147
-2147
-2141
-2141
-2137
-2135
-2135
-2135
-2131
-2131
-2133
-2129
-2129
-2117
-2117
-2117
-2117
-2111
-2111
-2111
-2111
-2117
-2117
-2117
-2109
-2095
-2093
-2083
-2083
-2079
-2067
-2061
-2053
-2057
-2057
-2057
-2047
-2047
-2047
-2047
-2037
-2029
-2029
-2017
-2017
-2017
-2017
-2001
-1999
-2003
-1999
-1999
-1999
-1983
-1987
-1987
-1987
-1987
-1981
-1971
-1971
-1971
-1965
-1965
-1951
-1947
-1943
-1943
-1939
-1927
-1927
-1927
-1927
-1921
-1921
-1915
-1915
-1907
-1907
-1897
-1897
-1897
-1891
-1891
-1891
-1883
-1879
-1879
-1875
-1875
-1875
-1869
-1869
-1865
-1865
-1865
-1859
-1859
-1859
-1859
-1859
-1851
-1843
-1843
-1839
-1837
-1839
-1839
-1839
-1839
-1839
-1833
-1833
-1833
-1833
-1833
-1833
-1817
-1819
-1819
-1817
-1811
-1811
-1811
-1811
-1797
-1797
-1797
-1797
-1797
-1787
-1787
-1787
-1787
-1777
-1761
-1755
-1757
-1757
-1757
-1757
-1755
-1755
-1751
-1751
-1747
-1747
-1747
-1735
-1727
-1715
-1709
-1713
-1713
-1713
-1701
-1695
-1699
-1703
-1707
-1707
-1707
-1707
-1707
-1695
-1687
-1683
-1683
-1689
-1683
-1679
-1673
-1673
-1679
-1679
-1677
-1667
-1667
-1667
-1659
-1659
-1659
-1659
-1659
-1655
-1651
-1651
-1653
-1653
-1649
-1639
-1635
-1639
-1633
-1633
-1629
-1629
-1629
-1629
-1629
-1629
-1625
-1625
-1625
-1625
-1625
-1625
-1625
-1625
-1625
-1623
-1615
-1603
-1603
-1603
-1603
-1603
-1593
-1593
-1593
-1585
-1585
-1585
-1585
-1581
-1581
-1581
-1581
-1581
-1581
-1569
-1563
-1563
-1563
-1551
-1545
-1547
-1547
-1547
-1547
-1541
-1537
-1527
-1525
-1525
-1525
-1525
-1525
-1519
-1519
-1519
-1527
-1527
-1521
-1521
-1509
-1509
-1509
-1505
-1503
-1495
-1491
-1501
-1501
-1495
-1485
-1475
-1475
-1471
-1471
-1471
-1465
-1465
-1465
-1453
-1453
-1453
-1453
-1453
-1445
-1437
-1433
-1433
-1433
-1431
-1433
-1421
-1417
-1415
-1407
-1403
-1403
-1397
-1399
-1401
-1401
-1401
-1401
-1387
-1373
-1371
-1371
-1355
-1365
-1361
-1351
-1351
-1345
-1345
-1347
-1347
-1339
-1337
-1337
-1337
-1325
-1321
-1321
-1321
-1323
-1323
-1323
-1319
-1319
-1319
-1305
-1305
-1295
-1295
-1295
-1295
-1295
-1295
-1287
-1287
-1287
-1287
-1279
-1283
-1279
-1279
-1277
-1277
-1285
-1279
-1279
-1279
-1279
-1273
-1271
-1269
-1257
-1257
-1257
-1257
-1261
-1255
-1247
-1237
-1237
-1227
-1225
-1225
-1225
-1225
-1225
-1219
-1219
-1219
-1223
-1217
-1207
-1207
-1201
-1201
-1201
-1199
-1199
-1191
-1193
-1183
-1183
-1175
-1179
-1179
-1177
-1177
-1177
-1177
-1165
-1165
-1165
-1165
-1165
-1165
-1153
-1153
-1153
-1153
-1157
-1167
-1165
-1165
-1165
-1163
-1163
-1157
-1157
-1149
-1137
-1131
-1127
-1127
-1127
-1131
-1131
-1135
-1135
-1127
-1127
-1127
-1141
-1141
-1141
-1147
-1141
-1143
-1131
-1129
-1129
-1129
-1129
-1119
-1119
-1119
-1119
-1119
-1117
-1109
-1109
-1109
-1109
-1109
-1103
-1103
-1103
-1103
-1103
-1103
-1103
-1103
-1101
-1107
-1101
-1101
-1097
-1091
-1091
-1091
-1091
-1089
-1087
-1087
-1093
-1093
-1085
-1083
-1065
-1059
-1059
-1059
-1061
-1061
-1073
-1073
-1063
-1063
-1063
-1057
-1057
-1057
-1047
-1047
-1047
-1039
-1039
-1039
-1039
-1031
-1021
-1021
-1021
-1021
-1021
-1013
-1013
-1013
-1007
-1007
-1009
-997
-999
-999
-999
-999
-999
-1003
-1003
-995
-983
-983
-987
-987
-983
-983
-983
-981
-975
-975
-969
-959
-959
-955
-955
-953
-953
-947
-949
-949
-949
-949
-949
-949
-947
-941
-941
-937
-937
-931
-929
-923
-919
-911
-911
-911
-911
-911
-899
-909
-899
-889
-885
-875
-867
-861
-861
-853
-853
-853
-853
-845
-839
-839
-835
-835
-835
-839
-835
-829
-819
-817
-817
-817
-809
-809
-805
-811
-803
-803
-803
-803
-799
-799
-799
-799
-795
-801
-799
-799
-799
-799
-799
-799
-799
-795
-793
-793
-789
-789
-783
-781
-781
-781
-777
-777
-775
-777
-777
-777
-771
-785
-795
-789
-787
-787
-775
-779
-773
-773
-773
-767
-767
-767
-777
-769
-765
-765
-755
-757
-757
-757
-757
-759
-759
-759
-759
-747
-747
-747
-747
-747
-747
-747
-747
-743
-739
-739
-739
-729
-725
-729
-729
-729
-737
-727
-727
-731
-731
-731
-731
-733
-725
-719
-719
-719
-719
-713
-713
-711
-707
-707
-707
-699
-687
-687
-687
-693
-689
-687
-693
-693
-687
-687
-687
-679
-677
-677
-681
-681
-681
-681
-681
-677
-665
-665
-661
-665
-675
-675
-677
-685
-677
-681
-681
-681
-681
-681
-673
-673
-669
-669
-663
-663
-663
-661
-661
-661
-661
-663
-663
-663
-663
-663
-657
-655
-657
-659
-659
-659
-659
-659
-659
-655
-655
-649
-645
-645
-643
-643
-643
-643
-635
-635
-633
-633
-631
-631
-629
-629
-629
-621
-621
-621
-623
-623
-611
-607
-601
-587
-585
-587
-603
-603
-603
-603
-603
-599
-609
-609
-611
-611
-615
-609
-609
-605
-605
-595
-595
-587
-587
-591
-595
-587
-585
-585
-585
-603
-593
-593
-593
-593
-591
-591
-583
-585
-579
-571
-561
-561
-561
-555
-553
-553
-553
-547
-547
-547
-549
-549
-549
-549
-549
-549
-547
-545
-547
-543
-543
-543
-543
-543
-543
-543
-543
-543
-543
-543
-543
-549
-545
-541
-533
-533
-533
-525
-517
-511
-511
-511
-503
-501
-505
-493
-493
-493
-487
-485
-485
-485
-487
-483
-481
-481
-481
-481
-489
-481
-481
-477
-477
-477
-477
-473
-473
-469
-469
-469
-469
-465
-453
-449
-449
-441
-437
-435
-437
-437
-439
-439
-433
-431
-431
-431
-427
-423
-419
-419
-419
-419
-419
-425
-421
-417
-423
-423
-423
-423
-423
-427
-427
-427
-435
-429
-429
-429
-429
-429
-423
-423
-417
-421
-421
-421
-411
-403
-403
-391
-385
-385
-385
-385
-381
-381
-383
-385
-377
-377
-377
-365
-351
-351
-351
-351
-351
-351
-351
-351
-351
-351
-351
-351
-351
-351
-351
-361
-345
-353
-353
-351
-355
-353
-353
-353
-357
-357
-351
-351
-347
-345
-341
-337
-339
-339
-339
-339
-339
-347
-347
-351
-351
-353
-353
-361
-367
-367
-367
-357
-357
-357
-359
-347
-351
-351
-349
-337
-337
-339
-345
-339
-339
-331
-333
-327
-327
-315
-315
-315
-321
-321
-317
-317
-315
-315
-311
-317
-317
-311
-303
-311
-311
-303
-303
-299
-311
-307
-311
-311
-323
-315
-311
-307
-307
-297
-301
-297
-295
-285
-283
-283
-283
-281
-281
-281
-281
-281
-281
-279
-279
-273
-269
-269
-265
-269
-271
-271
-271
-271
-265
-263
-257
-257
-263
-265
-265
-265
-273
-273
-273
-271
-271
-269
-269
-269
-269
-265
-265
-257
-257
-257
-257
-257
-251
-251
-245
-247
-247
-247
-245
-245
-245
-237
-237
-237
-243
-235
-233
-233
-231
-235
-235
-235
-235
-235
-239
-237
-237
-237
-237
-237
-237
-237
-233
-239
-239
-239
-239
-239
-239
-239
-239
-239
-229
-229
-229
-223
-213
-209
-209
-203
-203
-203
-203
-199
-201
-201
-187
-187
-191
-191
-191
-189
-197
-197
-203
-203
-203
-203
-203
-193
-189
-191
-185
-179
-179
-179
-179
-179
-179
-177
-177
-177
-177
-177
-177
-177
-175
-177
-179
-179
-179
-165
-165
-165
-165
-169
-169
-175
-175
-175
-175
-175
-175
-175
-175
-173
-185
-191
-193
-195
-187
-181
-181
-181
-189
-197
-197
-197
-197
-197
-197
-189
-191
-191
-191
-191
-191
-185
-185
-185
-181
-187
-197
-197
-197
-197
-197
-197
-201
-201
-201
-201
-201
-201
-199
-199
-199
-199
-195
-195
-195
-195
-203
-205
-205
-213
-209
-209
-209
-215
-219
-215
-221
-217
-217
-221
-221
-217
-215
-215
-215
-205
-197
-199
-203
-199
-191
-191
-189
-189
-193
-195
-195
-203
-203
-195
-207
-207
-213
-207
-197
-197
-205
-205
-205
-203
-203
-203
-203
-203
-203
-197
-197
-197
-197
-193
-193
-193
-193
-193
-193
-189
-189
-191
-183
-183
-183
-169
-169
-171
-169
-171
-171
-183
-179
-179
-179
-181
-183
-183
-181
-181
-181
-177
-177
-177
-177
-171
-171
-171
-171
-167
-167
-161
-161
-161
-159
-159
-153
-161
-159
-167
-167
-167
-167
-167
-159
-155
-159
-163
-165
-165
-169
-169
-175
-171
-165
-165
-169
-163
-157
-157
-157
-157
-155
-153
-151
-151
-159
-153
-147
-147
-147
-151
-151
-149
-141
-141
-141
-141
-141
-141
-141
-141
-141
-139
-139
-139
-139
-139
-135
-135
-135
-127
-127
-127
-127
-121
-115
-115
-107
-115
-115
-121
-121
-121
-117
-123
-129
-143
-143
-131
-131
-131
-131
-129
-125
-125
-125
-121
-121
-121
-121
-119
-111
-111
-107
-107
-107
-111
-111
-111
-121
-125
-127
-129
-125
-125
-125
-125
-135
-137
-129
-129
-127
-137
-133
-129
-129
-137
-137
-137
-137
-127
-127
-131
-131
-125
-125
-137
-137
-135
-129
-123
-123
-119
-121
-121
-113
-113
-123
-121
-113
-113
-113
-113
-117
-117
-123
-123
-123
-123
-123
-135
-129
-129
-127
-127
-129
-123
-123
-123
-123
-123
-121
-121
-117
-123
-123
-123
-125
-125
-125
-123
-123
-129
-123
-123
-133
-133
-133
-133
-133
-133
-127
-121
-125
-133
-131
-131
-131
-129
-125
-125
-125
-125
-125
-123
-123
-123
-123
-123
-123
-127
-131
-131
-131
-127
-129
-117
-117
-117
-111
-115
-113
-107
-107
-107
-107
-95
-95
-95
-95
-93
-83
-83
-79
-81
-81
-81
-69
-65
-65
-65
-65
-65
-59
-59
-57
-57
-49
-43
-43
-43
-47
-47
-49
-51
-51
-51
-47
-47
-43
-43
-39
-39
-39
-49
-49
-55
-53
-53
-47
-37
-33
-33
-33
-27
-27
-27
-21
-21
-21
-21
-19
-19
-15
-15
-15
-15
-13
-13
-21
-17
-17
-23
-23
-23
-17
-15
-11
-15
-15
-13
-13
-17
-21
-21
-21
-21
-21
-15
-15
-15
-19
-19
-19
-19
-17
-17
-5
-9
-11
-11
-11
-1
-1
5
-5
-5
-5
-5
5
7
-1
-1
-1
-1
-1
-1
-1
-1
-1
-1
7
7
17
15
11
11
11
11
9
23
23
25
27
27
27
25
25
25
27
27
21
15
15
15
15
15
21
21
21
33
33
37
37
37
37
37
37
35
39
39
49
49
49
49
47
41
41
41
41
39
37
37
37
31
41
41
41
41
41
41
45
43
43
43
43
37
37
37
37
39
39
39
39
39
49
49
49
49
49
49
49
49
41
41
41
41
45
45
45
45
51
39
39
37
37
37
35
35
43
49
49
57
57
57
57
67
61
61
65
65
65
65
57
57
57
57
57
71
71
71
77
79
79
79
79
79
81
81
81
79
79
79
81
81
75
75
73
73
61
61
61
61
61
71
69
77
75
77
77
77
77
79
79
73
73
73
73
73
73
81
81
81
79
79
79
79
83
83
83
83
83
83
87
89
81
81
81
81
89
89
89
89
89
85
85
85
85
85
85
85
85
85
85
85
87
87
85
85
85
85
85
85
79
79
65
61
61
65
65
65
65
71
71
71
71
71
71
71
75
75
83
81
81
81
83
79
79
69
69
69
69
61
61
61
61
49
49
49
49
49
51
61
65
63
63
55
51
51
57
57
59
59
59
61
61
49
49
49
55
61
61
61
61
77
77
77
77
77
75
83
85
85
83
83
71
71
71
71
71
71
71
71
71
71
71
75
71
77
75
75
75
75
79
79
79
79
79
77
77
77
71
65
65
65
75
77
73
73
75
75
75
75
75
75
75
75
67
63
63
63
61
61
59
59
59
57
53
53
51
51
51
55
53
53
53
49
45
45
37
39
39
45
45
39
39
41
41
41
33
43
49
49
49
47
55
55
55
55
55
55
55
55
61
61
59
59
59
59
49
49
49
49
51
51
51
51
51
59
49
49
53
45
45
45
47
47
47
59
65
63
57
57
57
63
71
71
71
71
69
65
67
67
73
69
57
57
57
57
57
57
57
57
57
57
53
53
53
57
57
61
61
61
59
59
59
59
59
59
69
69
71
71
69
69
69
69
73
65
57
55
55
55
55
55
55
61
61
57
59
59
49
49
47
45
45
41
35
35
35
37
37
37
39
39
37
39
39
39
45
45
45
43
49
55
55
47
47
47
43
47
47
47
53
53
47
57
57
57
57
65
65
71
61
61
59
59
55
55
61
61
61
51
51
51
43
39
39
37
43
47
47
47
53
53
49
57
51
51
51
55
55
55
55
55
55
55
55
55
55
51
47
47
47
47
49
49
55
55
51
51
49
43
43
43
45
43
43
43
37
37
37
39
39
31
31
19
13
13
13
11
11
15
15
17
17
13
13
13
15
15
15
13
11
11
11
11
9
9
9
1
1
-3
-1
-1
3
5
3
3
-3
-3
-3
-3
3
15
13
9
3
3
3
3
5
9
9
9
7
7
7
7
7
7
15
19
19
19
25
37
37
37
39
27
27
27
27
35
29
29
29
29
29
29
19
19
19
19
21
27
15
15
15
15
15
19
19
27
39
39
39
45
49
45
49
49
47
53
53
51
57
47
47
55
61
59
59
65
67
67
67
67
75
73
73
75
75
85
83
83
83
83
81
81
87
87
87
87
87
81
81
75
65
69
69
69
69
71
71
71
71
71
63
63
57
55
55
47
49
41
33
33
29
27
23
23
27
27
35
35
37
37
37
37
35
35
39
47
41
47
53
43
47
51
51
39
45
47
47
47
47
47
59
59
67
69
67
67
67
67
67
63
63
63
67
63
63
59
53
51
51
51
45
45
41
47
47
47
47
59
59
59
59
61
51
51
51
55
49
49
49
49
59
49
49
49
51
45
37
37
37
39
41
43
29
33
45
45
53
53
57
57
57
57
55
49
49
41
51
51
53
53
53
53
53
51
47
47
47
49
53
53
57
53
51
57
57
57
57
57
57
57
59
59
49
51
51
39
39
39
39
43
37
37
37
37
37
39
39
35
35
23
23
23
19
23
19
19
19
19
19
23
23
23
23
35
35
37
39
35
35
43
35
43
43
43
51
51
45
43
43
57
57
63
67
67
77
77
91
91
91
85
79
87
87
87
87
87
89
87
87
85
85
81
81
81
81
69
69
67
67
59
59
59
59
59
53
53
55
55
53
53
53
53
61
61
61
59
59
55
53
53
53
45
45
45
45
45
45
45
51
51
57
61
61
59
59
59
53
53
53
53
57
67
63
63
69
69
71
69
79
75
75
65
65
55
49
45
51
55
65
65
65
65
69
67
67
71
69
69
69
59
59
59
59
63
63
65
57
57
57
57
51
51
51
51
51
51
53
43
43
43
43
47
45
37
37
37
37
33
33
33
29
29
27
33
33
35
35
43
43
43
43
51
51
51
51
57
57
57
57
57
57
53
53
53
47
53
47
43
43
43
37
37
49
49
49
47
47
47
41
41
41
41
43
55
55
61
61
63
63
63
65
65
67
67
67
63
65
65
65
65
65
65
63
73
73
73
73
79
79
77
81
81
81
73
71
71
75
73
73
77
75
71
75
69
71
77
87
75
71
71
71
71
59
59
59
59
59
65
65
65
69
79
79
79
79
79
79
87
87
87
83
83
83
89
89
89
89
79
87
85
87
89
89
91
91
91
91
91
91
91
91
91
97
97
97
95
95
95
95
95
103
97
91
89
89
105
95
103
103
103
103
103
101
101
101
107
101
109
109
109
109
109
109
109
111
117
117
123
123
137
131
131
131
137
137
141
141
141
133
133
141
141
141
139
125
125
125
125
125
125
125
121
123
123
123
123
123
127
127
131
131
135
135
135
143
149
157
153
153
153
153
153
153
153
145
143
143
143
137
139
139
139
141
147
147
153
153
153
153
153
153
149
147
147
147
147
149
149
149
149
135
135
129
133
133
141
137
137
137
137
139
139
137
137
139
141
141
145
151
139
141
141
141
145
145
145
145
139
139
141
151
151
147
137
137
137
137
137
137
137
137
137
137
139
139
139
147
153
147
145
135
139
139
139
139
139
135
135
133
133
133
143
137
137
145
155
155
155
163
163
155
155
155
157
147
147
147
147
147
147
147
149
153
153
159
159
159
159
153
145
147
147
143
143
143
131
129
129
129
129
137
137
135
135
129
129
129
131
137
139
139
143
143
143
143
143
143
143
143
137
139
141
147
139
139
139
137
137
139
139
139
139
139
139
139
135
131
131
131
129
129
123
131
131
131
129
129
129
129
133
133
123
123
123
123
123
123
115
119
119
117
117
125
119
119
113
101
101
101
107
107
107
107
107
113
109
111
111
111
107
107
109
109
121
121
117
117
117
117
115
115
111
113
113
107
111
109
107
107
107
107
107
105
107
107
107
97
99
95
95
95
95
95
95
95
95
103
103
103
103
103
101
101
107
115
115
111
111
103
103
99
99
95
95
95
97
101
101
101
101
99
101
107
107
107
107
121
119
119
129
129
129
129
129
137
141
141
141
141
141
141
141
141
141
137
137
131
131
131
131
131
131
131
131
129
129
133
127
127
133
133
131
131
137
143
143
139
139
141
141
141
143
143
143
139
139
139
151
151
149
161
163
163
163
163
161
161
163
169
171
171
179
179
179
187
187
187
197
197
197
199
193
201
201
205
207
207
207
207
207
207
207
207
207
207
203
215
215
209
209
209
197
193
193
193
193
193
193
195
195
191
191
191
191
193
191
191
191
199
199
199
197
191
191
195
195
195
195
195
191
199
199
203
203
203
213
213
213
213
207
207
203
203
203
203
197
191
191
181
185
185
189
189
189
189
195
197
197
195
193
193
197
193
191
191
191
191
201
201
201
201
201
205
201
209
213
213
225
233
233
231
231
223
223
219
219
219
219
217
219
219
219
229
233
237
237
243
245
249
249
249
263
263
263
263
267
267
267
267
269
269
269
257
257
251
251
247
255
255
259
259
259
259
263
263
263
263
263
263
263
259
259
253
253
257
257
257
257
257
245
249
249
257
257
263
263
257
257
257
257
265
265
265
265
263
267
269
269
269
267
267
259
251
249
249
249
249
249
249
249
247
239
239
237
237
237
237
237
237
241
241
241
241
241
241
235
235
241
241
241
241
239
239
239
233
221
221
223
223
221
221
221
229
233
233
233
239
239
239
239
239
239
235
235
235
235
235
237
229
227
227
231
231
229
233
233
239
231
225
225
223
223
227
227
227
233
239
239
239
239
233
233
233
243
247
247
251
245
231
237
247
247
247
247
253
253
253
253
259
259
259
259
261
261
267
271
271
267
267
267
273
273
271
259
255
263
263
259
259
261
269
269
269
269
273
273
263
255
255
255
255
257
257
257
255
255
249
249
249
249
249
249
255
255
265
271
267
267
267
267
267
259
259
259
259
259
259
261
261
263
263
271
271
271
267
263
263
263
257
257
259
259
247
243
243
247
247
249
249
241
241
241
241
241
241
233
233
233
229
229
229
233
233
223
223
231
219
219
219
221
221
217
207
205
213
213
203
203
203
205
205
201
201
201
203
209
209
213
205
205
205
205
201
207
205
205
205
205
209
213
221
221
221
221
221
225
225
227
227
227
231
235
245
245
245
245
249
249
249
249
249
249
249
249
249
249
243
243
243
243
237
237
243
243
241
241
241
241
241
245
259
259
243
243
243
251
251
257
257
257
251
251
251
247
251
253
253
253
253
243
243
243
237
237
237
237
237
239
239
239
239
237
235
231
231
231
231
231
225
221
221
221
217
215
217
221
221
219
215
215
215
225
225
225
225
231
225
225
235
233
233
233
237
237
237
237
237
225
223
223
223
221
217
217
217
217
217
217
225
219
219
219
219
219
219
219
219
223
223
229
219
219
217
217
207
207
207
207
207
195
195
193
193
201
201
203
203
203
207
201
203
203
203
203
203
203
203
203
203
205
205
201
201
211
205
205
203
203
203
197
199
199
199
199
201
207
207
207
205
199
185
185
185
185
177
181
181
171
171
171
171
171
171
177
177
175
175
179
179
189
189
199
199
199
199
199
193
183
183
183
185
185
181
181
181
181
181
183
183
179
179
185
185
185
193
187
185
181
191
185
181
169
169
185
185
185
185
185
175
175
165
167
163
161
161
161
161
161
161
161
161
163
163
163
161
151
137
137
137
139
131
125
125
133
133
133
125
129
129
129
129
125
119
119
119
119
119
119
119
119
127
119
119
113
113
113
113
113
113
113
113
113
121
121
121
121
121
131
121
121
121
119
119
117
115
115
117
121
121
125
119
119
119
127
135
135
135
135
133
127
127
121
121
123
123
123
123
127
127
139
139
139
139
149
149
145
145
151
151
151
151
153
153
161
161
161
165
159
159
161
155
155
157
157
161
153
153
153
153
153
153
153
147
147
147
147
147
147
145
155
151
145
139
145
155
153
151
151
145
145
145
145
147
153
151
149
159
159
159
159
157
159
157
163
171
171
171
171
171
171
167
163
163
163
163
163
163
163
171
175
185
177
181
173
177
173
173
173
175
175
177
177
187
187
187
187
193
193
187
187
187
187
173
163
163
163
163
163
163
161
169
169
169
161
161
157
157
157
157
163
163
163
163
175
175
175
171
163
169
169
169
181
177
177
171
171
177
177
177
177
179
175
175
175
175
179
179
179
185
191
187
189
181
171
171
163
161
161
161
161
161
167
163
165
165
165
171
177
177
177
177
177
175
175
175
177
177
189
189
189
189
191
191
201
195
191
201
201
201
201
201
201
201
195
195
195
197
193
195
195
209
215
213
209
209
209
217
217
223
221
227
227
229
233
233
233
237
237
243
243
243
243
237
237
247
243
243
243
239
239
239
239
239
243
243
237
247
247
245
245
251
249
251
251
251
251
251
249
249
251
251
249
255
255
253
253
253
253
247
247
247
247
247
249
249
253
247
241
241
233
233
233
245
249
249
251
251
261
257
253
255
255
253
253
259
259
259
259
259
259
261
261
261
261
267
267
267
259
259
259
259
259
259
267
267
267
267
261
261
269
269
277
277
275
267
267
267
267
267
267
267
263
259
257
255
251
251
251
251
247
247
247
247
247
247
247
245
245
245
245
247
247
247
247
247
245
255
245
249
249
247
247
249
249
233
233
233
233
241
237
237
237
237
237
241
241
241
247
239
241
243
237
237
237
235
235
239
239
239
239
239
239
249
249
249
247
247
247
245
245
245
245
245
255
255
255
255
255
259
259
257
257
247
241
233
237
237
237
239
247
247
247
247
245
245
245
245
245
259
259
265
259
259
259
253
253
253
253
253
253
259
259
259
253
243
239
235
235
227
227
227
229
229
231
225
225
225
219
223
223
223
223
223
229
231
229
217
217
221
231
231
231
229
229
229
217
217
205
205
211
211
209
209
209
213
213
213
203
203
203
203
203
201
203
203
203
215
215
211
215
211
209
195
195
195
195
199
189
189
189
189
189
189
189
189
191
185
185
185
185
175
175
175
175
177
181
181
181
181
181
183
183
183
181
173
173
175
175
181
185
179
179
173
181
181
183
183
197
201
195
187
187
195
199
189
195
195
195
195
195
195
205
203
203
207
211
211
211
225
227
227
221
221
231
223
223
231
231
233
227
227
227
229
233
233
225
231
231
231
231
231
231
229
231
231
233
233
235
235
235
239
239
243
237
237
239
239
239
239
241
241
241
241
243
243
249
249
249
249
249
249
249
249
249
249
249
249
251
251
243
243
243
245
245
245
245
233
229
229
229
229
229
225
223
223
223
223
223
223
219
219
221
217
217
217
217
217
217
227
241
241
241
241
241
243
243
243
233
231
231
231
231
231
231
231
235
235
235
235
235
227
219
221
221
221
221
221
213
209
209
209
209
209
205
205
205
205
205
197
197
197
195
187
187
189
187
179
179
179
179
183
183
183
183
183
189
189
189
193
189
189
189
189
183
189
185
185
185
185
187
187
187
187
187
187
193
191
191
191
191
191
189
181
181
175
175
175
185
189
195
195
191
197
201
197
197
197
197
199
199
199
199
195
195
183
183
183
185
185
175
175
175
175
179
179
179
175
175
179
179
177
175
175
177
177
177
165
165
165
163
165
163
163
163
163
163
163
163
163
167
171
161
161
159
163
171
171
161
161
159
159
163
163
173
173
177
177
181
181
183
189
189
189
189
189
181
181
181
181
183
183
183
183
183
183
183
183
183
183
175
179
179
177
177
177
173
179
179
183
183
183
181
179
179
179
179
181
181
185
175
177
179
179
179
179
179
179
179
175
175
175
175
183
183
191
193
193
193
193
199
199
199
199
199
199
199
207
195
195
199
193
187
187
187
175
179
179
179
179
179
179
179
179
179
179
177
179
175
175
175
175
181
171
173
173
173
171
183
169
169
165
165
165
165
165
165
163
163
163
165
157
157
157
157
157
157
157
157
157
157
149
161
161
159
159
159
159
161
173
173
173
173
173
177
179
181
181
183
183
183
183
183
183
183
195
197
197
197
199
203
207
211
211
215
215
215
215
215
207
207
211
211
211
207
201
203
203
203
203
203
201
201
201
201
201
201
201
199
195
195
195
195
191
183
183
183
183
183
185
183
189
189
189
199
199
195
187
175
175
175
175
175
159
159
159
159
163
161
161
161
151
151
151
151
151
151
147
153
155
161
153
153
161
161
161
161
157
163
163
163
163
157
157
157
157
155
157
167
167
167
163
163
167
161
161
161
157
157
161
159
159
159
163
165
165
173
173
159
153
155
155
155
155
155
155
163
163
161
161
163
169
169
169
165
163
163
163
163
163
163
163
163
163
157
157
163
163
165
165
169
169
169
177
177
177
181
183
183
177
167
167
167
165
161
161
161
161
161
157
163
171
173
169
169
171
183
187
187
187
187
197
197
197
197
197
197
197
197
197
197
197
191
181
183
183
183
185
185
181
175
175
175
175
171
173
173
167
167
163
163
163
163
165
165
165
165
165
175
175
175
171
171
171
167
171
171
183
183
193
193
183
185
185
185
185
191
191
197
197
197
195
195
201
201
199
187
187
183
183
177
179
177
177
177
177
177
179
173
173
173
173
167
167
167
167
171
171
167
159
165
165
169
171
169
165
163
171
171
169
169
169
173
173
165
165
165
169
171
171
171
171
171
171
175
169
169
173
165
165
165
169
169
169
169
169
169
171
169
179
183
183
181
181
181
181
181
181
185
179
179
175
175
175
169
171
169
165
165
169
169
165
167
167
177
177
177
177
179
175
171
179
179
179
179
183
177
177
177
177
169
169
163
163
171
171
179
179
177
175
175
175
179
179
179
191
191
185
193
197
197
197
213
209
211
211
211
211
211
211
207
207
207
219
219
223
223
221
227
227
227
233
227
221
221
221
223
217
205
207
205
205
205
215
213
213
213
211
211
211
203
203
203
203
211
201
201
201
199
199
213
213
213
215
225
223
231
231
231
227
237
241
241
237
245
245
245
241
241
237
237
237
237
237
237
239
243
243
243
243
243
247
235
227
227
227
227
227
231
231
229
227
227
225
229
227
235
233
231
239
239
241
249
249
253
253
253
241
241
241
241
247
253
251
251
251
251
253
259
259
259
253
245
245
245
241
239
239
239
241
247
239
239
245
245
251
239
239
239
239
235
235
235
233
231
231
229
221
221
221
221
211
211
211
219
219
225
223
231
231
237
237
237
237
237
237
239
233
233
243
235
235
235
235
235
235
235
235
247
247
241
241
241
231
235
233
233
231
241
241
231
235
231
231
235
235
235
235
239
239
239
245
245
243
243
231
239
245
247
259
259
259
253
253
249
249
253
253
249
249
249
253
251
251
251
253
251
251
245
245
245
245
255
257
249
257
257
257
257
257
257
259
249
249
249
249
255
255
255
255
263
263
263
263
263
263
263
263
265
261
261
261
269
275
269
269
269
269
269
267
271
269
269
269
273
273
279
279
289
289
289
289
283
277
281
283
283
283
283
279
289
289
289
291
295
295
295
295
295
293
293
287
287
287
287
297
297
299
307
317
317
315
315
319
319
315
309
307
307
299
305
295
295
295
295
295
295
295
295
295
295
295
295
295
295
295
305
305
317
315
309
309
303
303
303
303
303
303
299
299
299
299
299
293
299
297
297
297
295
287
287
287
287
295
299
309
313
313
313
319
311
301
303
303
303
303
303
311
311
317
317
315
315
315
315
323
323
323
323
319
319
313
325
325
325
325
325
317
317
317
319
321
321
321
315
315
307
307
307
307
313
307
307
307
307
301
313
313
313
309
309
309
309
309
309
307
303
297
297
291
291
299
289
301
301
311
313
309
307
311
311
307
307
307
307
307
307
307
307
311
311
311
311
317
317
313
315
315
315
321
321
313
313
311
303
303
297
297
287
283
283
279
277
277
277
275
275
275
275
275
275
279
279
279
267
259
259
257
261
261
257
259
259
259
261
261
261
261
259
259
259
251
251
251
259
259
259
259
259
261
261
261
261
261
249
251
257
257
259
261
261
265
257
259
261
259
259
259
259
259
247
245
245
245
245
249
249
259
259
269
269
269
265
275
285
281
281
269
261
259
261
261
261
267
267
267
267
267
267
267
263
271
273
273
283
283
281
277
277
277
277
277
277
277
281
279
279
279
279
279
283
283
283
283
279
273
273
273
275
275
269
269
269
269
273
275
275
269
271
271
271
265
257
257
263
267
267
267
271
271
271
271
281
281
281
281
281
281
277
277
273
263
263
265
265
271
271
267
267
267
265
263
263
263
263
263
263
269
267
267
267
263
263
263
259
259
259
259
259
259
259
259
253
253
253
253
253
253
253
245
245
245
235
235
235
237
239
247
247
247
239
239
239
239
239
247
247
243
243
243
243
243
243
243
243
243
247
247
239
239
239
239
239
245
245
233
233
233
233
237
237
237
241
235
235
237
237
225
225
225
225
225
223
231
231
223
223
223
223
223
219
219
219
219
217
217
215
209
209
213
221
221
215
215
215
221
221
227
227
227
227
227
227
227
227
225
229
233
233
233
233
233
235
233
233
233
233
217
217
217
211
211
211
221
221
211
211
215
215
215
219
209
209
213
209
209
209
209
209
209
205
205
205
205
205
205
205
205
205
205
213
215
215
209
209
209
209
205
205
205
205
207
209
207
207
207
207
213
213
211
211
211
211
211
211
199
201
201
201
199
193
189
189
189
201
207
203
203
203
213
211
211
207
207
209
209
211
213
213
211
213
213
213
213
221
225
225
225
225
225
223
223
219
219
221
221
213
213
213
211
199
195
195
195
195
199
195
195
199
193
185
185
185
183
185
185
171
171
163
165
165
165
173
171
171
173
169
169
169
165
165
163
155
163
157
153
153
153
153
153
149
149
149
149
151
151
149
151
147
153
153
153
155
163
163
163
163
167
169
165
161
161
161
159
159
161
161
151
151
149
149
151
151
143
143
143
141
139
139
137
137
141
143
143
143
141
139
143
143
143
143
143
143
141
141
141
141
147
147
131
129
131
133
133
133
139
139
139
145
147
147
149
149
149
147
147
147
147
147
147
147
155
155
155
155
155
155
155
155
153
155
155
149
147
147
147
145
145
145
145
145
143
135
135
135
135
135
143
141
141
135
135
145
145
145
145
145
145
145
145
145
149
149
151
157
155
155
155
155
149
149
141
145
143
151
151
155
161
169
169
171
171
173
173
173
177
175
181
181
183
189
189
189
187
181
187
187
191
189
191
195
191
191
195
195
195
193
193
193
193
193
193
197
209
211
211
213
205
205
207
203
191
191
193
193
195
199
187
187
195
191
185
177
187
187
183
183
181
187
187
195
195
195
195
199
199
199
195
195
197
195
195
203
203
195
195
197
197
201
201
201
201
201
201
201
199
199
199
199
199
199
199
199
201
201
201
201
217
207
211
201
201
203
203
203
207
215
209
203
199
203
193
191
191
191
205
199
199
199
197
197
185
183
181
195
195
201
201
201
197
197
197
197
197
191
197
199
203
203
203
205
205
215
213
207
207
211
211
203
195
197
197
197
201
201
201
203
211
211
211
205
199
199
199
199
209
209
205
211
211
207
203
203
201
201
201
197
197
189
197
193
193
191
191
191
191
193
203
209
209
211
217
217
217
219
209
221
221
221
221
215
211
211
207
207
207
221
229
229
229
229
231
227
235
237
237
237
237
237
237
239
243
243
247
247
247
237
237
231
231
239
239
239
239
239
235
235
235
227
227
227
227
227
225
225
223
223
223
223
223
223
223
223
217
203
203
203
199
207
207
207
205
205
205
213
213
221
221
221
229
227
211
211
211
211
211
211
211
211
211
211
211
211
211
203
203
203
203
209
211
211
213
213
221
217
219
219
215
209
209
203
213
215
205
205
205
205
201
201
199
201
203
211
215
215
215
215
215
215
209
211
211
207
211
211
211
221
221
221
221
223
221
221
221
221
221
221
221
221
221
221
223
221
221
215
215
215
221
221
221
221
223
221
229
229
231
231
229
229
243
245
243
243
243
247
247
247
235
235
233
233
233
233
233
233
229
229
229
229
227
237
237
237
239
239
239
225
223
223
223
223
223
231
235
235
235
235
239
239
239
231
241
241
239
239
239
233
233
227
227
227
227
221
221
225
225
217
219
219
211
211
211
217
217
217
217
217
217
219
207
213
213
213
213
213
213
217
217
217
217
217
217
217
217
223
223
223
221
221
217
217
227
217
217
215
215
215
215
219
211
211
219
219
211
211
217
217
217
217
217
217
209
209
213
213
213
209
209
209
209
209
209
209
203
211
211
207
207
207
207
211
213
213
217
219
231
225
225
225
225
225
225
225
225
225
229
229
223
235
229
229
229
229
229
221
221
219
225
225
225
223
217
217
217
217
217
221
221
217
219
219
219
223
223
225
225
225
229
229
235
237
237
237
235
239
235
235
241
243
243
241
243
243
239
239
239
241
241
239
239
239
239
239
235
227
223
223
231
221
211
211
211
211
211
215
215
215
215
215
215
223
227
227
227
227
227
227
227
221
227
223
225
229
229
229
221
221
221
221
221
225
219
219
219
209
205
211
209
209
209
209
207
207
207
195
195
195
195
195
193
193
193
193
193
189
189
189
185
185
191
191
191
191
191
181
181
175
171
171
183
183
171
171
171
177
177
177
179
179
179
177
177
187
185
185
185
189
191
191
197
197
197
197
207
207
207
217
217
217
217
217
217
217
221
223
217
221
221
221
229
229
221
221
213
213
219
227
227
227
223
223
223
223
227
227
227
235
231
225
225
225
225
225
215
221
221
221
221
227
229
229
229
225
227
227
227
227
225
227
227
227
219
219
211
211
211
209
211
211
205
205
205
207
207
219
223
219
221
221
221
229
229
223
219
219
231
231
237
237
237
239
243
237
237
237
237
237
237
237
237
237
235
235
235
235
231
231
231
231
231
237
235
235
239
239
239
243
243
243
243
251
251
247
247
247
247
255
251
255
255
247
247
239
239
239
237
237
241
233
233
233
233
233
237
235
235
235
237
237
243
243
251
241
241
243
243
239
239
239
239
239
247
245
245
245
245
245
245
245
247
247
247
247
247
251
251
251
259
259
265
271
269
269
269
269
255
253
253
261
259
259
259
259
259
253
251
249
249
249
243
251
255
249
251
251
251
251
251
251
251
247
247
247
247
247
247
249
249
249
253
243
243
237
237
237
237
231
231
231
231
231
235
235
235
233
233
233
233
235
231
231
231
231
231
231
231
231
227
227
231
231
231
231
231
231
231
221
221
221
221
221
223
223
213
209
209
209
213
213
213
221
221
221
219
219
217
217
213
213
213
209
215
215
215
215
211
211
211
211
211
215
215
221
221
217
217
221
221
219
219
223
223
223
215
215
213
213
213
213
213
213
213
213
213
213
217
217
217
213
213
217
217
213
213
215
211
211
215
221
219
219
223
221
207
207
207
207
203
209
209
207
205
205
203
203
203
203
203
205
205
203
203
207
207
207
211
211
205
209
209
209
209
215
215
215
215
215
221
219
219
223
221
221
221
221
221
221
221
221
217
209
209
215
215
215
213
213
209
209
213
213
215
215
215
215
215
219
211
211
211
217
217
217
217
211
211
211
215
215
215
211
201
207
207
207
207
201
201
201
201
201
199
197
205
205
205
205
205
209
209
209
209
217
217
209
209
217
217
217
215
225
223
219
219
211
215
209
207
213
223
223
223
223
223
223
219
217
213
213
213
213
213
217
217
217
217
211
217
219
219
219
219
219
213
211
211
211
203
203
203
203
203
205
211
205
205
205
211
215
207
207
207
207
207
203
203
203
203
195
197
197
197
197
197
197
197
197
197
197
197
199
199
199
193
193
199
199
199
199
199
199
199
199
195
195
203
203
203
201
201
209
209
201
191
187
185
181
181
183
175
175
175
177
173
173
173
175
175
175
175
171
173
169
167
157
161
169
169
157
155
155
155
155
155
153
151
151
151
161
165
165
169
169
169
169
177
177
179
179
185
187
187
187
187
187
187
187
185
185
181
185
183
181
181
185
189
189
187
187
181
181
179
179
177
171
171
157
157
157
153
153
153
149
153
153
153
153
153
153
151
151
153
153
159
159
169
175
167
167
159
167
171
171
173
173
171
171
171
171
171
181
181
181
181
181
179
179
171
171
169
173
169
171
171
175
175
175
175
179
179
179
179
179
183
183
183
183
183
183
183
183
183
183
183
183
181
181
187
187
191
183
187
187
195
197
197
197
197
197
205
197
199
205
205
205
205
207
207
207
205
205
205
205
199
199
193
193
199
199
199
199
199
199
199
199
199
191
191
199
199
205
209
209
215
209
207
207
205
203
197
191
195
201
201
201
195
197
185
185
185
195
195
195
189
197
197
197
197
199
201
201
201
201
201
203
207
207
207
207
199
203
203
203
195
195
201
201
201
201
199
199
205
209
211
211
211
211
211
203
203
203
203
199
199
211
217
217
217
217
213
213
213
215
219
219
227
227
223
219
213
213
215
215
217
217
221
221
233
245
245
245
245
245
245
249
251
249
249
245
245
247
251
247
249
249
251
251
251
239
239
249
249
243
251
261
261
265
265
265
263
263
267
267
269
269
275
277
277
289
287
283
289
289
279
279
279
279
275
275
275
275
285
285
285
285
283
279
283
275
281
289
297
297
297
297
291
291
293
293
295
295
299
305
305
305
305
305
