-2621
-2609
-2599
-2597
-2587
-2579
-2573
-2563
-2561
-2553
-2553
-2549
-2549
-2541
-2531
-2521
-2509
-2497
-2493
-2491
-2479
-2479
-2475
-2465
-2467
-2455
-2451
-2447
-2445
-2439
-2439
-2431
-2419
-2409
-2401
-2393
-2385
-2385
-2379
-2371
-2367
-2357
-2345
-2339
-2331
-2319
-2313
-2305
-2295
-2283
-2271
-2271
-2269
-2265
-2255
-2247
-2233
-2227
-2227
-2217
-2223
-2215
-2215
-2203
-2191
-2181
-2169
-2161
-2161
-2151
-2151
-2153
-2147
-2135
-2127
-2119
-2115
-2107
-2097
-2097
-2093
-2091
-2083
-2081
-2079
-2075
-2075
-2075
-2069
-2067
-2061
-2059
-2053
-2045
-2035
-2021
-2013
-2003
-2001
-2001
-2001
-1991
-1991
-1991
-1977
-1981
-1971
-1969
-1963
-1953
-1945
-1933
-1937
-1929
-1915
-1913
-1907
-1899
-1891
-1891
-1885
-1883
-1877
-1873
-1863
-1857
-1851
-1839
-1839
-1839
-1835
-1829
-1825
-1825
-1825
-1825
-1817
-1813
-1805
-1799
-1803
-1801
-1801
-1793
-1783
-1783
-1785
-1783
-1773
-1773
-1781
-1767
-1763
-1757
-1743
-1737
-1737
-1723
-1709
-1705
-1697
-1685
-1677
-1673
-1673
-1665
-1661
-1655
-1653
-1641
-1631
-1627
-1621
-1621
-1611
-1611
-1611
-1611
-1601
-1603
-1597
-1591
-1587
-1585
-1579
-1565
-1559
-1549
-1543
-1549
-1547
-1543
-1543
-1531
-1525
-1525
-1515
-1501
-1503
-1507
-1511
-1509
-1503
-1503
-1501
-1491
-1479
-1481
-1477
-1473
-1473
-1471
-1461
-1447
-1441
-1429
-1423
-1423
-1425
-1433
-1429
-1425
-1425
-1429
-1435
-1429
-1429
-1425
-1419
-1423
-1423
-1421
-1421
-1407
-1407
-1395
-1395
-1397
-1397
-1395
-1383
-1377
-1377
-1369
-1365
-1357
-1347
-1343
-1339
-1335
-1333
-1331
-1327
-1321
-1321
-1321
-1315
-1315
-1305
-1305
-1305
-1305
-1299
-1293
-1289
-1283
-1277
-1265
-1271
-1261
-1255
-1251
-1241
-1241
-1233
-1219
-1215
-1211
-1205
-1201
-1207
-1199
-1191
-1185
-1185
-1183
-1189
-1181
-1183
-1195
-1185
-1171
-1161
-1161
-1161
-1161
-1147
-1153
-1153
-1153
-1153
-1153
-1153
-1151
-1141
-1129
-1123
-1115
-1109
-1109
-1099
-1093
-1093
-1099
-1091
-1085
-1087
-1095
-1091
-1087
-1087
-1087
-1091
-1091
-1093
-1097
-1097
-1093
-1089
-1083
-1067
-1059
-1059
-1055
-1055
-1043
-1037
-1037
-1027
-1025
-1025
-1025
-1025
-1021
-1019
-1019
-1021
-1021
-1021
-1015
-1005
-999
-989
-987
-979
-979
-975
-977
-975
-973
-973
-969
-965
-957
-957
-957
-959
-955
-943
-937
-933
-927
-927
-929
-923
-915
-911
-911
-911
-917
-919
-911
-913
-913
-911
-911
-909
-905
-905
-901
-905
-903
-903
-913
-915
-921
-921
-925
-925
-925
-925
-925
-925
-913
-897
-891
-883
-873
-869
-881
-869
-869
-867
-867
-867
-855
-853
-853
-857
-867
-869
-873
-873
-863
-865
-863
-873
-873
-871
-881
-871
-869
-865
-857
-857
-861
-861
-849
-847
-849
-847
-847
-843
-841
-835
-835
-825
-829
-821
-815
-815
-813
-809
-809
-809
-807
-805
-809
-803
-791
-795
-795
-793
-793
-793
-791
-795
-795
-797
-797
-791
-783
-773
-775
-775
-771
-775
-771
-765
-769
-773
-773
-763
-755
-749
-745
-733
-733
-727
-721
-713
-715
-719
-715
-711
-703
-705
-705
-703
-703
-693
-693
-697
-699
-699
-703
-703
-709
-699
-683
-671
-669
-669
-669
-659
-671
-677
-673
-663
-663
-657
-657
-657
-665
-665
-665
-657
-657
-651
-649
-649
-647
-647
-655
-659
-661
-653
-643
-635
-641
-641
-639
-645
-633
-639
-641
-641
-633
-633
-635
-635
-635
-641
-647
-647
-639
-649
-651
-655
-645
-645
-649
-649
-641
-645
-651
-651
-647
-649
-641
-639
-633
-621
-619
-623
-623
-629
-621
-611
-609
-607
-597
-591
-591
-591
-583
-583
-581
-581
-581
-585
-585
-585
-589
-589
-587
-587
-581
-581
-585
-577
-577
-575
-573
-569
-567
-551
-551
-549
-549
-533
-531
-529
-537
-535
-535
-539
-539
-533
-525
-515
-507
-507
-511
-511
-519
-519
-515
-523
-527
-519
-519
-519
-531
-527
-525
-517
-517
-515
-515
-517
-517
-515
-515
-505
-497
-491
-499
-491
-491
-493
-491
-489
-487
-493
-489
-487
-479
-481
-481
-479
-481
-481
-485
-473
-467
-467
-463
-471
-471
-473
-473
-463
-459
-457
-459
-451
-443
-443
-441
-441
-435
-431
-423
-435
-427
-423
-415
-415
-411
-411
-405
-407
-407
-401
-401
-403
-397
-397
-395
-393
-389
-383
-383
-375
-365
-367
-375
-375
-367
-359
-367
-361
-355
-365
-367
-367
-367
-367
-367
-373
-365
-367
-371
-361
-361
-351
-345
-329
-329
-333
-343
-343
-341
-343
-341
-337
-339
-331
-331
-327
-323
-323
-309
-313
-305
-299
-303
-305
-303
-295
-295
-291
-297
-291
-299
-311
-311
-301
-305
-305
-311
-309
-317
-305
-297
-305
-305
-303
-303
-309
-309
-309
-301
-299
-295
-297
-291
-291
-287
-283
-277
-279
-271
-271
-259
-263
-267
-271
-273
-269
-263
-255
-255
-257
-249
-247
-251
-251
-251
-249
-245
-253
-249
-249
-245
-247
-247
-259
-257
-255
-253
-257
-255
-259
-253
-251
-263
-261
-263
-263
-267
-263
-257
-249
-247
-239
-239
-233
-239
-243
-247
-235
-227
-229
-239
-233
-239
-239
-245
-245
-241
-237
-235
-237
-231
-233
-233
-229
-229
-227
-235
-225
-237
-237
-233
-229
-233
-231
-219
-219
-219
-219
-211
-211
-213
-205
-197
-197
-197
-209
-205
-193
-185
-187
-179
-179
-169
-169
-171
-167
-167
-161
-161
-167
-171
-171
-169
-173
-173
-181
-181
-187
-187
-187
-187
-187
-181
-185
-173
-179
-179
-179
-175
-175
-165
-163
-155
-155
-155
-153
-153
-159
-149
-145
-139
-139
-139
-141
-137
-137
-129
-123
-127
-115
-109
-105
-91
-95
-97
-89
-89
-89
-89
-87
-91
-93
-91
-89
-99
-89
-89
-95
-91
-83
-77
-75
-77
-81
-81
-75
-75
-71
-71
-73
-73
-71
-71
-73
-69
-69
-73
-73
-73
-73
-73
-71
-71
-71
-75
-67
-59
-67
-65
-65
-75
-83
-87
-89
-85
-89
-91
-97
-95
-93
-87
-87
-87
-75
-71
-75
-63
-63
-63
-63
-65
-69
-73
-73
-75
-63
-69
-69
-63
-69
-61
-65
-67
-67
-55
-55
-57
-65
-63
-59
-55
-71
-69
-57
-57
-59
-51
-57
-57
-55
-51
-51
-55
-55
-47
-49
-49
-51
-55
-53
-53
-57
-51
-51
-51
-49
-49
-49
-45
-53
-53
-65
-73
-73
-69
-65
-73
-73
-65
-65
-69
-65
-67
-67
-69
-71
-67
-67
-65
-65
-61
-59
-53
-53
-59
-53
-49
-49
-55
-55
-55
-49
-49
-43
-47
-55
-51
-51
-61
-61
-65
-57
-57
-57
-65
-65
-65
-59
-57
-53
-53
-49
-57
-49
-49
-49
-49
-47
-47
-47
-43
-43
-43
-45
-37
-45
-49
-47
-49
-45
-47
-47
-39
-31
-31
-37
-45
-47
-37
-33
-33
-21
-11
-9
-15
-13
-11
-9
-17
-21
-23
-31
-27
-27
-27
-25
-25
-25
-23
-23
-25
-31
-31
-31
-31
-23
-7
-13
-13
-5
-5
-7
-7
-7
-9
-9
-9
-15
-17
-19
-21
-15
-5
-1
-1
5
13
19
17
17
13
19
25
27
27
29
37
39
43
39
41
45
37
29
25
25
25
21
25
25
25
27
25
25
19
19
13
7
7
9
5
15
15
11
5
9
9
1
-1
1
7
9
-3
5
5
15
17
19
15
19
23
23
23
23
23
25
27
27
21
23
17
19
11
11
11
13
13
13
7
15
11
9
-3
-3
-3
-3
3
-5
-1
3
3
3
9
15
27
25
23
23
29
33
39
45
45
49
53
53
59
61
69
77
77
81
81
83
91
101
101
101
99
99
109
113
113
115
117
113
113
115
107
109
117
127
121
123
123
123
123
123
123
125
129
137
141
145
145
149
153
157
157
159
159
163
169
163
163
157
159
155
155
153
153
143
143
153
159
159
155
149
139
139
139
147
149
147
151
153
151
149
149
149
143
135
135
137
129
133
131
131
131
131
129
131
139
131
137
139
137
137
139
143
145
147
135
129
127
127
131
133
133
143
143
149
151
153
149
149
145
141
137
137
139
139
135
135
135
137
141
137
141
131
129
121
133
133
133
133
131
125
129
123
123
121
127
129
129
127
129
129
119
127
131
131
117
117
117
115
117
125
115
101
101
105
103
103
91
87
81
77
77
69
69
73
79
79
87
81
79
65
69
75
79
79
79
85
87
85
85
95
99
105
113
117
115
115
119
127
127
115
109
115
113
117
117
117
121
109
111
105
105
105
99
101
101
97
97
97
107
101
103
107
107
107
109
109
109
111
111
111
109
113
113
121
113
117
113
115
115
117
125
125
127
127
127
135
129
121
123
121
119
105
107
109
107
101
103
105
109
109
109
105
101
101
89
89
87
91
89
97
97
99
105
89
85
81
73
75
73
73
79
79
77
77
81
87
79
89
93
93
99
99
91
97
93
91
93
93
89
87
75
83
83
91
91
93
89
95
95
95
93
91
93
95
95
87
89
95
93
93
93
103
95
101
97
103
105
107
99
89
89
93
93
87
81
77
89
89
89
93
93
81
75
81
81
89
87
85
87
87
81
83
81
83
77
79
87
97
105
103
101
105
107
103
111
101
101
103
105
99
99
99
103
103
109
111
111
113
113
113
115
111
107
99
105
105
103
103
109
109
107
105
105
103
103
111
111
119
115
111
113
113
115
103
103
107
105
105
105
111
115
117
117
113
115
115
115
113
105
101
103
109
105
109
111
111
107
95
95
95
95
93
91
91
91
91
91
93
99
105
111
103
113
117
129
127
123
117
109
111
105
111
111
103
103
107
113
125
129
131
125
131
125
133
133
135
137
139
139
145
143
139
139
139
143
145
151
151
147
141
147
151
163
163
171
167
161
161
161
157
159
159
165
171
167
169
169
163
155
157
155
155
147
145
143
149
149
153
145
137
135
129
123
127
131
131
129
139
137
145
143
145
151
151
143
145
137
133
121
113
115
119
129
127
139
143
145
149
147
147
149
143
145
147
145
133
139
139
143
155
147
151
153
145
141
145
141
147
143
137
125
127
139
143
147
155
155
153
147
141
141
145
141
141
141
125
125
129
137
137
127
129
129
127
125
125
129
117
113
111
107
103
103
111
107
111
103
103
109
99
101
99
103
107
99
103
103
103
103
103
99
97
93
93
99
97
95
91
95
95
101
89
95
93
83
71
71
73
67
65
67
61
61
61
55
63
63
71
71
77
77
77
75
75
75
67
75
75
63
59
59
55
55
55
45
51
45
43
39
39
39
31
33
35
43
43
43
43
41
43
35
31
25
19
15
17
9
17
19
15
9
5
3
11
9
9
19
15
5
5
9
15
17
15
17
21
21
21
21
23
23
31
23
21
33
29
29
37
35
39
43
41
47
49
47
53
55
59
59
57
59
59
61
61
65
67
67
67
75
75
75
63
71
71
71
65
57
57
57
55
55
53
53
51
51
57
55
55
63
63
65
65
67
65
61
71
75
67
69
71
71
63
61
61
57
55
55
55
45
45
45
49
47
47
39
43
45
37
41
41
33
33
33
31
29
19
19
21
31
25
21
29
27
37
39
39
31
27
31
27
21
29
23
19
19
15
13
17
15
19
19
19
19
25
25
25
21
21
29
27
27
23
15
19
19
19
23
19
25
21
17
11
13
17
13
19
23
35
33
33
37
45
47
47
41
37
39
39
49
41
39
41
41
41
39
43
41
49
49
49
43
47
35
43
41
43
43
43
39
41
41
43
43
43
47
53
49
53
53
57
69
71
79
79
75
75
69
69
69
67
69
61
61
61
59
57
57
65
65
63
73
67
73
75
77
81
81
87
83
89
89
87
83
83
85
83
85
85
91
91
91
87
81
77
75
77
69
65
75
77
79
83
87
85
85
89
89
87
89
93
93
89
91
91
97
93
93
93
81
89
89
89
87
87
87
89
85
89
93
97
107
107
109
109
109
109
113
115
113
111
111
117
117
111
107
107
113
109
113
123
129
123
129
129
143
147
147
147
147
147
147
151
145
147
149
149
149
149
153
145
141
147
153
151
151
151
151
143
133
133
129
139
139
145
145
145
153
159
155
153
151
153
155
149
153
153
161
165
161
161
163
165
173
157
159
155
161
163
163
163
165
169
169
169
173
175
173
173
173
159
165
169
169
169
165
165
171
163
163
169
169
167
165
163
157
161
161
155
147
153
153
151
149
151
149
143
149
157
153
149
149
149
153
155
151
151
151
159
161
163
163
163
163
161
163
167
167
171
171
179
173
165
153
153
169
169
169
177
179
177
183
183
175
179
179
179
173
175
181
181
189
187
191
179
175
165
159
159
155
155
149
151
151
147
143
137
139
141
141
135
131
139
143
143
137
137
141
141
137
137
133
141
147
145
147
153
151
157
157
161
157
157
149
155
155
155
155
145
151
151
153
149
153
159
159
157
149
161
165
161
165
165
165
169
173
175
167
167
169
159
165
169
167
161
151
139
139
137
137
139
139
145
149
137
133
133
137
137
137
135
133
135
135
137
137
135
137
141
141
147
141
143
137
141
141
141
141
139
129
127
133
129
137
125
121
127
135
141
141
141
133
135
129
125
115
111
115
115
125
125
125
127
133
131
135
135
131
119
117
117
115
107
115
113
115
117
115
121
121
125
133
131
129
131
125
115
117
117
117
129
129
123
123
119
121
125
135
127
123
121
117
119
125
129
123
123
121
105
109
101
93
91
91
97
95
99
99
99
99
97
95
83
71
65
65
65
67
73
67
63
67
71
67
67
71
65
67
59
65
61
61
63
63
63
63
69
71
73
73
73
71
67
67
59
53
47
43
45
45
39
43
43
43
45
47
47
47
53
53
47
47
47
43
45
51
51
61
69
67
65
65
63
67
55
55
51
55
55
61
61
59
59
67
67
57
61
61
69
71
85
85
85
79
85
85
85
89
93
89
87
81
75
75
73
73
71
71
67
67
63
47
47
49
53
51
49
51
51
47
47
57
57
49
59
67
63
67
65
65
71
77
77
81
75
73
75
77
81
71
67
59
59
59
55
55
57
55
49
49
53
45
43
47
45
47
43
43
37
37
33
33
33
33
35
29
29
33
35
35
39
37
35
41
39
37
39
51
51
53
57
63
65
65
75
83
81
81
83
81
85
85
85
89
89
89
83
85
83
83
73
77
83
81
75
67
67
65
63
71
69
75
73
77
85
85
97
93
91
91
91
91
95
95
101
101
101
101
89
81
75
71
71
63
69
69
71
71
71
81
87
87
81
79
77
73
73
71
71
71
69
69
69
69
69
69
71
73
63
65
63
63
67
71
75
83
85
81
81
85
79
85
85
85
79
81
77
77
77
75
81
81
77
83
79
91
97
101
91
91
93
89
91
93
97
97
95
101
105
107
109
99
101
101
101
101
95
91
99
95
95
93
89
85
83
79
69
73
63
65
65
57
57
55
55
55
53
57
61
61
59
51
57
67
67
67
75
75
75
71
75
79
83
91
85
93
87
89
91
91
91
99
99
105
105
105
105
101
111
107
97
101
103
101
101
107
101
101
93
95
95
95
95
95
95
95
97
99
95
95
95
97
105
109
109
105
99
103
101
103
101
101
103
99
99
93
95
95
89
87
97
97
101
103
103
99
101
103
101
97
97
93
93
93
89
93
97
103
105
101
91
97
87
87
85
83
79
77
79
77
69
69
73
63
65
59
51
55
57
57
55
63
61
51
51
53
65
71
73
81
81
81
81
85
85
81
85
91
103
103
105
97
103
97
91
95
107
107
107
107
103
105
109
115
113
117
115
119
123
135
123
129
133
131
137
137
143
147
145
145
135
135
141
139
129
133
131
131
131
127
127
131
131
125
127
133
133
137
141
141
147
149
155
155
147
143
143
143
141
143
141
145
143
143
149
149
153
151
143
143
131
129
133
131
131
131
139
139
137
135
135
141
139
141
149
153
157
165
169
171
167
175
175
167
163
163
163
163
155
159
149
141
139
137
145
145
139
135
133
131
131
119
125
121
113
117
119
123
115
103
103
107
107
111
109
115
113
115
119
119
123
121
127
135
133
143
145
153
143
147
147
147
147
155
151
157
161
155
149
151
157
159
169
163
163
163
173
179
175
173
169
165
167
161
161
157
163
163
153
161
155
155
169
167
161
159
161
147
153
157
153
153
149
145
141
147
143
147
143
147
145
145
155
153
159
143
143
139
137
137
137
139
139
141
141
155
147
155
161
167
157
153
149
149
157
165
163
165
165
159
159
161
157
145
149
149
149
147
155
167
167
167
169
173
169
171
167
167
167
167
167
175
179
185
183
179
179
177
171
177
177
179
183
183
189
195
185
191
195
205
199
199
191
193
197
205
203
205
207
211
211
211
215
217
229
229
229
225
233
241
235
243
243
243
247
239
235
235
229
229
239
239
243
235
231
239
241
241
241
239
235
227
227
227
227
231
245
249
245
245
249
253
255
255
247
255
249
249
247
243
243
235
235
225
225
227
225
219
219
211
203
201
201
195
207
203
193
187
183
183
181
175
171
167
167
169
157
161
155
159
163
161
163
161
169
167
167
165
163
161
149
145
151
147
147
155
157
153
151
155
157
153
157
151
145
145
151
149
153
147
145
147
141
133
125
129
129
131
131
131
123
121
129
125
125
129
123
119
125
125
129
129
129
129
133
143
143
151
143
143
147
149
139
141
145
143
145
145
137
145
141
139
139
139
139
145
147
147
135
135
135
125
125
123
123
121
121
127
123
127
125
127
127
129
125
127
127
135
133
123
131
135
131
131
141
143
145
145
155
155
155
151
157
157
157
161
161
157
157
157
157
161
157
147
147
153
151
141
137
135
137
125
121
117
117
115
113
111
103
111
111
115
111
105
105
105
109
113
115
115
125
127
117
117
119
115
115
117
117
123
123
117
113
107
105
105
109
123
121
131
131
131
131
131
127
117
115
109
115
115
107
103
109
109
105
113
115
121
123
129
135
129
125
125
119
119
115
115
119
119
117
125
129
129
133
141
135
139
141
145
141
135
141
137
137
145
145
145
147
155
165
179
169
175
175
175
171
173
169
169
159
169
165
167
161
161
167
165
163
163
163
163
157
161
161
159
159
167
161
167
167
177
177
177
165
163
169
169
169
169
179
173
173
177
177
183
175
173
169
169
177
177
173
181
183
193
203
207
203
201
199
189
185
175
167
169
169
169
175
167
167
167
173
173
171
169
167
169
163
159
149
149
149
153
153
153
157
165
155
151
153
155
155
151
149
137
139
135
131
131
137
131
127
127
133
143
141
143
145
147
147
147
139
135
135
145
145
143
151
155
149
161
163
167
151
143
155
151
151
157
153
149
147
141
141
141
145
147
147
149
135
137
139
131
121
113
105
103
103
95
95
103
111
115
107
107
101
97
93
93
93
97
103
101
101
99
99
105
105
107
103
103
101
113
111
109
111
117
117
119
119
119
119
119
119
119
115
115
123
117
117
111
111
111
113
117
121
121
115
115
115
115
115
119
115
113
113
109
111
107
109
107
109
111
111
119
125
125
125
121
127
115
109
101
105
109
103
107
101
101
97
103
93
89
91
93
93
89
87
87
91
93
87
85
85
85
85
77
81
91
93
93
85
85
89
87
81
85
85
87
87
87
85
93
85
87
91
93
83
95
99
101
101
107
107
105
111
107
107
109
113
113
113
115
105
107
93
101
101
103
105
99
103
107
105
107
107
107
107
103
105
105
109
121
119
125
121
121
121
129
137
135
133
133
131
121
125
123
129
129
133
129
117
107
115
117
121
121
121
123
131
131
127
135
129
127
123
129
123
115
115
115
117
125
121
121
113
111
101
103
107
111
111
103
107
103
107
107
107
113
105
107
107
111
119
125
129
125
129
125
133
127
139
139
133
137
139
127
127
127
127
127
127
129
129
129
125
135
135
137
135
129
139
137
133
133
139
141
145
145
145
143
147
153
147
143
147
139
131
125
127
127
135
129
127
127
127
121
123
123
123
121
121
119
123
113
113
125
123
113
125
125
129
123
125
117
117
105
99
101
101
97
97
99
95
109
105
97
91
91
91
93
91
97
99
99
97
97
85
83
83
93
93
93
85
79
75
63
53
57
57
63
63
69
71
71
77
79
79
79
77
69
71
77
79
73
79
75
75
75
79
75
75
75
77
77
77
77
85
93
91
93
83
83
83
87
87
97
89
93
87
87
85
89
93
93
97
101
95
89
91
85
85
87
89
97
97
97
97
97
99
103
105
99
111
103
107
117
119
125
135
143
141
143
143
139
139
139
147
147
141
129
131
137
143
151
151
159
165
159
171
171
167
163
159
159
155
155
159
157
157
157
163
161
165
159
161
157
163
163
151
147
149
139
139
139
137
129
125
127
131
131
131
131
125
123
123
123
117
123
127
131
133
133
133
137
135
133
129
117
105
113
101
101
91
95
95
95
93
91
91
99
103
101
107
115
121
121
117
115
121
127
113
109
125
121
117
117
115
119
117
115
113
109
113
127
127
131
135
141
143
141
141
141
141
139
139
141
145
151
147
151
147
145
157
157
155
151
153
159
165
155
151
155
161
155
157
153
155
157
149
147
147
157
163
161
159
167
163
165
169
177
187
181
179
175
181
173
171
177
177
175
175
175
175
175
169
153
161
161
161
161
151
155
143
137
137
143
145
145
147
145
147
149
149
145
145
141
137
141
141
141
141
141
141
139
133
139
147
141
147
155
151
153
159
161
161
149
147
141
143
147
145
151
143
149
145
143
137
141
141
137
129
129
127
131
131
131
131
133
131
125
129
131
127
129
127
129
137
143
135
129
129
131
141
141
141
147
141
137
135
137
139
145
145
145
135
141
141
133
145
145
145
149
147
157
151
155
155
147
141
141
137
135
141
137
143
143
145
145
145
147
141
139
147
147
153
153
155
157
157
151
145
145
141
141
129
135
139
137
137
129
119
113
109
109
115
115
115
103
97
97
93
95
95
99
95
97
101
101
101
95
89
93
97
105
101
97
97
101
101
109
109
107
107
111
111
105
107
103
103
107
107
97
99
101
103
111
111
105
101
109
111
127
127
127
121
113
107
107
99
101
91
91
95
81
87
87
81
81
81
81
85
83
83
83
73
69
73
81
77
87
83
83
83
83
87
87
93
89
97
93
89
91
95
103
101
109
117
117
113
113
115
127
117
113
109
115
117
123
115
115
123
121
119
119
109
113
113
115
107
109
109
115
117
117
121
117
117
115
115
113
117
115
111
105
99
99
103
107
111
109
107
107
111
117
125
133
133
125
131
141
133
125
117
115
119
113
107
107
101
101
101
101
101
101
93
91
95
101
103
101
99
93
85
89
91
93
91
89
89
95
101
101
101
107
105
101
101
97
101
105
101
95
95
93
93
101
97
93
95
91
89
81
81
81
87
91
85
83
83
85
89
89
93
93
97
99
99
99
103
103
101
101
105
105
101
101
103
101
105
105
103
103
101
101
101
101
101
91
97
97
97
97
95
99
93
93
95
93
93
89
91
85
91
97
91
93
87
87
83
89
87
91
97
97
103
99
101
103
103
103
97
93
93
87
87
91
89
95
95
97
97
95
101
101
101
105
105
105
105
113
109
109
109
103
93
93
95
91
89
91
87
83
85
85
89
85
93
95
99
99
99
113
103
99
111
113
113
113
105
97
89
87
91
91
87
85
77
81
87
81
83
85
85
83
89
95
85
87
83
83
77
73
63
71
71
77
67
67
69
65
63
71
69
69
67
63
71
71
75
75
75
77
73
73
77
69
69
75
81
79
79
87
89
95
95
97
97
95
89
101
103
109
97
101
93
87
85
83
91
91
89
89
87
87
89
83
79
73
71
65
65
61
57
59
59
49
49
49
45
55
57
59
59
61
61
61
69
73
71
77
69
67
65
65
65
69
67
65
65
63
63
75
75
75
83
75
85
85
81
85
79
89
89
85
85
85
91
91
95
97
93
91
81
83
85
81
83
75
71
73
77
79
79
83
89
93
95
93
87
91
93
83
83
77
81
83
77
85
85
87
89
87
95
95
107
107
97
99
107
115
115
105
105
105
111
111
113
115
109
113
101
87
83
81
87
79
73
69
69
75
63
69
69
75
77
77
77
85
75
79
77
77
79
79
87
81
77
79
73
67
61
67
65
65
73
81
81
83
83
97
91
99
105
107
99
93
91
89
89
89
85
85
81
79
77
69
69
69
59
67
59
63
61
59
55
55
49
49
53
55
49
49
55
57
61
57
69
79
81
89
97
101
101
99
99
97
103
101
103
103
107
107
111
105
105
105
107
107
107
95
97
87
93
101
105
103
99
109
111
109
111
119
119
125
125
119
117
115
115
119
109
109
109
109
113
113
107
103
109
109
109
105
103
105
105
105
105
105
109
115
113
113
101
101
101
101
101
95
103
99
97
101
109
115
119
125
117
125
137
131
131
131
129
129
131
129
127
141
141
139
139
139
143
129
141
145
137
145
143
147
139
141
145
145
147
145
147
149
153
155
149
147
141
153
161
161
167
169
169
165
171
165
169
161
161
159
159
157
157
157
163
167
167
167
167
167
165
159
159
157
149
149
151
151
151
147
153
147
143
147
143
141
137
137
139
143
135
131
131
131
139
145
147
143
143
141
143
149
143
149
149
153
147
147
153
157
157
157
157
157
159
161
157
159
159
157
157
171
171
175
181
181
181
183
183
181
177
177
179
175
177
177
179
175
179
181
181
189
187
187
185
183
183
193
195
187
183
193
199
199
189
189
185
193
195
195
201
201
197
205
205
205
201
215
225
227
227
231
233
237
241
239
235
237
235
235
247
247
237
243
241
241
229
231
229
229
227
219
219
213
213
207
207
205
205
203
201
203
203
211
213
223
217
219
223
219
217
205
199
195
191
191
189
189
189
195
195
195
185
185
183
185
185
185
177
185
181
179
179
175
175
187
189
189
189
189
191
191
197
191
191
185
183
187
171
165
163
159
159
157
155
157
157
167
165
165
175
173
175
169
171
171
171
171
165
167
167
167
181
183
183
185
177
177
175
173
173
159
157
153
157
157
163
165
163
167
167
161
161
163
161
161
161
165
167
163
163
165
167
167
173
179
179
177
177
169
167
163
159
155
161
161
161
151
145
149
159
159
155
155
161
161
161
165
165
161
155
157
153
153
153
159
155
159
155
157
161
155
147
153
153
161
155
149
145
145
153
159
153
153
149
149
147
147
145
141
135
135
133
121
115
111
111
115
113
115
119
117
111
107
109
115
115
105
111
115
123
129
131
125
133
129
129
129
135
137
143
143
143
141
149
145
145
147
151
149
157
159
163
161
155
153
155
149
149
151
153
165
165
165
171
169
169
167
159
171
169
167
175
175
179
181
177
183
187
191
201
195
195
197
195
189
195
199
207
207
205
203
211
215
215
215
215
215
215
213
207
199
195
195
189
189
195
191
191
189
187
187
187
197
201
203
195
201
197
195
201
211
215
215
211
203
201
195
197
197
197
199
191
191
191
199
191
195
199
199
199
197
203
205
201
195
193
199
197
197
197
195
191
187
175
165
159
167
167
167
163
161
161
161
157
155
163
165
169
169
169
175
175
187
191
191
191
191
185
183
189
197
197
197
189
189
177
173
173
169
169
179
181
183
169
169
165
161
165
173
173
173
175
165
165
171
173
179
179
171
181
181
183
181
193
193
183
175
179
179
175
175
179
173
175
175
167
165
165
169
173
161
161
169
169
169
169
179
177
179
185
185
179
185
173
175
183
177
173
177
171
171
179
177
183
179
183
185
193
189
185
191
193
193
199
191
193
181
175
173
163
153
155
167
155
163
163
161
161
161
163
165
171
169
173
167
163
161
155
155
153
163
167
177
177
171
177
179
179
173
173
169
177
177
183
193
193
203
205
203
201
201
197
199
197
201
205
205
203
203
205
205
211
201
197
197
197
193
191
175
177
177
171
169
167
165
151
151
157
159
155
155
153
153
159
159
161
161
159
159
163
163
169
161
163
155
155
155
155
151
157
155
149
145
145
141
149
145
141
141
149
155
153
163
167
171
171
177
177
181
181
181
181
179
185
179
177
177
177
181
181
169
165
163
153
157
151
151
163
163
173
181
189
183
171
165
171
177
177
171
181
179
179
181
187
195
203
203
203
195
193
193
195
195
199
201
203
201
205
205
213
213
219
221
221
227
233
235
235
237
247
241
241
237
223
211
215
215
213
227
215
217
225
219
213
213
213
217
217
223
223
211
205
207
213
213
209
195
201
201
193
197
193
193
193
187
171
175
175
179
181
177
177
193
199
197
203
209
211
213
217
217
215
215
219
223
219
219
221
223
217
217
219
215
219
213
209
195
199
201
203
207
213
223
223
229
221
229
235
235
237
237
239
239
241
241
243
237
237
229
229
225
217
215
223
215
215
215
215
211
209
209
199
199
195
191
197
197
197
189
189
189
191
197
195
191
191
191
203
201
209
205
205
209
209
209
207
207
207
211
211
211
213
213
213
217
217
227
221
221
219
217
217
209
213
211
211
201
201
195
197
209
199
201
197
201
199
199
199
203
207
215
211
215
217
225
219
219
219
217
221
231
235
235
237
241
241
233
233
225
231
233
223
223
217
213
213
211
207
211
211
215
215
229
231
239
237
237
235
231
223
223
223
233
233
233
241
241
253
257
255
257
259
269
265
263
269
269
277
277
277
279
279
275
271
269
265
257
255
247
247
237
237
251
251
247
255
251
249
249
257
257
253
247
243
239
241
237
237
249
237
231
239
229
227
221
223
211
217
227
223
229
229
229
233
233
235
235
239
245
245
241
241
241
241
243
239
231
235
235
237
237
233
245
243
247
237
237
235
235
231
231
243
241
243
237
237
237
245
245
253
251
259
261
259
259
255
265
267
265
263
263
259
259
259
247
243
245
245
255
261
253
249
249
255
257
255
257
257
247
247
245
245
241
237
231
231
231
231
227
227
221
221
223
221
215
215
225
223
225
229
229
229
237
245
243
251
251
255
247
241
241
233
237
237
245
247
249
247
247
239
239
241
235
241
247
249
251
247
247
247
245
247
253
259
259
261
263
265
269
271
267
267
273
273
267
265
265
265
269
259
261
273
283
275
275
267
267
257
263
263
261
251
241
247
247
231
231
237
233
233
239
235
235
235
235
233
237
235
233
235
241
241
237
241
241
241
245
243
243
237
229
227
227
231
231
239
235
235
247
237
235
237
245
245
239
243
235
235
241
235
235
235
235
237
235
239
247
253
253
251
249
241
241
249
251
239
239
239
239
235
251
257
253
257
249
247
247
239
231
229
233
241
237
239
235
227
233
239
245
245
251
251
251
245
243
243
243
245
251
251
253
251
245
239
239
243
243
237
237
233
241
241
241
243
251
249
255
249
239
227
227
229
229
229
231
233
227
223
221
227
239
243
243
243
245
243
241
243
247
251
251
249
249
245
243
241
241
231
229
237
235
235
223
229
241
241
231
227
227
231
233
233
229
237
245
245
241
237
237
241
243
253
251
249
247
247
241
241
231
231
231
235
243
249
245
245
247
247
255
255
251
251
267
267
279
273
273
265
265
265
265
261
267
267
267
269
265
261
249
249
245
245
245
245
251
249
251
247
257
257
257
257
247
241
231
241
243
243
245
243
249
257
271
267
261
257
259
265
259
263
263
271
267
269
269
265
265
261
259
261
255
257
257
261
265
261
265
267
273
269
259
261
261
255
253
253
249
251
251
251
245
245
239
237
237
241
239
245
251
251
263
269
261
261
261
253
261
257
263
261
261
261
255
263
267
267
265
265
259
259
257
253
249
245
245
261
257
265
277
277
277
267
259
251
243
249
253
253
251
249
249
253
253
241
249
247
247
241
247
245
239
243
243
249
243
241
237
225
225
225
221
223
223
229
223
221
221
229
227
229
225
229
229
229
229
229
225
223
219
219
225
221
225
213
201
201
207
201
201
205
193
193
193
189
189
179
179
177
161
167
173
173
181
181
183
183
179
181
181
189
177
175
165
169
171
171
173
167
171
179
179
169
165
165
163
169
171
171
171
175
165
157
157
157
157
153
153
145
139
135
127
127
127
127
127
127
127
133
135
135
135
143
141
135
133
135
135
135
135
135
135
141
141
137
135
139
137
137
145
137
139
141
141
139
139
135
141
141
145
139
131
129
129
129
131
131
131
131
131
129
129
127
125
117
115
125
127
127
127
133
135
137
137
137
145
139
141
137
135
131
121
125
123
123
123
117
123
123
111
115
103
103
97
91
93
93
93
85
81
75
81
79
79
75
71
73
79
83
89
97
103
95
97
95
91
91
91
87
81
89
89
95
89
89
87
87
85
89
85
89
89
77
71
71
77
73
73
67
67
69
71
69
67
71
71
71
71
71
77
73
77
77
79
79
77
69
75
75
73
69
83
83
83
85
79
75
79
83
85
91
83
81
77
77
73
75
75
75
81
89
95
95
95
93
87
83
77
77
83
81
83
81
79
77
77
71
67
67
67
71
71
67
69
71
67
65
67
59
71
71
79
91
89
97
97
97
97
103
99
95
97
97
97
95
99
109
109
109
105
109
109
109
109
113
113
119
109
111
111
115
105
107
99
103
103
97
101
95
95
101
97
93
87
87
89
87
93
93
93
101
101
103
109
107
107
111
107
107
113
119
119
115
111
125
135
127
125
125
125
137
143
145
153
139
139
143
133
133
131
131
131
129
133
133
137
137
137
141
141
137
137
141
143
155
157
163
161
153
147
145
141
139
139
141
145
149
149
149
149
141
133
135
133
131
135
131
131
133
127
119
119
119
119
109
113
115
111
115
121
127
127
133
133
137
133
123
117
113
117
123
125
123
123
125
125
117
119
117
107
111
111
105
99
93
89
81
75
69
69
65
63
59
61
55
59
61
61
53
53
53
43
43
43
35
39
39
35
35
35
37
39
35
37
37
33
35
35
39
43
37
37
37
37
33
33
39
43
41
45
41
33
29
25
29
39
45
59
63
59
57
51
55
47
41
41
41
41
43
43
45
33
41
43
43
43
45
45
41
45
45
45
47
47
47
49
49
45
55
55
63
63
57
57
63
61
63
65
71
71
73
79
75
83
83
83
93
91
93
93
93
91
97
93
85
85
85
85
87
95
97
97
97
97
97
103
113
113
113
117
119
119
125
123
123
123
123
133
131
133
129
127
119
119
125
119
119
119
111
117
127
127
127
127
123
123
123
127
117
117
117
113
117
125
125
121
119
125
125
129
129
131
131
133
127
131
139
139
145
145
145
145
145
145
139
137
143
141
137
137
137
133
139
133
141
143
139
145
149
157
155
155
149
149
155
147
153
155
153
153
153
153
157
165
165
167
159
165
161
157
163
163
167
171
165
171
171
177
181
181
181
175
181
181
183
183
179
183
183
177
183
193
189
193
195
193
195
195
193
193
197
195
193
201
201
201
205
203
203
209
205
203
199
201
201
195
201
205
201
201
199
191
189
187
197
197
195
199
199
203
213
205
197
201
203
197
187
187
187
187
187
189
183
183
185
181
181
181
169
181
181
183
175
187
195
197
197
191
191
185
185
195
189
189
185
193
199
203
199
195
193
201
205
199
193
189
187
191
189
189
183
185
185
181
181
173
173
173
173
175
171
169
171
171
171
169
177
175
175
175
165
165
167
167
171
179
179
183
189
183
183
179
179
177
171
167
167
167
175
175
177
177
179
179
167
165
165
159
167
169
175
173
165
169
171
177
171
173
165
165
171
185
187
181
173
179
171
173
167
169
173
177
181
189
203
209
209
205
205
193
195
193
187
183
187
183
175
175
173
183
183
179
191
189
189
179
177
171
177
181
177
189
189
191
185
177
177
171
169
161
165
167
163
161
161
153
147
147
147
153
153
153
149
141
141
135
135
143
143
143
143
145
147
147
139
139
141
135
143
143
141
139
141
155
153
157
153
159
159
163
155
159
159
157
149
139
147
145
141
135
141
147
153
147
155
147
151
159
169
169
167
167
175
181
179
183
185
189
189
189
187
187
187
181
169
169
169
171
173
163
175
183
185
185
183
181
181
179
177
177
181
179
181
177
179
189
185
187
189
189
197
191
191
199
195
195
189
197
189
177
177
175
175
177
179
177
179
177
177
181
189
177
181
189
195
195
201
189
185
185
181
177
177
177
177
177
181
175
175
163
165
165
167
161
165
171
173
171
175
175
175
181
179
177
181
187
193
199
199
199
203
207
211
211
215
215
201
199
195
189
195
193
197
193
189
183
175
173
173
173
171
169
169
173
177
177
177
177
187
191
187
183
183
183
187
177
177
167
175
175
177
177
177
179
175
181
185
179
177
173
173
165
161
157
159
163
165
167
171
161
171
159
159
167
161
159
155
147
147
147
145
143
143
143
145
145
143
141
139
139
145
145
137
137
139
137
137
141
151
163
163
159
161
161
163
167
167
167
167
165
171
163
165
155
149
159
151
145
143
143
143
149
149
153
159
169
183
177
177
179
179
187
181
181
191
197
197
207
207
209
205
209
209
211
211
209
209
203
199
199
193
197
201
201
203
205
205
205
197
189
187
197
195
199
201
195
191
187
191
179
173
177
171
171
171
173
171
165
153
161
163
163
159
147
145
147
149
147
147
141
151
151
157
139
137
141
129
133
135
147
153
155
147
143
133
129
135
139
125
121
121
121
111
111
113
115
119
121
129
131
127
131
131
137
137
133
133
133
135
145
145
139
137
137
139
139
145
141
141
145
151
145
151
155
139
145
145
139
127
125
141
143
145
145
149
143
141
141
141
139
145
145
151
153
147
149
153
159
161
163
153
147
151
147
149
145
141
141
141
141
141
141
137
135
131
131
133
137
135
149
149
149
153
153
151
145
143
149
153
153
151
151
151
151
151
151
151
155
149
149
147
151
159
153
151
149
157
149
149
147
145
151
147
147
151
155
155
155
155
169
171
167
167
165
167
167
167
169
177
179
179
177
177
183
183
183
177
181
191
193
195
189
187
181
177
175
171
159
157
155
