-2623
-2619
-2607
-2601
-2595
-2585
-2581
-2581
-2579
-2577
-2571
-2569
-2561
-2549
-2547
-2539
-2523
-2511
-2503
-2493
-2487
-2479
-2471
-2463
-2455
-2443
-2433
-2429
-2417
-2421
-2409
-2403
-2395
-2385
-2385
-2383
-2367
-2361
-2349
-2351
-2339
-2333
-2319
-2305
-2293
-2293
-2293
-2287
-2277
-2277
-2271
-2271
-2275
-2269
-2255
-2247
-2237
-2227
-2221
-2213
-2213
-2205
-2207
-2199
-2191
-2179
-2171
-2155
-2149
-2139
-2131
-2123
-2119
-2107
-2101
-2097
-2095
-2085
-2083
-2075
-2077
-2075
-2073
-2061
-2051
-2047
-2041
-2043
-2033
-2037
-2023
-2011
-2011
-2005
-2015
-2003
-2001
-1989
-1981
-1971
-1963
-1959
-1961
-1957
-1953
-1945
-1943
-1933
-1931
-1919
-1909
-1901
-1893
-1887
-1877
-1875
-1865
-1855
-1857
-1849
-1837
-1835
-1835
-1829
-1825
-1821
-1823
-1821
-1817
-1811
-1803
-1799
-1795
-1781
-1775
-1767
-1765
-1757
-1753
-1747
-1749
-1739
-1733
-1729
-1727
-1727
-1719
-1721
-1717
-1711
-1699
-1687
-1681
-1679
-1667
-1659
-1649
-1639
-1635
-1631
-1625
-1621
-1627
-1619
-1611
-1607
-1599
-1605
-1593
-1595
-1585
-1579
-1567
-1573
-1567
-1567
-1573
-1567
-1557
-1559
-1555
-1551
-1545
-1541
-1551
-1543
-1537
-1521
-1523
-1511
-1517
-1509
-1505
-1495
-1487
-1479
-1471
-1469
-1461
-1451
-1445
-1433
-1427
-1423
-1415
-1405
-1403
-1401
-1395
-1391
-1389
-1383
-1383
-1383
-1383
-1383
-1379
-1371
-1363
-1353
-1355
-1351
-1355
-1363
-1365
-1355
-1353
-1357
-1351
-1345
-1345
-1335
-1335
-1329
-1323
-1325
-1331
-1321
-1307
-1293
-1285
-1279
-1277
-1277
-1273
-1271
-1273
-1273
-1269
-1263
-1251
-1245
-1245
-1245
-1243
-1245
-1235
-1237
-1235
-1233
-1225
-1217
-1213
-1201
-1195
-1189
-1191
-1181
-1171
-1167
-1161
-1159
-1155
-1147
-1147
-1151
-1149
-1137
-1145
-1149
-1145
-1147
-1143
-1139
-1143
-1131
-1123
-1121
-1109
-1105
-1101
-1097
-1107
-1105
-1093
-1081
-1079
-1081
-1089
-1099
-1099
-1099
-1087
-1079
-1081
-1077
-1083
-1075
-1075
-1081
-1083
-1081
-1073
-1059
-1051
-1051
-1061
-1059
-1061
-1051
-1037
-1029
-1019
-1019
-1013
-1013
-1019
-1011
-1013
-1011
-1007
-1003
-995
-983
-979
-967
-967
-963
-965
-955
-949
-943
-933
-931
-919
-913
-905
-905
-907
-907
-909
-907
-905
-911
-919
-911
-907
-901
-901
-895
-907
-913
-899
-895
-895
-897
-893
-889
-887
-881
-885
-877
-881
-879
-863
-855
-849
-849
-847
-839
-839
-831
-833
-841
-845
-835
-827
-829
-829
-819
-815
-807
-801
-805
-789
-781
-783
-777
-771
-769
-779
-779
-771
-763
-765
-763
-759
-759
-763
-759
-751
-755
-745
-749
-749
-745
-743
-737
-727
-727
-717
-713
-711
-713
-719
-721
-715
-707
-709
-719
-715
-705
-701
-699
-693
-693
-699
-697
-687
-679
-675
-681
-679
-675
-675
-669
-663
-655
-659
-663
-663
-657
-657
-663
-665
-661
-649
-641
-635
-633
-631
-635
-631
-631
-635
-631
-629
-623
-619
-623
-619
-615
-615
-621
-613
-621
-611
-617
-611
-607
-603
-593
-597
-585
-579
-585
-587
-577
-569
-585
-587
-593
-581
-577
-563
-557
-563
-563
-571
-569
-561
-547
-549
-539
-535
-537
-531
-529
-529
-525
-517
-517
-517
-509
-505
-507
-511
-503
-509
-505
-503
-503
-513
-509
-501
-495
-489
-489
-475
-475
-465
-469
-459
-461
-451
-445
-441
-429
-423
-425
-429
-437
-433
-429
-427
-427
-431
-439
-429
-427
-419
-415
-415
-419
-411
-403
-397
-393
-387
-383
-383
-383
-385
-375
-371
-373
-375
-371
-371
-371
-377
-385
-381
-381
-387
-379
-379
-387
-383
-379
-367
-375
-381
-385
-373
-373
-371
-365
-355
-345
-349
-351
-355
-363
-371
-367
-365
-373
-375
-365
-365
-363
-359
-353
-355
-347
-343
-343
-335
-329
-333
-329
-331
-331
-331
-333
-327
-329
-333
-333
-333
-339
-335
-337
-341
-339
-329
-325
-325
-317
-313
-317
-315
-303
-305
-309
-313
-317
-331
-323
-329
-325
-321
-321
-317
-309
-309
-297
-285
-281
-279
-279
-283
-287
-287
-287
-287
-289
-287
-293
-297
-301
-303
-299
-305
-293
-299
-311
-307
-309
-305
-307
-301
-291
-293
-287
-283
-281
-273
-269
-263
-263
-263
-255
-259
-255
-253
-253
-257
-251
-237
-237
-241
-233
-237
-233
-235
-223
-217
-209
-205
-203
-209
-207
-195
-189
-191
-203
-201
-191
-195
-201
-203
-201
-199
-199
-207
-199
-201
-189
-191
-197
-197
-207
-203
-211
-211
-213
-211
-213
-207
-207
-207
-201
-195
-193
-191
-179
-175
-171
-173
-169
-171
-173
-175
-173
-179
-185
-181
-177
-179
-187
-193
-187
-181
-175
-173
-167
-157
-157
-161
-155
-147
-137
-143
-143
-149
-141
-139
-135
-137
-145
-143
-145
-147
-139
-135
-135
-127
-127
-135
-137
-137
-141
-143
-143
-151
-149
-153
-151
-157
-151
-155
-153
-145
-143
-139
-139
-141
-147
-149
-151
-149
-155
-155
-149
-139
-137
-131
-131
-113
-113
-121
-123
-129
-129
-123
-113
-113
-115
-113
-111
-103
-107
-109
-113
-115
-111
-111
-113
-107
-103
-101
-113
-117
-109
-103
-103
-107
-99
-111
-109
-113
-115
-119
-111
-117
-121
-117
-115
-115
-119
-127
-121
-113
-111
-109
-101
-103
-97
-95
-95
-91
-99
-99
-97
-105
-99
-105
-93
-85
-85
-85
-81
-85
-85
-83
-85
-83
-93
-81
-81
-91
-97
-99
-107
-99
-93
-93
-97
-103
-107
-111
-103
-103
-107
-115
-115
-125
-123
-127
-123
-129
-133
-131
-139
-139
-137
-133
-131
-131
-129
-135
-129
-131
-131
-131
-119
-121
-119
-115
-117
-113
-107
-103
-95
-97
-95
-85
-85
-87
-81
-83
-85
-85
-87
-91
-81
-89
-87
-87
-93
-101
-101
-101
-93
-89
-89
-81
-75
-77
-77
-79
-81
-89
-91
-87
-91
-93
-91
-83
-87
-97
-91
-85
-79
-63
-55
-47
-43
-43
-47
-41
-45
-39
-41
-45
-49
-53
-61
-59
-59
-67
-65
-65
-69
-71
-67
-73
-75
-73
-63
-71
-83
-79
-71
-67
-73
-73
-75
-71
-81
-77
-77
-77
-81
-75
-71
-83
-87
-81
-77
-79
-73
-63
-65
-65
-59
-61
-57
-51
-43
-37
-41
-49
-57
-47
-53
-61
-53
-53
-55
-53
-55
-57
-57
-55
-57
-49
-55
-59
-59
-61
-61
-63
-67
-67
-61
-55
-49
-45
-43
-45
-53
-61
-59
-57
-57
-63
-75
-71
-71
-71
-67
-63
-57
-59
-63
-65
-53
-45
-41
-45
-43
-43
-47
-49
-51
-43
-37
-35
-37
-29
-25
-27
-21
-11
-7
-7
-5
-17
-7
3
9
11
15
17
27
23
19
17
13
17
11
9
25
33
37
39
45
51
47
47
57
61
65
73
77
71
73
81
81
91
91
99
109
101
101
105
107
109
101
99
95
95
101
95
99
97
97
95
99
89
89
81
79
81
77
87
87
83
89
95
99
91
103
103
105
99
105
97
95
95
95
99
97
103
109
109
97
93
97
107
107
101
85
93
95
101
103
103
101
101
93
87
85
83
93
91
93
89
79
75
67
67
69
69
73
69
73
75
71
81
83
77
79
85
77
79
69
71
73
77
75
81
81
85
81
81
75
63
59
59
51
59
65
63
67
73
81
83
87
87
83
75
63
73
73
67
63
61
67
67
71
71
79
77
79
87
97
95
89
89
87
79
71
79
73
77
79
79
77
73
79
75
69
59
63
57
55
51
51
53
49
51
61
69
71
71
67
67
67
69
67
79
75
73
77
73
75
69
71
77
69
79
73
63
69
69
65
63
57
51
55
63
73
71
71
69
73
67
67
65
65
61
57
59
65
67
73
79
75
73
75
73
65
73
73
83
89
91
87
93
89
91
93
95
85
93
89
91
85
91
83
89
89
93
95
91
91
99
101
105
103
103
93
97
105
105
103
95
105
107
123
131
135
135
141
133
135
135
131
141
135
129
121
117
115
115
113
113
111
115
107
109
107
107
95
93
101
101
107
115
115
119
111
109
109
121
119
117
119
115
111
111
103
91
87
93
87
91
93
89
89
97
99
107
115
113
111
113
117
109
107
107
105
105
105
105
99
103
101
99
103
101
103
103
107
99
103
91
91
91
87
85
83
85
79
85
81
83
85
75
73
65
69
61
65
67
57
65
73
73
73
69
71
81
75
75
75
75
71
71
71
77
71
73
81
79
73
79
77
79
83
75
71
75
79
83
95
87
87
99
103
105
109
115
115
123
123
131
135
133
133
133
129
127
127
131
137
141
143
137
135
129
139
133
137
137
139
141
137
133
139
139
137
139
135
137
131
127
119
115
117
115
125
127
129
125
121
119
135
135
127
127
131
141
137
135
129
125
127
133
129
131
133
131
133
133
135
129
129
131
137
137
137
139
139
133
133
133
127
127
123
123
119
105
111
117
125
115
107
105
101
95
91
89
89
89
89
77
69
65
69
67
69
65
57
57
57
65
67
67
65
61
59
61
61
63
71
71
75
75
85
87
87
75
87
85
91
101
105
99
105
109
115
115
115
101
105
107
109
99
101
105
111
115
121
131
129
123
131
135
145
141
145
143
151
149
143
141
145
143
139
145
139
133
129
129
115
121
113
121
123
121
119
121
121
123
123
127
131
127
131
125
135
131
127
127
131
129
137
141
151
147
139
149
151
157
163
159
159
169
167
175
175
167
167
173
169
177
177
171
169
161
163
163
167
165
163
161
159
159
151
151
159
165
161
163
161
165
165
157
155
159
161
163
165
167
159
159
155
153
157
161
163
165
155
155
143
141
147
157
161
151
157
157
153
149
147
149
155
143
141
151
145
155
159
173
171
165
173
175
169
167
171
163
157
149
143
149
145
143
137
139
141
137
133
125
129
123
119
131
133
121
119
125
125
121
127
129
129
127
121
119
115
129
123
125
115
111
101
95
105
109
101
103
101
101
103
107
107
111
107
95
95
99
99
99
97
99
99
97
95
97
97
97
99
101
99
101
93
87
89
93
89
97
105
105
101
105
113
107
111
109
103
107
111
119
119
121
123
121
117
121
117
123
119
121
125
117
119
119
121
127
127
119
115
111
111
115
115
125
119
121
119
121
127
131
133
135
127
131
123
125
129
129
125
125
119
133
133
139
149
151
147
155
147
145
137
141
135
127
131
127
127
133
125
127
125
123
133
137
137
135
137
129
131
139
147
155
155
145
147
149
155
151
147
147
151
153
157
161
153
155
147
143
141
137
137
139
143
143
153
157
151
147
145
147
153
157
157
163
167
167
173
179
187
183
185
191
191
183
191
191
197
185
177
171
175
167
161
161
157
159
167
171
181
187
189
185
183
179
181
179
183
181
181
179
181
187
189
191
195
203
195
197
193
197
197
193
191
193
205
195
195
197
203
213
209
197
195
201
207
201
211
213
215
215
223
217
221
217
211
225
229
215
207
203
201
207
217
219
225
225
235
231
225
225
229
237
231
233
227
221
231
227
229
227
219
231
233
239
241
243
243
249
255
261
257
261
269
269
269
273
283
289
287
287
287
291
293
297
301
299
303
303
297
297
297
291
281
281
285
285
277
279
279
283
287
281
289
289
279
279
279
285
283
287
291
283
285
275
281
281
273
273
277
271
263
267
267
271
271
269
269
269
279
281
277
283
277
277
277
283
283
271
265
269
271
279
279
287
289
295
305
305
309
315
319
317
313
317
309
305
299
297
295
299
295
295
299
297
293
291
291
295
295
295
305
309
311
311
307
307
303
301
293
295
291
295
301
295
287
277
277
283
279
273
267
267
261
257
251
249
255
247
247
251
251
243
237
243
239
235
229
229
223
227
229
231
231
231
231
229
221
223
219
223
221
203
213
219
215
209
203
209
215
215
211
219
219
215
205
213
209
211
211
215
211
205
199
203
199
187
187
183
187
189
195
189
187
179
177
167
171
171
169
169
171
175
171
165
167
171
177
185
179
179
179
177
177
183
187
185
195
197
193
191
187
177
169
177
173
173
167
179
177
165
169
177
167
165
167
175
173
179
177
169
167
161
157
161
161
169
169
167
177
189
197
197
195
199
195
189
191
191
183
181
181
175
179
179
179
181
177
175
181
191
181
179
185
173
177
185
177
169
163
173
163
157
155
155
155
161
159
163
163
161
167
169
165
165
163
161
157
155
153
149
143
143
135
143
145
139
141
135
133
141
139
143
149
151
151
147
151
149
155
151
147
137
133
137
149
145
145
143
141
145
135
133
133
135
139
141
145
149
145
149
149
157
157
165
157
173
179
177
161
161
157
165
165
161
165
157
141
137
137
139
141
139
145
145
141
139
145
137
133
125
121
121
135
139
145
145
153
153
157
153
149
153
153
145
139
143
135
141
145
145
143
141
151
155
149
153
161
155
153
149
149
151
151
159
157
159
161
157
161
155
161
151
135
135
131
141
137
139
139
143
139
135
135
135
131
131
129
131
137
141
141
145
137
129
129
141
141
133
135
133
133
131
123
119
117
107
111
107
109
109
105
111
117
113
105
105
105
105
107
113
117
115
117
121
121
129
125
123
113
113
103
105
99
91
95
93
95
87
81
77
77
79
83
89
87
91
91
93
83
83
81
79
81
81
81
77
75
79
87
81
79
75
63
61
65
57
57
59
63
59
59
59
45
49
45
37
37
35
33
43
45
39
29
33
39
39
23
33
35
39
31
39
29
29
37
39
45
47
53
55
45
45
45
53
55
55
57
61
59
69
61
71
77
85
85
73
71
71
75
79
83
95
95
91
91
87
93
95
89
85
81
73
75
79
83
77
73
71
71
75
71
73
87
93
99
99
103
113
113
109
111
119
115
131
123
125
119
119
127
131
137
141
131
129
127
121
131
129
125
123
117
113
115
121
109
101
103
97
97
95
87
91
97
95
97
107
101
95
83
81
87
79
87
93
95
103
99
113
117
119
121
127
127
135
139
137
135
135
141
139
149
143
131
125
127
129
137
141
133
141
141
139
141
141
141
143
147
157
157
163
159
159
159
161
159
151
149
145
151
153
149
145
153
159
155
161
159
151
143
149
149
149
153
151
157
155
149
165
161
161
161
149
143
149
153
151
161
153
155
147
151
153
151
153
161
157
163
161
149
141
149
153
159
159
163
159
153
149
143
141
139
133
129
131
137
137
135
141
143
149
147
155
151
155
151
151
139
147
141
147
147
147
151
143
145
147
149
157
153
141
133
135
133
137
143
149
153
155
149
145
153
151
147
157
161
165
163
161
163
163
153
155
157
149
151
145
141
143
147
149
155
157
159
151
153
153
151
153
159
165
169
173
175
167
157
159
159
159
165
155
165
163
165
169
177
177
167
165
169
171
177
177
181
183
181
179
179
177
181
177
175
173
177
177
175
181
189
197
201
199
187
193
189
191
187
185
175
175
177
177
173
169
165
167
167
165
163
169
167
159
171
175
175
169
169
175
179
173
169
179
185
181
177
169
173
175
175
185
181
177
183
179
175
179
181
177
191
195
191
195
193
205
209
201
199
199
189
195
203
209
207
207
205
205
201
201
205
207
203
213
219
213
217
223
227
233
229
225
219
215
221
229
239
239
237
233
235
235
235
239
231
225
237
233
233
229
233
233
223
221
225
221
217
207
211
207
211
219
229
235
245
251
261
251
243
241
235
237
239
239
237
243
243
253
257
269
267
267
269
267
271
263
263
259
251
263
263
261
263
263
263
251
255
253
261
253
247
249
251
247
253
253
243
245
247
235
233
233
245
245
239
247
243
239
237
233
239
241
239
247
261
257
257
261
261
263
273
285
279
287
281
281
283
283
293
285
285
277
273
273
265
267
265
261
263
261
269
265
267
271
271
269
271
275
275
275
269
269
275
267
263
249
241
241
243
239
237
237
229
233
229
231
241
243
241
237
249
247
251
253
263
259
267
257
251
251
251
249
253
257
253
253
243
243
239
237
235
237
239
245
245
241
237
227
239
237
241
235
229
225
225
229
219
215
205
207
197
193
189
195
189
191
189
193
191
189
189
183
179
177
185
183
185
177
177
169
171
163
163
171
161
163
167
163
167
173
177
185
183
181
181
181
177
175
175
167
161
161
151
161
161
165
167
163
161
155
155
147
157
161
161
171
179
177
173
177
177
187
191
181
177
171
179
179
173
179
177
181
181
185
175
177
183
185
191
201
205
203
205
209
213
215
217
215
215
213
211
207
199
191
185
181
179
175
183
189
195
201
201
197
207
219
221
221
219
217
213
213
209
207
199
203
191
193
189
195
187
179
179
171
167
171
165
161
157
159
163
171
163
159
159
157
155
147
133
143
141
145
151
159
165
165
171
173
175
169
163
159
159
171
167
173
169
165
165
167
165
177
179
187
189
193
199
201
193
189
197
203
199
189
197
197
193
195
197
193
185
181
175
177
179
181
183
187
187
193
187
175
169
171
169
173
175
161
165
167
167
161
161
159
161
169
175
179
177
171
161
159
163
171
173
175
175
177
179
177
175
181
179
183
187
197
197
211
211
205
205
201
191
193
195
201
199
189
191
185
187
191
187
195
199
201
197
195
191
191
191
197
199
197
195
187
183
179
171
169
169
165
165
169
177
185
183
177
177
179
179
171
171
171
177
175
169
163
167
157
161
151
147
143
137
143
137
135
129
125
129
137
145
143
145
147
151
149
143
143
137
151
151
157
161
165
163
157
157
163
163
167
165
157
159
159
149
149
149
141
149
151
145
149
139
135
143
151
147
149
145
139
137
137
137
133
129
123
129
121
125
129
127
137
125
123
123
121
127
133
133
139
145
141
133
135
137
135
135
139
127
131
135
131
131
127
121
119
117
119
117
131
137
137
141
141
137
141
127
127
131
131
121
121
123
119
115
113
115
121
123
125
121
117
117
121
129
125
121
121
133
121
129
121
127
129
129
125
123
123
125
133
133
141
141
129
135
129
127
133
125
117
113
115
107
103
103
105
115
117
121
117
131
127
133
135
135
139
141
137
141
141
141
143
139
139
137
131
135
143
139
131
123
121
115
119
121
111
119
129
125
123
123
135
139
147
157
159
145
149
147
151
157
161
157
155
159
157
153
153
143
145
149
157
159
159
159
161
165
161
163
155
161
165
159
165
175
169
167
169
167
173
167
167
173
183
179
177
173
169
165
163
167
163
165
161
167
171
167
173
175
181
185
189
189
195
193
189
187
191
177
181
183
177
169
169
177
175
177
173
177
177
177
173
173
173
175
171
175
185
189
191
187
181
183
177
177
171
171
167
157
153
163
167
157
151
153
157
157
153
163
157
159
161
163
165
161
151
151
161
155
161
159
161
165
165
161
175
179
177
181
183
191
185
187
189
181
185
179
183
177
193
189
183
185
197
191
205
203
197
203
217
221
215
215
211
217
217
215
207
207
205
203
209
211
207
205
215
223
217
223
223
221
215
209
207
219
217
215
213
215
213
211
213
209
203
203
207
209
213
213
201
191
199
195
193
199
205
207
217
215
209
213
215
219
221
229
237
235
245
243
237
233
225
221
217
213
217
211
213
211
205
201
203
203
217
217
217
217
221
225
225
225
221
219
227
235
233
227
233
219
207
207
209
209
211
205
197
201
201
193
191
193
195
195
191
193
183
181
185
187
187
193
197
205
211
213
197
199
199
201
201
195
197
187
187
181
183
175
179
179
173
179
175
173
177
181
181
173
177
171
177
185
187
191
197
209
203
205
199
195
193
191
199
197
195
207
213
221
223
223
221
217
215
221
223
225
223
229
233
229
233
225
231
233
237
241
243
243
241
239
241
243
245
245
249
253
263
261
265
255
257
259
259
263
265
263
257
257
243
239
245
243
241
243
237
229
231
231
231
231
237
245
237
239
241
241
241
247
241
243
247
249
253
247
239
241
241
235
233
229
233
231
239
233
233
233
229
241
241
249
255
257
255
251
257
265
261
261
265
269
275
279
285
275
279
275
271
275
277
281
279
277
269
259
261
253
255
247
243
247
245
249
259
255
255
257
253
253
255
251
247
245
245
249
251
247
237
233
231
239
235
237
239
227
221
223
225
219
215
217
217
213
211
211
213
215
215
219
229
225
233
225
219
221
225
229
227
219
219
219
229
225
223
233
235
223
219
225
225
221
231
225
219
219
217
219
221
219
219
225
235
237
229
227
233
231
227
229
223
223
221
221
223
229
221
219
225
225
223
211
211
207
213
205
203
211
217
217
215
223
227
223
225
217
219
213
211
201
203
201
201
203
195
199
191
199
199
195
185
179
181
179
175
169
165
163
167
163
169
157
159
161
155
155
153
151
139
139
133
131
125
121
127
127
121
127
135
133
139
147
151
149
155
149
157
153
155
157
165
165
171
161
167
159
153
145
143
141
145
145
147
145
145
153
153
151
151
161
157
157
159
163
151
147
151
151
151
155
157
165
165
161
175
167
173
167
171
177
171
171
161
155
153
147
151
151
155
163
161
161
161
169
157
159
159
167
161
163
159
157
161
161
161
161
155
159
159
165
159
163
155
159
161
157
143
137
135
143
141
133
133
141
153
151
151
141
143
143
151
147
149
153
155
157
159
157
157
155
155
155
159
159
163
159
163
165
175
173
177
173
181
185
187
189
191
197
193
197
191
203
199
191
187
183
185
185
185
175
175
177
179
175
187
185
181
171
157
165
163
151
149
153
149
145
147
145
151
149
151
155
161
157
151
141
141
141
139
145
151
151
155
157
157
153
143
145
147
153
155
159
161
157
151
151
155
149
149
145
141
143
145
137
139
137
127
117
125
131
133
127
129
129
129
127
131
127
133
139
135
137
135
145
147
147
151
147
145
143
137
141
145
149
149
147
145
149
145
135
125
125
133
123
117
117
121
117
109
107
107
107
97
105
101
91
93
97
89
97
95
91
97
93
85
85
85
77
87
87
83
89
89
79
85
83
87
83
93
97
93
95
93
85
83
83
95
91
93
97
103
117
117
117
117
119
117
113
121
121
117
123
127
119
117
119
123
121
115
115
113
119
121
123
131
127
129
129
131
137
147
139
139
133
131
131
145
137
139
155
151
145
151
145
143
151
155
159
155
165
167
165
167
167
167
169
163
161
155
151
161
167
169
161
159
151
149
153
151
143
147
149
145
143
141
131
133
137
137
149
153
145
139
139
139
149
155
149
145
145
149
157
165
155
159
159
167
165
171
175
173
173
173
171
177
171
169
167
177
175
183
179
183
187
185
181
187
189
193
183
173
173
175
177
179
173
173
171
171
169
167
161
159
147
153
157
167
167
173
173
163
173
163
161
169
165
171
163
165
161
173
169
165
159
159
151
145
149
147
137
143
137
131
133
133
133
131
133
131
135
141
141
143
139
145
143
135
133
123
121
117
113
105
105
103
103
107
101
101
97
87
91
83
87
93
95
101
99
101
103
101
99
105
103
107
105
101
95
97
99
107
117
115
119
117
121
121
123
125
125
117
121
123
129
135
135
137
131
121
131
137
137
137
147
157
149
147
139
133
133
129
131
123
115
113
103
99
99
91
99
97
105
95
91
93
93
95
97
97
97
97
103
107
109
99
111
117
123
123
123
125
113
113
117
127
129
125
127
129
137
133
131
125
131
133
131
135
137
137
139
139
135
131
135
143
137
145
147
147
147
147
143
129
123
123
113
113
111
115
119
123
123
117
121
113
115
109
105
105
105
101
95
99
103
95
83
83
89
89
87
93
79
83
83
81
85
87
81
77
87
85
85
85
77
73
69
81
83
89
87
85
73
81
81
71
71
79
81
91
87
85
77
83
87
91
89
81
79
77
71
63
67
69
63
53
47
55
53
53
47
57
49
51
51
53
59
63
63
55
65
69
61
67
67
73
69
63
75
77
77
87
83
79
81
69
65
71
75
79
85
87
93
97
89
91
99
107
115
111
121
125
127
131
121
133
135
131
137
139
135
141
141
139
145
153
151
143
133
133
137
141
145
159
157
165
159
153
151
147
153
159
157
157
155
157
165
167
159
157
157
157
153
153
149
147
151
149
153
149
145
139
135
131
123
119
123
127
139
147
147
141
147
147
143
149
153
151
145
151
159
161
169
177
177
179
179
177
175
177
181
177
177
179
173
173
173
179
187
183
181
181
179
177
177
169
169
161
165
169
167
161
163
163
163
163
155
147
143
143
151
151
149
157
151
147
147
159
161
163
159
157
151
143
151
155
157
161
161
153
151
149
155
165
167
167
167
167
171
173
169
173
173
179
179
173
177
173
173
167
167
171
169
177
177
177
171
173
179
179
183
189
193
195
193
193
193
191
197
195
195
205
207
209
211
211
221
225
227
233
231
235
241
247
247
247
245
245
241
241
245
253
255
259
257
251
249
255
257
251
249
249
249
251
245
257
257
253
253
255
247
239
247
247
249
249
239
243
251
253
253
261
265
259
255
255
253
249
245
249
245
249
253
253
261
269
273
277
277
271
269
265
261
257
261
259
251
245
243
237
235
229
221
221
219
225
233
243
241
235
233
239
243
251
257
265
261
257
261
257
255
249
257
251
247
251
243
241
239
229
233
233
231
231
239
241
243
253
253
243
245
249
245
243
239
241
243
239
239
233
243
231
227
225
223
227
221
229
237
235
235
231
235
237
237
237
241
255
255
261
261
257
265
267
271
271
271
267
267
267
277
265
265
261
257
259
263
269
269
271
271
273
273
271
273
269
271
269
271
273
271
279
285
283
281
275
275
281
277
283
277
277
273
277
275
281
285
287
287
283
283
279
281
285
285
281
285
291
287
297
287
283
283
287
287
289
293
297
287
283
277
269
263
263
259
257
255
261
259
261
261
259
263
265
265
271
259
253
247
249
257
255
257
263
263
263
255
251
259
261
261
275
281
291
281
271
275
273
273
269
263
261
257
261
269
271
277
279
285
289
289
289
287
287
283
287
285
283
281
291
289
299
307
311
315
311
307
307
305
305
313
311
309
313
313
315
309
309
311
315
311
311
317
327
317
323
319
319
319
319
315
313
305
307
309
305
299
299
289
287
289
289
289
279
283
289
283
287
293
301
301
295
301
305
309
311
309
311
311
321
315
317
315
317
321
327
327
327
331
323
319
317
317
315
313
313
313
305
313
315
323
323
321
323
321
311
315
315
309
309
307
307
305
303
309
311
309
317
317
329
327
329
341
339
337
331
339
337
341
341
331
325
331
337
343
343
343
341
337
329
331
335
341
345
339
339
337
341
343
335
345
347
345
341
339
339
335
329
333
331
325
325
321
323
325
321
327
325
325
337
333
331
325
321
333
339
339
341
335
329
325
333
333
337
337
339
337
341
345
343
343
345
347
345
335
339
343
345
343
343
353
355
363
353
353
349
351
347
345
337
341
353
355
343
341
331
333
333
329
325
325
329
327
325
327
329
323
323
327
327
331
329
329
321
317
311
313
307
309
315
317
311
317
325
319
317
315
313
309
305
311
309
317
315
303
307
315
313
313
315
309
299
289
285
273
271
269
271
261
265
265
265
263
267
271
263
269
273
271
269
267
263
259
263
251
253
245
247
243
253
253
249
249
247
247
245
255
243
249
247
251
251
255
259
257
247
245
243
233
233
239
253
251
255
251
247
249
257
257
255
251
245
243
239
235
247
247
249
245
241
247
249
247
251
247
245
253
247
251
257
249
243
233
235
229
225
221
225
223
221
225
221
217
213
215
213
227
229
229
229
235
235
229
225
217
219
215
209
213
215
219
215
227
239
243
235
237
225
229
233
239
247
249
251
247
253
249
241
233
243
243
239
243
243
233
237
237
235
235
237
239
249
253
243
247
245
239
237
239
235
243
245
243
249
239
247
251
251
251
251
247
245
237
233
237
243
233
225
217
221
223
223
223
223
233
231
231
237
233
241
241
233
233
231
229
229
221
223
225
213
211
209
203
205
205
205
201
193
189
183
181
179
187
187
187
187
193
189
187
193
187
189
201
197
201
201
201
207
203
205
213
213
217
211
209
217
225
221
223
221
215
213
209
213
211
207
201
199
203
203
203
203
201
201
203
197
193
191
191
187
181
181
177
169
165
157
163
167
167
169
177
183
179
179
171
169
163
161
161
163
159
157
155
157
149
143
147
157
163
169
177
175
173
167
163
157
157
165
171
169
173
171
171
171
175
181
183
185
177
175
179
181
193
201
195
201
207
195
199
197
203
195
193
195
195
193
195
185
175
179
181
177
173
165
155
149
149
149
151
147
151
153
153
151
153
155
159
163
163
161
171
171
173
177
179
175
173
177
179
179
181
175
175
171
171
173
165
163
167
163
171
171
171
173
173
171
181
173
179
179
181
191
189
191
189
193
197
195
197
189
187
187
185
191
191
193
183
175
163
163
159
165
171
175
175
165
167
167
167
171
163
163
159
149
149
143
137
143
149
145
147
151
147
145
151
153
155
159
149
153
157
149
155
165
163
163
157
149
147
139
139
145
143
137
133
147
143
153
151
147
153
147
149
153
155
147
149
149
155
161
163
161
157
153
149
139
143
137
145
153
161
159
163
169
165
173
171
171
171
163
163
169
161
161
167
165
163
151
153
153
155
165
167
159
163
153
153
147
147
155
161
167
163
165
169
177
183
181
179
185
185
187
177
177
173
175
181
177
179
177
173
183
181
183
181
183
185
185
185
181
175
181
177
183
183
167
157
167
161
161
155
157
153
159
155
163
175
175
179
181
185
185
189
189
199
197
195
195
201
207
199
197
195
199
201
197
189
193
197
197
197
193
191
191
193
201
209
203
205
213
215
215
211
219
229
231
235
231
231
231
243
255
247
247
257
259
257
255
261
255
249
257
257
265
259
269
265
267
273
269
269
273
279
281
285
281
269
269
273
261
265
261
263
257
257
259
267
269
267
271
265
273
269
271
275
265
273
267
265
267
275
271
277
281
281
279
271
279
277
291
281
279
281
285
289
279
283
285
283
287
287
289
291
289
287
289
285
277
279
279
273
273
273
271
273
273
273
267
273
273
267
275
269
269
265
273
271
277
283
287
283
281
283
277
285
285
287
291
299
301
297
299
297
297
293
295
295
289
287
287
301
293
295
291
297
299
309
309
299
307
299
299
293
293
293
307
307
305
301
299
305
305
303
303
301
303
295
301
291
289
297
295
293
299
291
289
293
303
303
317
319
315
325
327
319
315
311
299
305
305
303
311
311
307
303
299
307
303
295
293
293
291
285
289
287
287
285
285
287
289
293
283
285
273
285
291
291
291
287
293
289
293
289
287
293
295
293
291
291
289
281
285
281
275
267
267
257
259
265
263
257
255
259
251
251
255
251
251
251
255
249
251
249
253
261
259
255
259
245
249
245
257
255
249
241
245
245
239
235
223
229
229
225
223
227
219
205
205
205
209
203
201
203
197
193
199
203
205
207
207
203
205
201
207
215
215
211
211
207
209
211
217
215
215
215
221
217
211
207
205
197
199
191
183
185
187
181
179
187
181
185
185
179
175
173
187
189
191
193
201
205
203
197
197
193
185
175
181
183
185
187
187
193
193
197
201
189
193
195
207
207
209
211
211
209
205
203
205
199
191
185
167
161
161
155
155
155
151
157
157
155
163
161
161
157
159
159
159
157
171
169
171
161
169
173
173
179
173
177
179
179
175
179
189
199
197
203
207
215
219
227
229
231
227
219
221
215
215
219
219
223
227
221
229
223
231
235
233
239
241
243
245
233
223
221
219
217
223
223
217
217
205
197
197
201
195
191
189
191
193
189
195
189
189
189
187
187
181
185
183
183
187
195
187
177
171
175
175
183
179
181
179
181
183
183
185
191
191
195
191
193
193
189
191
195
197
201
195
199
193
187
195
201
199
209
217
215
217
205
205
207
217
209
217
213
213
213
215
221
215
217
213
207
217
217
215
209
201
203
201
201
197
201
203
195
189
191
189
191
191
185
191
189
187
193
195
197
191
189
201
199
199
191
191
189
179
179
171
167
177
175
179
177
177
181
185
181
179
187
191
193
189
195
199
195
201
197
189
191
191
191
185
183
181
181
183
175
179
179
167
167
159
165
161
163
157
159
167
171
161
163
159
163
161
163
159
165
171
167
171
161
161
171
167
169
169
161
169
163
157
143
143
141
145
145
147
157
157
153
157
155
167
173
171
177
189
191
191
183
183
191
193
201
203
201
191
185
183
181
177
181
191
193
199
193
197
203
199
201
199
203
193
187
183
181
175
169
173
173
175
175
177
183
193
193
193
193
187
187
193
193
187
183
181
169
175
171
171
187
187
191
199
199
195
197
201
197
193
193
187
183
185
191
193
191
195
193
201
211
223
221
223
223
225
235
237
235
227
235
245
237
241
243
241
237
233
235
235
243
241
233
231
241
247
259
255
259
263
265
263
265
265
267
261
263
257
251
245
249
247
239
251
249
247
247
257
263
257
263
263
265
269
265
259
263
267
263
261
263
257
257
259
253
251
257
261
259
265
265
265
263
261
247
247
255
249
251
251
251
253
247
243
237
239
237
227
227
223
223
221
229
227
227
223
227
223
219
213
209
209
217
209
203
199
199
203
201
207
201
201
209
213
203
203
207
207
207
203
205
211
219
211
203
201
195
199
203
199
205
215
215
211
223
227
227
219
217
219
211
217
219
205
211
205
207
211
211
213
213
213
213
199
191
183
189
177
181
175
171
167
169
163
161
167
169
173
167
165
163
165
165
167
165
171
171
167
163
165
171
167
169
161
165
159
151
163
155
153
159
165
169
165
149
153
153
147
151
149
151
161
167
163
161
157
159
159
155
155
159
159
159
165
169
159
155
155
145
145
141
137
133
133
129
131
133
131
141
143
143
151
159
157
157
153
147
149
161
167
173
171
167
173
169
163
157
159
157
161
161
157
163
159
151
143
135
143
147
147
143
149
155
159
159
159
155
167
167
169
167
161
155
153
157
157
159
167
165
167
171
175
181
179
177
177
181
171
173
183
191
189
189
193
197
197
193
195
187
189
195
195
193
195
187
189
195
193
201
201
201
191
191
197
197
201
191
191
199
197
203
197
203
213
219
219
221
219
227
219
227
219
209
205
207
203
209
209
207
203
203
197
191
183
183
187
193
193
197
195
197
189
179
173
181
179
175
175
179
183
181
183
191
195
199
207
205
205
205
205
207
199
197
195
193
191
177
177
181
177
175
175
179
183
175
167
165
173
175
177
179
183
187
181
185
183
177
175
177
183
187
197
193
187
189
197
193
187
185
177
173
171
179
177
177
169
167
173
161
159
159
165
163
167
173
175
179
187
189
193
197
197
205
199
203
207
203
205
197
201
207
207
209
209
213
215
213
209
209
207
199
199
199
193
181
181
183
179
175
177
183
177
179
183
187
181
185
183
189
189
191
185
177
177
173
177
179
183
181
183
185
185
183
171
179
177
179
179
181
181
187
187
185
183
189
195
197
197
191
195
199
195
195
193
195
195
185
185
185
185
177
169
165
161
155
153
155
157
163
151
151
153
155
163
157
159
149
153
155
155
151
155
161
153
147
151
155
153
155
151
151
151
149
145
147
147
149
157
159
167
163
167
155
147
147
137
145
145
147
147
143
141
145
151
147
151
151
151
151
151
157
161
159
159
163
165
171
171
187
195
185
179
169
167
165
167
173
163
163
163
165
171
173
173
175
165
163
163
161
171
177
183
193
197
193
199
203
207
207
211
211
211
211
201
199
199
199
207
215
223
229
243
239
243
247
249
255
243
251
265
265
265
269
277
277
263
263
259
259
257
259
257
261
249
255
243
235
233
229
227
219
219
223
233
231
233
229
215
207
209
219
221
219
221
227
217
217
217
223
221
227
223
227
227
229
229
229
225
235
231
239
235
235
243
237
241
239
229
235
233
231
223
229
229
229
217
217
219
221
227
219
217
215
209
213
217
217
221
227
227
231
229
235
241
235
231
235
233
237
235
235
245
253
251
247
253
243
239
237
235
231
235
233
233
225
237
239
235
239
237
233
231
223
225
227
233
227
227
221
221
217
213
211
205
191
189
189
199
205
203
195
187
197
199
205
205
205
207
215
211
211
213
209
209
201
211
215
225
225
219
217
221
229
235
229
229
227
235
237
237
247
243
247
239
243
247
249
251
249
241
245
247
247
245
247
241
239
249
245
247
253
251
249
241
251
247
247
243
247
241
245
247
249
241
239
235
227
225
225
227
229
225
229
237
229
229
225
221
219
221
225
219
213
221
215
221
219
219
219
211
199
193
191
191
195
191
195
197
205
211
201
201
195
199
197
197
197
207
205
203
197
197
197
199
207
213
213
219
209
215
215
209
211
197
193
183
177
175
177
181
169
175
173
177
177
167
171
179
171
173
179
177
193
193
189
189
193
195
195
197
191
193
193
187
191
189
179
179
181
173
177
177
175
175
173
173
165
167
171
171
169
159
157
163
167
161
163
165
163
173
181
189
191
189
193
205
211
213
211
209
213
207
211
207
213
217
211
211
203
199
195
203
203
195
195
191
187
193
189
193
197
195
195
203
209
213
213
209
211
211
217
213
207
215
211
215
227
225
223
229
229
231
227
219
217
215
213
221
223
225
227
219
215
215
215
223
225
225
225
227
215
215
221
215
215
215
209
207
207
209
205
199
197
201
211
211
209
211
207
209
213
213
209
199
203
209
215
217
219
219
213
217
217
211
217
225
229
221
229
221
217
215
219
219
215
223
223
215
219
229
221
215
215
203
195
197
201
193
197
199
195
201
201
201
195
203
211
201
197
197
195
191
197
203
201
197
197
197
201
209
201
205
197
191
183
187
193
205
201
189
191
189
183
185
189
179
187
187
181
175
175
173
171
175
175
177
175
177
175
179
189
187
187
181
179
177
183
183
185
179
181
187
187
197
189
197
195
189
195
199
195
191
195
191
177
177
181
177
177
167
163
157
157
157
151
139
143
141
139
129
133
123
115
117
109
111
117
117
115
119
123
119
117
109
117
119
109
111
119
