-2623
-2615
-2615
-2615
-2617
-2605
-2603
-2603
-2595
-2595
-2595
-2597
-2589
-2579
-2567
-2559
-2557
-2551
-2541
-2531
-2519
-2505
-2505
-2495
-2487
-2487
-2473
-2473
-2473
-2473
-2473
-2473
-2473
-2461
-2451
-2441
-2441
-2435
-2435
-2439
-2439
-2439
-2427
-2415
-2411
-2399
-2387
-2387
-2385
-2375
-2375
-2371
-2371
-2367
-2359
-2343
-2339
-2339
-2339
-2345
-2343
-2343
-2343
-2341
-2341
-2339
-2339
-2335
-2335
-2335
-2333
-2333
-2333
-2333
-2323
-2329
-2329
-2329
-2317
-2317
-2309
-2305
-2305
-2305
-2305
-2305
-2305
-2297
-2297
-2289
-2289
-2289
-2289
-2277
-2281
-2277
-2267
-2267
-2269
-2269
-2269
-2269
-2265
-2263
-2263
-2265
-2253
-2251
-2251
-2251
-2251
-2251
-2247
-2247
-2237
-2237
-2229
-2221
-2221
-2215
-2199
-2193
-2193
-2189
-2171
-2165
-2151
-2151
-2151
-2151
-2151
-2151
-2151
-2163
-2163
-2157
-2157
-2157
-2149
-2149
-2149
-2147
-2141
-2127
-2121
-2115
-2115
-2115
-2115
-2111
-2109
-2109
-2099
-2099
-2099
-2099
-2099
-2099
-2099
-2099
-2091
-2091
-2091
-2079
-2085
-2081
-2065
-2063
-2059
-2059
-2057
-2049
-2049
-2049
-2049
-2049
-2049
-2049
-2049
-2049
-2049
-2049
-2049
-2037
-2035
-2029
-2019
-2021
-2021
-2021
-2019
-2019
-2017
-2017
-2015
-2005
-2005
-2005
-2005
-1997
-1997
-1995
-1987
-1987
-1987
-1987
-1987
-1987
-1987
-1975
-1975
-1975
-1967
-1967
-1967
-1967
-1967
-1969
-1963
-1955
-1947
-1947
-1939
-1935
-1939
-1939
-1929
-1929
-1929
-1929
-1917
-1919
-1911
-1897
-1883
-1877
-1875
-1863
-1863
-1853
-1853
-1853
-1853
-1859
-1851
-1847
-1841
-1835
-1835
-1835
-1835
-1835
-1829
-1829
-1819
-1829
-1823
-1823
-1823
-1823
-1823
-1823
-1813
-1813
-1813
-1813
-1817
-1817
-1809
-1807
-1807
-1801
-1799
-1789
-1789
-1789
-1785
-1785
-1777
-1777
-1777
-1771
-1771
-1771
-1771
-1771
-1771
-1763
-1763
-1763
-1755
-1749
-1739
-1739
-1739
-1739
-1739
-1739
-1739
-1739
-1739
-1739
-1737
-1737
-1725
-1725
-1729
-1727
-1721
-1719
-1721
-1715
-1709
-1709
-1701
-1691
-1691
-1691
-1691
-1691
-1691
-1689
-1679
-1673
-1673
-1673
-1673
-1669
-1669
-1661
-1661
-1661
-1661
-1649
-1649
-1649
-1649
-1649
-1641
-1641
-1645
-1645
-1645
-1645
-1641
-1633
-1621
-1627
-1619
-1607
-1607
-1607
-1607
-1597
-1591
-1591
-1591
-1591
-1593
-1593
-1593
-1593
-1593
-1593
-1589
-1589
-1577
-1577
-1567
-1563
-1563
-1563
-1563
-1553
-1553
-1553
-1553
-1539
-1539
-1539
-1539
-1539
-1539
-1539
-1539
-1539
-1539
-1539
-1533
-1523
-1513
-1509
-1497
-1489
-1493
-1485
-1479
-1479
-1479
-1479
-1479
-1479
-1485
-1483
-1479
-1479
-1479
-1465
-1463
-1463
-1463
-1463
-1457
-1455
-1455
-1455
-1455
-1453
-1455
-1455
-1455
-1455
-1455
-1461
-1461
-1461
-1461
-1455
-1455
-1451
-1437
-1441
-1441
-1441
-1441
-1427
-1421
-1421
-1417
-1417
-1417
-1417
-1419
-1419
-1419
-1419
-1419
-1419
-1419
-1425
-1431
-1431
-1431
-1425
-1425
-1425
-1425
-1413
-1413
-1403
-1389
-1385
-1377
-1371
-1371
-1371
-1371
-1371
-1369
-1363
-1359
-1359
-1359
-1359
-1353
-1357
-1355
-1341
-1341
-1339
-1327
-1327
-1327
-1325
-1325
-1325
-1323
-1329
-1329
-1329
-1329
-1321
-1321
-1321
-1327
-1327
-1321
-1321
-1321
-1315
-1311
-1311
-1311
-1311
-1307
-1299
-1299
-1299
-1299
-1299
-1293
-1293
-1293
-1293
-1289
-1281
-1281
-1277
-1277
-1281
-1281
-1281
-1273
-1267
-1269
-1269
-1267
-1257
-1253
-1245
-1245
-1241
-1241
-1231
-1231
-1221
-1221
-1221
-1221
-1205
-1203
-1203
-1203
-1197
-1197
-1197
-1197
-1197
-1195
-1187
-1195
-1193
-1199
-1199
-1199
-1195
-1185
-1185
-1185
-1179
-1179
-1179
-1179
-1179
-1173
-1165
-1157
-1147
-1151
-1151
-1143
-1143
-1133
-1123
-1117
-1129
-1129
-1129
-1127
-1127
-1125
-1123
-1115
-1115
-1115
-1109
-1109
-1109
-1107
-1117
-1117
-1117
-1117
-1117
-1127
-1127
-1127
-1127
-1123
-1121
-1119
-1119
-1119
-1119
-1119
-1121
-1121
-1121
-1121
-1119
-1117
-1109
-1109
-1103
-1101
-1101
-1101
-1095
-1095
-1089
-1083
-1083
-1083
-1083
-1083
-1083
-1087
-1087
-1077
-1079
-1075
-1071
-1071
-1077
-1077
-1071
-1065
-1057
-1057
-1061
-1061
-1057
-1053
-1053
-1053
-1049
-1049
-1049
-1039
-1039
-1041
-1051
-1051
-1045
-1041
-1041
-1041
-1033
-1031
-1031
-1029
-1031
-1027
-1027
-1033
-1033
-1027
-1027
-1023
-1017
-1009
-1005
-1001
-1001
-995
-981
-981
-977
-983
-983
-983
-979
-979
-975
-975
-975
-975
-967
-967
-967
-967
-971
-971
-973
-973
-973
-961
-949
-949
-943
-931
-931
-931
-921
-929
-919
-913
-913
-913
-905
-911
-911
-911
-911
-911
-903
-897
-897
-897
-897
-897
-897
-891
-891
-891
-887
-887
-887
-887
-877
-865
-865
-865
-853
-841
-841
-837
-829
-829
-833
-833
-837
-837
-837
-831
-831
-831
-827
-815
-813
-813
-805
-801
-801
-807
-799
-799
-791
-803
-803
-803
-803
-815
-815
-815
-807
-807
-807
-801
-801
-801
-801
-799
-789
-785
-783
-783
-783
-783
-783
-777
-777
-779
-775
-775
-773
-769
-773
-773
-773
-773
-765
-763
-763
-763
-763
-763
-763
-763
-759
-763
-763
-763
-763
-755
-755
-755
-755
-767
-769
-757
-757
-751
-757
-757
-757
-755
-755
-747
-741
-741
-733
-731
-731
-725
-717
-717
-715
-715
-715
-715
-715
-715
-715
-719
-717
-719
-719
-717
-717
-723
-723
-723
-731
-731
-719
-717
-721
-721
-721
-721
-721
-723
-723
-723
-723
-723
-721
-717
-711
-707
-703
-703
-703
-703
-703
-703
-695
-695
-695
-695
-703
-703
-703
-703
-707
-699
-695
-695
-689
-689
-693
-687
-687
-693
-689
-691
-693
-693
-699
-699
-705
-705
-705
-705
-705
-707
-707
-695
-695
-695
-695
-693
-699
-699
-699
-699
-695
-691
-691
-679
-677
-683
-693
-693
-689
-689
-687
-681
-681
-681
-691
-687
-687
-687
-679
-679
-679
-679
-679
-689
-695
-693
-693
-683
-677
-671
-671
-671
-671
-669
-663
-665
-665
-665
-665
-665
-665
-665
-661
-659
-659
-663
-663
-663
-659
-659
-659
-659
-659
-659
-655
-655
-663
-663
-659
-659
-659
-651
-651
-651
-659
-653
-647
-647
-647
-647
-653
-653
-653
-653
-653
-653
-653
-655
-655
-653
-647
-647
-649
-649
-659
-659
-663
-663
-663
-663
-663
-661
-647
-647
-641
-641
-639
-645
-645
-641
-633
-623
-623
-623
-623
-623
-621
-611
-611
-603
-603
-613
-601
-607
-603
-601
-603
-603
-603
-603
-603
-603
-603
-595
-595
-585
-585
-585
-581
-581
-581
-581
-581
-581
-581
-581
-573
-579
-577
-571
-571
-571
-565
-569
-567
-571
-567
-563
-563
-553
-553
-559
-551
-551
-547
-543
-533
-529
-527
-527
-521
-521
-521
-525
-525
-529
-529
-529
-529
-517
-517
-517
-517
-511
-511
-505
-507
-507
-509
-509
-509
-509
-519
-517
-521
-523
-521
-521
-523
-523
-523
-523
-515
-515
-515
-515
-509
-515
-521
-511
-499
-499
-489
-489
-499
-499
-487
-487
-487
-487
-487
-485
-485
-485
-491
-491
-487
-497
-493
-493
-493
-493
-487
-487
-487
-487
-487
-487
-487
-487
-499
-499
-499
-499
-499
-497
-481
-479
-479
-481
-481
-481
-481
-491
-491
-487
-487
-481
-477
-477
-477
-477
-485
-483
-477
-475
-475
-475
-475
-475
-475
-475
-481
-481
-477
-467
-467
-467
-459
-459
-459
-459
-459
-459
-459
-459
-459
-459
-459
-459
-463
-459
-459
-459
-463
-449
-451
-451
-451
-451
-443
-443
-441
-437
-441
-443
-443
-443
-443
-443
-453
-453
-457
-449
-443
-443
-443
-447
-447
-445
-445
-449
-453
-451
-451
-451
-451
-451
-451
-451
-453
-447
-443
-449
-449
-447
-447
-447
-447
-437
-441
-441
-441
-439
-443
-433
-433
-433
-433
-431
-433
-429
-429
-427
-427
-437
-439
-433
-445
-447
-447
-439
-439
-435
-435
-435
-435
-429
-429
-431
-431
-431
-431
-431
-431
-429
-419
-417
-425
-423
-419
-405
-405
-405
-403
-397
-397
-405
-407
-407
-401
-401
-401
-401
-401
-397
-397
-389
-383
-383
-383
-383
-383
-383
-383
-389
-389
-389
-391
-391
-381
-381
-369
-369
-369
-369
-369
-365
-363
-365
-365
-365
-365
-359
-363
-371
-371
-359
-359
-359
-359
-357
-365
-363
-369
-361
-361
-369
-369
-369
-369
-369
-369
-367
-367
-367
-367
-367
-367
-367
-367
-367
-367
-367
-365
-365
-369
-369
-369
-365
-365
-367
-371
-367
-367
-365
-365
-355
-357
-357
-351
-351
-351
-351
-345
-335
-335
-335
-335
-347
-347
-347
-347
-347
-337
-335
-331
-331
-343
-343
-341
-337
-337
-337
-341
-327
-327
-327
-327
-327
-327
-327
-327
-327
-327
-333
-333
-325
-313
-313
-319
-319
-325
-325
-331
-331
-331
-329
-333
-333
-333
-333
-333
-333
-325
-331
-331
-325
-325
-321
-333
-333
-335
-335
-335
-331
-331
-331
-331
-327
-327
-327
-329
-329
-323
-329
-329
-323
-323
-307
-307
-307
-307
-307
-307
-307
-319
-319
-309
-309
-307
-307
-307
-297
-295
-295
-295
-301
-301
-299
-299
-299
-299
-301
-293
-293
-293
-293
-293
-293
-293
-279
-279
-267
-283
-283
-289
-289
-289
-277
-277
-267
-261
-261
-255
-259
-247
-247
-247
-249
-247
-247
-247
-247
-247
-237
-237
-235
-235
-235
-235
-227
-231
-227
-227
-237
-237
-237
-235
-235
-241
-253
-253
-257
-257
-251
-251
-249
-253
-257
-257
-257
-257
-269
-269
-257
-257
-257
-261
-261
-265
-265
-261
-259
-261
-267
-259
-259
-255
-255
-251
-251
-251
-251
-251
-251
-251
-251
-251
-261
-259
-259
-265
-265
-265
-265
-265
-265
-265
-273
-273
-273
-273
-273
-273
-273
-273
-267
-273
-273
-273
-283
-277
-277
-273
-273
-265
-267
-267
-267
-271
-271
-271
-271
-283
-277
-271
-265
-265
-263
-255
-251
-251
-251
-243
-243
-233
-233
-233
-233
-233
-233
-233
-229
-231
-221
-221
-221
-219
-219
-219
-219
-223
-231
-235
-235
-235
-235
-245
-245
-245
-239
-239
-241
-241
-241
-241
-243
-243
-249
-257
-257
-257
-261
-257
-257
-257
-257
-243
-243
-243
-235
-225
-225
-225
-225
-225
-225
-221
-221
-221
-217
-217
-217
-217
-223
-219
-219
-219
-219
-219
-219
-219
-219
-213
-217
-217
-215
-219
-227
-227
-221
-221
-213
-221
-217
-217
-211
-211
-211
-211
-211
-215
-215
-215
-215
-211
-211
-211
-211
-211
-211
-207
-201
-201
-201
-201
-197
-201
-201
-185
-185
-185
-185
-185
-185
-189
-189
-193
-193
-193
-177
-181
-181
-189
-189
-177
-177
-177
-171
-173
-173
-171
-169
-169
-165
-165
-161
-161
-165
-161
-161
-155
-159
-159
-159
-159
-169
-177
-167
-167
-167
-159
-159
-151
-151
-151
-151
-151
-151
-151
-149
-149
-149
-149
-149
-149
-145
-157
-157
-157
-155
-159
-159
-159
-159
-155
-153
-157
-147
-147
-141
-141
-141
-149
-141
-131
-129
-129
-129
-143
-143
-143
-143
-143
-143
-143
-145
-151
-147
-147
-147
-147
-147
-149
-149
-149
-149
-149
-149
-149
-149
-149
-149
-155
-149
-147
-143
-143
-137
-133
-133
-137
-129
-129
-127
-119
-121
-117
-117
-117
-125
-121
-111
-111
-111
-111
-113
-113
-113
-111
-111
-113
-113
-113
-113
-113
-113
-109
-109
-109
-109
-109
-111
-111
-113
-113
-113
-113
-113
-117
-123
-123
-119
-119
-119
-117
-119
-119
-119
-119
-119
-111
-115
-115
-105
-97
-97
-101
-103
-103
-107
-109
-101
-101
-113
-109
-97
-91
-85
-87
-87
-87
-87
-87
-87
-85
-87
-81
-73
-73
-73
-73
-73
-73
-69
-69
-67
-67
-61
-61
-65
-61
-51
-51
-51
-51
-43
-43
-39
-35
-37
-37
-37
-39
-49
-49
-43
-43
-43
-35
-29
-23
-23
-25
-17
-17
-21
-13
-21
-31
-31
-31
-37
-37
-31
-23
-23
-19
-19
-25
-25
-25
-17
-11
-3
-3
3
-1
-1
-1
-1
-5
1
-9
-9
-9
-9
-5
-5
-5
-7
-7
-7
-7
-7
-7
-7
-11
-3
-5
-1
3
-1
-1
-1
3
3
3
3
3
7
7
13
13
15
11
15
15
15
15
15
15
15
7
3
5
3
-3
-3
-3
-5
-5
-11
-9
-9
-9
-5
1
3
1
1
1
1
1
9
9
19
17
9
9
9
9
13
11
9
13
13
13
13
21
19
23
17
17
15
13
11
17
17
23
23
23
23
23
25
21
21
21
21
17
19
19
19
29
29
29
29
29
29
29
19
19
23
31
31
25
23
17
29
29
29
25
29
39
41
41
43
43
43
43
31
31
39
39
39
55
55
55
55
51
53
53
51
55
65
63
63
63
57
57
55
55
55
55
55
65
71
79
81
87
93
89
89
89
89
89
89
89
83
83
77
77
89
83
83
83
83
83
91
91
91
91
91
91
87
77
77
75
73
73
73
73
73
73
73
73
73
75
75
75
75
75
77
91
91
91
85
85
93
93
95
95
85
89
89
89
89
85
85
91
91
91
95
95
95
91
89
89
83
83
81
85
85
85
89
89
95
95
99
99
99
105
105
105
107
115
119
115
113
113
113
113
113
113
113
109
109
111
111
111
111
111
111
121
127
127
127
137
137
131
129
137
137
137
131
131
131
131
129
139
139
139
139
141
153
153
153
155
155
155
161
161
161
163
163
163
167
167
167
175
177
177
179
173
179
181
179
177
169
169
169
175
175
185
185
181
181
181
181
181
181
181
185
185
185
187
177
177
177
177
169
169
169
161
165
163
163
163
169
169
169
169
161
161
169
169
167
167
169
165
165
163
163
163
163
171
169
169
173
173
181
185
185
185
189
189
193
187
187
187
189
189
187
189
195
195
197
205
205
203
211
209
209
209
209
209
209
209
209
205
205
199
195
189
189
189
191
183
183
185
177
177
177
175
175
175
175
175
169
169
169
169
169
169
169
169
169
169
171
177
177
171
171
171
171
167
167
167
167
167
171
171
171
171
171
171
171
177
177
177
177
175
175
173
173
173
173
185
179
179
175
175
175
173
179
179
183
191
191
191
189
189
185
183
191
191
189
197
197
203
203
203
201
199
187
185
189
189
181
181
185
187
183
187
187
187
187
191
191
191
185
185
185
185
179
173
173
173
173
175
183
183
183
183
183
177
177
177
177
177
177
177
181
181
181
183
183
183
183
183
183
175
173
173
181
185
185
185
185
185
185
185
185
181
183
181
181
181
179
191
195
195
187
187
185
185
185
185
185
185
185
187
187
187
185
185
185
183
189
195
201
201
201
201
195
195
195
195
191
197
195
195
201
201
201
201
201
201
207
207
207
207
199
201
201
201
193
193
193
199
199
199
197
197
201
201
201
201
207
207
207
201
201
201
203
203
203
203
203
201
201
201
205
211
205
205
205
215
215
215
221
221
221
227
227
227
231
231
231
231
231
231
235
235
229
229
239
239
247
247
251
251
251
251
251
253
253
257
261
261
261
261
261
265
275
275
275
269
269
271
267
267
265
265
265
265
263
261
269
273
273
273
279
285
283
281
281
281
281
281
291
291
291
291
287
279
279
285
285
283
285
285
281
273
281
279
269
269
269
271
269
257
261
261
253
249
249
245
245
245
247
243
247
251
259
259
259
259
259
263
255
255
255
255
255
255
255
255
263
259
259
263
261
263
259
263
263
263
263
269
269
275
265
265
263
267
267
267
267
267
267
261
261
255
255
253
253
253
253
253
259
259
253
253
253
253
249
251
251
251
251
249
249
249
249
249
249
249
249
239
243
251
251
245
245
241
239
239
239
239
239
239
239
247
247
243
245
245
251
257
257
257
257
261
259
259
271
271
271
269
269
271
271
271
265
265
273
273
273
273
273
281
281
281
283
283
283
283
287
291
283
283
283
279
279
279
279
279
279
281
291
291
297
297
297
297
289
289
283
283
287
287
287
291
291
291
293
289
289
291
291
293
293
291
293
293
293
289
289
289
289
285
283
283
283
281
283
273
273
271
273
273
271
271
271
269
277
277
277
277
277
277
289
289
291
289
291
295
301
309
307
303
305
301
289
289
289
289
289
281
277
277
277
281
289
289
289
289
283
289
291
291
291
295
293
293
293
299
299
295
295
289
289
299
301
301
299
307
307
301
301
301
301
301
301
301
307
307
307
317
317
313
313
313
325
325
327
327
333
333
333
335
327
327
319
319
319
319
319
319
315
315
315
315
315
325
321
321
321
319
319
317
317
321
321
321
321
321
321
313
313
313
313
311
305
305
305
305
305
309
309
309
309
309
301
293
293
293
293
295
295
295
295
295
301
309
309
307
307
303
303
303
303
297
297
297
295
295
295
295
299
299
299
301
299
299
299
299
299
299
299
299
301
299
299
309
309
309
309
309
309
309
303
303
303
299
301
301
295
297
297
297
297
297
297
297
297
297
289
289
293
289
291
291
295
299
299
297
287
287
285
283
283
281
281
281
285
287
283
273
277
279
291
291
291
291
287
287
287
287
287
287
281
281
279
279
279
279
285
279
279
279
279
279
279
277
279
283
283
283
287
291
285
283
281
285
285
285
285
285
285
285
285
289
289
299
299
299
299
299
299
301
301
301
301
301
301
301
301
297
297
303
299
299
299
299
299
293
287
283
281
271
271
267
267
267
267
271
271
271
265
269
267
267
267
257
257
257
263
271
271
271
263
263
263
255
253
261
261
261
259
259
259
259
259
263
263
263
263
263
273
261
261
259
259
259
259
255
255
257
257
261
271
275
275
275
275
269
267
265
265
265
265
267
267
267
267
271
271
271
271
269
269
269
265
265
269
269
271
271
271
281
281
283
283
283
283
283
283
283
275
273
285
285
285
285
279
279
279
279
279
279
277
277
275
273
273
271
271
271
271
275
275
275
275
275
275
275
265
263
263
255
255
255
253
255
255
255
255
255
253
253
253
253
247
247
243
243
243
245
245
245
245
245
245
245
245
253
259
249
245
245
243
239
237
243
245
239
239
239
239
239
237
249
255
255
253
253
253
253
253
257
257
257
257
257
253
253
253
255
255
255
253
253
257
247
247
249
253
259
255
255
247
247
245
247
245
245
245
245
245
245
245
245
253
251
255
255
255
265
273
273
273
271
271
271
271
271
273
281
281
281
281
275
275
283
283
283
281
281
281
279
279
279
279
271
267
261
261
261
261
265
259
271
281
283
275
271
259
255
255
255
251
251
247
243
243
243
245
251
263
263
263
271
277
277
277
275
275
279
279
279
279
279
279
277
277
277
279
271
271
271
271
271
273
273
273
273
273
275
275
275
275
275
275
275
263
263
265
269
269
275
273
269
269
269
269
269
265
269
269
269
269
271
271
271
271
271
263
269
269
269
265
257
261
253
253
253
251
259
259
259
267
261
261
261
261
259
259
265
265
255
255
251
249
247
247
247
251
243
243
243
255
255
257
257
259
259
263
273
273
271
267
265
265
265
265
271
267
273
271
279
279
279
279
279
279
281
281
287
283
283
283
277
275
267
267
267
277
275
283
287
289
289
297
293
295
297
297
297
299
299
299
289
281
281
281
281
281
281
287
287
291
295
295
295
295
291
283
283
283
283
283
283
289
297
291
291
291
291
291
291
299
303
303
305
299
307
307
303
305
299
307
307
307
307
301
309
309
305
305
305
305
307
313
313
317
319
315
315
315
315
313
319
319
319
319
319
317
317
317
317
317
317
317
317
317
317
313
313
313
313
313
313
307
307
307
307
307
307
299
299
287
287
287
293
301
307
307
301
297
297
297
297
297
295
295
297
297
297
297
293
297
297
295
291
291
293
291
291
291
293
301
305
305
305
301
301
301
307
307
307
303
303
303
303
297
297
303
303
303
303
307
307
311
309
309
305
305
305
305
305
305
299
299
299
299
299
299
299
295
295
301
301
301
305
305
305
301
301
305
305
305
303
307
305
305
305
303
309
315
323
321
321
321
321
311
317
317
307
299
301
299
293
289
295
303
303
297
299
299
293
295
295
303
301
301
297
297
297
297
297
297
303
305
305
305
305
305
315
305
313
305
307
307
307
305
301
299
301
301
303
299
299
299
299
299
295
297
289
283
283
283
281
281
281
281
281
281
281
281
269
263
263
263
261
263
263
265
271
271
271
267
275
267
267
271
271
271
271
271
271
271
279
279
283
283
275
275
269
269
269
269
269
269
269
269
269
269
269
269
275
275
269
273
277
287
287
287
289
289
289
289
293
293
297
309
311
309
309
309
309
307
307
299
299
299
305
305
301
299
299
299
299
299
299
295
297
307
309
309
309
309
309
303
303
303
303
307
305
305
303
303
303
299
299
299
299
299
299
299
299
301
305
305
305
303
303
303
299
299
285
281
289
289
289
281
265
267
267
269
261
261
261
265
265
265
265
273
273
275
275
271
275
275
273
269
269
269
273
271
271
271
265
265
269
269
269
269
267
265
265
261
261
261
261
261
263
261
271
277
279
273
273
273
273
281
281
281
281
277
277
275
275
273
273
273
273
273
267
267
267
277
273
273
273
273
269
269
273
275
275
275
275
275
275
271
275
275
275
275
275
275
275
279
275
277
269
267
271
271
271
271
263
263
263
263
263
259
265
265
265
261
259
259
259
259
259
259
259
261
253
253
253
253
253
253
253
253
245
245
249
249
249
253
257
265
265
265
271
271
271
271
269
277
277
277
277
273
273
273
273
273
273
273
273
273
273
267
267
267
265
265
267
267
271
271
271
271
271
271
271
267
265
265
263
263
263
263
267
263
269
265
265
265
265
263
259
259
261
255
255
255
255
255
255
261
251
255
255
255
261
261
261
257
257
249
251
251
251
249
249
249
247
253
247
247
247
247
247
247
243
243
243
243
239
229
229
229
229
225
225
223
223
227
233
239
239
249
249
245
245
245
245
243
233
227
233
233
229
225
225
221
213
211
199
199
199
199
199
199
199
199
199
197
195
195
193
195
195
199
199
199
203
195
197
197
197
197
197
205
205
205
205
205
205
205
205
205
205
205
205
205
205
209
199
199
201
193
191
191
191
191
185
185
185
185
187
181
181
175
175
175
175
175
183
189
191
187
187
191
191
191
191
187
195
195
199
189
189
191
195
195
191
185
187
191
191
191
199
199
199
199
199
211
209
209
203
199
199
207
205
205
205
205
205
203
211
211
211
207
213
217
217
217
217
217
217
221
221
231
231
233
227
225
223
223
217
217
213
213
219
219
219
219
227
225
225
225
225
223
223
223
213
221
219
219
219
225
219
223
223
223
223
223
223
231
231
223
229
229
227
235
235
235
235
243
245
249
249
253
253
253
253
253
261
261
253
253
253
257
257
257
257
267
267
267
265
265
265
265
265
265
265
267
265
259
259
259
259
265
281
283
285
285
285
281
281
283
279
289
293
301
305
311
311
309
311
311
311
311
309
311
311
311
305
305
305
305
305
305
301
301
301
301
291
293
293
301
301
305
309
309
309
309
311
311
311
313
313
309
307
299
299
299
299
303
303
303
303
303
303
303
303
303
303
301
299
299
299
299
299
299
299
291
291
291
291
291
291
283
287
287
289
287
287
287
287
287
285
285
285
283
283
283
285
285
285
287
287
287
287
287
287
273
277
283
283
283
287
287
289
289
289
289
289
293
287
287
287
279
279
279
279
279
275
275
273
273
273
273
273
273
273
269
261
255
247
247
253
253
253
253
253
253
253
257
249
247
247
247
247
253
249
249
249
249
247
247
239
241
241
243
243
247
239
239
239
233
233
233
233
233
235
235
233
233
227
227
227
227
225
217
209
209
209
207
207
207
207
207
209
209
213
207
207
207
207
211
211
221
233
237
237
239
243
243
243
243
237
231
231
231
231
231
231
231
231
231
231
229
229
217
217
217
211
203
191
175
175
167
167
167
171
171
179
179
179
179
175
185
185
185
181
181
181
181
189
189
189
191
193
191
191
191
189
189
189
189
195
185
185
185
185
185
185
185
185
193
193
193
193
193
197
191
191
191
187
179
179
169
167
165
165
165
165
165
173
169
167
167
167
167
167
169
169
165
165
165
173
173
169
169
169
169
169
169
169
169
167
163
163
163
163
163
171
171
171
173
163
163
163
163
163
165
165
171
171
161
161
163
169
165
175
175
179
185
185
185
195
195
189
189
189
189
189
189
185
185
185
185
199
199
207
215
215
215
215
215
215
215
215
221
221
221
217
217
223
227
227
225
227
223
227
223
221
231
231
231
231
231
229
229
229
229
229
229
229
217
209
213
215
205
209
215
205
205
205
205
213
215
221
219
219
221
221
221
221
225
225
225
225
217
213
219
219
219
213
217
215
209
209
209
215
219
219
215
215
215
215
207
207
203
203
203
203
203
203
203
203
203
209
209
209
213
213
213
213
203
209
209
209
213
213
213
207
205
205
205
205
205
209
203
193
193
193
187
187
187
193
193
197
197
197
197
193
193
191
187
193
187
191
191
189
185
185
185
189
191
191
191
195
189
189
189
189
189
189
195
191
193
195
195
189
189
189
183
183
183
183
187
185
185
185
185
185
181
181
181
181
181
181
181
181
181
179
171
165
165
167
165
167
167
165
163
167
167
157
157
157
165
161
161
161
161
157
157
157
157
153
165
161
161
157
157
167
167
167
167
167
165
167
167
173
173
173
173
173
173
173
173
173
173
167
167
161
169
169
163
163
165
161
161
161
161
161
165
165
167
167
167
169
161
159
157
157
157
159
163
167
171
171
171
171
171
175
173
169
169
169
163
157
157
149
155
155
155
155
155
167
167
167
169
169
169
171
171
171
173
171
169
169
171
181
181
189
195
199
199
197
197
197
197
189
189
185
185
185
185
189
189
193
193
193
193
191
191
187
187
179
179
179
183
183
171
171
171
171
175
169
169
169
175
175
175
171
171
171
173
173
169
165
165
165
165
165
165
165
169
173
173
173
173
173
173
173
173
177
177
177
177
177
177
177
179
179
179
177
177
177
177
177
177
179
179
179
179
179
179
179
179
179
183
183
181
181
181
181
185
175
175
175
175
175
173
173
177
177
177
177
169
167
167
167
167
169
177
177
177
177
169
161
161
161
161
165
165
159
159
161
161
161
173
181
181
181
181
171
171
179
179
179
179
179
181
181
183
183
179
177
177
177
177
177
179
185
183
183
183
183
183
189
189
203
211
211
211
209
201
201
201
201
207
205
199
199
193
201
201
201
201
199
203
203
203
201
201
201
201
207
201
201
207
209
209
209
209
209
215
217
225
229
233
233
235
237
237
237
237
243
243
235
243
243
243
243
243
243
243
249
239
239
239
239
239
239
239
239
239
239
235
235
239
227
231
231
231
233
233
227
227
217
223
223
227
227
229
229
229
233
233
235
235
235
227
227
223
223
223
223
215
215
223
227
231
231
233
233
229
229
229
223
225
225
219
219
215
215
215
215
215
217
223
223
221
227
227
227
227
227
227
227
227
227
225
235
235
231
231
231
231
231
235
235
239
239
239
239
247
257
257
257
253
253
253
257
257
257
257
257
247
247
253
257
257
257
257
249
251
251
251
251
251
249
249
251
261
251
251
251
253
253
253
253
253
253
247
241
241
235
235
233
233
233
233
233
237
237
241
241
241
241
247
247
255
249
249
249
243
237
235
249
249
249
245
251
249
249
251
249
253
257
257
257
257
245
253
253
253
253
253
249
249
243
235
235
245
253
247
249
249
253
253
253
253
253
245
245
243
243
243
243
245
247
247
237
237
231
231
227
227
227
233
235
239
239
233
233
233
227
229
229
229
231
229
225
225
225
225
225
225
225
225
227
227
227
227
219
223
223
223
223
223
223
225
225
225
225
227
231
231
231
221
219
219
223
223
229
229
235
235
231
231
231
225
231
229
229
237
237
237
237
237
243
235
235
235
235
235
235
235
235
235
227
227
223
227
227
227
227
227
227
231
231
231
231
231
227
229
229
229
229
229
229
229
239
239
245
239
239
231
231
231
225
225
221
221
221
217
217
217
217
217
217
221
231
229
233
223
225
225
225
221
221
221
221
221
221
221
221
221
215
209
221
221
227
223
223
215
219
219
219
221
221
221
221
219
215
207
207
213
209
209
203
203
197
193
193
193
191
189
189
181
181
181
179
187
187
187
183
183
183
195
199
199
199
199
197
197
197
197
191
191
189
189
189
191
185
185
185
185
179
179
179
179
173
169
169
169
169
171
171
171
179
179
179
179
179
179
181
171
167
171
171
175
183
183
189
189
183
183
183
183
187
187
187
189
189
193
191
191
191
191
191
191
179
179
179
179
185
187
187
201
201
201
201
201
201
201
193
197
197
197
197
197
191
191
191
191
191
193
193
183
183
187
179
179
175
179
179
185
185
193
189
193
193
193
199
195
197
197
197
197
207
215
215
213
211
203
203
203
207
203
203
203
207
207
207
209
209
209
205
205
209
209
207
207
207
207
209
209
203
199
189
189
189
189
183
193
193
191
197
199
205
205
197
197
203
209
209
211
211
207
203
211
211
207
201
201
201
201
201
207
207
207
211
213
213
213
209
217
217
223
213
221
221
219
219
215
215
215
215
215
215
217
209
209
209
215
215
215
215
215
215
211
211
211
211
211
213
213
213
213
213
203
199
199
199
197
197
191
191
195
195
195
195
197
197
197
197
197
193
193
187
187
187
187
187
187
183
189
189
189
189
189
189
189
189
199
189
189
193
189
189
189
185
185
185
185
185
177
179
173
173
175
175
175
169
167
167
167
171
155
155
149
149
149
147
147
147
151
151
153
149
149
151
151
151
151
151
157
157
155
155
155
155
157
159
159
151
151
151
151
145
145
145
143
143
143
139
139
139
139
141
141
141
151
151
151
151
151
139
139
139
137
143
133
133
133
133
133
133
133
133
139
139
143
143
143
143
137
137
137
135
123
123
125
127
127
129
125
125
125
127
127
127
133
133
127
131
131
131
129
129
129
129
129
129
129
133
133
133
139
139
135
141
135
135
135
133
133
141
141
133
133
131
131
129
133
143
145
145
145
145
155
155
155
145
145
145
143
143
143
143
145
145
145
145
145
141
141
141
141
141
141
141
141
145
159
159
159
159
159
159
159
159
169
167
163
175
173
173
175
167
167
165
173
181
185
185
185
185
185
173
173
173
183
183
183
183
181
181
177
175
179
177
177
175
175
173
173
173
179
185
185
189
189
189
189
189
189
189
197
197
197
193
183
183
185
185
179
179
179
179
179
179
179
187
187
189
191
187
197
203
197
195
189
185
181
181
181
181
177
177
185
185
185
185
185
187
187
187
187
191
191
187
187
185
185
177
173
173
173
179
185
185
185
185
187
185
185
181
183
183
183
183
175
175
173
173
173
173
173
173
173
171
171
171
171
171
171
171
171
169
167
167
169
169
169
169
169
169
169
169
165
165
165
165
169
163
163
161
167
167
167
167
167
167
169
169
169
165
165
165
173
179
189
189
189
201
201
195
189
189
189
187
187
199
203
203
203
203
195
189
189
189
189
189
189
189
189
185
185
191
191
191
191
181
181
187
187
187
201
203
211
211
209
209
209
213
213
213
221
221
221
221
229
229
231
239
239
237
237
245
245
235
235
229
233
233
241
241
247
251
253
245
245
249
249
249
249
249
249
249
245
245
243
247
247
247
255
255
255
257
257
257
259
261
255
249
247
245
245
243
243
243
243
241
241
227
227
227
221
221
217
223
229
231
237
237
237
237
233
233
233
233
233
225
221
221
221
221
221
221
221
227
227
235
235
243
243
243
243
243
251
241
233
233
233
223
221
227
221
225
223
223
223
223
225
225
225
217
217
221
223
223
223
223
231
231
231
233
233
223
223
223
227
227
227
227
227
227
227
225
231
225
223
223
217
221
221
221
217
217
217
225
223
221
219
219
215
215
217
217
225
225
225
221
221
219
219
213
213
213
211
205
205
201
199
195
195
195
195
195
195
197
197
197
197
201
193
193
187
183
183
183
187
189
191
191
191
201
193
185
195
193
195
195
199
199
199
207
203
203
201
201
201
201
195
197
189
185
183
183
179
179
179
179
179
167
163
155
155
155
151
151
147
143
143
143
143
143
143
153
153
153
151
151
153
149
149
149
151
151
149
149
149
147
147
147
137
137
133
133
133
117
113
113
113
115
121
119
119
119
119
107
109
103
103
103
105
109
109
109
99
99
109
109
109
113
101
95
91
91
89
89
89
99
99
109
109
109
109
109
105
105
105
107
111
111
111
119
115
115
115
115
119
119
119
119
119
109
115
115
127
125
133
133
117
117
119
119
119
119
119
119
129
141
131
125
123
123
123
127
127
127
117
117
113
113
111
111
117
115
115
119
119
119
119
121
117
107
107
113
113
113
113
113
121
117
117
129
129
129
127
127
129
135
135
135
141
141
141
141
141
137
125
125
125
125
125
123
119
117
117
117
117
125
131
131
131
131
127
133
133
135
137
147
147
147
147
143
137
133
145
145
145
141
145
145
139
139
139
143
143
145
145
145
145
141
141
141
139
139
139
139
139
139
145
151
159
153
153
147
155
151
151
155
157
157
157
151
155
155
155
155
161
163
159
159
155
155
149
149
149
149
143
143
143
143
145
143
143
143
145
145
139
137
141
137
137
141
141
139
139
139
145
131
135
135
135
135
135
133
145
145
153
157
149
143
143
135
133
127
127
127
127
127
127
119
115
115
119
119
115
115
121
123
121
117
119
119
119
121
119
125
125
129
129
123
125
125
121
121
121
111
111
117
113
119
127
131
131
141
133
129
129
137
139
141
137
133
133
133
145
141
147
153
153
161
159
161
161
161
157
157
157
161
165
165
165
161
163
163
163
163
161
159
159
159
159
163
163
163
163
163
161
161
161
161
161
161
161
161
167
169
165
161
163
163
173
173
165
167
173
173
173
173
173
173
167
167
169
169
169
169
169
171
175
173
175
171
171
175
181
189
187
187
187
187
187
189
189
189
189
191
191
193
195
203
203
203
207
209
205
205
195
197
197
197
191
191
191
193
197
197
197
197
199
201
201
203
203
193
187
191
189
189
189
189
189
189
187
189
189
189
189
199
199
199
199
207
207
199
199
199
197
193
193
187
189
189
179
183
181
171
171
161
167
171
165
165
165
159
159
159
159
163
163
163
167
167
167
167
163
153
153
147
153
143
151
147
147
133
129
129
137
137
137
141
141
141
145
147
147
149
149
149
149
149
153
159
165
165
165
165
165
165
173
179
189
189
189
189
195
195
189
189
201
203
207
209
209
209
211
211
215
215
215
207
205
199
199
199
199
207
211
207
203
201
201
207
199
199
199
193
193
185
185
187
195
195
189
189
173
173
171
163
171
175
179
179
179
179
179
179
179
177
183
185
185
181
183
183
181
181
181
181
181
181
181
181
181
183
183
183
183
183
179
179
179
175
175
179
179
179
179
173
173
175
175
177
177
177
177
175
173
163
163
163
167
165
165
175
177
177
181
171
171
171
171
167
167
169
169
177
177
177
177
177
177
171
169
167
167
173
173
173
173
175
181
181
181
181
193
193
197
197
197
197
197
197
197
197
201
201
197
197
197
197
197
191
191
191
179
179
173
177
177
177
177
177
177
179
179
187
191
191
191
193
193
189
189
189
181
179
173
179
177
177
177
177
177
177
175
173
175
175
179
179
177
177
177
175
175
183
193
193
189
189
183
181
181
179
183
179
183
187
187
187
187
181
181
189
191
191
191
191
191
191
191
185
183
185
193
193
189
189
185
185
185
187
187
187
173
175
177
183
183
183
193
187
187
187
187
187
191
191
191
191
189
191
179
179
179
179
179
179
181
181
181
181
187
187
187
187
181
185
185
185
181
181
181
181
181
181
181
175
175
169
169
163
167
167
167
167
167
163
167
159
159
167
167
167
179
179
179
179
175
181
181
189
189
189
181
181
181
185
185
173
173
173
173
167
167
167
163
159
159
159
157
161
161
161
161
161
159
159
161
161
161
169
169
167
181
181
181
181
181
183
175
167
167
167
165
175
175
175
169
169
173
173
173
173
167
163
163
159
157
153
159
157
149
149
139
133
127
129
129
129
113
113
119
123
123
123
123
117
113
115
115
105
105
105
103
103
107
107
107
107
107
107
115
119
111
107
107
107
107
107
101
103
111
111
117
127
127
119
127
131
119
121
121
121
125
123
129
127
127
123
123
125
123
119
119
131
133
133
121
113
113
113
113
117
117
117
117
117
129
129
129
129
129
129
129
137
137
137
137
149
155
155
151
143
143
143
143
143
147
147
147
147
151
151
151
151
143
145
143
143
143
143
143
153
153
157
157
157
159
157
157
157
157
157
159
149
159
165
169
171
171
171
171
171
179
179
179
179
179
173
173
173
173
175
175
175
175
187
187
187
187
187
189
189
185
191
197
201
201
201
201
201
201
201
201
201
199
199
205
199
199
191
195
197
197
199
195
185
185
185
187
185
185
189
189
189
189
183
183
183
173
169
169
169
169
169
171
177
179
175
181
187
191
193
193
193
201
201
201
201
189
189
187
187
187
183
193
187
187
191
191
191
191
191
191
185
185
187
187
187
187
179
179
181
181
181
187
187
187
187
179
177
175
177
177
177
177
177
177
171
171
169
169
169
173
173
161
161
157
159
163
163
159
161
161
169
169
163
167
167
167
167
159
155
155
155
155
155
155
155
161
161
169
177
161
165
165
171
171
171
171
171
173
173
173
173
179
179
179
179
179
179
179
179
179
179
179
173
177
175
181
187
187
179
181
181
175
175
175
179
185
181
179
179
179
189
189
187
187
187
185
185
187
183
171
171
177
177
169
171
171
173
173
173
177
177
185
189
189
181
185
183
183
183
185
181
183
183
189
189
183
189
189
189
183
179
183
183
183
181
181
185
179
179
179
179
179
173
181
191
191
191
191
191
191
197
183
183
183
187
181
179
179
179
179
179
175
175
175
173
173
173
173
173
173
173
173
165
165
161
157
159
159
157
157
163
155
147
147
147
147
153
161
161
157
159
163
163
157
157
153
153
141
141
141
141
143
143
143
149
149
149
147
147
141
137
137
133
135
135
135
135
125
125
125
125
125
133
131
131
131
131
133
133
121
119
119
119
119
119
119
119
109
109
109
109
107
107
107
105
105
103
103
109
109
109
113
113
119
123
123
119
113
109
105
105
105
105
105
105
105
105
103
105
105
105
105
105
101
101
105
101
101
113
117
117
117
117
117
117
123
123
123
129
129
129
129
125
135
135
135
135
129
133
127
127
127
121
127
127
127
131
131
125
129
129
139
139
139
139
141
149
149
151
145
139
137
149
149
141
141
141
133
139
133
133
133
135
131
131
131
139
135
125
125
125
125
117
117
117
123
123
123
127
131
131
133
133
133
133
133
133
133
133
133
135
135
135
141
141
135
141
141
147
147
147
145
145
145
141
141
143
143
155
155
155
147
151
155
153
153
153
153
159
159
159
159
157
157
157
157
159
157
157
155
151
155
155
157
157
157
157
149
149
149
151
151
155
153
153
153
149
149
149
143
141
133
133
143
141
141
141
141
141
141
135
135
129
137
137
139
131
121
131
131
133
137
137
139
139
139
137
137
137
137
141
141
141
141
141
145
145
151
151
153
153
153
153
153
155
151
151
151
149
147
143
143
143
149
149
157
175
175
175
167
175
175
175
175
175
175
177
