-2615
-2611
-2601
-2587
-2585
-2575
-2569
-2565
-2563
-2553
-2555
-2547
-2541
-2531
-2533
-2527
-2529
-2523
-2507
-2495
-2485
-2473
-2463
-2455
-2445
-2441
-2435
-2427
-2423
-2415
-2411
-2405
-2395
-2391
-2383
-2373
-2361
-2357
-2349
-2343
-2341
-2341
-2333
-2327
-2309
-2297
-2295
-2287
-2289
-2281
-2277
-2265
-2259
-2249
-2241
-2233
-2231
-2225
-2223
-2213
-2205
-2197
-2189
-2189
-2187
-2195
-2195
-2195
-2195
-2183
-2173
-2167
-2159
-2145
-2133
-2119
-2109
-2093
-2081
-2073
-2071
-2073
-2065
-2063
-2045
-2041
-2043
-2031
-2029
-2023
-2013
-2009
-2009
-1999
-1985
-1977
-1969
-1969
-1957
-1955
-1951
-1947
-1947
-1931
-1921
-1915
-1911
-1911
-1905
-1905
-1905
-1905
-1911
-1905
-1891
-1887
-1883
-1877
-1869
-1863
-1863
-1853
-1853
-1849
-1845
-1841
-1829
-1831
-1827
-1821
-1813
-1813
-1807
-1797
-1799
-1795
-1791
-1785
-1775
-1773
-1767
-1767
-1755
-1743
-1735
-1741
-1739
-1729
-1725
-1723
-1719
-1713
-1705
-1693
-1689
-1685
-1681
-1683
-1665
-1669
-1663
-1653
-1649
-1637
-1639
-1633
-1629
-1629
-1617
-1615
-1601
-1613
-1607
-1613
-1611
-1599
-1593
-1585
-1589
-1581
-1583
-1585
-1579
-1575
-1577
-1565
-1565
-1555
-1547
-1547
-1537
-1543
-1543
-1537
-1535
-1527
-1519
-1517
-1507
-1497
-1485
-1477
-1479
-1471
-1459
-1459
-1457
-1451
-1449
-1441
-1441
-1441
-1435
-1429
-1429
-1415
-1405
-1403
-1393
-1391
-1383
-1375
-1363
-1359
-1359
-1365
-1361
-1363
-1367
-1361
-1351
-1337
-1333
-1325
-1323
-1323
-1329
-1323
-1323
-1321
-1315
-1315
-1307
-1305
-1305
-1295
-1293
-1293
-1287
-1279
-1267
-1267
-1269
-1267
-1269
-1275
-1275
-1267
-1267
-1261
-1251
-1243
-1235
-1243
-1235
-1235
-1231
-1225
-1221
-1219
-1219
-1221
-1215
-1223
-1227
-1219
-1213
-1197
-1193
-1189
-1181
-1177
-1173
-1161
-1159
-1149
-1145
-1145
-1143
-1139
-1133
-1143
-1143
-1139
-1131
-1131
-1131
-1119
-1109
-1105
-1107
-1111
-1105
-1105
-1109
-1107
-1101
-1101
-1101
-1093
-1093
-1093
-1089
-1083
-1075
-1067
-1063
-1069
-1057
-1051
-1049
-1045
-1045
-1041
-1039
-1037
-1033
-1031
-1019
-1019
-1015
-1013
-1007
-1005
-1005
-1003
-997
-987
-985
-977
-967
-965
-961
-967
-963
-961
-963
-971
-959
-957
-957
-949
-949
-949
-945
-947
-949
-949
-943
-937
-937
-937
-941
-941
-937
-929
-921
-921
-921
-927
-919
-917
-921
-917
-915
-905
-901
-901
-889
-889
-879
-871
-863
-865
-863
-861
-867
-863
-865
-865
-859
-851
-845
-841
-841
-845
-831
-833
-833
-833
-833
-831
-823
-825
-819
-817
-813
-807
-795
-797
-797
-787
-785
-789
-783
-789
-779
-779
-775
-767
-761
-757
-757
-757
-759
-759
-761
-755
-739
-727
-725
-727
-719
-721
-729
-727
-735
-723
-723
-729
-723
-713
-715
-711
-709
-701
-695
-701
-697
-689
-693
-693
-693
-695
-707
-709
-713
-717
-717
-709
-701
-693
-689
-689
-689
-689
-687
-683
-673
-669
-665
-663
-659
-659
-665
-663
-659
-661
-657
-641
-647
-649
-651
-641
-631
-625
-617
-619
-619
-617
-609
-599
-595
-587
-585
-597
-585
-585
-581
-583
-579
-575
-571
-559
-567
-567
-575
-577
-573
-579
-571
-565
-567
-567
-571
-569
-571
-565
-567
-571
-573
-569
-573
-567
-567
-563
-555
-547
-537
-535
-527
-523
-523
-523
-523
-525
-527
-519
-513
-507
-509
-501
-501
-491
-491
-489
-491
-501
-507
-505
-507
-513
-517
-527
-537
-531
-527
-525
-525
-519
-513
-505
-501
-493
-503
-505
-505
-495
-505
-497
-497
-489
-487
-493
-493
-499
-499
-499
-489
-495
-493
-495
-503
-507
-505
-499
-499
-491
-499
-491
-477
-479
-469
-475
-475
-475
-479
-469
-467
-473
-473
-469
-467
-467
-469
-471
-473
-475
-479
-477
-485
-489
-483
-481
-477
-483
-475
-471
-467
-475
-471
-471
-469
-475
-469
-473
-459
-459
-463
-469
-465
-455
-453
-455
-441
-439
-447
-449
-447
-439
-431
-427
-419
-415
-419
-407
-409
-403
-413
-421
-413
-423
-429
-431
-425
-411
-409
-409
-399
-399
-401
-395
-391
-391
-395
-389
-397
-387
-389
-379
-375
-377
-381
-379
-383
-383
-373
-377
-369
-363
-363
-363
-353
-357
-353
-361
-357
-359
-369
-363
-353
-357
-367
-363
-367
-365
-357
-355
-359
-353
-357
-361
-357
-371
-365
-357
-357
-351
-341
-353
-359
-353
-357
-357
-357
-357
-353
-345
-339
-339
-335
-335
-337
-333
-329
-329
-327
-333
-329
-331
-327
-327
-321
-319
-321
-321
-321
-329
-325
-319
-315
-317
-315
-317
-315
-315
-303
-297
-291
-293
-287
-279
-285
-285
-283
-283
-279
-291
-285
-291
-291
-291
-287
-289
-285
-273
-269
-257
-251
-255
-247
-249
-249
-249
-241
-235
-227
-215
-215
-217
-207
-205
-197
-195
-195
-195
-205
-205
-209
-203
-201
-197
-195
-201
-207
-205
-205
-219
-217
-223
-229
-229
-233
-223
-219
-213
-219
-223
-221
-221
-229
-223
-227
-223
-223
-223
-221
-225
-231
-237
-229
-235
-231
-237
-237
-241
-233
-233
-233
-237
-237
-235
-231
-227
-231
-227
-225
-211
-211
-215
-213
-207
-201
-205
-205
-195
-199
-203
-191
-193
-191
-199
-189
-181
-177
-173
-171
-173
-169
-173
-161
-157
-157
-161
-151
-155
-163
-165
-163
-163
-163
-159
-163
-169
-169
-167
-163
-151
-143
-139
-143
-137
-135
-141
-143
-147
-147
-151
-151
-151
-145
-127
-125
-119
-121
-117
-123
-119
-119
-113
-117
-123
-119
-119
-111
-105
-107
-103
-105
-97
-97
-101
-103
-117
-113
-113
-113
-107
-107
-105
-107
-101
-103
-107
-113
-111
-107
-105
-97
-95
-93
-93
-95
-95
-93
-103
-99
-95
-99
-91
-87
-87
-97
-95
-97
-89
-89
-85
-81
-83
-87
-83
-87
-99
-91
-85
-85
-85
-85
-81
-85
-75
-67
-65
-69
-77
-79
-69
-71
-79
-75
-79
-83
-91
-93
-91
-95
-107
-107
-103
-109
-115
-113
-113
-115
-123
-123
-127
-127
-131
-125
-125
-121
-123
-125
-129
-133
-121
-117
-119
-119
-111
-111
-117
-111
-107
-97
-101
-91
-85
-87
-91
-89
-81
-93
-97
-95
-101
-105
-101
-95
-99
-97
-101
-103
-97
-99
-101
-101
-101
-99
-97
-95
-99
-95
-93
-89
-89
-93
-83
-89
-81
-79
-81
-87
-87
-81
-85
-79
-81
-77
-65
-73
-85
-75
-65
-69
-65
-61
-55
-57
-67
-67
-53
-49
-43
-41
-43
-37
-37
-37
-33
-43
-39
-39
-41
-49
-43
-43
-47
-39
-39
-39
-47
-55
-53
-53
-47
-47
-39
-47
-49
-45
-49
-53
-43
-47
-49
-45
-41
-33
-37
-31
-31
-33
-31
-33
-27
-31
-25
-25
-21
-21
-13
-13
-11
-13
-17
-17
-15
-23
-23
-11
-9
-7
-9
-13
-15
-21
-25
-27
-31
-29
-35
-35
-29
-31
-21
-19
-17
-13
-11
-5
5
9
15
15
13
19
21
21
17
3
5
7
-1
-1
-3
-17
-19
-21
-21
-17
-15
-17
-23
-25
-29
-33
-41
-39
-41
-45
-41
-49
-53
-49
-57
-47
-49
-49
-51
-51
-55
-57
-43
-39
-23
-15
-13
-23
-31
-21
-27
-27
-25
-25
-23
-25
-17
-7
-5
-5
1
1
3
3
11
15
15
13
13
15
7
9
17
19
21
25
19
21
21
21
27
27
27
19
19
29
25
21
29
27
25
29
37
33
35
41
33
37
43
43
59
59
67
55
55
57
57
67
65
67
65
53
53
59
59
55
59
65
61
53
55
55
51
39
43
39
41
43
49
51
53
61
67
63
65
65
67
69
75
79
87
87
87
87
87
81
93
97
99
91
93
87
83
95
87
89
81
93
91
97
101
111
109
121
125
135
133
135
125
129
127
123
115
109
113
125
125
127
129
131
139
143
141
137
141
149
155
163
167
173
169
169
175
179
179
183
183
193
203
199
199
203
209
201
195
187
195
197
203
207
213
207
209
207
201
201
197
189
189
199
197
203
203
203
201
201
207
203
193
187
189
191
195
187
183
181
175
185
183
187
191
183
179
179
187
181
181
171
175
187
181
185
179
173
185
197
197
205
215
209
209
215
215
215
219
231
233
235
243
243
241
241
231
219
219
217
213
219
219
223
221
223
219
225
225
217
215
209
203
211
211
207
205
205
195
193
189
187
185
191
203
209
215
213
211
203
199
185
177
181
181
175
159
159
149
155
153
153
153
153
155
157
155
153
147
147
151
147
147
137
139
143
135
139
145
145
145
145
151
153
159
161
163
161
159
157
145
145
141
131
131
131
133
135
145
145
143
149
157
155
149
147
147
139
139
139
141
135
135
135
127
127
127
131
129
135
139
139
135
143
141
139
149
153
155
153
157
167
169
175
169
165
167
171
175
175
177
173
169
163
163
157
165
165
161
161
163
155
155
153
139
139
131
129
131
133
129
133
137
131
127
133
123
127
129
141
133
127
129
125
131
127
133
123
119
119
125
119
117
115
115
119
111
119
129
123
123
115
107
111
113
107
107
113
107
105
107
109
113
97
85
89
93
95
95
103
95
95
101
101
97
101
103
109
111
107
107
113
127
137
131
119
119
123
121
129
137
137
131
137
141
141
133
133
135
139
137
133
135
133
133
135
123
125
137
137
137
129
135
139
129
131
135
131
137
125
125
123
121
119
111
95
91
91
105
115
113
111
117
111
103
103
103
95
99
107
99
105
105
93
91
97
97
93
105
105
97
89
89
89
89
83
71
75
77
81
87
81
83
83
79
71
75
77
83
79
83
89
93
87
83
97
105
105
111
105
105
101
109
109
107
99
105
99
101
93
95
99
103
101
105
101
97
87
87
87
103
103
107
113
109
113
115
115
115
109
105
111
107
103
95
95
101
99
95
93
97
97
95
101
101
103
109
101
99
97
95
91
91
87
87
99
99
95
103
103
105
115
115
115
115
115
117
119
115
125
129
133
143
149
157
151
151
161
161
161
153
147
149
149
157
155
151
147
153
163
169
177
179
177
177
179
177
175
171
181
181
191
193
189
189
185
181
185
181
175
175
185
189
189
189
189
191
179
175
175
179
179
179
177
177
173
173
175
177
179
187
189
191
191
189
185
179
175
173
177
175
171
173
165
171
165
165
173
175
179
183
177
177
177
169
175
167
159
159
159
157
157
159
165
159
159
165
169
175
175
175
175
175
181
175
175
181
191
185
187
185
179
183
179
181
181
189
199
207
201
199
193
197
201
201
195
195
195
197
185
181
185
179
177
185
191
191
199
203
215
213
221
209
209
201
209
205
203
209
209
203
195
185
177
173
177
183
183
185
177
185
187
183
183
181
185
181
181
185
185
187
185
189
197
197
207
205
209
203
211
201
205
207
205
207
199
203
203
191
195
201
205
207
207
203
205
207
207
195
195
197
197
197
201
203
211
207
211
207
205
207
213
209
203
193
189
185
181
183
179
177
181
173
169
163
161
159
157
165
165
165
167
167
167
167
167
169
161
165
157
157
155
157
157
163
167
173
173
167
167
165
171
179
177
187
187
183
183
177
173
173
177
171
169
181
185
191
193
201
195
199
201
203
211
213
225
225
225
221
227
225
217
221
225
219
215
207
209
209
223
221
223
231
229
227
227
223
217
211
207
207
205
205
209
209
219
221
221
221
229
223
223
209
215
219
219
211
207
201
199
189
195
193
199
195
195
189
191
191
191
191
185
177
181
181
181
185
179
179
189
189
183
183
183
183
185
185
193
197
191
197
201
199
205
203
197
201
207
211
211
213
205
199
203
201
201
199
199
193
201
207
203
195
203
193
199
207
209
213
211
207
201
193
191
197
191
187
181
185
185
187
177
179
175
185
195
205
203
203
199
201
195
193
197
201
195
195
195
195
205
205
205
209
211
221
219
223
219
229
231
233
233
237
231
239
239
237
241
239
233
239
239
239
239
241
249
249
249
265
251
259
259
259
259
249
247
245
243
243
247
259
257
251
249
249
245
239
235
243
233
233
229
233
247
243
237
235
237
227
221
211
217
227
229
223
227
221
215
213
203
207
209
221
215
209
199
199
199
199
197
199
199
197
197
197
193
193
181
179
183
193
199
199
197
185
183
183
179
177
173
167
165
177
177
177
177
175
175
181
179
185
177
173
173
169
171
167
165
165
165
171
169
175
167
165
167
165
165
171
169
177
185
181
181
181
181
173
173
179
177
183
193
191
193
181
187
191
187
195
187
185
187
195
193
197
201
201
199
207
207
201
213
217
211
207
209
211
209
207
209
207
211
207
207
197
187
193
191
207
203
207
215
221
221
217
219
219
209
199
205
213
209
213
215
217
219
211
213
213
207
207
211
215
217
207
205
197
199
191
183
181
185
183
189
191
187
189
189
191
187
189
177
175
175
171
171
169
173
177
177
175
173
177
169
161
153
145
143
147
145
133
127
129
137
127
125
125
127
127
131
139
139
133
135
133
137
137
135
137
139
135
135
129
129
131
135
135
139
139
143
145
143
143
137
143
139
145
153
149
153
147
155
155
145
155
153
151
155
155
155
149
145
147
143
141
131
135
137
139
139
141
137
147
137
131
137
139
137
139
143
145
141
143
143
133
125
129
135
137
143
153
153
157
157
151
151
147
137
137
133
141
153
161
155
153
155
155
155
153
163
157
145
145
139
147
149
149
141
137
131
125
123
123
129
119
125
125
119
127
125
125
127
127
123
121
121
119
119
113
113
121
121
119
123
107
99
97
93
89
89
81
85
83
75
69
73
65
65
63
69
79
79
75
77
81
85
81
75
67
73
79
77
73
63
57
61
71
71
69
69
75
83
73
81
81
77
81
79
81
81
85
81
81
89
93
97
101
101
103
101
87
85
85
93
93
91
91
83
83
91
87
93
93
107
103
107
101
93
95
103
103
105
97
99
105
105
105
95
93
101
99
101
103
111
103
111
111
115
109
115
115
111
113
113
117
109
109
113
121
115
111
113
115
123
125
129
129
131
125
125
129
127
121
123
115
113
113
115
115
127
135
131
121
121
119
119
123
123
135
145
145
151
141
141
139
135
135
141
141
131
131
123
113
119
119
123
117
119
119
119
115
113
103
95
103
103
103
107
111
119
119
117
107
113
117
125
127
127
125
125
125
135
143
151
153
153
157
147
147
149
153
151
149
153
153
147
153
153
151
149
149
147
157
147
147
139
133
133
129
131
121
125
127
129
129
123
113
121
133
137
141
129
119
125
127
125
109
109
103
99
99
101
101
107
111
111
121
125
121
125
121
121
125
133
133
131
125
121
125
113
111
113
111
101
107
109
109
109
109
103
105
89
91
75
75
83
83
81
71
69
71
65
69
69
65
67
61
55
49
49
45
37
43
39
49
43
43
47
45
41
45
55
53
43
35
37
39
37
43
37
35
39
49
47
57
53
53
53
53
51
51
45
47
41
33
39
23
29
35
39
45
51
59
59
55
49
53
57
59
63
59
57
61
67
73
71
65
67
65
65
63
61
59
61
57
55
59
61
57
59
59
55
51
43
45
43
57
55
45
41
41
43
59
63
63
63
65
63
65
71
83
81
77
83
75
63
65
71
75
81
69
59
65
71
79
75
75
71
75
69
69
63
65
57
59
49
47
39
41
39
45
39
45
53
53
49
57
55
63
55
55
45
41
35
47
43
47
59
61
63
53
59
57
55
61
61
55
49
49
37
39
39
45
41
39
37
37
37
29
29
37
31
31
37
35
33
37
39
39
37
47
53
51
49
55
47
45
49
49
59
63
65
59
53
55
55
61
63
73
75
69
77
65
57
59
63
69
63
63
63
59
63
67
65
73
73
73
79
77
79
77
79
85
89
79
79
79
77
77
71
71
73
73
81
79
71
79
81
77
75
77
83
83
93
93
95
93
87
91
83
91
83
83
85
93
93
95
93
95
95
97
103
93
101
109
119
109
105
115
117
123
119
115
109
117
107
99
91
85
81
73
81
73
69
65
65
57
55
55
55
37
35
33
39
49
57
59
71
75
71
75
71
69
65
65
65
69
71
73
73
75
81
71
65
65
65
67
73
73
73
63
65
63
55
57
55
61
61
61
61
61
71
75
81
79
77
67
67
67
67
67
71
79
63
65
61
57
59
63
65
67
59
59
63
65
67
63
61
65
65
63
67
67
69
71
71
61
55
59
57
53
39
43
55
61
73
75
71
73
73
73
75
85
89
81
83
83
93
89
91
91
93
93
91
89
81
73
83
73
63
53
51
55
55
53
61
67
65
69
71
75
75
79
77
81
89
87
81
89
87
77
79
93
87
91
95
89
87
95
93
101
97
93
95
83
89
89
89
95
95
91
91
103
99
105
105
95
99
107
97
99
91
91
91
95
95
99
99
89
95
91
99
91
81
81
79
79
81
73
87
93
93
103
95
93
93
89
91
91
93
91
91
95
91
93
101
97
97
107
107
109
117
115
115
121
117
115
127
133
139
131
135
131
131
137
135
129
125
129
133
133
139
143
141
141
137
141
139
133
131
135
131
125
119
123
131
129
129
125
121
111
113
107
107
111
105
105
105
107
97
101
99
99
103
95
95
87
89
85
85
89
95
99
97
101
103
105
109
103
107
101
115
115
115
115
119
119
121
125
113
113
109
103
105
107
97
97
101
101
103
103
109
115
119
121
125
129
131
135
137
135
127
133
129
131
127
121
123
125
119
127
131
131
135
133
141
131
123
121
113
123
127
123
123
115
117
121
123
125
119
113
113
109
115
101
103
99
99
95
95
89
91
79
65
65
57
47
49
49
39
39
29
25
33
37
37
43
39
31
35
31
25
21
19
25
23
25
23
21
13
11
23
25
27
27
33
39
37
37
37
31
35
27
29
29
31
39
49
49
55
49
47
49
55
53
55
53
47
45
37
23
23
15
17
3
3
1
-1
-5
-5
-1
-3
-11
-17
-27
-29
-21
-25
-27
-27
-27
-27
-23
-29
-31
-33
-31
-19
-19
-25
-25
-25
-33
-31
-29
-23
-25
-23
-23
-15
-19
-9
-9
-9
-11
-5
-7
-11
-11
-15
-11
-19
-19
-25
-19
-25
-37
-39
-45
-53
-45
-45
-45
-51
-43
-45
-47
-45
-45
-43
-35
-35
-39
-39
-41
-35
-39
-31
-27
-37
-43
-33
-37
-37
-31
-25
-29
-31
-19
-27
-39
-39
-39
-33
-23
-29
-37
-39
-39
-33
-31
-29
-31
-29
-27
-11
-13
-15
-19
-11
-9
-9
-17
-13
-15
-7
-11
-11
-17
-7
-7
-3
-3
1
-1
7
5
5
3
-1
-5
-1
3
-13
-15
-5
1
11
11
17
17
17
19
25
31
37
31
23
31
43
37
39
39
45
45
49
47
51
45
37
43
41
49
53
63
65
55
57
59
57
55
57
65
61
65
63
55
65
63
59
63
71
75
75
75
79
81
81
79
79
75
71
71
63
71
77
91
89
89
101
105
109
103
105
103
97
95
91
99
97
93
95
89
103
109
101
99
101
101
101
93
91
97
91
93
95
93
93
93
103
101
93
95
99
99
99
99
103
105
101
95
87
87
95
91
87
95
93
95
91
103
97
91
93
93
103
101
93
93
91
95
89
93
97
95
91
95
101
91
79
87
81
83
93
91
93
93
91
93
95
93
103
95
97
101
93
95
103
103
97
95
89
89
87
83
79
83
75
75
67
69
69
71
81
87
91
89
89
89
81
77
87
89
97
103
109
113
111
117
111
117
125
125
125
125
131
121
127
123
117
117
109
121
131
131
129
129
133
131
129
131
133
129
125
125
127
127
119
117
117
117
119
125
117
113
117
119
131
131
139
139
143
139
143
139
141
149
143
137
133
133
133
133
133
133
139
137
139
131
133
131
131
121
127
129
123
121
123
113
117
119
119
117
113
115
111
111
115
109
111
117
125
123
125
127
133
127
129
125
123
123
121
129
125
119
119
111
111
101
93
91
87
89
79
75
75
69
69
69
73
67
69
71
71
75
77
67
75
79
77
69
67
59
55
61
59
65
63
59
61
57
61
53
59
59
59
63
63
57
57
51
43
35
31
39
33
39
39
45
49
47
39
45
45
43
37
43
45
45
37
31
31
31
37
41
45
39
43
45
51
47
43
31
27
25
25
29
31
29
27
23
19
19
27
27
25
31
31
35
41
35
31
29
25
25
25
29
35
31
37
35
31
23
23
21
11
7
-1
-5
-9
1
9
13
1
-5
-1
-11
-11
-7
-5
-11
-13
-15
-13
-1
3
-3
7
17
27
17
17
21
19
17
5
5
7
11
9
17
15
15
21
25
31
21
19
23
23
13
7
9
17
13
11
13
11
21
17
13
19
17
17
17
17
13
13
5
11
15
7
3
3
-7
-7
-7
-21
-23
-29
-25
-21
-23
-23
-25
-21
-13
-15
-21
-23
-31
-29
-33
-31
-31
-29
-31
-39
-39
-35
-27
-15
-13
1
3
3
3
7
1
1
-5
-5
-3
1
7
7
17
21
13
19
19
15
19
23
23
27
31
33
25
21
17
11
7
13
21
17
17
29
35
33
21
33
23
17
11
11
13
15
15
15
5
5
15
13
23
21
29
19
13
17
13
23
23
11
7
3
3
7
7
3
-5
-3
1
1
-1
1
7
13
17
25
19
17
13
11
13
13
11
15
11
15
15
9
13
17
7
7
1
1
-1
-1
5
17
9
5
13
3
-3
-5
1
1
5
15
19
19
15
27
29
31
41
41
47
49
49
49
45
41
43
35
33
27
35
31
29
37
29
35
43
41
47
49
49
47
49
51
49
51
59
53
61
53
57
49
49
45
53
53
51
51
51
55
57
55
57
53
61
71
79
85
85
85
81
81
67
81
87
83
73
69
79
79
79
77
77
61
63
63
67
77
69
75
79
77
75
73
67
65
57
51
47
61
57
55
51
45
43
43
37
45
45
55
53
53
57
55
47
43
43
47
41
41
49
45
47
47
53
45
45
53
59
65
65
61
57
57
53
51
47
49
47
39
37
45
47
39
37
37
41
33
25
23
17
23
21
19
29
35
37
33
29
39
43
45
43
41
51
53
53
51
53
55
53
51
61
71
71
71
73
69
73
73
79
71
75
83
87
85
83
85
87
85
81
81
85
81
73
73
73
61
61
63
65
69
77
77
75
87
89
91
89
93
99
93
93
81
79
75
75
75
67
67
57
61
57
57
55
47
43
43
49
45
51
55
47
41
39
39
31
31
23
25
23
27
25
29
31
39
31
31
31
35
39
39
39
31
39
45
41
47
59
59
63
69
57
61
67
65
63
69
67
61
59
61
65
69
55
55
57
61
71
73
73
73
69
73
81
87
83
87
87
81
81
93
97
89
93
93
95
103
111
111
109
115
125
129
117
113
115
117
119
133
135
131
123
115
107
103
107
105
105
105
103
99
105
99
91
91
85
91
83
85
85
79
83
81
81
81
83
87
93
99
99
99
97
95
91
99
101
95
87
85
85
89
85
91
81
77
79
79
79
73
79
77
79
81
81
79
83
79
73
73
71
69
57
61
57
47
53
51
43
43
53
61
65
63
67
59
55
63
55
49
43
45
51
53
53
53
47
47
49
47
47
41
39
53
49
49
51
63
77
69
65
61
63
73
73
75
77
85
89
81
85
81
77
83
89
99
103
99
95
95
97
99
103
97
95
95
89
89
99
103
99
101
99
101
99
97
95
93
93
93
95
89
87
87
95
93
85
83
81
87
85
79
79
75
81
79
81
73
71
75
85
83
83
87
95
97
91
97
105
99
95
99
105
91
91
91
103
107
107
107
107
105
111
111
111
107
107
115
117
115
125
131
139
145
149
143
143
143
141
147
155
149
155
151
149
147
139
141
137
135
137
127
131
129
117
129
133
131
125
131
131
143
145
149
157
159
151
159
155
153
155
149
149
141
139
135
133
131
131
137
131
133
135
135
143
153
145
137
137
137
135
131
133
135
131
127
121
115
119
111
119
115
103
103
103
105
101
101
105
105
117
127
125
129
137
137
127
125
127
123
131
127
131
133
125
125
127
123
127
125
125
127
115
119
113
115
131
131
131
133
133
135
123
123
123
123
123
127
125
123
123
133
141
139
129
133
139
125
111
111
111
117
125
127
125
129
129
127
127
119
121
121
111
111
105
111
115
113
105
105
97
93
83
85
81
95
87
89
85
87
89
87
77
69
61
59
57
57
57
63
63
53
55
57
59
63
59
59
55
63
59
67
67
77
75
77
77
79
77
71
71
69
75
71
71
73
87
85
87
97
89
93
101
101
101
91
89
85
91
89
83
89
89
89
83
89
91
87
81
91
87
79
83
83
83
87
93
97
89
95
89
85
85
83
89
87
83
79
79
79
89
85
93
97
103
103
97
89
91
87
83
87
97
97
97
97
95
105
105
109
105
111
123
111
107
117
111
115
115
115
107
111
103
105
101
99
91
93
93
83
83
81
85
85
83
79
81
71
71
71
73
73
81
75
83
83
83
81
89
91
91
95
89
85
89
87
87
85
85
91
87
89
91
87
89
87
73
69
71
69
71
75
73
73
73
65
61
57
59
61
61
63
73
77
83
87
89
91
97
105
115
109
107
113
103
107
119
123
123
121
123
117
123
133
133
139
135
137
139
135
137
141
145
141
147
151
155
149
149
151
153
153
153
153
155
153
161
171
177
183
185
185
189
189
191
191
199
191
189
187
187
187
187
183
179
181
191
185
181
175
173
167
171
177
173
185
191
193
195
191
189
189
193
199
201
203
203
207
213
211
211
201
199
201
193
195
195
191
193
187
191
189
189
195
185
185
185
187
193
189
193
189
193
183
185
197
189
189
193
189
193
187
187
181
177
191
189
183
187
197
197
197
199
199
209
211
221
227
233
237
243
253
249
249
255
255
257
253
257
257
259
263
271
283
279
285
285
289
297
299
301
301
303
313
309
303
307
303
301
301
305
309
307
305
309
301
299
291
293
291
297
297
291
295
311
301
303
299
291
287
279
291
291
291
295
295
289
295
299
307
311
299
303
299
291
297
287
281
269
261
255
267
271
279
271
277
285
293
289
285
279
281
279
279
285
279
283
277
275
275
273
273
271
271
273
273
273
271
269
275
269
265
261
265
257
253
251
263
269
267
265
263
259
253
253
263
263
263
259
251
243
241
243
231
235
239
235
231
229
225
227
229
231
231
233
227
233
223
223
227
229
225
223
217
227
229
235
235
235
235
229
225
225
225
219
217
211
213
219
225
225
225
229
237
233
229
237
229
223
215
217
233
237
245
253
265
265
267
257
255
251
263
263
261
261
255
257
255
253
255
253
253
255
253
251
253
251
241
227
225
229
241
237
243
249
253
249
253
249
253
259
267
269
267
265
263
265
273
279
287
283
275
283
293
289
291
289
285
283
271
273
265
269
265
263
271
275
271
271
257
267
265
265
271
273
279
279
277
283
283
281
283
287
285
289
293
293
293
297
301
301
305
301
309
299
291
289
285
289
289
289
285
281
287
291
291
281
297
305
315
305
319
321
307
299
297
297
297
293
295
305
303
301
311
313
301
303
297
301
307
307
317
323
319
321
319
329
329
325
323
335
337
335
325
327
325
319
319
309
301
301
301
307
307
313
307
303
293
293
299
297
293
295
291
285
281
283
287
281
281
283
289
293
291
289
293
299
293
291
285
283
287
287
285
273
281
279
289
293
295
295
295
291
291
295
291
287
283
287
273
271
271
273
277
273
275
267
267
273
279
271
275
277
273
275
263
263
263
259
245
251
251
255
255
251
249
247
253
241
243
243
245
247
247
245
253
255
257
261
257
255
251
257
261
261
263
259
259
267
265
263
263
271
269
277
277
273
277
271
277
271
271
269
275
275
279
279
279
279
293
297
303
307
309
317
319
321
309
309
307
307
311
313
313
307
321
313
309
307
305
303
303
303
299
299
305
309
315
317
317
315
303
305
307
315
305
301
297
293
297
293
295
293
295
287
289
285
283
291
279
281
291
299
299
291
299
287
285
285
291
289
287
289
283
283
285
277
279
267
265
261
261
267
265
261
271
263
267
271
261
271
279
281
277
271
269
269
271
261
249
251
257
255
255
261
261
259
259
257
251
255
265
263
267
267
273
275
267
267
265
269
267
273
275
275
275
283
281
279
277
281
283
269
265
259
259
257
261
261
265
265
269
261
255
253
259
265
259
259
263
271
269
269
273
277
291
301
291
299
301
305
307
295
303
305
299
299
299
297
293
293
293
291
285
283
283
283
293
281
287
289
285
285
289
287
283
295
303
303
305
297
297
301
293
299
293
293
305
309
309
307
311
309
309
315
319
319
325
319
321
323
323
313
315
301
303
303
301
309
299
307
305
305
295
297
295
289
289
293
297
305
315
319
319
307
305
313
315
317
305
305
309
317
317
315
315
307
297
291
289
291
295
297
299
299
291
291
295
291
291
281
279
273
271
265
257
261
255
265
273
279
281
285
283
279
277
281
283
281
281
285
275
281
271
271
263
273
277
269
271
275
267
281
273
271
275
279
283
277
271
271
255
257
263
267
275
281
283
291
293
293
281
281
275
277
281
287
289
285
295
295
285
281
279
283
277
283
283
285
289
287
283
289
301
311
315
317
313
309
305
305
307
311
309
307
305
315
313
313
319
319
313
309
313
319
321
325
331
335
331
331
333
339
333
327
323
317
317
323
321
313
297
305
307
309
311
307
313
303
305
301
311
317
323
327
333
327
327
323
309
303
311
311
307
307
313
317
317
323
317
309
311
309
311
317
311
317
319
321
321
317
315
315
311
315
315
305
301
303
301
307
303
307
305
301
303
301
297
293
285
287
283
285
293
291
283
281
277
281
293
283
277
285
285
279
281
271
267
267
259
259
253
251
251
247
255
261
257
245
245
245
235
245
243
243
239
243
243
241
229
223
225
221
223
225
225
215
203
207
209
209
207
211
211
219
219
219
227
231
235
229
229
241
247
259
255
261
265
265
261
255
251
243
239
237
233
231
237
237
245
239
245
245
235
233
233
241
245
245
245
255
249
251
255
253
245
253
247
251
255
259
259
257
251
255
251
255
253
257
257
253
251
247
249
265
261
259
259
257
253
261
251
243
227
233
249
255
257
253
259
261
255
249
239
251
251
253
255
255
247
251
263
259
265
263
259
259
269
265
265
265
261
259
257
257
263
273
265
261
261
257
255
253
251
249
245
249
251
259
261
267
271
271
277
283
287
287
287
279
283
283
279
275
275
275
263
265
257
259
255
263
263
271
273
271
267
275
271
279
275
281
281
281
281
281
275
281
283
279
289
285
287
291
291
287
281
283
281
287
289
287
291
289
291
295
279
273
269
273
275
279
279
283
281
279
285
277
289
295
299
295
293
283
275
275
275
273
273
271
265
259
259
257
255
259
259
269
263
263
271
263
255
259
261
255
249
245
243
235
231
227
229
231
225
225
223
215
213
207
207
213
207
209
205
201
211
209
211
209
217
219
217
217
209
207
207
209
217
213
215
217
219
219
205
203
207
207
199
193
189
187
185
171
175
177
173
171
171
165
169
159
167
163
159
157
153
147
141
145
155
153
153
155
155
143
147
145
145
133
127
131
129
125
131
135
129
129
133
133
121
115
113
123
131
135
139
131
121
125
131
127
123
109
109
109
115
115
125
133
131
131
125
125
131
131
127
133
131
131
131
133
121
121
119
119
121
117
111
113
107
99
101
95
93
93
97
103
97
99
93
101
107
115
117
131
135
143
153
159
161
163
157
153
147
141
145
141
141
139
139
137
145
133
135
129
141
145
145
147
147
145
141
133
131
125
121
113
119
123
117
119
119
119
119
117
123
123
121
115
121
119
111
109
107
113
105
105
107
107
105
101
103
103
105
101
113
109
113
121
121
125
125
125
119
125
131
129
131
137
137
137
143
135
141
143
139
155
161
159
161
159
151
145
143
137
139
145
145
147
145
149
145
145
151
155
151
163
169
169
171
167
167
171
167
169
179
179
181
181
185
183
185
187
197
193
187
187
189
189
189
189
181
177
181
177
173
167
163
173
167
177
179
181
187
183
179
177
179
189
191
189
187
185
191
189
189
189
189
187
185
183
191
191
185
185
191
193
193
191
199
187
183
175
181
177
177
181
181
187
187
179
179
177
177
177
185
187
185
189
181
177
179
179
179
179
173
175
171
171
167
163
155
161
151
145
143
141
145
145
145
141
143
143
145
143
141
143
131
133
141
139
139
139
145
147
151
145
151
145
151
151
153
151
149
151
157
165
167
159
159
163
165
165
169
175
179
189
189
189
193
183
195
191
193
199
195
189
195
203
193
195
197
201
205
213
217
221
215
213
207
213
213
211
213
207
199
201
201
205
207
211
203
199
195
189
183
177
175
183
177
173
175
173
181
177
181
193
205
209
205
205
193
195
199
195
189
195
197
201
211
213
213
211
203
197
199
203
209
217
219
221
219
221
221
211
203
207
209
207
197
193
185
185
185
193
189
181
181
179
175
175
175
177
179
185
181
191
191
191
195
201
209
209
213
211
213
223
231
235
233
233
237
237
239
247
245
245
245
239
239
243
243
243
237
227
225
229
227
225
227
231
231
225
225
227
227
223
229
235
225
227
231
231
231
233
233
231
237
231
235
237
241
239
243
243
245
243
247
255
257
257
255
257
267
269
265
271
271
271
261
253
253
259
257
261
255
263
269
269
269
263
265
269
271
265
271
271
277
271
277
267
271
271
263
259
263
261
265
267
265
267
267
261
253
251
253
249
249
243
243
239
243
241
249
251
251
253
251
255
247
247
247
257
263
269
271
267
275
275
283
289
285
281
283
295
303
307
305
311
305
309
307
307
305
299
297
295
285
287
283
279
281
281
277
285
279
279
285
285
283
293
285
289
289
281
275
269
261
261
259
259
255
253
257
245
241
241
243
249
255
247
237
233
237
231
227
227
223
223
229
221
219
219
209
219
219
215
217
221
225
231
231
233
229
223
233
235
245
231
235
245
245
251
255
255
255
257
261
271
273
275
275
279
283
281
285
275
267
267
277
275
263
265
271
271
271
273
263
259
267
261
259
261
253
251
259
253
243
239
239
235
233
235
221
219
225
217
215
211
201
205
203
201
203
205
201
201
199
203
195
197
201
203
201
191
191
191
205
197
201
189
189
191
187
179
175
181
187
181
181
175
183
171
169
169
167
179
179
179
169
169
169
169
169
183
187
175
173
167
167
169
169
157
165
169
167
163
161
165
165
177
171
175
169
169
171
165
159
163
169
171
175
185
181
187
187
179
171
179
181
185
193
189
197
203
199
191
193
191
193
197
187
175
173
171
167
161
161
161
167
167
161
159
161
171
171
179
183
181
175
179
183
189
187
195
195
191
193
201
199
195
189
199
205
203
201
201
195
193
195
191
191
193
193
195
197
205
203
201
203
207
203
201
187
195
199
199
197
189
179
179
183
187
191
195
185
197
197
197
199
197
189
191
195
203
203
213
209
213
213
209
217
215
209
217
217
225
225
221
223
215
221
225
227
225
221
219
217
219
211
215
213
223
223
215
217
217
217
211
205
195
187
187
197
201
203
199
191
185
181
181
185
177
183
181
179
189
179
175
183
181
177
173
173
185
191
193
189
191
185
177
171
171
167
163
163
173
169
169
169
173
163
165
161
161
155
161
155
145
145
147
147
145
151
155
155
147
143
143
145
143
143
153
153
155
165
161
157
155
155
153
155
153
157
167
167
165
157
143
139
141
145
139
139
131
129
127
133
133
145
143
143
139
141
137
141
145
143
143
145
149
143
143
143
145
145
147
147
153
147
139
149
141
137
141
141
151
149
155
159
159
157
155
163
161
161
159
161
157
161
167
175
181
173
165
161
163
157
151
155
157
155
159
159
151
145
145
143
147
151
151
153
157
157
149
147
145
155
161
161
165
165
165
161
157
163
165
161
155
155
151
153
155
161
161
161
165
173
163
163
157
141
141
141
145
157
169
169
159
167
161
155
165
169
165
163
159
151
153
153
157
157
151
147
143
143
133
143
143
151
151
161
161
159
157
161
155
149
153
145
143
141
143
145
135
135
143
155
159
163
167
167
161
161
163
151
157
163
167
163
159
155
155
157
157
161
157
163
167
169
163
167
177
181
185
195
191
201
201
207
201
197
199
195
195
197
203
203
203
207
207
209
209
207
215
225
237
235
231
225
223
227
223
223
227
219
207
207
201
193
193
187
185
193
193
191
191
189
183
183
189
191
195
201
199
201
219
225
229
227
227
225
227
229
235
235
231
229
229
229
227
233
231
241
241
233
229
221
211
205
201
207
205
205
205
205
201
201
205
201
205
207
213
217
211
209
215
217
217
207
197
211
215
207
205
205
201
205
201
203
199
193
183
177
181
179
179
181
173
165
157
153
149
155
157
155
159
155
165
161
163
169
173
175
173
165
177
173
171
171
171
177
171
183
185
187
195
201
201
197
203
207
205
209
207
209
205
199
195
201
201
199
203
209
213
213
215
217
211
211
213
217
227
233
235
247
245
239
249
251
251
241
233
233
229
225
225
227
229
223
221
213
223
227
221
215
225
219
219
219
223
227
221
223
223
215
217
211
217
211
215
219
221
217
219
219
221
219
219
205
211
211
207
205
201
201
201
203
207
211
213
211
219
215
207
213
213
219
221
219
229
223
229
229
235
237
241
251
243
245
249
243
241
231
221
221
213
221
217
217
217
213
211
215
221
223
229
235
231
229
229
223
227
227
219
223
221
223
229
225
229
231
225
229
225
227
231
229
231
229
223
219
211
213
207
205
207
205
197
199
199
205
199
203
201
201
209
211
213
213
217
221
221
205
203
193
185
189
199
197
199
199
191
197
197
191
185
187
187
189
189
185
183
177
171
165
171
171
179
181
171
163
169
171
173
175
179
179
177
189
185
175
175
183
181
185
183
175
171
169
167
177
185
187
191
195
195
197
199
199
195
191
195
195
195
203
197
195
189
193
195
191
189
195
193
189
197
197
205
211
209
211
211
213
215
207
199
197
197
197
197
199
201
209
217
223
221
221
227
231
233
229
231
237
241
243
245
255
251
257
253
257
263
265
261
259
261
257
259
263
267
269
269
273
265
263
263
261
263
259
267
259
259
265
267
271
281
281
283
287
291
291
301
289
281
289
291
285
285
283
283
