-2627
-2625
-2623
-2621
-2619
-2613
-2603
-2595
-2597
-2585
-2585
-2575
-2557
-2547
-2539
-2527
-2515
-2507
-2503
-2495
-2493
-2493
-2493
-2485
-2483
-2473
-2463
-2461
-2453
-2451
-2437
-2433
-2425
-2413
-2405
-2397
-2397
-2397
-2389
-2381
-2369
-2363
-2355
-2343
-2339
-2327
-2323
-2317
-2315
-2321
-2313
-2305
-2303
-2299
-2293
-2285
-2275
-2267
-2259
-2253
-2251
-2249
-2243
-2235
-2241
-2237
-2229
-2223
-2225
-2215
-2207
-2201
-2197
-2191
-2187
-2177
-2161
-2145
-2137
-2133
-2137
-2129
-2133
-2133
-2123
-2115
-2119
-2113
-2109
-2109
-2099
-2091
-2091
-2083
-2075
-2061
-2047
-2045
-2043
-2035
-2027
-2019
-2023
-2019
-2019
-2011
-2007
-2009
-1999
-1991
-1985
-1983
-1975
-1971
-1959
-1945
-1941
-1939
-1933
-1921
-1909
-1897
-1889
-1879
-1873
-1865
-1857
-1843
-1845
-1849
-1849
-1849
-1847
-1839
-1837
-1833
-1829
-1823
-1819
-1815
-1819
-1815
-1811
-1797
-1789
-1779
-1775
-1773
-1763
-1761
-1761
-1753
-1753
-1741
-1741
-1743
-1731
-1731
-1723
-1721
-1715
-1709
-1701
-1699
-1693
-1699
-1683
-1673
-1675
-1673
-1663
-1659
-1655
-1645
-1641
-1639
-1633
-1623
-1613
-1609
-1613
-1609
-1607
-1595
-1583
-1575
-1577
-1569
-1565
-1555
-1545
-1537
-1527
-1517
-1501
-1503
-1495
-1487
-1481
-1477
-1481
-1477
-1479
-1477
-1467
-1459
-1471
-1465
-1467
-1471
-1465
-1463
-1465
-1459
-1451
-1447
-1443
-1431
-1427
-1415
-1417
-1407
-1405
-1411
-1405
-1399
-1391
-1389
-1383
-1373
-1371
-1363
-1351
-1343
-1335
-1329
-1329
-1333
-1329
-1323
-1311
-1309
-1301
-1305
-1299
-1297
-1295
-1289
-1281
-1271
-1277
-1273
-1261
-1259
-1251
-1243
-1237
-1239
-1235
-1223
-1217
-1213
-1221
-1217
-1211
-1211
-1201
-1197
-1195
-1189
-1187
-1183
-1187
-1179
-1175
-1175
-1171
-1169
-1173
-1165
-1167
-1167
-1165
-1169
-1161
-1161
-1153
-1155
-1157
-1157
-1153
-1141
-1141
-1147
-1141
-1137
-1127
-1123
-1135
-1129
-1123
-1117
-1119
-1117
-1109
-1113
-1109
-1111
-1099
-1099
-1103
-1095
-1091
-1093
-1081
-1081
-1079
-1073
-1061
-1057
-1055
-1057
-1059
-1051
-1045
-1045
-1043
-1035
-1023
-1021
-1015
-1007
-1005
-1009
-1011
-997
-989
-981
-975
-969
-969
-973
-973
-973
-969
-967
-963
-957
-947
-941
-941
-941
-945
-935
-919
-927
-925
-919
-913
-905
-895
-895
-889
-891
-891
-891
-879
-873
-867
-863
-863
-855
-851
-857
-857
-865
-865
-859
-853
-849
-845
-847
-839
-831
-831
-839
-851
-845
-837
-833
-831
-837
-833
-833
-839
-835
-833
-817
-819
-823
-823
-811
-809
-811
-801
-795
-795
-785
-785
-773
-765
-763
-751
-751
-741
-749
-751
-751
-751
-743
-741
-739
-735
-731
-719
-711
-713
-707
-707
-711
-707
-701
-695
-691
-687
-693
-689
-679
-669
-667
-673
-665
-669
-669
-675
-675
-671
-669
-673
-665
-667
-669
-657
-655
-651
-647
-643
-635
-635
-635
-629
-629
-625
-627
-623
-619
-613
-605
-597
-585
-585
-591
-591
-587
-593
-595
-599
-605
-611
-613
-603
-605
-589
-579
-577
-579
-571
-571
-567
-559
-555
-559
-559
-561
-567
-561
-559
-553
-547
-547
-551
-551
-543
-543
-539
-539
-525
-529
-531
-523
-517
-511
-511
-511
-507
-507
-507
-501
-499
-495
-495
-495
-485
-485
-485
-485
-475
-471
-465
-461
-461
-467
-465
-461
-459
-443
-447
-451
-447
-435
-431
-431
-431
-427
-427
-431
-429
-425
-427
-423
-423
-423
-425
-421
-407
-401
-401
-399
-393
-383
-387
-387
-383
-383
-385
-383
-379
-367
-365
-363
-351
-349
-345
-347
-351
-349
-357
-355
-365
-361
-361
-367
-367
-369
-377
-389
-385
-381
-377
-375
-379
-379
-379
-379
-367
-363
-357
-353
-347
-339
-337
-339
-327
-327
-329
-329
-329
-333
-333
-341
-341
-343
-339
-339
-337
-339
-345
-347
-345
-347
-351
-349
-351
-347
-347
-345
-339
-337
-339
-341
-337
-337
-329
-329
-321
-317
-313
-311
-301
-289
-291
-289
-285
-271
-277
-263
-273
-265
-273
-265
-261
-261
-249
-243
-237
-233
-229
-219
-219
-221
-229
-225
-225
-225
-221
-211
-203
-205
-213
-215
-217
-221
-229
-233
-229
-223
-229
-221
-217
-223
-225
-219
-213
-201
-207
-201
-203
-209
-205
-205
-207
-205
-209
-217
-215
-207
-209
-215
-217
-203
-199
-201
-205
-205
-203
-203
-203
-201
-199
-185
-181
-181
-185
-187
-191
-185
-181
-169
-163
-167
-159
-151
-145
-147
-149
-157
-153
-153
-153
-153
-153
-157
-153
-153
-143
-151
-147
-147
-141
-143
-151
-147
-139
-141
-143
-139
-129
-129
-137
-143
-139
-141
-141
-143
-145
-145
-139
-137
-135
-135
-135
-131
-127
-123
-111
-107
-107
-109
-103
-97
-103
-101
-101
-103
-103
-117
-127
-119
-127
-133
-123
-115
-107
-109
-105
-111
-107
-109
-107
-109
-109
-113
-119
-119
-125
-125
-127
-125
-119
-119
-119
-123
-129
-125
-127
-125
-121
-125
-119
-113
-103
-97
-99
-93
-95
-97
-99
-95
-99
-99
-107
-97
-97
-93
-95
-87
-97
-101
-93
-97
-99
-99
-99
-99
-99
-99
-89
-99
-107
-109
-115
-113
-99
-111
-111
-109
-101
-93
-99
-97
-95
-101
-103
-97
-95
-95
-89
-91
-87
-87
-83
-79
-77
-77
-85
-87
-87
-79
-71
-67
-71
-73
-73
-69
-71
-77
-69
-65
-57
-57
-55
-59
-67
-71
-71
-71
-71
-69
-69
-77
-67
-67
-69
-65
-75
-63
-55
-53
-45
-49
-49
-49
-41
-45
-49
-45
-45
-47
-43
-41
-27
-15
-17
-17
-25
-21
-25
-33
-37
-39
-33
-17
-23
-23
-25
-29
-27
-27
-27
-33
-37
-37
-43
-41
-33
-33
-39
-35
-39
-45
-45
-41
-35
-33
-39
-37
-37
-37
-41
-37
-29
-31
-31
-29
-21
-25
-13
-15
-7
-3
7
11
13
17
15
9
13
11
11
11
7
1
1
-1
15
27
35
35
43
53
51
53
49
45
45
45
35
37
37
39
39
39
31
31
27
31
33
33
29
41
35
37
27
33
35
29
21
27
29
27
35
29
23
23
17
15
13
17
17
21
17
17
15
13
15
15
17
23
21
23
27
27
29
29
27
23
17
17
33
31
35
41
37
33
45
41
45
53
51
51
55
47
47
51
53
53
53
49
49
51
49
53
55
61
55
59
57
61
61
69
71
73
85
85
83
91
95
111
115
121
127
119
119
121
113
117
119
119
119
127
123
129
135
139
139
131
131
137
133
137
143
143
141
143
133
137
137
137
133
135
135
137
133
137
137
135
133
135
137
129
137
141
135
139
139
133
135
139
127
125
127
125
115
117
109
103
93
101
107
113
113
125
119
109
107
115
119
125
123
127
127
133
131
127
127
131
133
129
129
133
129
129
127
127
119
117
111
107
101
99
97
95
87
77
81
79
83
81
75
67
59
53
53
63
51
53
49
51
45
49
47
51
57
69
71
71
77
77
75
67
67
73
65
73
77
77
81
79
75
71
79
79
75
75
71
69
63
63
59
49
55
63
59
53
59
69
55
55
55
55
55
51
47
37
37
39
47
51
51
49
53
53
57
63
65
65
67
67
69
67
73
63
51
47
49
49
51
51
57
57
49
51
57
59
57
53
53
49
51
51
55
53
69
77
77
87
87
91
85
87
97
105
105
107
107
113
117
119
121
115
115
115
119
123
115
115
117
121
127
135
133
133
137
127
127
127
113
121
129
127
135
133
133
125
129
133
137
135
129
129
125
127
127
127
119
123
123
121
127
123
121
121
131
137
141
137
129
135
135
141
145
139
149
151
153
161
161
161
165
161
153
159
153
151
137
135
131
135
127
123
129
127
131
141
145
135
133
141
135
139
145
143
133
137
131
127
125
137
127
125
125
121
123
123
117
121
113
109
111
117
111
111
109
103
101
99
103
93
95
91
97
97
95
93
93
97
97
91
91
97
107
115
115
119
121
121
121
123
125
125
131
129
129
127
119
123
123
123
129
123
125
121
123
129
131
139
143
143
147
145
143
149
141
153
159
163
163
159
161
169
171
167
169
169
157
157
165
169
169
157
165
167
169
173
169
161
169
169
161
161
159
151
155
151
159
159
163
153
153
157
155
153
163
161
161
163
159
165
163
163
167
159
173
181
185
187
189
191
191
181
175
165
163
165
165
165
171
167
175
175
167
157
155
155
157
153
155
155
151
147
145
133
135
129
127
127
125
129
127
129
125
125
131
135
137
141
147
155
151
147
135
123
123
119
123
127
121
123
119
113
119
123
117
109
107
123
113
117
119
115
111
111
105
101
93
97
101
103
109
119
113
111
115
107
111
109
107
111
113
109
109
109
115
113
109
103
105
107
107
113
117
111
105
111
109
109
117
121
123
131
141
149
149
141
143
135
129
135
129
125
135
131
127
121
121
127
113
121
119
127
129
123
111
119
117
115
107
103
105
103
101
111
109
115
113
117
117
127
123
125
111
101
107
109
107
111
103
103
103
109
113
115
119
119
115
113
119
131
135
127
133
129
125
125
125
119
115
107
117
113
109
115
117
131
131
131
129
119
117
121
121
119
117
121
121
111
109
109
97
97
97
93
97
91
85
93
93
93
95
95
89
83
85
83
83
75
73
75
73
77
75
77
69
65
75
71
75
85
85
89
93
81
87
85
83
85
91
103
103
105
107
111
111
109
113
111
115
115
121
129
127
139
137
149
155
151
153
157
157
155
157
155
151
153
147
147
143
137
145
145
141
137
139
139
139
139
135
139
137
139
141
137
147
137
145
141
141
137
143
137
127
129
131
131
133
131
143
139
139
151
143
141
149
139
143
147
149
145
149
147
149
147
145
149
155
155
159
163
167
155
157
157
167
167
159
161
153
151
145
151
155
161
161
163
161
167
167
169
161
163
173
179
175
179
181
173
171
179
181
171
171
169
179
181
185
181
177
177
177
183
187
187
183
185
175
183
185
185
187
183
183
179
183
183
183
181
181
185
183
183
183
193
187
189
187
195
193
193
197
189
191
197
195
199
199
193
195
199
203
209
201
193
201
209
209
215
217
219
207
203
207
213
215
219
223
229
227
223
233
237
237
241
235
225
219
219
211
215
223
225
229
243
239
237
229
233
233
241
241
241
243
251
251
251
243
241
245
239
237
231
227
223
229
227
227
225
235
231
233
231
239
245
229
221
225
229
225
219
219
209
201
203
201
193
189
191
187
187
185
183
193
195
201
195
195
191
189
187
187
187
175
173
175
171
181
183
185
185
187
179
179
181
187
185
183
187
183
173
171
173
173
173
173
177
179
169
161
161
161
161
157
163
165
165
161
151
147
149
153
153
155
153
149
139
133
135
133
131
127
133
119
119
129
127
127
125
121
123
119
125
123
123
131
125
123
129
133
133
125
123
117
111
115
117
107
107
109
109
109
119
127
117
117
113
113
111
117
111
109
119
117
123
135
131
137
129
131
129
131
129
123
125
125
131
129
127
125
127
125
129
133
137
129
111
107
101
101
101
99
109
115
121
123
119
119
115
125
129
125
133
139
135
135
133
137
137
145
149
145
145
149
149
139
137
133
135
127
131
133
125
131
129
133
125
117
101
99
97
103
107
109
115
111
111
109
107
107
109
107
109
113
119
103
99
95
91
91
87
85
83
83
81
85
75
79
79
81
79
83
93
91
93
99
89
93
87
91
93
97
87
81
79
77
83
65
63
63
57
57
57
57
59
59
59
57
59
59
65
75
71
65
71
71
75
75
75
75
79
79
73
75
87
83
81
89
89
89
99
91
95
93
89
81
83
83
79
85
87
83
85
95
95
95
95
105
113
111
117
119
107
115
107
109
103
107
103
105
115
113
117
117
121
123
123
131
131
127
125
125
121
113
107
109
115
119
129
125
121
117
121
119
113
103
107
109
109
109
109
109
117
115
121
117
127
125
125
131
129
127
129
133
139
131
131
133
133
133
129
129
125
123
109
105
103
103
105
101
97
99
99
101
101
109
111
113
121
117
113
105
113
119
107
107
103
101
101
95
95
99
97
99
91
83
95
85
83
87
93
95
95
89
93
93
93
91
81
69
81
83
93
107
107
105
105
115
119
121
121
125
127
125
125
131
135
141
143
143
137
141
141
151
147
143
145
141
139
139
139
135
127
125
123
127
125
117
111
119
117
119
123
125
121
121
121
125
127
131
133
131
131
129
129
129
125
121
125
121
123
117
113
121
119
107
97
107
111
115
115
111
107
109
99
99
97
103
97
95
97
93
89
97
95
93
93
85
91
91
89
89
91
89
91
83
79
81
75
67
57
65
65
69
71
71
77
89
89
87
81
75
79
75
77
79
79
77
69
57
59
61
61
53
43
47
43
43
47
45
35
35
35
33
29
29
29
33
33
27
33
35
41
49
43
49
43
43
39
33
35
41
41
49
57
61
71
71
75
69
75
73
65
67
67
67
67
67
63
71
75
75
73
65
63
63
67
71
71
71
75
85
89
93
91
91
95
97
103
93
91
89
81
73
75
69
63
75
69
71
73
75
75
71
67
69
79
81
83
81
87
89
89
91
89
89
97
101
101
101
103
105
107
101
103
101
101
93
101
101
97
91
91
87
79
79
83
81
85
81
83
85
85
85
91
93
89
81
71
67
69
67
59
59
59
59
59
63
63
63
65
61
65
63
73
67
67
61
61
65
71
65
69
69
65
65
65
69
65
69
63
61
59
59
59
57
61
67
67
63
67
67
69
73
73
79
79
77
89
91
93
97
95
101
105
105
105
109
109
107
107
113
113
121
127
121
125
129
127
121
127
113
117
125
125
135
135
135
135
141
147
147
147
151
157
161
163
159
165
165
173
175
171
173
167
167
169
173
165
169
173
177
181
173
171
171
171
173
179
179
179
177
185
185
185
191
181
177
183
193
193
193
195
197
197
187
189
187
183
197
197
201
199
209
209
211
217
219
219
221
223
223
217
211
209
205
201
199
195
199
199
205
209
209
221
221
221
217
217
221
221
219
217
229
225
225
223
219
221
227
227
229
227
227
217
217
221
213
207
205
199
199
193
185
183
183
181
185
189
185
187
189
189
189
183
177
171
171
163
169
177
173
169
175
173
177
177
179
177
181
177
177
177
175
177
175
179
179
179
181
189
187
185
185
185
185
183
183
181
183
179
175
175
173
171
177
169
177
183
193
187
191
199
201
205
199
193
189
189
195
193
195
193
195
201
201
209
219
219
213
215
227
229
233
231
221
223
223
223
233
243
243
251
251
247
255
261
261
265
277
275
275
269
261
265
267
263
263
253
249
245
241
241
241
229
227
229
233
233
239
243
235
223
225
237
235
233
233
239
243
249
249
255
243
243
237
245
245
241
235
231
231
231
231
231
223
227
227
225
227
233
237
239
237
231
239
243
241
247
239
237
237
239
239
237
237
235
243
243
245
233
233
229
223
217
219
225
225
225
225
225
225
219
225
223
215
221
219
215
215
219
221
229
227
229
229
233
229
225
225
221
213
211
209
205
205
211
209
207
215
213
215
211
215
215
213
215
219
229
225
225
227
225
223
223
227
235
243
245
233
225
237
239
241
245
245
245
247
253
255
245
237
225
229
219
213
209
203
209
221
221
213
211
211
215
225
219
225
223
225
221
221
227
233
233
229
223
225
223
231
235
237
229
229
233
227
227
227
235
231
231
235
231
223
221
217
213
223
229
229
241
237
225
225
233
239
237
239
237
249
257
257
255
263
255
255
253
253
247
247
259
253
263
257
257
255
257
255
261
265
263
255
259
257
261
261
261
263
263
253
255
257
257
259
255
257
255
251
257
257
259
255
259
257
257
247
243
235
231
229
225
221
213
225
231
225
219
223
219
221
219
219
227
221
227
215
215
211
211
225
225
237
239
239
227
225
227
229
225
221
221
223
213
211
207
215
217
223
221
217
207
201
201
207
195
193
201
201
209
215
215
215
215
219
223
225
225
227
227
219
221
221
221
221
215
221
231
227
231
233
235
231
229
231
225
225
223
223
231
223
223
219
223
221
221
219
223
215
219
215
215
215
215
215
215
217
217
221
221
223
221
225
223
225
219
221
219
215
211
207
209
215
215
211
217
219
225
223
215
215
217
223
225
233
237
235
235
241
243
237
239
243
247
253
251
249
247
245
251
255
251
249
253
247
245
245
245
245
257
259
259
259
257
265
271
269
265
265
261
261
253
263
269
273
271
261
263
265
265
261
259
259
263
263
277
277
275
273
267
277
267
265
265
263
261
259
263
263
257
253
249
249
241
241
243
251
255
253
253
263
265
253
253
247
243
237
233
237
241
243
243
245
245
241
235
233
237
221
225
225
227
227
227
221
227
223
223
229
231
221
221
231
225
227
219
215
215
209
209
211
211
209
211
215
215
217
227
227
227
223
229
235
233
229
231
233
237
231
239
249
251
241
231
227
227
227
239
239
231
229
219
219
229
233
231
233
235
235
237
235
235
227
227
231
229
233
233
227
229
231
231
231
229
231
229
231
229
221
221
225
223
225
221
219
215
221
221
221
221
225
225
225
217
221
229
239
237
237
239
235
239
233
241
249
257
247
241
241
239
237
247
239
243
247
251
249
247
249
257
253
243
247
251
253
251
257
261
249
259
261
251
249
251
253
249
249
253
249
249
249
255
255
259
261
259
261
265
269
269
267
267
271
271
261
261
263
267
269
275
279
287
285
285
285
275
277
271
277
285
287
287
283
289
289
281
277
281
283
283
283
277
277
269
261
261
261
259
259
269
269
273
269
271
263
261
263
267
259
257
255
259
259
261
257
259
259
251
237
237
233
235
223
223
231
233
235
233
237
235
239
241
237
227
231
225
217
207
199
201
207
207
213
213
213
215
221
215
215
211
205
203
201
207
209
207
215
225
231
227
223
229
231
225
233
229
225
225
229
231
235
233
229
227
221
225
225
227
217
225
223
215
215
209
203
209
203
199
197
191
189
191
185
191
189
193
197
201
191
193
197
201
197
193
197
197
189
195
193
185
183
191
187
185
191
191
197
189
189
197
195
193
193
201
201
197
187
181
185
183
181
175
185
181
183
183
175
169
165
155
163
165
165
165
155
155
155
147
149
141
143
139
145
157
159
157
157
159
161
153
147
147
147
147
151
145
145
147
151
151
151
155
143
153
153
149
141
133
129
131
127
127
123
127
125
127
125
127
113
123
127
127
127
129
127
127
127
127
141
135
123
121
117
131
133
129
135
131
139
133
139
139
139
137
145
147
153
153
157
153
149
151
151
155
155
159
163
161
161
159
155
159
161
157
149
147
145
135
133
139
141
137
137
135
135
133
135
135
131
129
139
141
135
133
143
143
143
133
127
117
115
109
107
113
109
109
105
99
107
103
111
111
105
109
109
109
117
111
117
113
103
101
109
105
107
101
99
103
105
103
105
103
107
109
103
107
111
109
111
115
115
115
115
113
121
119
123
125
129
129
137
139
151
157
159
159
157
159
165
169
159
159
155
155
155
153
151
151
151
155
161
161
157
163
165
167
175
177
185
181
177
179
183
185
181
177
183
183
185
185
191
187
195
195
195
189
183
185
183
189
197
197
195
199
195
197
187
191
193
189
193
203
209
209
211
199
195
187
191
191
195
195
199
201
207
205
205
201
203
201
205
207
213
223
219
233
225
213
207
203
203
201
201
199
199
211
217
213
215
215
209
207
211
213
205
205
197
197
195
195
191
195
199
203
209
203
201
199
199
199
191
199
195
199
199
199
195
201
197
203
191
191
191
197
209
221
221
225
217
213
221
223
225
221
217
215
215
215
213
203
205
199
199
209
203
197
193
193
203
193
199
197
197
195
199
195
195
205
209
209
217
211
211
213
213
215
205
211
217
209
215
217
219
221
227
225
227
223
227
223
229
231
231
227
227
225
229
223
231
237
241
239
239
235
241
245
245
249
243
249
253
251
253
253
243
243
243
239
237
235
233
239
247
247
247
251
251
249
241
241
241
241
251
249
261
267
267
265
269
261
263
263
257
257
257
253
255
259
251
237
237
239
235
239
233
237
237
241
245
241
241
231
231
225
217
213
211
205
207
209
219
219
225
231
231
229
229
227
227
227
229
217
213
223
225
223
217
217
215
215
223
233
233
221
221
223
227
229
233
233
237
247
251
249
247
249
255
243
245
247
243
249
259
261
273
277
269
275
273
267
269
269
271
263
259
251
253
255
255
263
271
283
287
287
275
275
281
287
283
279
273
267
273
269
281
281
289
291
295
291
291
291
285
289
291
291
283
277
267
267
269
269
263
259
261
263
263
257
257
259
253
255
255
263
263
263
263
273
275
283
275
275
279
281
281
271
273
271
277
273
269
269
273
281
267
259
271
277
271
267
267
273
275
275
273
273
281
283
279
279
283
285
291
289
297
297
293
287
287
281
281
277
277
281
287
293
297
303
301
293
295
297
291
287
291
291
291
289
287
287
293
295
297
297
303
297
291
295
293
299
303
299
297
293
297
299
307
311
311
303
301
303
305
303
293
295
299
295
297
297
293
295
295
299
303
295
291
293
293
285
273
267
263
263
263
263
267
271
261
261
257
255
255
255
255
251
255
253
253
235
239
231
229
231
233
229
219
229
231
227
225
219
219
219
227
231
227
229
235
229
227
217
211
215
221
225
231
225
225
211
211
213
217
215
209
205
209
205
209
209
199
201
199
207
209
207
205
209
217
213
213
213
215
213
211
207
213
211
211
205
213
205
193
191
199
201
203
201
205
205
211
215
215
215
211
213
213
211
209
209
205
213
217
217
221
215
225
237
245
239
237
239
241
251
259
251
241
243
247
253
257
263
263
271
269
269
267
271
263
265
261
257
263
257
249
255
243
249
255
255
241
241
225
225
225
225
235
233
233
233
233
231
239
245
251
251
253
255
255
255
253
259
255
259
253
243
247
245
241
243
241
231
231
229
225
229
227
225
227
231
229
231
237
241
241
241
233
239
237
231
229
223
221
211
217
221
211
217
217
219
227
229
229
227
227
227
233
239
239
243
243
247
241
237
237
241
241
251
243
245
247
251
251
249
249
243
239
235
231
231
233
237
229
229
225
221
219
213
205
209
207
211
209
203
211
209
209
205
211
209
205
215
213
205
211
219
225
215
203
193
191
195
187
193
199
199
193
193
195
193
187
191
199
199
195
191
193
199
193
195
187
189
187
185
181
179
179
179
173
167
159
153
151
147
147
145
151
155
153
155
155
157
157
153
151
153
155
159
159
161
153
155
153
147
149
149
149
149
151
153
153
161
161
161
165
157
161
157
155
155
151
155
157
161
161
161
163
175
169
163
159
161
153
153
157
153
155
157
153
147
145
149
151
149
145
143
143
137
137
143
147
151
157
153
153
153
153
145
151
151
147
139
141
145
153
159
165
159
165
161
151
151
155
155
155
159
155
161
161
163
167
165
169
173
175
177
179
177
181
191
199
197
193
193
193
199
197
207
209
211
209
203
209
209
203
207
207
211
205
195
191
185
183
175
177
177
177
183
183
183
177
175
177
177
177
179
179
177
175
185
171
163
159
155
155
151
155
165
173
173
175
181
181
185
183
183
173
169
169
173
175
177
179
173
179
181
177
173
171
171
169
173
171
169
167
175
177
177
185
181
177
179
179
187
179
167
163
161
161
155
155
143
143
149
153
151
159
159
155
161
157
163
153
157
163
155
153
155
155
159
151
145
141
137
139
135
137
143
143
153
149
145
153
155
151
151
153
149
153
147
149
147
151
153
151
151
159
145
149
149
155
159
159
151
147
147
143
143
143
145
145
149
145
135
141
133
139
145
147
151
153
165
165
167
157
159
163
163
161
157
153
147
151
149
151
155
157
159
161
161
165
175
175
175
175
175
187
187
187
189
183
179
175
181
181
183
187
185
187
187
193
189
177
167
175
173
177
177
183
171
171
175
175
173
169
169
157
159
167
171
169
171
173
181
183
187
187
199
197
207
203
203
201
197
199
197
193
193
191
189
183
179
181
181
175
179
175
167
161
163
163
151
153
149
143
143
137
129
127
119
119
119
123
127
133
131
139
135
141
139
135
129
129
135
139
139
141
141
145
145
149
159
155
155
151
149
149
149
147
149
143
145
149
141
143
143
141
133
133
133
133
131
137
143
147
139
137
133
135
133
141
147
137
143
139
137
141
147
147
149
149
151
149
147
145
145
145
147
147
151
159
167
169
173
173
167
167
167
171
173
173
169
171
173
181
189
183
181
185
185
173
177
175
165
175
181
181
179
169
171
179
181
181
185
189
193
191
179
183
183
179
173
175
177
177
167
169
173
167
171
159
159
167
175
167
165
169
167
175
177
189
189
195
193
189
183
181
189
185
187
193
187
181
179
177
177
185
187
187
197
193
181
183
191
201
203
199
203
217
221
221
221
217
219
215
217
221
221
221
221
227
227
227
227
225
231
227
227
225
231
239
251
259
261
257
255
261
263
259
259
259
265
267
269
271
273
273
275
279
273
273
281
283
293
297
295
291
289
289
297
297
297
295
287
289
293
295
295
299
299
303
299
293
287
287
283
281
279
285
285
283
277
279
283
285
283
277
281
281
287
293
285
283
275
273
271
271
277
277
271
277
269
265
263
271
265
261
255
255
255
245
245
251
249
249
249
263
261
269
265
269
273
275
275
277
277
277
275
271
275
283
277
277
279
271
273
281
275
283
287
285
293
285
279
271
271
267
263
273
275
277
279
279
277
281
277
283
271
271
265
265
263
257
253
245
253
259
255
263
263
269
269
265
261
263
271
263
267
273
275
275
269
269
277
273
273
275
273
275
279
279
287
285
281
281
281
277
279
279
271
277
285
275
277
277
269
269
263
265
267
261
263
253
251
247
251
249
253
255
263
263
265
259
253
259
263
257
253
253
255
259
261
261
273
273
273
271
259
257
255
255
269
263
269
271
271
271
271
269
263
263
269
267
261
265
267
263
261
255
253
251
249
257
253
253
251
245
243
253
249
251
251
243
245
247
251
253
255
261
257
253
247
239
239
227
229
231
231
227
225
229
231
235
227
221
219
211
215
223
223
221
219
207
207
211
217
225
227
229
235
231
231
235
245
249
253
255
251
255
261
261
267
275
275
271
277
269
269
273
277
277
279
289
291
281
287
289
295
295
295
297
305
301
295
293
301
299
295
289
297
303
309
315
315
311
303
309
317
317
311
321
317
325
327
331
337
329
325
327
327
321
317
311
309
311
301
297
297
299
313
315
319
317
323
323
313
313
307
309
305
305
307
313
317
313
309
315
319
315
305
309
317
309
305
303
309
323
327
327
325
329
331
335
337
343
349
347
353
349
339
337
335
331
337
339
343
349
341
341
341
343
355
355
357
359
359
363
363
369
369
369
369
363
363
363
363
361
369
365
371
379
377
377
385
389
393
399
409
403
409
405
393
399
407
407
407
403
401
393
399
409
409
409
405
401
397
399
401
403
403
395
393
393
395
393
397
391
393
393
383
383
381
383
379
379
379
375
379
381
375
375
375
377
381
383
383
371
369
371
367
357
363
355
355
353
347
347
351
355
357
361
361
363
367
365
363
361
361
349
353
349
345
357
355
351
349
349
345
335
337
333
333
333
333
337
331
329
329
331
333
333
337
337
335
329
321
321
331
325
317
317
317
317
321
319
319
317
319
317
317
305
307
313
309
307
315
315
317
319
319
327
327
327
331
329
329
325
315
319
307
311
315
325
327
317
323
319
317
309
303
299
297
299
297
311
313
319
323
325
319
319
321
313
311
311
313
307
307
307
305
305
295
291
295
297
297
297
297
299
303
303
309
307
307
307
307
303
307
303
299
295
293
295
295
301
301
297
303
305
297
289
285
285
297
281
289
291
291
291
291
295
297
295
293
293
293
297
303
301
303
299
297
303
309
295
293
289
289
291
291
283
285
285
289
279
287
287
275
273
283
289
293
289
297
303
303
307
311
313
313
309
311
317
315
327
323
331
333
335
331
335
343
347
347
347
347
341
345
347
351
347
343
351
353
355
351
343
341
347
347
349
351
351
351
347
339
343
335
337
335
335
337
331
331
325
325
325
325
331
331
319
315
317
325
329
331
331
323
325
325
339
347
339
335
329
323
333
339
339
339
337
339
333
335
343
349
349
341
341
347
353
365
363
365
359
357
351
357
349
349
341
343
347
351
345
347
349
341
347
343
345
355
349
351
343
337
337
341
351
347
347
349
347
339
337
331
321
321
321
325
325
327
321
323
329
327
329
325
317
321
327
327
325
321
315
317
325
331
331
327
327
321
315
311
313
317
321
321
325
325
329
331
331
325
333
327
333
323
329
331
331
329
329
333
333
335
333
333
333
331
339
345
343
341
339
335
341
345
349
351
351
345
347
345
345
345
345
335
333
323
313
311
305
305
307
303
293
293
289
289
289
289
293
293
289
295
293
289
299
293
291
283
287
289
289
283
283
287
281
281
283
287
297
299
295
295
289
289
281
285
277
283
287
285
281
275
267
273
271
271
279
281
277
279
279
279
271
271
273
281
281
279
279
279
271
271
267
267
263
259
259
259
255
243
241
251
257
255
245
241
233
233
229
221
223
223
227
217
213
217
223
223
223
227
221
221
231
233
239
251
249
247
243
239
235
239
235
237
243
247
243
237
235
241
239
249
241
243
245
229
231
231
237
239
239
231
227
227
227
223
221
221
221
219
215
221
225
227
231
223
215
219
219
213
213
221
211
203
201
199
201
199
199
203
209
217
215
217
223
223
223
223
229
237
235
233
239
239
243
237
239
243
241
243
241
241
239
241
255
247
249
243
245
237
241
235
243
239
233
225
229
229
225
221
223
229
225
227
227
231
223
225
221
221
219
215
211
201
201
205
205
209
207
203
207
207
201
197
205
197
209
207
203
209
211
209
207
211
217
215
217
223
225
217
223
221
213
211
213
213
205
205
207
205
213
215
219
215
213
203
215
219
225
225
225
233
237
227
223
223
223
211
209
209
213
211
217
215
211
201
197
195
195
195
193
193
189
191
181
177
175
177
177
171
169
169
165
163
163
151
149
155
145
141
135
137
141
141
135
139
135
137
135
139
139
139
143
149
149
147
145
137
145
141
141
145
141
141
139
137
139
135
131
135
135
135
135
133
129
131
123
133
131
123
127
121
131
133
139
143
151
147
149
145
143
149
155
157
169
167
171
165
165
165
175
183
183
185
189
189
199
205
213
209
207
201
201
201
209
201
193
189
185
183
181
171
163
163
159
153
149
145
147
145
141
137
143
151
157
153
153
155
159
161
151
155
153
151
149
145
155
145
149
155
153
149
151
151
159
165
161
163
173
173
179
179
171
167
169
165
173
169
181
189
193
193
193
189
187
193
183
185
185
189
195
195
183
187
189
183
177
177
173
167
159
151
153
155
153
153
153
159
159
163
163
163
165
161
161
163
169
171
177
183
183
183
177
175
171
169
173
183
191
187
191
191
203
203
205
197
203
209
203
205
197
189
191
187
179
177
185
183
185
177
183
183
187
187
181
177
169
165
161
163
161
163
171
173
167
171
169
169
163
171
177
177
179
173
181
173
173
183
185
195
197
199
195
191
193
193
197
197
203
209
211
213
215
213
209
213
223
223
223
225
225
225
233
227
229
239
249
249
243
243
239
235
235
235
243
249
255
253
251
253
257
253
249
245
239
233
231
227
227
239
241
243
237
239
241
235
239
241
241
245
245
255
263
267
279
283
285
285
281
275
279
279
285
285
277
277
269
273
267
273
279
273
273
279
277
271
271
269
267
273
273
277
277
279
287
281
285
283
285
279
285
289
289
293
289
279
279
283
295
311
307
309
309
309
309
311
311
315
319
311
307
309
319
319
323
321
317
315
327
329
329
331
331
329
325
327
325
325
317
317
313
325
325
327
317
307
317
311
313
307
301
297
297
299
299
295
295
289
291
299
297
291
283
277
281
281
285
283
283
279
279
273
271
263
263
255
255
243
237
229
227
221
225
227
231
233
227
227
227
235
237
241
241
239
245
245
245
235
231
233
239
237
235
231
231
229
231
235
227
225
221
221
227
231
237
233
237
241
247
243
247
251
243
249
249
243
245
241
243
247
245
247
243
235
245
239
247
235
235
243
241
241
241
245
245
243
253
257
253
249
249
253
251
251
245
229
231
227
229
231
241
241
237
227
227
223
223
223
217
217
223
217
215
217
213
215
215
207
199
199
205
207
209
217
217
221
229
229
237
241
237
237
239
233
233
241
251
251
251
259
257
253
247
247
243
233
233
241
239
233
235
237
235
227
231
231
235
233
231
227
225
237
239
247
245
245
241
247
247
247
243
257
253
249
251
245
255
247
247
245
253
259
257
253
255
245
243
245
241
231
231
233
233
241
237
233
231
223
223
217
227
225
223
233
233
233
235
235
227
225
221
223
217
229
217
217
213
209
205
205
205
199
197
203
201
203
213
203
211
211
211
211
211
211
215
211
207
203
199
203
203
205
213
213
209
203
197
195
189
189
191
181
183
181
185
191
197
193
195
189
195
193
197
197
197
193
193
205
195
201
203
197
193
187
187
173
163
163
169
163
163
157
151
147
147
143
143
135
139
145
151
151
161
161
159
157
149
147
147
149
149
149
139
133
143
145
141
141
143
143
141
143
137
139
143
153
159
159
155
153
149
153
153
151
153
153
147
149
149
149
145
137
147
147
147
147
145
151
149
151
147
139
137
131
133
137
135
135
135
137
141
143
135
147
145
153
153
159
165
177
179
175
179
175
177
169
165
163
165
165
155
153
143
143
147
149
143
141
141
133
143
143
143
133
137
141
143
143
141
141
141
137
137
131
131
135
135
137
137
135
141
141
147
149
153
153
161
163
163
161
159
157
155
163
163
159
159
165
171
181
183
185
187
185
193
197
207
199
201
193
195
185
185
189
185
191
179
179
171
183
181
191
185
183
191
193
199
191
199
197
191
191
185
185
191
201
203
213
213
209
211
209
203
207
209
213
207
201
191
191
193
185
189
183
181
173
169
167
165
159
165
153
145
147
147
151
149
147
153
151
151
149
147
147
143
153
145
155
159
161
153
155
155
157
159
157
157
157
155
161
163
161
157
157
157
157
153
151
149
155
151
151
147
137
133
131
133
131
135
143
151
147
145
145
147
147
143
127
121
129
125
125
123
129
131
121
119
119
119
123
133
145
141
135
143
139
139
139
143
143
149
151
151
147
157
161
161
175
169
175
175
183
185
183
175
165
165
169
169
165
175
173
185
195
195
191
189
193
193
197
197
187
187
183
185
187
183
179
175
181
181
181
181
167
169
169
169
169
173
167
157
161
163
163
169
165
169
171
175
173
183
181
183
183
187
189
183
185
191
189
187
189
191
193
193
197
203
203
209
215
215
223
221
215
217
219
227
227
223
221
225
227
235
235
235
235
235
227
229
231
225
225
229
233
233
235
237
235
229
233
231
231
235
237
241
243
247
245
237
237
227
227
231
227
231
231
235
235
237
237
241
235
235
245
253
253
263
261
263
263
263
267
265
261
259
255
261
261
267
267
269
265
267
273
267
251
257
265
265
265
259
257
257
267
267
267
271
263
263
259
259
255
253
247
253
255
261
253
251
247
255
249
241
251
257
261
261
257
259
261
255
255
257
261
261
259
263
267
255
255
251
251
249
255
255
251
259
261
271
257
267
259
257
259
253
251
255
251
245
245
243
237
237
231
231
227
227
235
233
237
241
243
247
247
243
245
247
251
249
245
249
251
253
247
253
249
253
255
257
253
257
265
259
259
261
261
271
269
261
263
261
261
265
269
277
281
289
291
283
289
287
287
289
279
285
289
289
289
285
291
295
297
291
287
287
279
285
279
271
273
277
271
271
267
261
267
269
267
269
267
259
265
265
263
255
257
261
259
251
263
265
267
271
271
275
279
279
277
275
277
279
285
289
293
291
297
297
297
293
299
299
301
301
313
313
317
319
325
321
321
323
321
329
325
333
339
335
337
327
327
325
321
329
337
337
335
335
335
335
331
331
333
337
335
327
323
329
325
327
323
327
329
329
329
323
319
319
323
321
313
309
301
295
295
297
295
285
281
291
299
307
305
309
311
309
309
305
301
305
299
291
287
283
283
283
283
283
279
275
273
271
273
275
271
269
263
265
261
261
265
261
245
251
255
257
255
251
255
255
251
245
247
243
251
251
259
253
253
253
237
227
227
219
203
195
191
189
189
195
195
187
189
191
197
197
199
199
193
181
177
179
183
183
187
179
183
183
175
175
171
171
167
163
169
165
167
161
145
147
143
147
145
139
133
125
125
131
133
129
123
133
141
143
139
139
145
145
149
141
141
141
139
141
143
139
133
125
119
117
127
127
127
131
127
129
129
127
135
133
119
129
133
119
115
117
117
117
119
111
105
105
113
113
119
111
103
101
113
105
95
97
93
91
91
99
95
89
83
73
79
83
87
77
71
79
81
75
81
91
87
85
79
77
79
79
79
75
73
73
81
71
71
71
77
77
77
65
67
71
75
75
67
73
73
69
65
65
67
73
69
61
61
63
53
61
47
45
45
47
43
37
39
35
35
29
29
31
31
35
37
39
47
51
43
45
49
49
49
53
53
59
45
39
35
35
35
31
41
47
39
37
29
33
41
41
33
29
19
19
21
13
17
23
17
23
29
37
29
29
33
35
33
33
33
35
35
27
27
33
31
39
35
35
39
31
27
27
25
15
9
3
3
-1
-3
-1
3
-9
-19
-17
-15
-13
-21
-19
-19
-13
-13
-13
-5
-17
-15
-5
-1
3
1
9
9
9
5
1
-9
-7
-5
5
5
9
9
23
17
21
29
29
25
31
41
49
45
41
39
35
37
35
31
27
27
27
25
23
23
23
25
