-2619
-2619
-2619
-2617
-2605
-2595
-2587
-2581
-2567
-2567
-2551
-2551
-2543
-2533
-2523
-2515
-2499
-2493
-2487
-2477
-2465
-2449
-2443
-2433
-2433
-2425
-2415
-2407
-2401
-2391
-2389
-2389
-2379
-2371
-2359
-2359
-2349
-2339
-2329
-2325
-2321
-2315
-2303
-2297
-2299
-2293
-2291
-2285
-2271
-2271
-2265
-2265
-2259
-2251
-2245
-2243
-2237
-2223
-2215
-2215
-2215
-2215
-2211
-2213
-2205
-2205
-2201
-2187
-2183
-2183
-2169
-2163
-2155
-2153
-2151
-2151
-2147
-2147
-2149
-2145
-2143
-2143
-2139
-2129
-2127
-2115
-2105
-2095
-2085
-2085
-2083
-2083
-2071
-2063
-2049
-2037
-2037
-2025
-2019
-2017
-2015
-2015
-2015
-2003
-2001
-1997
-1997
-1987
-1979
-1977
-1967
-1961
-1961
-1961
-1953
-1953
-1947
-1943
-1939
-1933
-1933
-1923
-1919
-1909
-1901
-1901
-1899
-1885
-1877
-1867
-1861
-1853
-1841
-1833
-1835
-1827
-1829
-1829
-1829
-1829
-1821
-1821
-1805
-1795
-1793
-1783
-1779
-1765
-1757
-1757
-1753
-1743
-1735
-1735
-1731
-1723
-1731
-1723
-1719
-1711
-1719
-1715
-1707
-1701
-1699
-1701
-1695
-1697
-1697
-1691
-1697
-1689
-1689
-1681
-1679
-1681
-1677
-1671
-1671
-1665
-1657
-1651
-1651
-1641
-1631
-1625
-1615
-1609
-1595
-1595
-1587
-1579
-1575
-1575
-1569
-1561
-1557
-1557
-1553
-1545
-1535
-1523
-1517
-1507
-1499
-1499
-1495
-1495
-1487
-1475
-1475
-1459
-1455
-1455
-1447
-1447
-1439
-1439
-1437
-1431
-1437
-1437
-1439
-1437
-1433
-1441
-1435
-1433
-1427
-1421
-1413
-1407
-1405
-1405
-1409
-1409
-1403
-1393
-1389
-1389
-1381
-1377
-1375
-1373
-1373
-1367
-1367
-1359
-1345
-1337
-1331
-1333
-1331
-1331
-1315
-1315
-1303
-1299
-1299
-1299
-1299
-1285
-1281
-1273
-1265
-1273
-1269
-1263
-1263
-1263
-1265
-1269
-1275
-1269
-1269
-1263
-1267
-1267
-1265
-1263
-1261
-1255
-1251
-1241
-1243
-1239
-1247
-1239
-1231
-1231
-1237
-1237
-1237
-1237
-1237
-1231
-1219
-1213
-1201
-1195
-1203
-1207
-1203
-1203
-1207
-1201
-1197
-1211
-1219
-1221
-1209
-1203
-1201
-1195
-1193
-1195
-1195
-1191
-1189
-1181
-1181
-1181
-1179
-1177
-1177
-1167
-1173
-1167
-1167
-1167
-1167
-1171
-1169
-1165
-1161
-1149
-1141
-1147
-1143
-1149
-1149
-1145
-1143
-1147
-1147
-1141
-1141
-1139
-1139
-1127
-1127
-1119
-1111
-1105
-1105
-1099
-1095
-1087
-1085
-1071
-1053
-1055
-1055
-1057
-1047
-1047
-1047
-1047
-1047
-1047
-1041
-1039
-1033
-1039
-1025
-1019
-1019
-1023
-1029
-1027
-1021
-1013
-1009
-1009
-1011
-999
-991
-985
-979
-979
-981
-977
-969
-969
-969
-967
-965
-961
-955
-955
-947
-941
-937
-931
-939
-933
-921
-915
-909
-909
-903
-895
-895
-891
-885
-875
-877
-883
-883
-883
-883
-877
-873
-873
-875
-875
-877
-877
-869
-863
-863
-851
-853
-855
-855
-849
-851
-857
-857
-855
-849
-839
-839
-833
-841
-833
-831
-831
-823
-823
-829
-829
-825
-825
-825
-813
-817
-817
-811
-809
-809
-807
-807
-801
-797
-799
-801
-799
-795
-791
-787
-775
-773
-779
-779
-779
-779
-775
-771
-761
-755
-749
-745
-747
-739
-739
-737
-733
-725
-719
-719
-719
-717
-719
-719
-711
-711
-719
-719
-707
-703
-703
-701
-701
-695
-689
-697
-693
-687
-687
-687
-687
-689
-691
-689
-689
-697
-701
-711
-711
-711
-719
-721
-725
-717
-717
-715
-713
-719
-719
-717
-711
-705
-695
-689
-679
-679
-681
-673
-661
-655
-649
-641
-645
-649
-649
-645
-643
-651
-649
-643
-643
-645
-639
-625
-625
-633
-629
-629
-633
-627
-625
-623
-619
-613
-613
-613
-605
-601
-601
-605
-613
-613
-605
-601
-599
-591
-597
-591
-585
-583
-579
-577
-573
-573
-573
-569
-563
-563
-559
-563
-563
-567
-559
-563
-565
-563
-563
-569
-569
-569
-565
-561
-551
-557
-555
-551
-557
-563
-563
-563
-565
-563
-563
-565
-565
-565
-569
-559
-555
-541
-535
-537
-531
-529
-519
-507
-511
-493
-493
-493
-485
-489
-489
-485
-485
-495
-485
-491
-487
-483
-485
-491
-481
-481
-475
-469
-469
-469
-475
-471
-477
-477
-477
-481
-497
-487
-487
-477
-473
-469
-469
-471
-469
-475
-469
-465
-465
-467
-461
-455
-455
-463
-461
-457
-447
-435
-431
-429
-425
-425
-417
-417
-423
-423
-421
-419
-419
-403
-399
-395
-397
-397
-397
-405
-413
-421
-421
-423
-423
-413
-411
-409
-405
-405
-409
-413
-413
-413
-413
-417
-417
-421
-421
-415
-417
-425
-421
-421
-417
-411
-405
-403
-403
-403
-405
-409
-405
-395
-395
-385
-373
-375
-373
-367
-371
-371
-361
-355
-357
-355
-349
-347
-347
-339
-331
-329
-329
-327
-329
-331
-335
-341
-341
-341
-343
-343
-339
-341
-341
-341
-341
-341
-339
-339
-333
-331
-333
-327
-321
-317
-323
-325
-325
-325
-325
-325
-327
-327
-323
-319
-323
-327
-321
-323
-325
-317
-319
-325
-319
-321
-315
-313
-315
-311
-311
-307
-307
-299
-299
-289
-289
-285
-281
-287
-287
-281
-281
-281
-285
-287
-299
-295
-295
-299
-285
-289
-283
-283
-287
-293
-285
-283
-283
-283
-279
-283
-291
-289
-289
-301
-299
-301
-305
-305
-299
-299
-287
-283
-283
-277
-265
-253
-253
-253
-255
-249
-249
-241
-239
-235
-235
-235
-229
-227
-225
-213
-215
-215
-205
-199
-203
-203
-199
-193
-197
-199
-189
-201
-197
-197
-197
-191
-185
-185
-185
-179
-189
-181
-179
-173
-185
-189
-189
-187
-197
-197
-197
-193
-197
-189
-179
-167
-155
-155
-155
-167
-167
-157
-153
-151
-149
-155
-149
-143
-147
-147
-143
-143
-147
-141
-149
-139
-141
-141
-145
-139
-131
-129
-127
-139
-139
-149
-137
-145
-139
-141
-149
-149
-153
-153
-155
-149
-145
-147
-151
-159
-159
-155
-159
-159
-163
-159
-161
-161
-171
-177
-171
-171
-175
-175
-177
-177
-185
-183
-175
-175
-175
-173
-173
-159
-159
-159
-155
-157
-159
-159
-155
-153
-141
-133
-131
-131
-129
-125
-121
-121
-121
-121
-117
-105
-115
-115
-107
-105
-93
-91
-91
-91
-91
-95
-89
-89
-93
-97
-101
-95
-95
-95
-97
-97
-105
-99
-97
-97
-91
-91
-91
-95
-97
-93
-89
-83
-85
-81
-83
-81
-81
-93
-95
-95
-89
-81
-77
-83
-83
-89
-89
-89
-95
-103
-97
-99
-107
-107
-109
-113
-115
-117
-117
-117
-117
-127
-115
-111
-111
-109
-119
-113
-111
-113
-109
-113
-117
-115
-115
-111
-105
-109
-103
-97
-93
-87
-93
-93
-93
-81
-87
-91
-83
-81
-81
-81
-89
-89
-89
-89
-87
-87
-85
-87
-79
-75
-69
-63
-73
-65
-69
-53
-47
-51
-47
-51
-51
-55
-55
-55
-55
-57
-53
-53
-55
-49
-49
-51
-49
-49
-49
-45
-45
-45
-41
-37
-33
-35
-41
-41
-35
-35
-33
-33
-39
-39
-29
-21
-27
-23
-21
-17
-17
-13
-13
-11
-15
-15
-7
-9
-9
-9
-9
-5
7
19
11
11
9
11
9
5
11
11
13
13
7
7
5
-3
-7
-13
-9
-9
-11
-9
-3
7
7
9
9
-1
-1
1
-7
-7
-7
-1
3
-1
-1
3
-9
-9
-7
-5
-5
-1
-5
-5
-5
-7
-7
-5
-7
-3
-15
-13
-13
-21
-25
-25
-25
-25
-17
-13
-13
-23
-23
-29
-29
-37
-37
-31
-33
-31
-27
-21
-23
-29
-19
-13
-17
-17
-17
-11
-19
-13
-11
-15
-21
-21
-17
-9
-7
-7
-13
-11
-17
-15
-15
-9
-9
-9
-5
-11
-17
-17
-17
-9
-1
-1
-1
3
3
1
11
11
11
9
-3
1
-5
-9
-9
-15
-15
-19
-31
-17
-29
-29
-23
-29
-35
-29
-35
-33
-29
-21
-33
-29
-25
-21
-27
-23
-19
-17
-27
-21
-21
-17
-21
-21
-27
-15
-21
-25
-25
-21
-9
-1
5
5
-3
-9
-9
-9
-9
-7
-7
-5
3
-7
3
5
-5
-5
-3
-5
-1
1
-5
5
11
11
19
21
13
11
3
3
7
7
15
17
19
19
17
25
19
17
13
7
5
9
13
13
17
15
15
25
27
27
29
19
15
7
5
-1
-1
5
5
3
9
5
-7
-13
-13
-9
-11
-11
-11
-13
-13
-11
-15
-19
-15
-23
-25
-27
-31
-31
-35
-37
-37
-37
-21
-17
-23
-29
-21
-21
-25
-35
-31
-31
-25
-23
-23
-17
-15
-15
-15
-11
-11
-9
-1
-1
1
-1
-3
-3
-11
-19
-9
-11
-3
3
11
11
11
11
9
11
11
17
21
25
19
19
17
15
17
21
27
17
21
21
23
27
25
33
35
19
19
13
13
17
13
17
17
19
19
29
37
45
49
51
57
59
59
57
61
63
63
69
69
69
69
63
59
51
59
59
67
67
69
69
75
75
75
65
61
61
63
53
51
51
55
59
53
51
47
37
47
41
45
43
31
27
17
23
29
25
25
23
25
27
21
15
15
21
21
37
37
39
37
31
23
27
35
29
39
43
35
27
31
29
29
29
17
15
9
23
23
11
7
3
-1
3
3
3
5
-1
-1
-1
-5
-5
-5
-5
-5
-11
-11
-13
-19
-19
-17
-11
-11
-11
-15
-7
-5
-5
-3
-1
-1
-5
5
1
-11
-5
-3
11
19
27
29
35
43
43
47
43
35
35
33
27
21
21
29
29
29
21
27
23
27
23
23
25
23
29
23
23
23
17
19
19
19
27
27
27
21
25
25
27
31
33
35
37
39
47
51
51
53
57
45
47
47
47
45
45
49
51
49
51
53
53
53
53
53
53
47
47
43
43
45
53
53
41
43
43
39
37
37
45
45
47
53
57
57
49
55
59
55
53
57
59
63
67
67
77
83
83
79
79
79
89
85
89
89
89
97
101
99
99
107
107
107
107
111
113
115
117
123
119
119
117
115
115
121
121
127
125
129
129
135
127
125
127
131
131
121
127
123
123
117
121
121
121
123
123
125
121
115
115
113
99
99
95
89
101
105
101
99
97
97
91
95
93
95
93
97
97
99
99
103
101
97
93
83
81
87
87
95
95
97
103
101
101
105
107
107
95
97
103
97
93
91
91
97
93
83
85
83
83
83
83
79
85
87
89
85
83
89
93
93
99
103
111
107
113
117
115
113
109
117
125
121
115
107
105
105
105
117
117
127
133
137
133
129
119
135
137
125
129
129
133
133
135
133
133
121
123
125
125
125
131
137
129
127
123
123
127
121
117
115
105
113
109
103
99
101
93
99
97
97
97
97
87
87
83
81
87
87
91
87
89
93
91
85
89
87
87
87
85
85
87
87
87
85
85
81
81
73
71
71
71
69
69
71
69
83
83
83
85
85
93
93
93
93
93
97
95
99
99
93
101
101
99
101
93
95
91
99
101
89
89
83
79
79
79
83
87
87
87
89
93
95
91
91
83
81
77
71
71
69
69
63
57
57
57
51
55
57
57
65
59
55
55
51
53
61
63
63
59
63
63
63
65
63
65
65
63
65
73
77
77
75
75
79
75
67
67
67
63
61
65
67
67
67
69
69
67
67
67
69
67
69
57
57
59
51
57
53
53
53
57
59
53
45
45
43
47
55
51
51
53
61
65
61
63
63
57
61
59
49
49
49
47
47
37
41
37
37
39
39
33
29
33
43
37
35
35
29
19
23
23
23
29
35
43
47
45
45
49
55
61
51
43
45
35
43
37
39
33
37
39
45
45
43
41
41
49
49
49
53
61
71
67
67
71
71
71
71
69
73
75
81
87
99
87
87
93
89
89
85
89
83
87
93
95
93
101
115
107
107
103
95
89
89
97
99
91
87
91
93
97
105
113
113
105
105
109
109
105
105
105
105
109
103
105
107
107
107
115
103
97
89
91
85
77
87
85
81
89
89
87
83
85
79
79
77
83
81
81
75
73
73
71
71
75
75
67
67
67
65
65
69
67
67
65
69
61
61
65
65
65
63
65
59
57
57
61
51
53
39
51
53
53
53
51
51
55
63
69
69
65
73
75
67
63
67
67
67
75
79
77
67
67
67
65
65
65
69
69
67
63
73
81
79
83
87
81
87
81
75
71
71
69
59
65
61
65
65
67
69
81
75
83
79
83
89
95
95
97
105
97
111
107
111
115
119
123
121
121
127
127
131
137
125
129
129
129
129
131
133
133
133
127
127
129
129
121
111
115
107
107
115
113
111
109
113
113
117
105
105
105
99
95
93
85
81
81
85
91
93
89
93
101
109
109
109
109
105
105
103
103
103
109
109
109
109
113
111
113
115
113
113
113
123
123
123
123
123
123
121
129
123
119
115
117
115
117
123
125
119
117
123
123
131
131
145
145
145
145
145
145
145
147
151
149
147
137
131
141
155
153
161
161
159
153
155
167
167
167
167
163
161
163
167
169
165
165
163
167
167
155
157
157
163
159
159
161
161
161
165
173
171
169
161
159
167
169
169
169
169
169
169
171
177
187
187
185
185
179
183
191
189
195
195
189
191
193
193
191
201
211
211
207
211
211
213
213
215
211
215
215
209
209
203
207
207
207
205
203
207
207
213
213
207
207
205
207
199
197
205
211
211
209
201
195
193
189
187
181
183
185
185
187
187
187
187
187
181
185
179
173
179
179
175
165
163
157
159
169
163
161
161
161
155
155
157
143
145
147
139
143
145
135
139
133
133
133
141
143
145
145
145
141
135
135
135
135
135
135
135
127
121
127
127
131
125
139
133
131
139
141
137
139
145
143
149
143
143
157
157
151
157
155
155
155
155
155
145
145
147
147
147
147
153
159
159
159
161
161
161
167
167
167
173
173
175
181
179
181
177
177
177
179
185
179
191
191
191
191
187
183
193
179
187
183
183
183
183
185
187
197
197
195
195
203
203
203
215
223
217
217
217
203
203
211
203
203
201
197
209
217
217
217
217
229
237
237
237
241
243
247
247
239
239
233
233
235
235
227
225
225
231
231
227
229
223
223
223
221
217
211
207
207
199
193
191
199
199
199
199
201
201
199
199
203
207
203
201
201
201
203
213
211
207
219
211
209
209
211
211
213
215
215
215
215
209
199
199
199
203
201
195
195
199
203
211
211
215
217
217
219
221
221
233
231
235
235
249
249
251
261
269
273
263
263
255
255
253
255
247
241
237
239
231
241
241
239
243
247
247
245
239
237
237
245
239
243
253
257
249
245
245
239
239
233
237
237
229
229
233
229
233
235
237
231
223
217
213
209
215
219
215
217
221
215
215
217
219
215
217
217
221
227
229
229
229
233
233
231
235
223
233
233
233
237
235
237
233
233
233
233
241
237
237
237
231
227
221
221
229
229
223
227
225
233
233
233
229
225
229
235
235
237
233
229
231
229
223
223
229
227
229
223
221
229
219
219
223
221
235
233
231
235
237
237
231
237
231
231
227
217
217
217
225
227
227
227
231
231
225
225
221
233
239
241
241
249
255
255
249
241
241
237
237
239
237
233
233
237
241
235
237
235
233
233
227
227
227
217
217
211
215
213
205
211
211
211
213
213
213
213
213
213
205
203
203
199
199
199
191
199
199
189
191
193
195
195
193
201
211
205
215
215
227
223
221
225
223
229
229
235
223
229
221
229
231
225
227
227
227
227
217
213
219
225
219
213
205
205
205
209
207
199
197
187
185
185
185
175
169
173
173
173
173
171
177
181
185
187
181
173
171
175
175
171
161
161
159
159
159
161
157
155
165
163
163
159
159
157
157
157
165
171
177
177
179
177
181
173
173
173
175
173
183
175
177
177
173
171
169
169
165
165
165
177
181
175
181
187
187
175
175
173
167
161
157
165
165
165
165
167
171
167
167
161
155
163
163
153
153
155
161
147
139
137
133
135
131
133
133
133
131
137
135
141
137
137
145
141
145
149
149
157
155
155
161
169
173
177
185
179
181
181
175
177
175
177
177
177
167
167
163
177
175
179
181
177
177
177
177
177
173
167
173
173
179
179
181
187
189
189
183
179
179
177
177
181
187
195
197
191
193
189
181
181
185
193
193
187
187
183
183
183
179
175
175
167
163
165
167
167
173
173
165
165
163
167
167
163
163
163
169
161
157
157
155
155
157
169
167
153
153
155
149
145
145
135
135
127
135
139
127
129
127
125
121
121
111
111
109
109
113
113
113
117
107
103
103
107
101
101
101
97
97
95
87
87
89
101
103
97
93
97
97
97
101
95
89
85
85
85
83
77
77
83
83
83
83
75
73
63
59
57
59
59
71
79
83
83
93
93
97
99
101
105
111
109
113
109
105
101
101
99
99
97
97
107
105
109
117
123
123
125
125
125
129
137
137
137
133
135
135
133
133
141
149
147
147
151
159
155
149
149
153
159
153
157
161
161
153
153
163
165
163
173
177
181
181
183
177
167
179
179
183
183
189
189
179
175
181
179
169
161
159
171
165
169
169
169
169
169
159
159
169
165
171
171
171
175
163
163
155
151
151
143
141
133
141
141
149
149
151
141
149
153
153
155
159
169
167
173
161
159
149
147
147
149
149
151
149
145
149
143
137
141
141
141
143
137
139
137
137
135
143
149
149
147
139
147
143
153
145
151
161
153
145
133
141
143
145
145
145
139
131
129
137
137
137
135
135
129
123
125
133
129
129
129
129
133
135
139
139
125
129
139
139
141
145
139
141
141
145
137
149
143
139
133
129
137
135
125
133
131
131
135
135
137
133
133
129
115
125
117
123
125
117
113
115
117
117
119
119
125
125
115
115
117
117
117
121
113
107
111
113
113
117
119
113
111
121
113
119
119
127
127
119
117
117
123
127
127
131
129
119
119
111
113
113
103
89
81
85
83
77
87
87
91
95
85
79
75
75
75
71
61
61
61
57
65
67
67
75
71
69
75
65
53
57
59
61
73
69
69
77
79
87
101
101
117
117
119
127
117
117
113
109
109
107
103
107
107
113
111
103
105
113
103
103
93
85
73
71
79
79
71
69
69
65
65
65
75
69
75
81
91
93
93
97
107
101
99
97
109
105
111
111
111
107
107
107
107
103
101
105
105
101
101
103
97
99
99
93
101
109
109
119
115
115
107
115
121
111
121
117
119
121
123
129
129
135
137
143
143
143
145
151
149
149
153
147
155
149
149
147
153
153
153
157
157
159
153
153
143
143
147
149
147
147
139
127
115
105
105
107
107
109
109
95
93
87
87
79
75
79
81
77
75
75
73
71
71
65
65
65
63
73
79
69
65
65
73
73
75
83
83
81
77
79
79
91
91
93
93
93
89
93
93
93
93
87
91
101
101
97
91
95
103
103
107
103
113
119
135
149
149
137
137
143
141
141
135
131
125
121
127
121
109
107
99
105
107
113
117
125
135
135
129
131
131
127
131
125
123
125
137
137
137
137
145
145
155
155
165
161
163
161
161
155
155
151
149
149
143
143
153
153
165
165
161
159
157
161
165
173
175
173
163
155
159
157
159
159
169
169
173
175
169
169
165
167
175
165
173
173
169
173
185
179
171
177
177
169
169
165
171
167
179
183
183
183
189
193
195
191
199
199
199
195
197
189
183
191
193
189
193
193
187
189
189
189
197
201
199
199
199
191
199
205
197
195
189
187
179
177
183
185
187
181
189
183
185
187
191
181
189
187
189
183
193
193
189
187
185
185
191
187
191
185
189
189
191
203
203
203
211
211
219
219
207
209
199
199
199
199
199
205
211
207
207
207
207
199
197
199
199
197
197
199
203
201
201
201
207
197
201
209
205
197
193
193
197
189
193
197
193
191
187
181
181
183
183
179
171
169
165
161
161
163
163
163
163
155
157
149
153
153
155
153
151
159
161
165
163
163
169
167
175
181
177
169
173
167
163
169
171
169
165
169
167
167
169
163
163
163
163
167
167
163
159
159
153
151
153
147
145
145
147
153
151
147
145
141
147
147
155
159
163
163
171
171
169
171
171
169
169
165
167
167
167
163
167
169
177
173
179
175
177
173
173
173
175
179
175
177
177
175
179
175
179
177
183
185
187
195
197
199
199
201
201
201
189
181
179
173
165
169
173
171
167
167
167
177
181
171
177
179
177
173
163
167
167
169
173
179
179
185
187
183
183
181
181
169
171
177
177
171
169
173
163
161
153
151
151
149
153
151
147
139
145
145
151
147
147
129
131
135
137
135
131
123
117
115
111
103
99
97
99
103
103
109
113
117
113
127
127
129
123
125
121
133
133
135
127
119
121
121
121
121
119
113
119
123
119
125
129
135
139
139
139
145
147
151
155
151
151
147
145
153
149
141
137
137
139
135
135
141
135
127
135
135
139
141
141
145
157
155
161
161
167
171
183
183
183
185
183
183
187
187
193
193
195
197
195
195
189
185
185
185
193
193
193
189
193
199
213
205
203
203
207
213
217
219
215
211
211
215
213
213
203
211
209
209
207
195
203
195
193
183
179
175
183
179
185
175
169
169
169
173
171
171
167
175
175
165
163
155
153
151
151
151
151
153
153
153
155
149
145
145
145
145
145
147
141
147
155
163
163
163
165
165
171
177
177
175
177
181
181
193
193
189
189
189
189
197
197
197
203
199
199
195
195
197
197
199
197
199
197
203
205
215
213
219
221
213
207
203
197
203
209
207
215
223
221
229
231
235
235
243
241
245
253
243
243
241
241
233
235
235
235
239
245
245
245
247
247
245
245
245
245
249
249
247
245
251
251
251
245
239
237
231
227
227
233
227
227
223
223
223
213
217
215
217
217
211
211
217
215
209
209
209
209
221
219
227
229
231
231
231
231
231
231
231
231
231
221
225
221
221
209
211
205
205
215
207
203
213
219
217
213
211
219
219
217
217
209
209
197
199
203
211
207
207
203
203
201
201
201
201
205
209
203
197
195
191
191
191
199
197
201
199
191
189
189
187
191
195
193
195
189
189
185
187
187
191
193
191
193
195
191
181
191
187
193
199
185
189
189
189
193
193
185
189
189
189
185
187
187
177
165
163
157
155
155
153
157
147
149
153
159
153
151
149
149
147
141
141
143
137
131
133
129
133
135
135
135
139
137
141
129
131
137
143
149
157
151
147
145
139
143
139
131
123
133
133
139
147
145
145
133
133
133
135
145
139
137
137
137
131
123
113
105
105
99
105
95
99
101
101
101
101
95
99
99
85
79
77
77
65
59
55
51
59
59
49
49
55
55
67
67
67
61
55
61
69
65
61
57
61
57
53
53
51
51
57
63
73
73
75
63
63
57
69
69
67
65
67
71
61
51
51
51
51
51
51
51
51
53
59
59
67
63
59
63
63
55
47
49
45
53
49
53
57
51
53
41
41
41
33
47
51
47
45
43
43
41
53
59
61
69
67
67
63
63
63
65
57
67
71
69
75
71
75
77
81
73
73
83
83
85
83
85
87
79
77
79
89
79
73
73
75
75
83
83
79
75
83
83
67
67
61
61
55
59
59
67
65
77
69
73
73
69
69
73
71
71
67
67
65
65
63
63
77
77
81
73
75
73
73
73
71
67
77
81
83
79
79
93
91
91
85
91
85
93
93
89
81
81
77
79
87
97
97
97
103
103
105
93
87
83
81
77
83
83
89
79
79
83
87
89
89
101
99
95
95
93
97
103
95
89
89
87
87
85
85
89
87
87
87
87
85
81
81
75
75
75
85
87
79
75
73
75
75
75
75
77
75
79
79
83
93
91
95
101
89
93
97
109
115
121
115
103
107
107
111
109
119
121
117
117
107
111
123
125
125
125
123
117
115
127
127
125
117
113
111
109
107
113
113
113
113
111
111
121
131
131
137
135
135
133
121
119
121
125
125
127
129
127
125
127
137
143
143
145
153
155
155
147
145
143
151
155
155
153
149
153
167
171
169
177
183
169
177
175
181
183
191
193
191
195
195
201
201
201
199
201
195
191
197
197
199
191
187
191
199
197
197
191
191
199
195
195
201
197
197
205
205
205
205
207
207
213
209
211
213
201
203
203
199
193
193
193
193
185
173
177
187
187
201
201
209
217
217
215
219
217
211
211
211
215
209
203
203
203
207
207
203
207
207
209
209
209
209
209
209
207
209
211
207
213
207
207
195
195
203
203
209
209
209
207
207
207
207
207
205
207
215
211
211
209
217
213
225
229
235
239
233
233
229
225
225
229
229
227
233
235
223
223
223
225
233
229
233
235
229
225
221
213
209
205
209
209
211
203
203
207
213
217
217
223
223
223
227
229
229
239
235
241
235
235
235
235
239
243
243
241
251
251
251
255
263
257
257
251
251
249
235
245
247
245
239
235
241
241
245
247
247
255
253
247
251
255
251
251
241
241
247
247
253
247
253
249
257
251
241
241
243
243
247
255
255
255
255
263
263
257
257
257
261
265
271
275
281
281
283
277
277
277
281
277
275
275
273
275
275
275
271
271
273
265
271
271
273
273
261
267
267
265
261
255
259
259
269
269
267
267
267
267
271
275
279
279
279
279
279
281
287
287
285
283
279
279
283
283
283
283
277
275
267
279
273
281
289
289
285
287
291
291
293
299
303
303
301
307
309
309
309
313
313
309
309
309
313
319
311
313
321
317
321
321
317
319
319
315
319
319
319
307
303
309
309
309
303
301
301
293
297
297
293
295
293
295
293
289
277
279
283
299
301
303
311
307
311
313
323
331
323
321
321
313
311
315
315
301
301
297
297
297
295
293
295
297
289
293
285
281
279
273
279
285
273
273
281
275
269
269
265
263
263
263
257
257
257
257
251
251
251
249
249
247
241
233
235
239
239
239
239
243
247
243
241
241
247
249
255
255
251
251
249
247
247
255
255
255
261
259
255
261
257
261
257
257
259
251
239
241
243
245
247
259
259
269
265
261
253
253
265
261
261
265
271
275
287
283
279
275
277
275
275
275
277
269
265
273
273
267
267
265
265
269
265
259
261
261
261
271
275
281
291
291
291
291
291
289
289
289
285
277
283
285
283
283
283
287
289
287
291
291
295
303
295
285
285
285
285
285
285
295
301
301
297
289
287
281
283
277
279
275
271
273
269
269
269
263
261
253
247
245
255
249
259
265
265
265
269
275
267
259
263
263
257
249
249
249
253
249
253
249
255
243
245
247
251
257
249
243
241
239
241
241
251
247
251
251
259
257
263
265
261
269
273
277
275
269
269
269
279
269
273
269
269
271
263
263
271
271
271
275
275
267
267
263
265
259
255
261
257
247
259
265
261
259
259
259
259
263
263
259
259
257
257
259
265
265
259
259
261
263
261
257
253
267
267
269
267
263
267
269
263
259
261
259
263
261
261
261
265
263
269
269
263
261
263
263
259
261
257
257
259
259
261
261
255
251
249
263
261
265
271
271
269
267
267
263
261
265
271
267
269
269
269
261
253
253
253
253
253
253
253
253
253
251
255
245
245
249
257
257
257
267
269
269
257
265
273
275
275
285
295
289
291
283
283
293
293
295
293
299
299
299
297
297
299
295
291
299
299
305
305
299
295
287
287
289
295
295
301
287
283
299
299
299
293
295
299
303
299
299
299
301
299
289
293
299
295
293
293
293
283
283
285
279
273
273
273
283
283
275
277
277
269
271
271
261
267
267
261
257
257
257
257
257
253
245
247
249
247
239
227
223
223
221
219
219
217
217
217
217
217
223
225
231
231
221
217
217
219
219
221
217
217
217
223
223
223
223
225
237
241
235
225
227
227
227
227
229
227
227
225
219
215
215
215
225
231
233
237
235
239
233
233
225
221
219
213
215
219
217
217
217
219
225
215
215
201
203
207
207
213
223
219
209
197
187
171
171
163
169
173
173
177
181
181
181
187
197
197
193
203
209
209
199
199
193
193
197
193
203
205
205
203
209
215
211
207
207
211
205
211
211
205
205
197
195
203
205
207
203
203
203
207
211
215
205
205
205
201
195
189
195
195
195
205
197
197
195
201
201
199
211
211
211
211
205
205
205
205
203
199
197
197
197
195
195
191
185
179
175
175
169
173
173
173
167
167
167
167
179
183
183
189
185
201
207
207
207
215
215
215
215
213
217
219
221
223
215
215
211
207
215
215
221
217
221
219
219
219
215
207
209
201
201
199
191
185
183
183
183
179
179
177
177
177
183
183
175
171
167
175
171
179
179
183
183
179
179
187
177
183
179
187
187
187
185
187
181
181
189
193
201
203
207
205
205
205
209
209
213
219
229
215
215
229
219
235
231
225
219
219
225
225
221
223
223
215
219
217
211
203
203
215
209
215
209
215
207
205
199
205
201
201
209
211
211
201
201
199
203
205
191
187
191
183
183
183
185
187
177
181
177
185
173
173
173
173
173
171
157
159
159
153
153
163
163
165
159
153
153
157
159
159
157
157
153
167
169
169
169
167
169
161
149
145
149
151
151
151
161
165
161
159
153
153
149
159
159
155
151
151
153
153
153
151
151
159
155
165
165
167
159
163
165
159
157
157
157
159
165
165
171
169
171
173
179
179
187
187
185
181
171
171
171
171
179
171
167
169
159
165
163
165
155
153
157
157
151
151
153
153
151
151
155
159
153
149
157
157
159
155
155
161
153
153
153
147
143
141
145
145
145
143
145
145
151
149
153
153
153
143
143
143
143
135
133
125
131
135
123
137
137
131
139
135
135
139
139
139
135
135
139
141
145
155
161
155
153
157
157
163
163
161
163
171
177
179
185
173
167
167
165
169
173
159
157
167
173
173
177
169
169
169
175
181
179
175
173
177
183
187
189
191
183
185
187
189
183
185
191
191
195
195
197
209
209
205
205
203
203
199
205
205
199
199
197
207
207
203
195
203
195
195
199
191
189
191
191
191
193
189
189
197
195
201
205
205
199
191
205
205
203
197
199
199
195
203
201
205
205
201
201
203
207
207
207
207
203
205
205
207
211
211
221
211
211
211
209
213
207
205
207
207
213
215
213
209
215
207
207
215
215
211
213
215
209
207
207
203
203
203
201
207
207
201
203
197
201
197
199
199
199
199
193
193
191
179
173
179
177
179
181
179
181
183
185
185
183
181
185
187
185
179
173
177
177
177
177
175
171
171
171
169
161
165
159
167
167
165
163
163
163
171
159
159
159
167
169
169
183
179
177
171
173
173
167
167
167
165
151
151
151
147
151
151
151
163
157
155
153
159
161
165
167
169
169
169
175
175
175
171
171
171
175
183
191
191
193
183
181
177
175
163
165
173
177
183
187
187
187
183
183
175
179
185
181
185
179
173
177
179
179
191
197
197
197
209
205
195
193
189
189
185
189
187
181
181
175
177
177
165
165
165
161
161
157
157
157
157
163
167
171
163
163
169
173
167
175
177
165
161
153
157
163
159
151
151
143
145
143
143
141
141
141
143
143
143
137
137
133
129
125
129
137
137
139
137
137
125
131
135
135
129
129
129
135
135
137
133
135
135
131
131
139
147
147
155
155
155
151
153
153
153
153
149
143
145
145
145
145
151
155
165
165
165
163
159
159
161
157
157
153
157
157
157
155
163
159
161
155
147
135
135
127
137
133
129
129
125
125
129
123
117
119
121
117
111
111
107
109
107
101
89
101
93
91
91
83
87
87
93
93
91
91
83
83
89
85
91
97
97
91
95
95
95
101
107
115
111
113
127
127
141
143
149
141
137
137
131
133
133
137
137
135
135
127
127
125
127
131
137
141
139
155
157
153
151
149
145
145
141
135
137
135
137
133
127
127
121
115
109
109
117
113
109
109
103
105
113
111
103
107
107
113
113
113
123
119
125
139
139
135
139
141
141
141
133
129
127
129
139
149
147
145
147
147
143
137
135
119
115
113
113
115
117
119
121
121
121
111
109
111
117
109
107
119
119
119
115
115
115
127
125
125
123
113
113
125
123
121
121
121
113
109
107
99
99
99
95
97
105
109
105
109
105
109
107
107
101
111
105
113
109
107
99
93
93
93
105
99
89
85
83
81
83
87
87
87
87
87
87
89
89
77
75
71
63
55
55
45
33
33
33
35
31
27
25
25
19
29
29
29
31
39
29
33
39
39
33
33
23
23
25
17
17
17
19
19
21
23
25
17
21
31
31
39
35
39
45
43
49
47
47
49
47
47
39
39
39
43
45
51
59
55
57
49
45
53
45
49
47
47
41
47
51
51
51
41
31
33
31
37
37
39
39
45
55
55
59
71
71
67
61
65
75
71
77
67
77
75
73
67
71
71
65
57
57
55
55
57
65
71
73
79
75
75
75
83
87
91
83
77
73
73
67
65
69
69
83
81
83
77
83
83
89
89
93
87
77
69
71
75
79
79
81
81
79
87
87
89
95
95
95
95
95
97
97
93
93
101
101
97
107
101
99
93
101
99
99
111
111
111
109
115
113
109
101
99
93
89
87
85
83
79
79
75
73
75
83
85
89
99
91
91
91
95
95
99
99
103
115
119
105
101
103
101
97
95
99
115
111
113
117
109
99
99
99
93
85
93
93
101
95
89
93
93
99
103
97
97
99
99
95
93
87
87
83
85
85
85
85
81
73
75
75
79
77
73
71
77
71
73
73
79
67
59
63
73
71
71
71
73
71
75
75
71
73
73
79
79
81
87
89
89
81
87
87
95
91
85
85
85
89
81
75
75
77
83
85
89
89
89
89
87
91
93
91
89
83
87
81
81
87
91
87
83
83
85
83
79
79
83
91
89
91
93
93
93
83
83
79
75
67
73
69
69
69
73
69
73
63
71
79
71
75
73
65
61
63
63
67
63
59
63
59
63
69
69
67
63
65
65
59
65
65
69
73
77
71
67
67
69
57
49
47
43
43
45
51
51
51
53
55
59
63
63
63
63
59
61
53
55
55
51
47
51
57
71
67
69
61
59
67
55
51
43
39
41
37
39
43
43
41
31
35
35
33
33
35
27
29
35
35
41
35
35
37
45
45
35
39
39
39
41
41
35
35
37
23
25
23
23
33
25
29
35
35
39
47
41
29
27
27
27
27
27
21
21
17
13
21
21
21
27
27
29
17
11
19
11
9
7
7
3
-1
1
5
3
-7
-7
-7
-7
-15
-21
-13
-13
-9
-9
1
1
3
3
9
11
5
-1
1
7
3
7
7
7
5
5
7
5
13
21
21
19
19
21
27
23
27
31
31
19
19
13
11
9
-1
-3
-7
-7
-3
-9
-7
-5
-1
-9
-1
7
7
11
11
7
11
7
1
-1
1
-11
-13
-9
-15
-5
-15
-21
-19
-15
-11
-13
-13
-15
-19
-25
-29
-31
-37
-37
-33
-31
-31
-41
-45
-41
-31
-33
-33
-33
-33
-31
-35
-27
-17
-17
-19
-11
-17
-15
-15
-15
-17
-17
-13
-3
-3
-3
-5
-3
-3
-3
-9
-9
-13
-13
-7
-9
-7
-9
-11
-11
-11
-11
-7
-7
-9
-19
-19
-19
-19
-31
-31
-39
-37
-29
-29
-23
-21
-27
-23
-31
-31
-29
-27
-27
-19
-19
-21
-11
-11
-7
-7
-1
-13
-13
-15
-25
-33
-31
-31
-31
-43
-45
-45
-39
-45
-37
-35
-39
-39
-37
-43
-39
-29
-33
-25
-23
-19
-19
-19
-25
-29
-21
-21
-17
-3
-5
-5
-5
3
1
5
7
7
9
9
11
13
11
3
3
1
1
7
1
1
-5
-11
-11
-11
-13
-13
-13
-23
-19
-5
-5
1
3
1
1
1
1
1
1
1
1
5
5
3
-3
-3
3
-5
-5
1
11
13
13
13
9
9
9
11
9
-1
-1
-11
-15
-5
-7
-1
-5
-11
-11
-11
-11
-15
-15
-17
-25
-23
-23
-23
-21
-19
-13
-13
-9
-5
-5
-9
-9
-7
-5
-5
-1
-3
-3
1
-7
1
-5
-1
-9
-3
-1
-5
-15
-17
-13
-31
-31
-33
-31
-29
-29
-33
-41
-41
-35
-35
-33
-33
-21
-17
-13
-15
-11
-11
-11
-7
-17
-17
-23
-29
-29
-21
-21
-17
-17
-17
-19
-19
-25
-23
-23
-21
-25
-21
-15
-15
-11
-9
-5
-5
-3
-3
-11
-9
-3
1
7
7
1
7
15
15
17
17
17
7
17
19
21
19
19
17
19
17
33
35
39
43
51
53
59
61
61
57
57
57
57
57
51
51
49
57
57
47
45
51
41
35
39
45
45
45
41
41
41
31
31
35
27
27
27
23
23
23
23
21
21
21
21
15
13
13
13
9
3
1
-9
-13
-17
-15
-15
-13
-15
-15
-17
-15
-25
-25
-31
-27
-33
-25
-29
-35
-33
-33
-29
-23
-25
-25
-31
-21
-19
-13
-3
3
1
1
1
-9
-7
-9
-7
-9
-9
-9
-9
-9
-1
3
3
3
-3
-15
-15
-7
-7
-7
-11
-19
-19
-17
-7
-5
7
3
-3
-11
-11
-5
-3
-5
-11
-17
-11
-11
-7
-9
-7
-9
-1
3
-3
-3
-1
-5
-7
-7
-7
-7
-5
-5
3
-1
5
1
5
1
7
7
3
3
-7
-5
-15
-17
-7
-7
1
1
-3
-5
-15
-15
-21
-15
-15
-15
-15
-17
-17
-15
-29
-37
-35
-35
-33
-23
-17
-17
-17
-17
-17
-17
-25
-23
-15
-19
-23
-15
-19
-23
-23
-19
-25
-25
-21
-23
-23
-27
-31
-41
-45
-45
-39
-47
-41
-39
-29
-25
-27
-21
-21
-29
-25
-23
-25
-29
-31
-33
-27
-31
-25
-17
-17
-15
-11
-11
-11
-7
3
-3
1
-3
1
-5
5
5
11
11
15
25
27
27
27
25
25
25
23
19
19
23
23
19
19
17
19
23
23
23
27
39
35
41
41
33
25
25
25
29
33
41
39
39
39
31
31
29
39
39
39
35
31
31
33
25
25
31
31
39
37
37
43
43
43
37
43
41
29
25
27
31
33
33
31
31
47
47
41
47
47
45
53
45
39
47
51
51
55
59
59
59
59
55
51
63
65
61
61
59
59
61
59
49
47
49
63
57
59
63
63
73
75
83
81
79
79
83
83
87
93
93
83
87
89
85
89
89
91
93
109
115
103
109
101
103
99
109
109
111
111
113
101
93
91
91
87
101
95
93
97
101
101
103
103
109
113
123
123
123
123
109
101
101
101
107
101
103
97
85
85
93
95
103
109
111
111
115
107
103
103
109
113
107
113
117
125
125
125
123
117
117
115
111
117
117
111
115
115
113
111
109
107
111
107
109
109
105
101
101
107
107
107
99
99
99
95
89
83
87
89
85
85
89
99
97
99
99
103
101
105
105
105
105
99
93
93
93
97
93
99
95
103
109
97
97
87
93
93
91
91
97
97
105
109
105
109
105
105
105
105
103
95
95
95
91
91
91
91
85
85
75
67
67
69
71
63
67
71
67
67
69
63
69
69
67
57
57
63
65
65
75
77
83
81
79
73
87
79
87
91
91
81
81
87
95
95
99
99
99
105
105
109
105
105
101
107
109
113
115
121
117
111
109
119
121
117
119
109
107
115
115
123
115
113
109
109
105
107
115
115
109
111
111
113
119
119
113
109
109
105
99
89
87
91
91
91
87
87
87
87
83
87
81
81
81
71
85
87
93
95
95
91
83
75
71
67
67
67
59
65
65
65
75
79
81
89
89
89
89
