-10464
-10454
-10454
-10448
-10436
-10436
-10442
-10442
-10442
-10432
-10432
-10424
-10416
-10408
-10396
-10392
-10392
-10392
-10392
-10392
-10396
-10396
-10388
-10376
-10376
-10376
-10376
-10374
-10374
-10372
-10364
-10358
-10358
-10344
-10344
-10344
-10336
-10328
-10328
-10328
-10324
-10326
-10318
-10318
-10310
-10310
-10294
-10294
-10294
-10294
-10294
-10282
-10282
-10282
-10282
-10276
-10276
-10272
-10266
-10266
-10266
-10266
-10260
-10256
-10240
-10240
-10234
-10234
-10222
-10222
-10216
-10214
-10208
-10208
-10208
-10206
-10206
-10194
-10194
-10184
-10184
-10184
-10178
-10172
-10172
-10166
-10166
-10158
-10148
-10148
-10148
-10148
-10148
-10136
-10136
-10136
-10128
-10122
-10112
-10112
-10106
-10106
-10104
-10104
-10104
-10104
-10098
-10098
-10096
-10096
-10088
-10078
-10078
-10078
-10060
-10050
-10050
-10050
-10044
-10040
-10030
-10020
-10020
-10012
-10012
-10006
-10002
-9996
-9986
-9986
-9986
-9988
-9986
-9974
-9970
-9970
-9966
-9954
-9954
-9948
-9948
-9944
-9944
-9944
-9938
-9938
-9938
-9938
-9936
-9936
-9924
-9924
-9918
-9918
-9918
-9912
-9912
-9912
-9900
-9900
-9900
-9900
-9894
-9884
-9876
-9876
-9880
-9874
-9874
-9870
-9866
-9862
-9862
-9858
-9856
-9856
-9856
-9842
-9842
-9846
-9842
-9842
-9838
-9838
-9832
-9830
-9830
-9824
-9816
-9804
-9806
-9806
-9806
-9798
-9798
-9798
-9798
-9798
-9788
-9784
-9776
-9776
-9776
-9776
-9776
-9760
-9760
-9760
-9760
-9752
-9742
-9732
-9732
-9722
-9712
-9712
-9706
-9690
-9678
-9670
-9670
-9668
-9668
-9664
-9664
-9660
-9652
-9652
-9648
-9648
-9640
-9628
-9628
-9618
-9618
-9616
-9606
-9606
-9602
-9602
-9588
-9588
-9588
-9588
-9586
-9586
-9586
-9578
-9576
-9568
-9568
-9568
-9568
-9560
-9556
-9550
-9550
-9550
-9538
-9540
-9540
-9540
-9540
-9530
-9530
-9530
-9528
-9522
-9514
-9500
-9500
-9500
-9500
-9502
-9490
-9472
-9472
-9468
-9468
-9468
-9456
-9452
-9440
-9440
-9432
-9428
-9412
-9412
-9412
-9412
-9412
-9408
-9416
-9408
-9404
-9400
-9400
-9386
-9382
-9376
-9372
-9372
-9368
-9362
-9352
-9348
-9346
-9338
-9332
-9332
-9326
-9320
-9308
-9304
-9304
-9290
-9292
-9286
-9286
-9276
-9276
-9276
-9264
-9256
-9256
-9252
-9252
-9252
-9242
-9242
-9242
-9232
-9226
-9226
-9226
-9218
-9218
-9208
-9208
-9208
-9196
-9196
-9192
-9192
-9194
-9190
-9190
-9188
-9188
-9188
-9188
-9184
-9184
-9184
-9174
-9174
-9174
-9174
-9168
-9168
-9162
-9160
-9160
-9160
-9160
-9160
-9160
-9144
-9144
-9138
-9122
-9122
-9122
-9118
-9112
-9106
-9106
-9098
-9094
-9090
-9090
-9090
-9090
-9090
-9082
-9082
-9070
-9062
-9062
-9054
-9064
-9056
-9056
-9048
-9048
-9042
-9042
-9042
-9042
-9038
-9038
-9038
-9028
-9016
-9012
-9012
-9012
-9012
-9004
-9002
-8988
-8988
-8988
-8984
-8978
-8966
-8966
-8956
-8954
-8946
-8936
-8936
-8926
-8926
-8918
-8914
-8904
-8896
-8896
-8896
-8896
-8888
-8884
-8878
-8868
-8868
-8858
-8848
-8842
-8842
-8842
-8834
-8826
-8818
-8818
-8808
-8808
-8804
-8802
-8796
-8796
-8788
-8788
-8778
-8774
-8774
-8774
-8770
-8770
-8770
-8770
-8758
-8756
-8756
-8756
-8756
-8758
-8750
-8750
-8750
-8742
-8732
-8724
-8724
-8724
-8724
-8724
-8724
-8720
-8720
-8720
-8720
-8720
-8720
-8720
-8716
-8706
-8696
-8686
-8686
-8676
-8666
-8668
-8664
-8658
-8660
-8660
-8654
-8654
-8660
-8648
-8646
-8646
-8644
-8638
-8626
-8626
-8626
-8626
-8624
-8618
-8618
-8610
-8612
-8614
-8614
-8614
-8614
-8604
-8604
-8604
-8604
-8604
-8594
-8594
-8594
-8594
-8586
-8586
-8578
-8570
-8562
-8554
-8554
-8546
-8546
-8546
-8538
-8536
-8536
-8528
-8532
-8532
-8532
-8532
-8528
-8524
-8524
-8524
-8516
-8516
-8508
-8508
-8504
-8504
-8504
-8504
-8502
-8502
-8502
-8502
-8502
-8502
-8498
-8496
-8496
-8490
-8490
-8478
-8478
-8478
-8476
-8476
-8476
-8476
-8476
-8470
-8466
-8466
-8454
-8454
-8454
-8446
-8440
-8432
-8428
-8428
-8428
-8426
-8410
-8410
-8410
-8410
-8410
-8404
-8404
-8396
-8394
-8394
-8396
-8390
-8388
-8388
-8388
-8388
-8388
-8378
-8378
-8378
-8378
-8386
-8372
-8372
-8368
-8368
-8368
-8368
-8368
-8364
-8358
-8344
-8344
-8334
-8334
-8324
-8314
-8314
-8318
-8318
-8306
-8306
-8298
-8292
-8288
-8292
-8292
-8286
-8286
-8284
-8284
-8284
-8284
-8280
-8268
-8268
-8262
-8262
-8254
-8254
-8244
-8244
-8244
-8244
-8244
-8240
-8240
-8234
-8222
-8222
-8220
-8222
-8222
-8214
-8210
-8210
-8206
-8206
-8206
-8200
-8200
-8186
-8174
-8174
-8174
-8166
-8166
-8162
-8150
-8142
-8138
-8138
-8130
-8130
-8122
-8122
-8122
-8122
-8126
-8126
-8126
-8126
-8132
-8132
-8132
-8126
-8126
-8118
-8112
-8112
-8112
-8104
-8104
-8090
-8092
-8082
-8082
-8070
-8070
-8070
-8068
-8066
-8066
-8062
-8064
-8056
-8060
-8060
-8060
-8060
-8060
-8060
-8056
-8050
-8038
-8036
-8036
-8028
-8028
-8028
-8028
-8028
-8026
-8024
-8020
-8020
-8016
-8016
-8010
-8010
-8010
-7996
-7996
-7996
-7988
-7976
-7976
-7970
-7970
-7966
-7968
-7956
-7952
-7952
-7952
-7952
-7942
-7942
-7946
-7936
-7930
-7926
-7926
-7926
-7926
-7926
-7926
-7926
-7920
-7918
-7908
-7908
-7908
-7908
-7908
-7904
-7904
-7904
-7898
-7894
-7894
-7894
-7896
-7892
-7894
-7888
-7886
-7886
-7886
-7878
-7870
-7870
-7870
-7860
-7860
-7860
-7852
-7850
-7848
-7852
-7852
-7852
-7850
-7850
-7850
-7850
-7842
-7850
-7850
-7844
-7844
-7846
-7846
-7846
-7836
-7834
-7834
-7834
-7834
-7834
-7834
-7834
-7834
-7828
-7828
-7820
-7820
-7820
-7820
-7816
-7816
-7808
-7800
-7788
-7774
-7764
-7762
-7762
-7748
-7748
-7748
-7748
-7748
-7748
-7744
-7740
-7740
-7740
-7730
-7736
-7736
-7736
-7734
-7734
-7734
-7734
-7734
-7734
-7738
-7738
-7738
-7738
-7738
-7738
-7734
-7730
-7730
-7730
-7730
-7720
-7720
-7720
-7714
-7714
-7714
-7714
-7704
-7704
-7696
-7696
-7696
-7696
-7696
-7696
-7696
-7688
-7688
-7686
-7686
-7686
-7686
-7686
-7682
-7666
-7666
-7666
-7666
-7666
-7666
-7668
-7668
-7668
-7664
-7656
-7656
-7656
-7650
-7644
-7636
-7636
-7642
-7642
-7642
-7642
-7642
-7640
-7640
-7640
-7628
-7620
-7620
-7620
-7622
-7616
-7616
-7616
-7616
-7614
-7610
-7614
-7616
-7612
-7602
-7596
-7596
-7594
-7594
-7586
-7586
-7592
-7592
-7592
-7592
-7588
-7580
-7572
-7572
-7572
-7572
-7566
-7566
-7554
-7554
-7554
-7550
-7554
-7554
-7554
-7548
-7540
-7534
-7534
-7528
-7522
-7512
-7512
-7512
-7512
-7512
-7510
-7510
-7510
-7500
-7500
-7498
-7498
-7504
-7490
-7490
-7490
-7490
-7492
-7482
-7486
-7474
-7474
-7474
-7474
-7474
-7460
-7460
-7470
-7470
-7470
-7468
-7468
-7468
-7460
-7460
-7454
-7454
-7448
-7448
-7448
-7444
-7456
-7448
-7448
-7448
-7448
-7442
-7430
-7430
-7430
-7422
-7412
-7412
-7406
-7404
-7396
-7396
-7390
-7380
-7380
-7376
-7376
-7376
-7376
-7364
-7366
-7358
-7358
-7358
-7358
-7364
-7358
-7358
-7358
-7358
-7358
-7346
-7346
-7336
-7336
-7336
-7330
-7318
-7318
-7308
-7308
-7304
-7304
-7306
-7306
-7306
-7306
-7306
-7306
-7306
-7302
-7302
-7292
-7288
-7288
-7290
-7290
-7290
-7290
-7284
-7284
-7284
-7284
-7272
-7258
-7258
-7250
-7244
-7244
-7240
-7240
-7240
-7244
-7244
-7244
-7236
-7228
-7228
-7228
-7228
-7228
-7220
-7216
-7208
-7208
-7208
-7204
-7204
-7204
-7194
-7188
-7182
-7182
-7182
-7176
-7176
-7176
-7176
-7176
-7170
-7164
-7164
-7160
-7160
-7160
-7160
-7156
-7148
-7148
-7148
-7148
-7152
-7152
-7148
-7148
-7148
-7140
-7138
-7128
-7124
-7116
-7112
-7112
-7098
-7098
-7092
-7084
-7084
-7078
-7078
-7078
-7076
-7076
-7072
-7072
-7072
-7074
-7074
-7062
-7058
-7058
-7058
-7062
-7060
-7060
-7060
-7058
-7050
-7050
-7050
-7050
-7040
-7046
-7046
-7038
-7030
-7022
-7022
-7022
-7022
-7022
-7022
-7014
-7006
-6996
-6988
-6988
-6988
-6988
-6988
-6988
-6992
-6992
-6988
-6990
-6990
-6990
-6990
-6990
-6990
-6990
-6990
-6974
-6968
-6966
-6954
-6954
-6954
-6954
-6954
-6954
-6954
-6956
-6952
-6952
-6952
-6952
-6948
-6942
-6942
-6944
-6954
-6954
-6954
-6946
-6946
-6946
-6946
-6936
-6936
-6928
-6928
-6924
-6918
-6918
-6914
-6906
-6906
-6906
-6906
-6906
-6898
-6886
-6870
-6870
-6870
-6866
-6862
-6862
-6860
-6856
-6856
-6856
-6854
-6854
-6842
-6836
-6830
-6830
-6830
-6824
-6810
-6810
-6804
-6804
-6806
-6806
-6806
-6804
-6804
-6804
-6804
-6804
-6802
-6802
-6802
-6796
-6788
-6786
-6776
-6776
-6776
-6776
-6776
-6776
-6764
-6754
-6754
-6746
-6736
-6736
-6736
-6736
-6728
-6728
-6720
-6718
-6710
-6710
-6710
-6702
-6702
-6702
-6702
-6694
-6690
-6690
-6690
-6690
-6688
-6688
-6688
-6686
-6688
-6688
-6688
-6688
-6688
-6688
-6688
-6684
-6684
-6672
-6672
-6666
-6666
-6656
-6648
-6652
-6652
-6638
-6638
-6634
-6634
-6634
-6624
-6624
-6624
-6618
-6618
-6618
-6606
-6606
-6598
-6598
-6590
-6590
-6590
-6590
-6592
-6580
-6578
-6580
-6580
-6568
-6568
-6564
-6560
-6552
-6550
-6548
-6548
-6548
-6536
-6524
-6524
-6522
-6510
-6510
-6502
-6490
-6490
-6484
-6484
-6484
-6484
-6484
-6478
-6478
-6464
-6458
-6458
-6462
-6460
-6456
-6466
-6466
-6462
-6462
-6462
-6462
-6462
-6452
-6452
-6454
-6440
-6440
-6442
-6442
-6450
-6450
-6450
-6456
-6456
-6448
-6442
-6444
-6444
-6440
-6434
-6434
-6434
-6434
-6426
-6420
-6418
-6418
-6418
-6408
-6408
-6408
-6408
-6408
-6408
-6408
-6408
-6398
-6398
-6392
-6392
-6392
-6392
-6392
-6392
-6382
-6370
-6370
-6370
-6370
-6370
-6362
-6352
-6342
-6342
-6338
-6338
-6338
-6338
-6338
-6338
-6334
-6334
-6326
-6334
-6334
-6336
-6326
-6326
-6326
-6326
-6318
-6318
-6312
-6312
-6312
-6302
-6302
-6288
-6288
-6286
-6284
-6284
-6284
-6278
-6276
-6278
-6278
-6278
-6276
-6276
-6280
-6276
-6276
-6276
-6276
-6270
-6270
-6268
-6264
-6264
-6264
-6252
-6252
-6256
-6256
-6256
-6256
-6256
-6256
-6250
-6240
-6240
-6240
-6234
-6230
-6230
-6230
-6224
-6220
-6216
-6216
-6216
-6222
-6222
-6216
-6216
-6216
-6216
-6212
-6200
-6196
-6196
-6196
-6196
-6192
-6192
-6192
-6188
-6188
-6186
-6186
-6180
-6180
-6180
-6174
-6164
-6164
-6164
-6156
-6142
-6142
-6142
-6142
-6142
-6132
-6126
-6126
-6126
-6126
-6126
-6134
-6134
-6130
-6126
-6126
-6124
-6124
-6122
-6116
-6116
-6104
-6104
-6102
-6102
-6088
-6088
-6088
-6088
-6088
-6088
-6080
-6070
-6070
-6060
-6060
-6060
-6052
-6042
-6042
-6042
-6030
-6030
-6030
-6016
-6010
-6010
-6002
-6002
-5992
-5990
-5980
-5984
-5984
-5982
-5988
-5988
-5988
-5988
-5980
-5972
-5972
-5972
-5964
-5964
-5962
-5950
-5950
-5954
-5954
-5954
-5954
-5956
-5942
-5940
-5940
-5930
-5930
-5936
-5934
-5934
-5924
-5924
-5924
-5918
-5918
-5924
-5926
-5918
-5916
-5912
-5912
-5912
-5912
-5902
-5902
-5900
-5900
-5900
-5900
-5900
-5900
-5900
-5894
-5894
-5894
-5886
-5886
-5874
-5874
-5874
-5874
-5874
-5866
-5856
-5858
-5850
-5844
-5844
-5840
-5840
-5830
-5840
-5830
-5832
-5826
-5826
-5826
-5830
-5830
-5830
-5830
-5820
-5828
-5828
-5828
-5832
-5832
-5834
-5834
-5842
-5834
-5834
-5824
-5818
-5818
-5818
-5818
-5818
-5818
-5822
-5822
-5832
-5832
-5832
-5826
-5816
-5816
-5816
-5812
-5810
-5810
-5810
-5806
-5804
-5796
-5790
-5790
-5780
-5780
-5786
-5786
-5786
-5786
-5788
-5788
-5788
-5788
-5782
-5774
-5774
-5774
-5764
-5764
-5758
-5746
-5756
-5742
-5742
-5742
-5732
-5732
-5732
-5722
-5722
-5710
-5698
-5698
-5684
-5684
-5684
-5684
-5674
-5672
-5668
-5672
-5658
-5650
-5650
-5634
-5634
-5624
-5620
-5618
-5612
-5612
-5612
-5608
-5608
-5608
-5608
-5608
-5608
-5608
-5608
-5608
-5608
-5608
-5608
-5608
-5608
-5596
-5592
-5590
-5590
-5590
-5590
-5590
-5586
-5586
-5586
-5586
-5584
-5584
-5584
-5584
-5584
-5572
-5572
-5572
-5572
-5562
-5562
-5562
-5562
-5562
-5556
-5562
-5562
-5552
-5556
-5550
-5556
-5550
-5550
-5550
-5550
-5550
-5550
-5550
-5550
-5540
-5536
-5522
-5522
-5522
-5526
-5526
-5526
-5526
-5526
-5526
-5518
-5514
-5514
-5502
-5490
-5478
-5474
-5470
-5470
-5466
-5460
-5460
-5468
-5462
-5454
-5454
-5448
-5444
-5440
-5430
-5430
-5422
-5422
-5422
-5422
-5420
-5420
-5408
-5408
-5408
-5402
-5402
-5396
-5398
-5388
-5392
-5390
-5378
-5378
-5378
-5368
-5368
-5358
-5358
-5358
-5348
-5340
-5340
-5340
-5340
-5332
-5330
-5326
-5316
-5316
-5316
-5316
-5316
-5316
-5316
-5316
-5300
-5288
-5288
-5288
-5288
-5288
-5288
-5288
-5288
-5288
-5288
-5284
-5280
-5280
-5282
-5284
-5274
-5268
-5264
-5264
-5262
-5268
-5274
-5274
-5274
-5272
-5270
-5270
-5268
-5268
-5268
-5268
-5268
-5268
-5258
-5258
-5262
-5262
-5262
-5262
-5262
-5258
-5258
-5250
-5250
-5246
-5246
-5246
-5236
-5232
-5232
-5222
-5214
-5210
-5212
-5206
-5206
-5210
-5202
-5196
-5196
-5196
-5196
-5188
-5188
-5180
-5180
-5186
-5186
-5186
-5186
-5176
-5176
-5180
-5176
-5176
-5178
-5170
-5168
-5166
-5158
-5152
-5150
-5142
-5142
-5142
-5140
-5140
-5140
-5128
-5128
-5128
-5128
-5120
-5120
-5124
-5124
-5124
-5124
-5124
-5124
-5120
-5120
-5120
-5120
-5110
-5110
-5110
-5110
-5110
-5110
-5110
-5118
-5118
-5118
-5118
-5118
-5120
-5120
-5128
-5128
-5128
-5114
-5114
-5106
-5104
-5108
-5110
-5100
-5096
-5090
-5090
-5090
-5090
-5082
-5072
-5072
-5072
-5064
-5064
-5060
-5064
-5054
-5054
-5042
-5036
-5036
-5026
-5018
-5006
-4998
-4994
-4988
-4988
-4988
-4988
-4980
-4980
-4972
-4972
-4978
-4978
-4968
-4968
-4966
-4966
-4962
-4962
-4962
-4962
-4962
-4950
-4950
-4950
-4944
-4944
-4940
-4940
-4932
-4932
-4932
-4932
-4924
-4924
-4922
-4912
-4912
-4912
-4906
-4906
-4904
-4900
-4900
-4900
-4900
-4900
-4892
-4888
-4888
-4888
-4888
-4888
-4888
-4888
-4878
-4876
-4876
-4882
-4882
-4876
-4864
-4868
-4868
-4868
-4868
-4868
-4858
-4858
-4858
-4860
-4862
-4858
-4854
-4854
-4844
-4844
-4844
-4836
-4836
-4828
-4828
-4828
-4828
-4832
-4830
-4830
-4830
-4830
-4830
-4830
-4826
-4820
-4814
-4814
-4814
-4806
-4804
-4806
-4806
-4794
-4790
-4790
-4792
-4788
-4784
-4776
-4768
-4764
-4758
-4758
-4758
-4758
-4752
-4752
-4752
-4750
-4758
-4752
-4756
-4754
-4754
-4754
-4754
-4754
-4754
-4754
-4758
-4752
-4752
-4750
-4746
-4756
-4756
-4760
-4760
-4760
-4756
-4756
-4756
-4758
-4756
-4744
-4744
-4744
-4744
-4750
-4750
-4746
-4746
-4746
-4750
-4750
-4740
-4740
-4740
-4728
-4728
-4724
-4718
-4706
-4700
-4700
-4700
-4700
-4700
-4700
-4702
-4702
-4702
-4702
-4688
-4688
-4688
-4688
-4682
-4678
-4666
-4658
-4648
-4648
-4636
-4634
-4622
-4622
-4626
-4626
-4626
-4620
-4616
-4618
-4612
-4612
-4612
-4612
-4612
-4608
-4604
-4604
-4604
-4604
-4604
-4604
-4600
-4600
-4594
-4596
-4596
-4596
-4596
-4592
-4600
-4600
-4600
-4602
-4598
-4596
-4596
-4586
-4586
-4586
-4582
-4574
-4574
-4570
-4570
-4574
-4570
-4564
-4564
-4550
-4550
-4540
-4536
-4532
-4534
-4532
-4532
-4532
-4532
-4532
-4538
-4538
-4534
-4528
-4514
-4508
-4508
-4504
-4498
-4496
-4496
-4496
-4488
-4484
-4490
-4480
-4474
-4474
-4468
-4468
-4468
-4464
-4464
-4462
-4464
-4464
-4464
-4468
-4468
-4468
-4468
-4480
-4468
-4468
-4460
-4460
-4454
-4456
-4456
-4456
-4456
-4454
-4454
-4454
-4446
-4438
-4438
-4430
-4432
-4432
-4426
-4426
-4416
-4416
-4412
-4412
-4412
-4408
-4408
-4408
-4408
-4408
-4408
-4408
-4406
-4406
-4406
-4406
-4408
-4396
-4394
-4394
-4394
-4394
-4394
-4394
-4388
-4388
-4388
-4388
-4388
-4382
-4382
-4380
-4380
-4380
-4380
-4374
-4370
-4378
-4378
-4378
-4378
-4378
-4378
-4378
-4378
-4378
-4376
-4378
-4380
-4382
-4374
-4374
-4376
-4376
-4374
-4374
-4374
-4374
-4368
-4368
-4368
-4364
-4356
-4356
-4358
-4356
-4356
-4348
-4348
-4348
-4348
-4348
-4350
-4348
-4348
-4348
-4340
-4332
-4332
-4332
-4332
-4332
-4336
-4336
-4334
-4334
-4336
-4342
-4342
-4332
-4328
-4328
-4328
-4328
-4322
-4322
-4312
-4312
-4312
-4312
-4312
-4312
-4300
-4300
-4300
-4300
-4300
-4300
-4300
-4302
-4302
-4308
-4298
-4298
-4286
-4274
-4266
-4266
-4266
-4266
-4266
-4266
-4266
-4256
-4250
-4250
-4250
-4250
-4250
-4254
-4254
-4254
-4250
-4250
-4250
-4250
-4250
-4248
-4248
-4248
-4250
-4242
-4240
-4232
-4232
-4220
-4220
-4220
-4220
-4220
-4212
-4214
-4214
-4214
-4214
-4216
-4216
-4216
-4216
-4216
-4216
-4216
-4216
-4216
-4208
-4208
-4214
-4214
-4204
-4192
-4192
-4190
-4182
-4182
-4182
-4182
-4182
-4182
-4182
-4170
-4170
-4170
-4162
-4162
-4164
-4170
-4170
-4160
-4146
-4144
-4136
-4140
-4140
-4140
-4140
-4144
-4136
-4130
-4132
-4132
-4122
-4118
-4118
-4118
-4122
-4122
-4122
-4122
-4122
-4120
-4116
-4116
-4124
-4120
-4114
-4114
-4108
-4102
-4102
-4094
-4088
-4088
-4080
-4082
-4078
-4078
-4078
-4074
-4066
-4066
-4066
-4066
-4062
-4054
-4054
-4054
-4054
-4054
-4054
-4040
-4032
-4032
-4032
-4032
-4032
-4032
-4032
-4032
-4032
-4028
-4028
-4028
-4022
-4014
-4010
-4010
-4004
-4004
-4010
-4008
-4008
-4004
-4004
-4004
-4000
-4000
-4000
-4000
-4000
-3996
-3998
-3984
-3978
-3978
-3978
-3978
-3968
-3968
-3968
-3962
-3962
-3946
-3946
-3940
-3940
-3940
-3936
-3936
-3944
-3944
-3948
-3948
-3948
-3948
-3942
-3942
-3942
-3940
-3940
-3940
-3948
-3948
-3944
-3954
-3954
-3954
-3960
-3960
-3952
-3948
-3950
-3948
-3940
-3930
-3934
-3934
-3934
-3934
-3934
-3934
-3924
-3924
-3924
-3916
-3916
-3906
-3906
-3904
-3904
-3904
-3898
-3898
-3902
-3898
-3904
-3904
-3904
-3904
-3892
-3890
-3890
-3890
-3888
-3888
-3884
-3880
-3874
-3874
-3876
-3872
-3872
-3880
-3880
-3880
-3870
-3870
-3870
-3878
-3878
-3878
-3880
-3876
-3870
-3870
-3870
-3866
-3866
-3866
-3866
-3866
-3868
-3868
-3868
-3868
-3868
-3868
-3868
-3866
-3858
-3854
-3838
-3830
-3830
-3826
-3828
-3828
-3818
-3818
-3814
-3814
-3814
-3814
-3814
-3804
-3804
-3804
-3804
-3804
-3812
-3812
-3796
-3796
-3790
-3782
-3782
-3784
-3784
-3784
-3786
-3796
-3804
-3800
-3792
-3792
-3798
-3798
-3798
-3798
-3798
-3790
-3790
-3790
-3792
-3792
-3792
-3792
-3782
-3786
-3786
-3792
-3792
-3782
-3780
-3780
-3776
-3772
-3766
-3772
-3772
-3766
-3764
-3764
-3764
-3754
-3754
-3746
-3746
-3750
-3750
-3752
-3746
-3754
-3754
-3754
-3754
-3754
-3754
-3754
-3748
-3752
-3752
-3752
-3752
-3752
-3736
-3726
-3728
-3734
-3734
-3730
-3730
-3738
-3734
-3730
-3720
-3718
-3714
-3714
-3716
-3716
-3716
-3720
-3720
-3720
-3720
-3708
-3700
-3700
-3700
-3700
-3700
-3700
-3700
-3700
-3700
-3700
-3700
-3700
-3700
-3694
-3690
-3690
-3690
-3690
-3692
-3698
-3700
-3700
-3700
-3694
-3694
-3692
-3692
-3692
-3682
-3680
-3680
-3680
-3672
-3672
-3672
-3672
-3664
-3664
-3664
-3664
-3666
-3670
-3668
-3668
-3668
-3668
-3668
-3668
-3668
-3670
-3682
-3682
-3682
-3672
-3672
-3664
-3670
-3670
-3670
-3670
-3670
-3666
-3666
-3666
-3660
-3660
-3654
-3648
-3648
-3648
-3646
-3646
-3646
-3646
-3644
-3632
-3632
-3632
-3626
-3626
-3634
-3632
-3632
-3632
-3632
-3626
-3624
-3624
-3616
-3624
-3624
-3624
-3612
-3612
-3612
-3612
-3612
-3602
-3600
-3600
-3600
-3600
-3600
-3598
-3594
-3594
-3594
-3594
-3588
-3590
-3590
-3590
-3590
-3590
-3580
-3580
-3568
-3568
-3568
-3562
-3558
-3552
-3546
-3540
-3528
-3518
-3514
-3514
-3514
-3514
-3512
-3508
-3508
-3502
-3502
-3502
-3500
-3500
-3500
-3500
-3490
-3484
-3484
-3482
-3478
-3480
-3480
-3480
-3480
-3480
-3474
-3476
-3476
-3476
-3478
-3478
-3478
-3476
-3476
-3470
-3470
-3470
-3470
-3470
-3470
-3470
-3470
-3470
-3470
-3462
-3462
-3458
-3456
-3458
-3458
-3454
-3448
-3444
-3444
-3444
-3436
-3426
-3426
-3426
-3416
-3424
-3424
-3424
-3424
-3424
-3418
-3422
-3422
-3422
-3434
-3438
-3438
-3438
-3438
-3426
-3426
-3426
-3426
-3432
-3432
-3432
-3428
-3420
-3420
-3422
-3422
-3410
-3408
-3408
-3408
-3408
-3402
-3396
-3400
-3396
-3398
-3398
-3402
-3400
-3400
-3400
-3400
-3400
-3400
-3396
-3404
-3404
-3404
-3412
-3412
-3412
-3404
-3406
-3406
-3402
-3390
-3390
-3390
-3398
-3398
-3398
-3398
-3398
-3394
-3398
-3388
-3388
-3388
-3388
-3388
-3388
-3394
-3394
-3394
-3394
-3394
-3394
-3396
-3396
-3396
-3386
-3382
-3380
-3380
-3374
-3374
-3374
-3364
-3366
-3372
-3366
-3366
-3366
-3372
-3362
-3356
-3364
-3364
-3360
-3358
-3358
-3358
-3358
-3358
-3358
-3358
-3358
-3354
-3348
-3348
-3346
-3344
-3344
-3344
-3344
-3344
-3342
-3342
-3342
-3342
-3340
-3342
-3342
-3338
-3338
-3334
-3328
-3332
-3334
-3324
-3318
-3314
-3314
-3310
-3302
-3302
-3296
-3296
-3296
-3298
-3296
-3292
-3292
-3292
-3296
-3284
-3292
-3294
-3294
-3302
-3302
-3302
-3296
-3292
-3296
-3296
-3302
-3306
-3306
-3306
-3306
-3306
-3306
-3294
-3290
-3290
-3290
-3290
-3280
-3278
-3278
-3278
-3284
-3284
-3278
-3278
-3276
-3284
-3284
-3284
-3284
-3272
-3272
-3272
-3272
-3256
-3246
-3246
-3246
-3242
-3236
-3238
-3232
-3232
-3232
-3232
-3232
-3232
-3228
-3222
-3222
-3214
-3214
-3210
-3208
-3212
-3212
-3212
-3214
-3214
-3214
-3214
-3214
-3214
-3204
-3204
-3202
-3206
-3206
-3194
-3190
-3190
-3190
-3182
-3182
-3182
-3182
-3182
-3182
-3182
-3170
-3172
-3172
-3172
-3172
-3172
-3170
-3160
-3160
-3160
-3160
-3162
-3162
-3162
-3158
-3158
-3150
-3142
-3142
-3134
-3134
-3134
-3130
-3124
-3124
-3122
-3122
-3126
-3126
-3126
-3112
-3112
-3112
-3108
-3108
-3108
-3108
-3108
-3108
-3104
-3104
-3104
-3104
-3104
-3104
-3104
-3104
-3104
-3094
-3102
-3102
-3108
-3104
-3104
-3104
-3104
-3098
-3090
-3090
-3088
-3088
-3090
-3084
-3086
-3086
-3078
-3078
-3076
-3070
-3056
-3068
-3068
-3068
-3068
-3068
-3076
-3076
-3068
-3062
-3058
-3058
-3060
-3060
-3060
-3060
-3058
-3058
-3058
-3056
-3056
-3056
-3048
-3048
-3048
-3048
-3040
-3040
-3036
-3032
-3032
-3032
-3036
-3036
-3036
-3036
-3036
-3036
-3036
-3034
-3034
-3032
-3022
-3026
-3030
-3030
-3028
-3022
-3022
-3022
-3012
-3012
-3012
-3000
-3000
-2998
-2994
-2994
-2994
-2994
-2994
-2988
-2984
-2984
-2984
-2984
-2984
-2984
-2984
-2982
-2976
-2976
-2970
-2962
-2962
-2968
-2972
-2972
-2972
-2972
-2968
-2958
-2952
-2954
-2950
-2950
-2944
-2944
-2944
-2944
-2944
-2944
-2944
-2944
-2940
-2932
-2932
-2932
-2932
-2932
-2932
-2932
-2928
-2928
-2928
-2928
-2916
-2916
-2916
-2912
-2914
-2906
-2906
-2906
-2918
-2928
-2928
-2928
-2928
-2928
-2932
-2932
-2932
-2940
-2940
-2944
-2944
-2942
-2940
-2940
-2940
-2940
-2940
-2940
-2940
-2936
-2936
-2934
-2934
-2934
-2934
-2934
-2928
-2932
-2932
-2932
-2932
-2932
-2922
-2910
-2906
-2910
-2910
-2910
-2910
-2910
-2910
-2910
-2910
-2910
-2900
-2900
-2892
-2890
-2890
-2890
-2890
-2888
-2888
-2888
-2902
-2902
-2902
-2908
-2908
-2908
-2908
-2908
-2906
-2902
-2902
-2902
-2904
-2904
-2904
-2904
-2900
-2892
-2892
-2882
-2882
-2874
-2874
-2868
-2868
-2870
-2870
-2870
-2870
-2870
-2864
-2864
-2870
-2870
-2870
-2866
-2864
-2864
-2866
-2866
-2866
-2866
-2866
-2866
-2866
-2864
-2874
-2874
-2874
-2864
-2864
-2864
-2864
-2854
-2854
-2850
-2850
-2850
-2850
-2850
-2850
-2846
-2842
-2842
-2842
-2838
-2840
-2840
-2840
-2838
-2838
-2830
-2830
-2830
-2830
-2838
-2832
-2832
-2834
-2834
-2828
-2830
-2830
-2830
-2830
-2830
-2830
-2828
-2828
-2832
-2836
-2836
-2836
-2842
-2842
-2834
-2834
-2836
-2836
-2836
-2820
-2820
-2814
-2808
-2808
-2808
-2808
-2808
-2806
-2806
-2810
-2810
-2808
-2808
-2816
-2816
-2816
-2814
-2816
-2816
-2816
-2816
-2810
-2814
-2822
-2820
-2818
-2816
-2816
-2816
-2808
-2808
-2808
-2790
-2790
-2790
-2790
-2786
-2780
-2774
-2772
-2772
-2772
-2772
-2764
-2764
-2752
-2752
-2752
-2752
-2752
-2754
-2754
-2754
-2754
-2754
-2752
-2752
-2754
-2750
-2750
-2750
-2744
-2744
-2744
-2742
-2744
-2738
-2738
-2732
-2736
-2736
-2736
-2736
-2736
-2740
-2730
-2730
-2730
-2730
-2730
-2738
-2740
-2740
-2740
-2740
-2740
-2740
-2728
-2728
-2728
-2730
-2722
-2722
-2722
-2722
-2728
-2728
-2728
-2728
-2728
-2728
-2728
-2722
-2724
-2728
-2728
-2730
-2720
-2720
-2720
-2716
-2712
-2712
-2718
-2718
-2720
-2720
-2720
-2708
-2708
-2708
-2708
-2708
-2712
-2704
-2704
-2702
-2702
-2702
-2702
-2706
-2706
-2700
-2700
-2692
-2692
-2692
-2692
-2694
-2694
-2694
-2694
-2690
-2690
-2690
-2690
-2698
-2694
-2686
-2688
-2688
-2688
-2688
-2680
-2680
-2680
-2684
-2674
-2668
-2668
-2664
-2662
-2656
-2654
-2654
-2652
-2642
-2642
-2644
-2644
-2644
-2644
-2644
-2644
-2644
-2644
-2644
-2652
-2652
-2650
-2650
-2650
-2646
-2646
-2648
-2648
-2652
-2654
-2648
-2648
-2648
-2648
-2646
-2642
-2642
-2646
-2646
-2632
-2632
-2632
-2636
-2636
-2638
-2636
-2630
-2630
-2626
-2626
-2628
-2628
-2638
-2624
-2616
-2614
-2608
-2616
-2616
-2606
-2606
-2606
-2604
-2602
-2608
-2608
-2614
-2614
-2614
-2614
-2614
-2614
-2612
-2612
-2604
-2596
-2596
-2594
-2594
-2594
-2594
-2596
-2596
-2596
-2598
-2604
-2604
-2596
-2600
-2592
-2592
-2592
-2592
-2588
-2588
-2586
-2582
-2582
-2580
-2580
-2580
-2578
-2578
-2578
-2578
-2578
-2572
-2566
-2566
-2558
-2546
-2542
-2542
-2542
-2542
-2548
-2542
-2542
-2542
-2548
-2548
-2544
-2544
-2544
-2550
-2550
-2544
-2536
-2538
-2538
-2540
-2532
-2526
-2526
-2524
-2524
-2528
-2528
-2528
-2528
-2526
-2526
-2526
-2532
-2532
-2532
-2532
-2532
-2526
-2526
-2526
-2524
-2524
-2522
-2512
-2512
-2512
-2512
-2512
-2512
-2512
-2512
-2504
-2510
-2510
-2510
-2508
-2508
-2504
-2504
-2504
-2504
-2506
-2500
-2502
-2502
-2502
-2502
-2502
-2502
-2504
-2504
-2504
-2504
-2498
-2498
-2498
-2490
-2482
-2480
-2480
-2476
-2472
-2466
-2458
-2458
-2456
-2454
-2454
-2454
-2454
-2460
-2460
-2460
-2456
-2456
-2456
-2456
-2456
-2456
-2456
-2456
-2456
-2448
-2448
-2454
-2454
-2454
-2458
-2458
-2458
-2460
-2460
-2456
-2456
-2456
-2456
-2456
-2456
-2456
-2446
-2446
-2448
-2438
-2438
-2440
-2434
-2434
-2434
-2432
-2432
-2432
-2428
-2422
-2426
-2430
-2424
-2426
-2426
-2430
-2422
-2422
-2422
-2422
-2426
-2426
-2428
-2428
-2432
-2432
-2428
-2428
-2420
-2416
-2424
-2424
-2424
-2428
-2430
-2428
-2430
-2430
-2430
-2430
-2426
-2426
-2424
-2414
-2408
-2402
-2402
-2410
-2410
-2398
-2398
-2398
-2400
-2396
-2396
-2396
-2392
-2392
-2388
-2388
-2390
-2386
-2392
-2390
-2390
-2390
-2386
-2386
-2382
-2382
-2382
-2382
-2374
-2370
-2370
-2370
-2366
-2366
-2364
-2354
-2354
-2354
-2354
-2356
-2356
-2356
-2356
-2346
-2346
-2352
-2352
-2340
-2344
-2344
-2344
-2346
-2346
-2346
-2346
-2342
-2342
-2342
-2334
-2336
-2336
-2338
-2338
-2336
-2336
-2342
-2340
-2342
-2344
-2350
-2350
-2344
-2344
-2344
-2344
-2344
-2332
-2332
-2332
-2334
-2334
-2336
-2334
-2330
-2330
-2340
-2334
-2334
-2334
-2334
-2334
-2334
-2340
-2336
-2330
-2330
-2330
-2330
-2330
-2332
-2332
-2324
-2316
-2316
-2316
-2314
-2314
-2318
-2314
-2314
-2314
-2314
-2314
-2314
-2310
-2312
-2312
-2310
-2310
-2310
-2318
-2322
-2322
-2322
-2316
-2316
-2308
-2316
-2316
-2316
-2312
-2304
-2304
-2304
-2308
-2308
-2308
-2312
-2306
-2306
-2306
-2300
-2304
-2310
-2310
-2302
-2302
-2302
-2294
-2294
-2286
-2288
-2282
-2282
-2282
-2280
-2278
-2280
-2280
-2280
-2268
-2268
-2274
-2270
-2270
-2268
-2268
-2268
-2268
-2268
-2258
-2258
-2258
-2258
-2246
-2244
-2244
-2244
-2244
-2236
-2234
-2234
-2234
-2232
-2232
-2232
-2232
-2230
-2240
-2236
-2240
-2240
-2236
-2236
-2236
-2236
-2238
-2236
-2236
-2236
-2236
-2236
-2236
-2236
-2236
-2234
-2240
-2236
-2236
-2240
-2242
-2240
-2240
-2240
-2240
-2232
-2232
-2232
-2232
-2232
-2234
-2234
-2234
-2238
-2240
-2242
-2240
-2240
-2250
-2250
-2250
-2252
-2252
-2240
-2238
-2232
-2232
-2224
-2220
-2220
-2220
-2220
-2212
-2212
-2212
-2212
-2200
-2200
-2200
-2202
-2200
-2200
-2200
-2200
-2200
-2206
-2198
-2192
-2192
-2192
-2192
-2188
-2188
-2188
-2188
-2194
-2194
-2188
-2186
-2186
-2186
-2192
-2192
-2190
-2190
-2182
-2182
-2182
-2182
-2182
-2182
-2172
-2172
-2180
-2176
-2178
-2178
-2178
-2178
-2174
-2174
-2174
-2166
-2172
-2170
-2170
-2176
-2180
-2174
-2174
-2168
-2162
-2162
-2158
-2158
-2150
-2144
-2144
-2144
-2144
-2134
-2140
-2146
-2146
-2146
-2146
-2152
-2162
-2162
-2162
-2162
-2162
-2160
-2160
-2160
-2158
-2160
-2162
-2164
-2160
-2160
-2156
-2156
-2150
-2158
-2158
-2156
-2156
-2156
-2158
-2158
-2158
-2158
-2160
-2160
-2160
-2160
-2150
-2150
-2150
-2150
-2142
-2138
-2132
-2132
-2132
-2128
-2128
-2130
-2126
-2126
-2126
-2132
-2132
-2130
-2126
-2134
-2120
-2124
-2124
-2124
-2118
-2118
-2118
-2118
-2118
-2118
-2116
-2110
-2106
-2106
-2116
-2112
-2116
-2116
-2124
-2124
-2124
-2124
-2124
-2128
-2128
-2128
-2128
-2128
-2120
-2120
-2120
-2112
-2112
-2112
-2112
-2112
-2112
-2114
-2116
-2112
-2102
-2102
-2098
-2098
-2098
-2098
-2102
-2102
-2092
-2092
-2092
-2092
-2092
-2092
-2092
-2092
-2090
-2090
-2090
-2090
-2090
-2090
-2088
-2080
-2080
-2074
-2068
-2068
-2070
-2070
-2070
-2070
-2066
-2064
-2068
-2062
-2062
-2060
-2060
-2054
-2054
-2062
-2062
-2062
-2062
-2060
-2062
-2062
-2060
-2060
-2060
-2060
-2060
-2060
-2060
-2062
-2064
-2064
-2064
-2064
-2064
-2062
-2062
-2062
-2052
-2054
-2054
-2054
-2054
-2054
-2054
-2054
-2052
-2052
-2052
-2054
-2054
-2064
-2064
-2058
-2058
-2058
-2058
-2058
-2058
-2060
-2060
-2060
-2060
-2062
-2058
-2058
-2054
-2054
-2054
-2054
-2054
-2042
-2042
-2044
-2044
-2042
-2042
-2042
-2042
-2042
-2042
-2048
-2052
-2052
-2052
-2048
-2048
-2048
-2048
-2040
-2044
-2044
-2046
-2050
-2048
-2048
-2048
-2048
-2048
-2046
-2046
-2046
-2042
-2040
-2036
-2036
-2040
-2040
-2034
-2034
-2034
-2036
-2036
-2032
-2026
-2024
-2020
-2016
-2010
-2004
-2002
-2002
-2002
-2002
-2002
-1992
-2008
-2008
-2008
-2006
-1996
-1992
-1992
-1992
-1992
-1984
-1984
-1990
-1996
-1996
-1996
-1992
-1982
-1980
-1980
-1988
-1986
-1986
-1986
-1986
-1994
-1992
-1992
-1992
-1982
-1982
-1982
-1986
-1986
-1978
-1978
-1980
-1980
-1970
-1964
-1960
-1972
-1972
-1972
-1968
-1970
-1976
-1982
-1982
-1974
-1978
-1978
-1978
-1978
-1978
-1978
-1964
-1962
-1962
-1962
-1954
-1954
-1954
-1954
-1952
-1952
-1952
-1952
-1952
-1952
-1954
-1954
-1950
-1950
-1952
-1958
-1958
-1958
-1958
-1958
-1958
-1958
-1958
-1962
-1974
-1964
-1954
-1954
-1946
-1948
-1950
-1956
-1956
-1956
-1956
-1948
-1950
-1948
-1948
-1948
-1944
-1944
-1946
-1950
-1946
-1946
-1946
-1950
-1950
-1950
-1950
-1950
-1950
-1952
-1946
-1950
-1958
-1958
-1952
-1952
-1954
-1954
-1954
-1954
-1954
-1958
-1958
-1958
-1958
-1944
-1944
-1944
-1944
-1944
-1948
-1948
-1940
-1940
-1938
-1932
-1916
-1908
-1908
-1908
-1908
-1908
-1910
-1910
-1910
-1910
-1910
-1912
-1912
-1910
-1910
-1910
-1910
-1910
-1908
-1906
-1906
-1896
-1896
-1890
-1884
-1894
-1894
-1898
-1894
-1892
-1888
-1880
-1880
-1880
-1874
-1864
-1864
-1864
-1864
-1856
-1856
-1856
-1854
-1852
-1852
-1852
-1852
-1852
-1852
-1852
-1852
-1852
-1848
-1852
-1852
-1852
-1838
-1834
-1834
-1834
-1830
-1830
-1824
-1816
-1812
-1812
-1812
-1812
-1812
-1812
-1812
-1814
-1814
-1814
-1814
-1824
-1824
-1824
-1824
-1812
-1812
-1808
-1806
-1806
-1800
-1800
-1800
-1800
-1800
-1800
-1798
-1802
-1804
-1804
-1804
-1810
-1802
-1798
-1798
-1798
-1804
-1810
-1810
-1810
-1810
-1810
-1812
-1812
-1822
-1822
-1812
-1816
-1806
-1806
-1806
-1806
-1812
-1812
-1812
-1814
-1814
-1806
-1802
-1786
-1786
-1790
-1786
-1786
-1782
-1782
-1778
-1778
-1772
-1764
-1764
-1764
-1774
-1774
-1776
-1776
-1776
-1766
-1766
-1766
-1766
-1766
-1766
-1762
-1762
-1756
-1758
-1752
-1752
-1746
-1746
-1746
-1746
-1746
-1754
-1754
-1748
-1756
-1756
-1758
-1758
-1758
-1758
-1758
-1752
-1752
-1752
-1752
-1746
-1746
-1736
-1736
-1732
-1732
-1732
-1732
-1732
-1732
-1732
-1730
-1726
-1726
-1726
-1726
-1726
-1722
-1722
-1722
-1726
-1726
-1720
-1726
-1726
-1726
-1726
-1728
-1728
-1728
-1728
-1724
-1724
-1728
-1720
-1716
-1728
-1736
-1734
-1732
-1736
-1736
-1728
-1726
-1720
-1720
-1720
-1720
-1722
-1722
-1718
-1714
-1714
-1714
-1714
-1702
-1702
-1702
-1706
-1706
-1706
-1698
-1704
-1704
-1710
-1706
-1706
-1702
-1702
-1704
-1704
-1694
-1700
-1700
-1700
-1700
-1700
-1700
-1688
-1686
-1686
-1692
-1692
-1692
-1692
-1692
-1692
-1692
-1688
-1682
-1676
-1670
-1666
-1666
-1666
-1664
-1664
-1664
-1664
-1664
-1664
-1660
-1656
-1656
-1656
-1656
-1656
-1650
-1650
-1646
-1648
-1648
-1650
-1652
-1642
-1642
-1642
-1642
-1642
-1642
-1644
-1642
-1638
-1638
-1634
-1624
-1614
-1614
-1614
-1614
-1614
-1614
-1606
-1608
-1594
-1594
-1594
-1594
-1586
-1580
-1580
-1580
-1582
-1582
-1576
-1578
-1578
-1578
-1584
-1584
-1582
-1580
-1580
-1580
-1580
-1580
-1580
-1580
-1580
-1572
-1572
-1572
-1574
-1564
-1564
-1564
-1560
-1560
-1560
-1558
-1558
-1558
-1558
-1558
-1558
-1560
-1558
-1558
-1560
-1560
-1560
-1562
-1562
-1558
-1558
-1554
-1558
-1552
-1540
-1528
-1528
-1534
-1534
-1534
-1534
-1534
-1534
-1534
-1534
-1528
-1528
-1528
-1534
-1526
-1522
-1518
-1514
-1514
-1510
-1510
-1510
-1510
-1510
-1502
-1504
-1504
-1496
-1500
-1490
-1494
-1494
-1494
-1494
-1496
-1496
-1496
-1496
-1496
-1496
-1490
-1478
-1470
-1476
-1476
-1472
-1462
-1462
-1472
-1472
-1472
-1474
-1460
-1460
-1464
-1464
-1454
-1454
-1454
-1454
-1454
-1446
-1438
-1438
-1438
-1438
-1432
-1432
-1430
-1424
-1428
-1428
-1428
-1430
-1430
-1426
-1416
-1416
-1416
-1416
-1416
-1416
-1404
-1404
-1408
-1408
-1408
-1408
-1406
-1406
-1412
-1412
-1408
-1408
-1408
-1408
-1406
-1416
-1416
-1416
-1416
-1418
-1418
-1418
-1418
-1418
-1418
-1418
-1418
-1418
-1418
-1418
-1412
-1412
-1418
-1418
-1424
-1424
-1424
-1430
-1430
-1430
-1430
-1416
-1416
-1420
-1420
-1420
-1420
-1420
-1424
-1428
-1430
-1430
-1430
-1430
-1430
-1432
-1434
-1434
-1432
-1432
-1424
-1424
-1428
-1428
-1418
-1418
-1418
-1424
-1424
-1424
-1418
-1424
-1416
-1416
-1418
-1414
-1414
-1414
-1414
-1414
-1414
-1410
-1410
-1410
-1402
-1402
-1406
-1406
-1406
-1402
-1402
-1414
-1414
-1414
-1414
-1416
-1416
-1412
-1412
-1414
-1414
-1418
-1412
-1412
-1412
-1408
-1408
-1408
-1408
-1412
-1412
-1412
-1412
-1412
-1412
-1412
-1412
-1412
-1412
-1412
-1412
-1412
-1412
-1406
-1404
-1404
-1412
-1412
-1412
-1404
-1398
-1396
-1396
-1384
-1384
-1384
-1382
-1382
-1382
-1382
-1376
-1382
-1392
-1392
-1392
-1388
-1388
-1386
-1382
-1390
-1390
-1390
-1390
-1390
-1390
-1390
-1390
-1392
-1392
-1398
-1398
-1398
-1384
-1384
-1396
-1396
-1396
-1396
-1394
-1406
-1406
-1406
-1406
-1400
-1400
-1400
-1400
-1388
-1384
-1372
-1372
-1372
-1372
-1372
-1362
-1362
-1362
-1370
-1376
-1376
-1376
-1376
-1376
-1376
-1378
-1382
-1376
-1378
-1378
-1374
-1376
-1378
-1376
-1376
-1374
-1374
-1374
-1374
-1382
-1382
-1382
-1382
-1382
-1380
-1382
-1382
-1382
-1382
-1382
-1378
-1376
-1378
-1378
-1378
-1378
-1378
-1378
-1370
-1366
-1360
-1360
-1360
-1360
-1360
-1360
-1356
-1356
-1356
-1362
-1358
-1360
-1360
-1360
-1360
-1360
-1354
-1354
-1354
-1354
-1346
-1348
-1348
-1348
-1344
-1344
-1344
-1344
-1340
-1340
-1330
-1330
-1330
-1330
-1330
-1330
-1324
-1324
-1320
-1320
-1318
-1318
-1322
-1318
-1324
-1318
-1318
-1316
-1314
-1314
-1314
-1314
-1314
-1314
-1314
-1310
-1310
-1310
-1306
-1302
-1306
-1306
-1306
-1306
-1306
-1306
-1306
-1306
-1306
-1306
-1306
-1306
-1312
-1312
-1314
-1314
-1314
-1314
-1314
-1310
-1308
-1308
-1308
-1308
-1312
-1312
-1312
-1312
-1304
-1304
-1304
-1312
-1310
-1310
-1304
-1294
-1300
-1306
-1306
-1306
-1308
-1308
-1300
-1304
-1304
-1304
-1300
-1306
-1302
-1302
-1302
-1302
-1300
-1296
-1288
-1288
-1282
-1282
-1282
-1276
-1276
-1274
-1264
-1264
-1270
-1276
-1276
-1274
-1278
-1278
-1278
-1280
-1280
-1280
-1274
-1278
-1290
-1290
-1290
-1290
-1294
-1294
-1280
-1280
-1276
-1276
-1276
-1272
-1268
-1268
-1276
-1270
-1270
-1266
-1266
-1266
-1266
-1254
-1254
-1248
-1248
-1248
-1242
-1238
-1230
-1234
-1220
-1220
-1220
-1224
-1224
-1230
-1230
-1228
-1228
-1228
-1228
-1228
-1224
-1224
-1224
-1218
-1218
-1216
-1216
-1216
-1216
-1216
-1224
-1218
-1218
-1218
-1218
-1218
-1220
-1220
-1216
-1214
-1214
-1212
-1212
-1212
-1212
-1212
-1212
-1214
-1216
-1216
-1216
-1216
-1226
-1226
-1230
-1228
-1234
-1238
-1240
-1240
-1238
-1238
-1234
-1230
-1230
-1230
-1230
-1232
-1232
-1232
-1232
-1240
-1240
-1242
-1246
-1238
-1238
-1236
-1240
-1242
-1242
-1246
-1242
-1240
-1252
-1248
-1248
-1252
-1246
-1246
-1246
-1244
-1240
-1240
-1248
-1248
-1238
-1238
-1238
-1246
-1242
-1242
-1242
-1238
-1234
-1234
-1226
-1226
-1224
-1226
-1226
-1226
-1224
-1224
-1220
-1220
-1210
-1210
-1210
-1214
-1214
-1214
-1216
-1210
-1210
-1220
-1208
-1204
-1204
-1204
-1212
-1214
-1206
-1200
-1200
-1198
-1204
-1204
-1204
-1206
-1206
-1202
-1202
-1202
-1202
-1206
-1204
-1204
-1202
-1202
-1200
-1198
-1202
-1206
-1204
-1212
-1216
-1218
-1218
-1218
-1220
-1226
-1232
-1226
-1226
-1226
-1218
-1210
-1214
-1214
-1214
-1218
-1218
-1220
-1220
-1218
-1218
-1210
-1210
-1200
-1200
-1196
-1196
-1196
-1196
-1188
-1188
-1190
-1190
-1188
-1192
-1192
-1192
-1192
-1192
-1194
-1194
-1194
-1182
-1184
-1184
-1184
-1186
-1172
-1172
-1162
-1162
-1162
-1162
-1164
-1164
-1164
-1162
-1162
-1162
-1162
-1164
-1164
-1168
-1168
-1168
-1168
-1168
-1168
-1176
-1176
-1186
-1186
-1204
-1204
-1198
-1194
-1194
-1194
-1190
-1190
-1178
-1174
-1174
-1162
-1162
-1162
-1160
-1166
-1166
-1166
-1166
-1160
-1160
-1162
-1162
-1162
-1162
-1162
-1162
-1158
-1158
-1152
-1152
-1152
-1152
-1144
-1146
-1146
-1152
-1152
-1152
-1152
-1144
-1156
-1156
-1156
-1156
-1158
-1162
-1166
-1166
-1172
-1170
-1174
-1174
-1180
-1174
-1180
-1180
-1180
-1180
-1168
-1168
-1170
-1170
-1170
-1166
-1170
-1170
-1178
-1178
-1178
-1170
-1174
-1174
-1174
-1184
-1176
-1172
-1174
-1174
-1178
-1176
-1180
-1180
-1172
-1172
-1174
-1164
-1164
-1164
-1164
-1160
-1154
-1154
-1154
-1156
-1156
-1156
-1156
-1158
-1148
-1158
-1158
-1150
-1148
-1148
-1144
-1144
-1146
-1146
-1154
-1154
-1148
-1148
-1150
-1148
-1148
-1148
-1148
-1148
-1148
-1150
-1150
-1140
-1134
-1140
-1140
-1140
-1132
-1132
-1134
-1130
-1130
-1130
-1124
-1114
-1114
-1114
-1114
-1114
-1114
-1114
-1114
-1114
-1114
-1114
-1124
-1124
-1124
-1124
-1128
-1120
-1110
-1110
-1108
-1102
-1102
-1102
-1100
-1094
-1086
-1078
-1078
-1078
-1078
-1082
-1082
-1082
-1082
-1078
-1078
-1080
-1078
-1078
-1078
-1082
-1082
-1082
-1090
-1080
-1080
-1080
-1080
-1076
-1082
-1078
-1078
-1078
-1078
-1086
-1086
-1088
-1088
-1090
-1082
-1072
-1074
-1072
-1068
-1066
-1066
-1066
-1066
-1066
-1068
-1074
-1074
-1080
-1080
-1076
-1076
-1074
-1066
-1066
-1056
-1056
-1056
-1056
-1050
-1050
-1050
-1050
-1050
-1050
-1048
-1042
-1042
-1042
-1044
-1044
-1044
-1044
-1044
-1044
-1040
-1038
-1038
-1038
-1038
-1040
-1036
-1036
-1036
-1036
-1036
-1030
-1022
-1022
-1022
-1026
-1026
-1022
-1022
-1022
-1026
-1026
-1024
-1024
-1038
-1038
-1038
-1038
-1042
-1042
-1042
-1046
-1046
-1054
-1052
-1052
-1048
-1050
-1046
-1046
-1042
-1040
-1040
-1040
-1040
-1040
-1040
-1034
-1034
-1034
-1044
-1044
-1044
-1030
-1030
-1030
-1032
-1032
-1032
-1032
-1026
-1026
-1026
-1014
-1014
-1014
-1014
-1014
-1010
-1010
-1006
-1006
-1006
-1008
-1002
-1002
-1010
-1018
-1010
-1010
-1008
-1008
-1010
-1010
-1010
-1016
-1022
-1014
-1014
-1008
-1002
-1002
-998
-1004
-1004
-1006
-1004
-1004
-1002
-1002
-1000
-998
-996
-988
-988
-988
-988
-988
-988
-978
-978
-982
-988
-988
-1000
-1002
-1002
-1000
-1000
-1000
-996
-994
-988
-982
-982
-974
-974
-964
-974
-974
-966
-966
-966
-966
-956
-954
-954
-958
-958
-956
-956
-956
-952
-952
-952
-952
-946
-942
-942
-942
-942
-942
-942
-936
-936
-926
-926
-930
-926
-926
-934
-934
-926
-922
-918
-918
-918
-914
-914
-914
-910
-902
-906
-906
-906
-906
-912
-912
-912
-912
-912
-912
-912
-912
-912
-912
-904
-904
-900
-912
-904
-900
-900
-898
-898
-898
-900
-900
-894
-894
-898
-900
-900
-898
-898
-894
-894
-894
-894
-894
-904
-904
-906
-906
-906
-906
-902
-894
-894
-886
-892
-892
-892
-898
-890
-890
-890
-890
-888
-892
-894
-888
-896
-896
-902
-904
-904
-908
-908
-904
-908
-906
-914
-916
-916
-916
-916
-916
-914
-922
-922
-922
-922
-922
-922
-922
-922
-918
-918
-918
-908
-908
-908
-908
-908
-908
-908
-910
-910
-898
-906
-900
-898
-898
-898
-894
-894
-890
-888
-880
-874
-874
-864
-864
-864
-864
-870
-866
-866
-866
-866
-864
-864
-864
-862
-862
-856
-852
-852
-852
-852
-852
-852
-852
-852
-848
-850
-846
-842
-842
-848
-848
-850
-850
-846
-846
-840
-840
-842
-844
-844
-844
-846
-846
-846
-840
-840
-842
-842
-842
-842
-838
-836
-840
-840
-838
-846
-846
-846
-846
-844
-846
-850
-848
-844
-840
-842
-852
-858
-858
-856
-856
-854
-858
-860
-860
-862
-862
-862
-872
-872
-872
-872
-874
-872
-872
-876
-870
-862
-856
-858
-852
-854
-854
-854
-850
-848
-842
-842
-842
-856
-848
-848
-848
-848
-856
-850
-850
-850
-846
-848
-848
-848
-844
-852
-854
-850
-850
-850
-846
-846
-846
-834
-834
-834
-838
-832
-832
-832
-832
-820
-820
-820
-820
-820
-820
-820
-816
-822
-822
-822
-822
-836
-836
-834
-836
-838
-838
-840
-842
-842
-846
-842
-842
-842
-828
-834
-834
-834
-834
-836
-840
-838
-836
-830
-824
-816
-814
-814
-814
-822
-822
-814
-814
-812
-812
-812
-802
-806
-802
-810
-810
-810
-810
-808
-808
-808
-808
-800
-800
-792
-792
-776
-776
-772
-764
-764
-754
-748
-742
-734
-734
-734
-738
-746
-748
-742
-742
-748
-748
-754
-758
-766
-766
-760
-768
-768
-766
-768
-780
-780
-770
-770
-770
-770
-770
-768
-768
-768
-768
-766
-778
-772
-772
-776
-776
-772
-772
-770
-772
-776
-776
-776
-772
-772
-768
-768
-768
-768
-768
-768
-766
-766
-766
-774
-774
-774
-772
-772
-772
-768
-770
-770
-764
-756
-752
-752
-754
-744
-744
-736
-726
-726
-726
-726
-726
-726
-726
-726
-726
-724
-724
-724
-724
-726
-724
-722
-720
-720
-720
-720
-714
-714
-714
-712
-712
-704
-704
-704
-704
-686
-690
-690
-690
-690
-696
-696
-696
-696
-696
-696
-696
-696
-698
-698
-698
-696
-704
-704
-704
-698
-698
-698
-694
-694
-694
-700
-700
-696
-704
-704
-708
-708
-708
-704
-704
-704
-710
-710
-710
-710
-710
-710
-710
-710
-708
-708
-708
-708
-698
-698
-706
-706
-706
-714
-718
-718
-718
-728
-728
-728
-726
-726
-726
-732
-734
-736
-732
-732
-732
-732
-732
-732
-732
-732
-732
-732
-732
-732
-732
-732
-726
-726
-726
-730
-726
-726
-732
-726
-736
-738
-738
-738
-738
-738
-738
-738
-744
-744
-742
-742
-742
-736
-732
-726
-726
-726
-726
-726
-726
-726
-726
-724
-722
-720
-720
-708
-708
-718
-712
-714
-712
-704
-694
-694
-690
-690
-688
-688
-688
-688
-688
-688
-688
-686
-686
-690
-690
-690
-688
-688
-688
-688
-688
-692
-692
-690
-692
-692
-692
-696
-688
-690
-688
-690
-688
-690
-694
-694
-698
-686
-680
-680
-680
-680
-680
-688
-688
-692
-692
-692
-692
-700
-690
-682
-682
-682
-676
-676
-678
-678
-678
-678
-682
-674
-668
-668
-668
-670
-670
-670
-668
-666
-666
-660
-652
-652
-652
-652
-660
-658
-658
-658
-658
-660
-662
-664
-664
-662
-662
-664
-664
-660
-664
-664
-664
-658
-650
-648
-648
-640
-642
-650
-650
-646
-652
-654
-652
-652
-652
-652
-652
-652
-646
-646
-652
-654
-654
-640
-640
-640
-640
-634
-634
-634
-638
-636
-636
-636
-636
-634
-634
-634
-634
-622
-622
-622
-622
-624
-628
-628
-628
-622
-622
-614
-614
-614
-616
-614
-614
-614
-616
-616
-616
-616
-618
-610
-612
-618
-618
-634
-634
-630
-636
-636
-634
-628
-628
-626
-628
-616
-614
-620
-620
-628
-624
-622
-616
-616
-616
-616
-616
-616
-618
-612
-612
-614
-614
-614
-612
-612
-612
-612
-612
-612
-612
-612
-612
-604
-602
-602
-602
-602
-602
-606
-602
-602
-596
-592
-580
-580
-580
-582
-578
-578
-578
-578
-578
-582
-582
-580
-580
-580
-586
-586
-578
-570
-578
-574
-578
-580
-572
-564
-566
-566
-566
-566
-566
-566
-568
-564
-564
-568
-568
-568
-572
-568
-568
-562
-562
-562
-554
-546
-546
-546
-550
-542
-552
-554
-554
-554
-554
-550
-548
-548
-548
-548
-548
-548
-548
-550
-550
-550
-544
-542
-540
-538
-536
-536
-538
-538
-544
-544
-540
-544
-544
-540
-532
-532
-532
-532
-528
-530
-530
-524
-524
-524
-520
-520
-520
-520
-520
-516
-516
-510
-510
-510
-510
-510
-508
-506
-506
-506
-506
-506
-512
-512
-502
-500
-500
-500
-508
-500
-500
-500
-500
-500
-500
-500
-500
-494
-494
-490
-490
-490
-490
-490
-490
-492
-492
-492
-492
-492
-488
-488
-488
-488
-494
-488
-482
-470
-472
-468
-468
-462
-462
-454
-454
-454
-454
-454
-452
-446
-446
-448
-444
-442
-442
-442
-434
-436
-436
-434
-434
-436
-436
-434
-434
-426
-426
-426
-412
-422
-424
-418
-422
-432
-432
-422
-422
-422
-418
-418
-418
-418
-418
-418
-418
-426
-426
-426
-426
-426
-412
-408
-408
-412
-412
-412
-422
-422
-422
-416
-408
-400
-398
-398
-398
-390
-390
-390
-390
-390
-392
-396
-394
-394
-394
-398
-398
-398
-394
-394
-394
-400
-400
-406
-406
-404
-404
-408
-400
-412
-412
-410
-414
-414
-414
-418
-418
-416
-414
-414
-414
-414
-414
-424
-424
-422
-424
-424
-424
-424
-414
-412
-412
-414
-414
-414
-420
-418
-418
-414
-408
-416
-418
-416
-428
-428
-426
-426
-426
-424
-424
-424
-424
-424
-424
-424
-422
-422
-416
-416
-418
-422
-422
-426
-434
-434
-430
-430
-426
-430
-430
-430
-430
-430
-430
-428
-428
-418
-418
-424
-424
-424
-432
-432
-420
-428
-428
-428
-432
-432
-432
-432
-432
-432
-440
-440
-438
-438
-442
-440
-430
-430
-430
-434
-430
-430
-430
-424
-424
-424
-418
-418
-416
-416
-416
-420
-420
-418
-418
-418
-418
-418
-416
-410
-410
-410
-408
-408
-408
-408
-408
-408
-408
-404
-402
-402
-396
-396
-400
-400
-400
-400
-402
-400
-404
-404
-406
-402
-392
-394
-392
-388
-390
-390
-382
-382
-382
-382
-384
-384
-382
-382
-382
-378
-382
-382
-380
-378
-378
-378
-370
-368
-368
-368
-368
-368
-374
-374
-380
-380
-380
-378
-380
-382
-382
-382
-382
-382
-382
-378
-370
-370
-372
-382
-382
-382
-388
-378
-378
-374
-374
-374
-374
-372
-372
-370
-370
-370
-362
-366
-364
-364
-364
-356
-364
-364
-364
-348
-348
-348
-350
-350
-344
-344
-344
-344
-332
-336
-336
-336
-332
-332
-340
-340
-340
-340
-340
-340
-334
-334
-340
-342
-350
-352
-352
-348
-350
-348
-340
-340
-340
-340
-338
-338
-338
-342
-342
-334
-334
-330
-330
-330
-342
-334
-334
-334
-328
-328
-328
-328
-328
-328
-328
-328
-328
-316
-316
-314
-314
-314
-306
-320
-320
-320
-316
-310
-312
-312
-306
-306
-302
-302
-304
-304
-304
-304
-302
-302
-302
-306
-300
-300
-300
-300
-298
-298
-302
-308
-312
-308
-314
-314
-310
-312
-312
-312
-314
-314
-314
-308
-300
-300
-300
-300
-296
-300
-304
-312
-310
-310
-310
-310
-302
-302
-302
-300
-300
-300
-300
-300
-308
-314
-314
-318
-320
-314
-314
-320
-316
-318
-318
-318
-312
-312
-312
-312
-312
-310
-310
-310
-310
-310
-316
-316
-316
-316
-316
-316
-310
-316
-316
-316
-316
-318
-330
-326
-322
-326
-320
-314
-314
-314
-314
-312
-308
-308
-304
-304
-304
-304
-298
-298
-298
-298
-296
-296
-290
-290
-284
-284
-294
-294
-292
-288
-296
-290
-286
-278
-276
-276
-278
-278
-266
-266
-266
-266
-266
-266
-266
-256
-256
-256
-262
-262
-262
-262
-264
-264
-262
-262
-262
-262
-266
-266
-270
-270
-270
-270
-270
-270
-272
-268
-268
-264
-264
-270
-270
-266
-268
-272
-272
-272
-270
-270
-270
-270
-272
-272
-272
-272
-272
-272
-272
-272
-270
-270
-272
-272
-268
-262
-262
-262
-262
-262
-258
-256
-256
-256
-256
-262
-274
-274
-274
-274
-274
-278
-278
-278
-278
-278
-272
-272
-278
-282
-282
-292
-282
-278
-282
-284
-282
-282
-278
-278
-278
-278
-278
-278
-274
-274
-270
-274
-274
-274
-274
-274
-274
-274
-274
-274
-274
-276
-276
-276
-278
-278
-278
-280
-284
-288
-298
-302
-304
-304
-308
-308
-308
-304
-314
-306
-314
-318
-318
-318
-318
-318
-318
-320
-324
-324
-328
-320
-322
-322
-322
-322
-322
-322
-322
-322
-322
-322
-318
-318
-318
-316
-316
-316
-316
-316
-308
-302
-300
-302
-296
-294
-294
-300
-296
-298
-298
-298
-298
-298
-296
-298
-298
-290
-276
-276
-276
-282
-286
-286
-282
-282
-282
-290
-288
-288
-284
-294
-300
-292
-298
-298
-298
-298
-304
-310
-318
-318
-318
-326
-324
-318
-316
-316
-316
-316
-316
-312
-308
-308
-300
-300
-300
-296
-306
-306
-306
-306
-306
-306
-306
-306
-304
-304
-304
-314
-314
-314
-312
-312
-318
-318
-306
-310
-310
-312
-304
-306
-306
-316
-316
-320
-320
-324
-324
-324
-318
-322
-322
-322
-328
-328
-328
-328
-326
-326
-336
-336
-336
-340
-340
-338
-338
-338
-330
-322
-318
-318
-318
-318
-318
-320
-320
-320
-320
-324
-330
-328
-324
-324
-322
-322
-320
-320
-320
-320
-320
-322
-318
-318
-318
-314
-320
-314
-314
-320
-320
-316
-316
-316
-316
-316
-308
-308
-308
-308
-304
-298
-298
-298
-298
-298
-298
-292
-294
-294
-284
-284
-280
-280
-280
-280
-280
-274
-274
-270
-270
-266
-256
-256
-256
-250
-250
-250
-250
-250
-246
-246
-234
-222
-222
-218
-218
-216
-224
-220
-210
-212
-212
-216
-216
-216
-216
-216
-218
-218
-218
-218
-220
-224
-222
-232
-232
-242
-248
-244
-244
-244
-252
-258
-252
-250
-250
-250
-250
-250
-250
-250
-248
-248
-242
-242
-238
-238
-238
-242
-242
-242
-246
-246
-246
-250
-250
-250
-250
-250
-244
-252
-246
-256
-258
-270
-270
-270
-256
-256
-256
-256
-256
-252
-254
-254
-254
-254
-254
-254
-254
-254
-254
-258
-258
-258
-258
-258
-260
-266
-266
-266
-266
-270
-270
-268
-264
-264
-264
-264
-266
-266
-266
-268
-262
-262
-256
-262
-262
-254
-248
-244
-244
-238
-246
-246
-246
-238
-238
-236
-240
-248
-248
-248
-256
-256
-256
-248
-256
-254
-248
-248
-248
-248
-248
-256
-254
-254
-248
