-2627
-2619
-2615
-2607
-2595
-2585
-2589
-2585
-2579
-2573
-2571
-2567
-2555
-2551
-2541
-2537
-2533
-2523
-2523
-2523
-2513
-2509
-2503
-2497
-2489
-2489
-2479
-2475
-2469
-2465
-2459
-2459
-2457
-2449
-2441
-2431
-2423
-2425
-2421
-2413
-2413
-2407
-2401
-2391
-2387
-2377
-2361
-2353
-2343
-2337
-2341
-2347
-2339
-2327
-2321
-2317
-2311
-2307
-2307
-2301
-2299
-2297
-2293
-2285
-2277
-2267
-2269
-2261
-2257
-2247
-2249
-2239
-2239
-2225
-2227
-2221
-2211
-2203
-2197
-2191
-2183
-2181
-2171
-2173
-2177
-2177
-2183
-2181
-2177
-2165
-2159
-2155
-2149
-2147
-2139
-2139
-2131
-2125
-2123
-2125
-2121
-2127
-2121
-2117
-2105
-2101
-2097
-2091
-2091
-2087
-2087
-2087
-2077
-2077
-2069
-2071
-2053
-2047
-2043
-2039
-2041
-2043
-2033
-2023
-2019
-2017
-2013
-2011
-2005
-2001
-1991
-1985
-1987
-1989
-1993
-1985
-1977
-1967
-1967
-1959
-1957
-1955
-1957
-1957
-1947
-1943
-1939
-1939
-1941
-1941
-1929
-1925
-1913
-1915
-1907
-1907
-1897
-1903
-1905
-1897
-1895
-1887
-1881
-1873
-1865
-1859
-1857
-1861
-1851
-1839
-1839
-1825
-1821
-1821
-1821
-1811
-1807
-1803
-1803
-1797
-1795
-1795
-1787
-1787
-1785
-1787
-1779
-1765
-1763
-1757
-1749
-1739
-1737
-1727
-1721
-1715
-1707
-1701
-1705
-1693
-1699
-1701
-1691
-1683
-1669
-1665
-1663
-1661
-1657
-1659
-1661
-1657
-1651
-1647
-1647
-1643
-1637
-1627
-1629
-1629
-1625
-1623
-1611
-1607
-1599
-1593
-1591
-1585
-1575
-1569
-1579
-1571
-1567
-1557
-1557
-1551
-1545
-1541
-1525
-1525
-1525
-1513
-1507
-1503
-1497
-1497
-1495
-1491
-1481
-1481
-1477
-1477
-1467
-1457
-1457
-1451
-1437
-1427
-1425
-1415
-1403
-1395
-1391
-1393
-1391
-1383
-1379
-1363
-1353
-1341
-1335
-1333
-1341
-1331
-1333
-1333
-1321
-1317
-1323
-1325
-1315
-1305
-1303
-1299
-1303
-1297
-1281
-1267
-1269
-1263
-1257
-1255
-1251
-1251
-1247
-1245
-1247
-1243
-1239
-1235
-1231
-1219
-1205
-1205
-1197
-1201
-1199
-1197
-1189
-1189
-1201
-1189
-1185
-1195
-1201
-1189
-1191
-1177
-1171
-1169
-1169
-1169
-1169
-1153
-1151
-1143
-1139
-1141
-1141
-1141
-1141
-1139
-1135
-1135
-1135
-1135
-1135
-1133
-1131
-1133
-1123
-1117
-1119
-1111
-1101
-1091
-1089
-1091
-1081
-1083
-1077
-1077
-1073
-1069
-1059
-1055
-1047
-1045
-1047
-1045
-1039
-1035
-1031
-1023
-1017
-1009
-1003
-997
-995
-987
-985
-979
-985
-983
-981
-985
-991
-977
-979
-979
-973
-975
-971
-965
-967
-969
-973
-969
-963
-965
-963
-961
-955
-951
-971
-967
-967
-967
-961
-955
-959
-965
-963
-961
-949
-947
-939
-937
-941
-937
-949
-961
-957
-955
-945
-949
-941
-933
-927
-923
-923
-921
-919
-917
-903
-901
-897
-887
-881
-877
-871
-867
-865
-865
-871
-859
-857
-859
-859
-859
-859
-859
-857
-849
-857
-855
-857
-851
-847
-845
-843
-841
-845
-845
-847
-837
-841
-843
-847
-843
-851
-851
-851
-851
-843
-843
-837
-847
-853
-847
-845
-851
-849
-851
-849
-855
-847
-847
-841
-837
-845
-839
-839
-845
-843
-839
-835
-819
-817
-821
-813
-799
-793
-789
-781
-783
-779
-775
-771
-777
-783
-777
-785
-785
-789
-795
-793
-779
-783
-783
-779
-761
-763
-757
-753
-745
-737
-731
-733
-737
-735
-731
-735
-731
-721
-711
-715
-723
-731
-729
-725
-723
-715
-713
-713
-709
-705
-703
-703
-695
-703
-713
-705
-713
-709
-709
-713
-699
-699
-707
-697
-693
-691
-689
-679
-675
-681
-677
-667
-665
-655
-645
-637
-635
-631
-625
-625
-621
-621
-621
-613
-613
-613
-611
-605
-611
-601
-591
-583
-585
-585
-581
-579
-573
-573
-575
-589
-579
-573
-577
-567
-559
-553
-543
-547
-551
-549
-553
-545
-555
-557
-557
-545
-541
-553
-547
-551
-545
-541
-543
-537
-531
-535
-535
-535
-535
-531
-529
-529
-523
-523
-517
-513
-499
-495
-485
-473
-473
-473
-473
-471
-465
-465
-457
-453
-455
-445
-443
-439
-443
-433
-425
-415
-407
-409
-411
-403
-403
-399
-399
-407
-409
-409
-399
-397
-395
-399
-397
-407
-403
-403
-397
-395
-391
-391
-393
-393
-401
-403
-399
-397
-405
-409
-413
-419
-419
-423
-429
-421
-429
-425
-429
-431
-425
-425
-425
-419
-423
-421
-433
-433
-437
-431
-427
-421
-415
-411
-407
-399
-399
-389
-379
-383
-379
-385
-387
-395
-391
-389
-379
-377
-369
-377
-375
-369
-369
-367
-357
-349
-349
-361
-353
-349
-357
-363
-359
-351
-351
-355
-351
-345
-345
-339
-337
-339
-339
-335
-339
-331
-341
-341
-333
-333
-335
-335
-335
-337
-337
-335
-335
-331
-329
-323
-323
-311
-311
-307
-307
-311
-303
-293
-299
-297
-301
-299
-299
-299
-299
-299
-299
-299
-297
-299
-297
-301
-299
-299
-295
-293
-291
-297
-297
-289
-295
-293
-291
-297
-289
-287
-293
-285
-281
-277
-271
-267
-257
-255
-255
-259
-255
-251
-249
-259
-257
-241
-235
-239
-235
-239
-247
-239
-245
-245
-249
-253
-247
-249
-251
-253
-241
-239
-233
-235
-233
-231
-231
-229
-219
-207
-213
-211
-209
-199
-201
-197
-203
-191
-201
-195
-195
-183
-183
-177
-175
-173
-181
-173
-169
-165
-161
-161
-169
-167
-171
-177
-173
-177
-183
-181
-181
-189
-187
-177
-179
-183
-187
-197
-201
-199
-197
-209
-209
-219
-225
-217
-213
-213
-215
-209
-213
-213
-199
-203
-189
-187
-183
-179
-175
-183
-175
-169
-177
-185
-185
-183
-183
-181
-189
-189
-181
-173
-175
-173
-185
-199
-195
-187
-173
-161
-161
-169
-175
-179
-179
-177
-173
-183
-181
-169
-179
-177
-179
-179
-175
-169
-173
-165
-153
-149
-145
-145
-149
-153
-151
-151
-149
-147
-145
-149
-147
-147
-145
-137
-139
-133
-129
-133
-131
-131
-131
-133
-131
-131
-133
-123
-115
-107
-107
-111
-105
-97
-95
-87
-93
-95
-99
-109
-105
-91
-87
-85
-87
-89
-81
-83
-79
-75
-77
-81
-71
-67
-69
-77
-71
-75
-63
-55
-51
-55
-47
-41
-39
-37
-47
-41
-45
-41
-43
-53
-53
-61
-55
-55
-53
-55
-61
-69
-63
-61
-63
-65
-61
-61
-61
-67
-73
-69
-69
-67
-63
-75
-81
-83
-81
-83
-83
-75
-75
-61
-61
-53
-51
-37
-37
-31
-27
-39
-39
-37
-37
-43
-43
-43
-51
-45
-47
-53
-57
-59
-67
-69
-75
-75
-73
-77
-69
-65
-65
-71
-71
-71
-67
-65
-67
-73
-73
-83
-91
-93
-91
-81
-83
-89
-77
-73
-67
-67
-71
-59
-49
-49
-59
-57
-49
-51
-51
-51
-37
-35
-29
-19
-21
-21
-11
-19
-11
-11
-15
-7
1
-3
3
17
21
25
23
13
9
25
11
5
17
19
27
27
29
39
43
41
41
39
41
53
53
57
55
61
61
61
53
49
45
35
37
49
55
55
47
49
53
53
55
65
51
51
51
45
43
39
41
45
39
51
49
59
55
63
63
71
81
89
91
95
103
97
83
87
89
93
85
81
85
91
89
101
103
97
95
95
95
91
87
85
93
81
91
81
87
91
93
101
99
103
101
97
97
101
105
107
107
105
99
99
97
105
103
107
107
105
105
109
109
105
97
91
87
81
83
77
73
79
75
67
57
57
65
65
65
57
53
59
57
55
55
51
51
49
59
57
59
59
53
53
49
43
47
39
43
37
39
29
29
29
25
29
37
45
49
53
57
59
57
53
61
55
55
47
39
43
35
41
27
33
27
27
31
35
35
35
27
25
33
31
35
29
19
23
11
11
11
15
7
3
7
7
3
3
-5
-15
-11
-13
-15
-9
-13
-13
-5
1
9
9
13
19
21
11
17
5
-1
-3
-7
-1
9
25
23
29
33
39
35
35
39
43
35
35
35
37
39
39
41
45
47
51
47
51
59
55
65
67
61
55
47
43
47
53
55
55
61
73
75
77
87
87
83
83
71
75
77
83
83
77
79
77
77
75
81
81
93
99
105
101
95
85
95
105
105
99
99
105
101
105
107
99
103
95
91
89
97
101
97
93
97
93
95
91
83
85
79
81
77
79
93
91
97
91
99
103
99
95
93
95
93
91
87
91
87
85
87
99
95
95
83
85
83
89
85
75
67
69
61
63
53
57
59
57
51
55
57
53
65
67
69
67
63
75
75
79
79
75
65
65
63
73
77
75
83
77
73
77
83
85
93
101
101
103
97
97
105
111
107
107
109
109
113
117
117
113
113
111
111
115
123
123
119
111
109
115
121
119
121
113
121
123
121
123
129
129
119
115
109
107
105
109
103
93
93
93
93
103
99
99
99
101
99
103
97
91
89
89
87
85
95
91
87
89
97
99
105
117
117
117
113
115
119
121
119
119
123
121
117
121
127
129
131
127
125
125
131
127
127
123
133
137
133
135
139
135
133
131
129
133
141
129
133
131
131
127
137
127
127
121
121
123
131
133
135
135
135
135
133
129
131
127
119
115
103
105
105
107
111
109
113
111
111
101
99
105
101
101
97
101
97
99
93
95
89
95
107
105
105
115
121
119
115
111
101
95
95
91
99
93
101
109
107
105
97
109
107
107
105
107
113
107
107
117
115
111
119
123
123
131
131
131
121
127
139
147
145
145
137
135
143
137
137
133
135
119
119
125
133
133
135
141
145
151
155
159
159
167
165
163
165
159
163
161
159
155
157
165
159
169
165
159
159
165
159
163
165
167
169
165
171
171
175
173
171
171
171
171
169
163
165
159
161
161
159
153
151
149
143
149
155
145
155
153
147
143
147
143
139
145
139
135
141
135
143
141
143
141
141
141
133
135
135
139
141
131
129
125
125
129
127
125
127
131
139
145
145
137
143
153
155
147
149
155
153
147
149
157
155
155
149
159
151
155
153
147
141
145
145
149
151
155
163
165
159
155
161
159
153
155
159
155
153
165
175
169
173
169
169
167
171
179
185
191
187
187
183
191
195
197
197
187
187
183
175
173
177
177
175
179
185
187
189
187
193
195
199
197
199
203
199
211
217
223
223
217
207
195
205
205
205
201
205
199
197
197
197
197
203
201
197
195
205
203
199
197
203
205
205
211
213
211
213
213
207
203
203
207
205
203
205
195
195
191
193
193
187
189
177
175
171
183
183
181
183
181
173
169
167
169
175
175
183
185
191
193
205
209
193
189
189
189
183
185
185
181
181
177
171
171
173
169
173
179
181
175
169
167
161
161
167
163
167
161
165
167
169
171
169
177
173
171
171
163
163
165
157
155
155
149
149
147
145
147
155
155
159
167
173
163
163
161
159
157
157
155
159
155
159
155
157
155
151
153
153
147
149
155
163
163
163
161
173
181
175
181
187
187
183
181
193
193
187
187
183
181
189
197
195
195
191
199
197
193
197
211
215
215
219
215
213
213
215
211
215
211
213
213
213
215
217
215
211
219
217
213
205
209
207
207
205
205
201
199
199
195
185
183
189
195
195
203
197
191
189
189
185
187
191
187
191
195
199
199
197
195
199
205
199
201
203
205
207
203
211
215
213
213
211
201
197
197
203
203
203
203
205
211
213
213
207
207
203
211
213
211
211
211
205
207
201
199
189
191
193
179
183
185
187
187
191
195
195
195
201
201
203
213
213
217
219
225
235
231
221
219
211
209
207
217
221
221
223
221
215
221
221
223
227
223
221
215
225
223
225
219
223
223
225
221
213
205
215
223
223
215
213
217
217
213
207
205
205
211
217
211
213
213
211
209
205
209
201
203
195
197
197
189
183
181
185
185
175
179
179
183
189
193
193
195
201
201
201
203
207
201
201
199
201
205
205
213
209
203
213
209
205
201
203
203
201
205
215
217
225
231
235
233
241
241
239
239
229
231
229
237
235
233
243
241
243
249
257
261
257
261
263
261
259
259
259
269
275
273
273
277
275
279
279
279
277
277
271
269
265
255
261
255
263
263
259
257
257
261
253
253
247
241
243
241
243
245
245
245
249
253
251
263
263
269
271
281
285
275
279
279
279
279
273
285
285
285
283
287
287
295
289
291
293
297
299
293
293
291
279
273
273
271
271
277
273
283
289
291
289
283
281
273
275
269
281
277
281
289
285
291
287
297
299
301
305
307
307
305
307
303
307
317
329
337
337
343
335
325
325
323
325
319
325
329
321
317
321
321
321
323
321
317
311
307
317
319
321
317
315
319
327
325
325
319
319
321
325
329
331
331
329
327
329
331
329
325
337
339
343
343
351
349
353
359
359
343
345
349
339
337
343
331
329
323
327
327
331
331
327
317
321
333
339
335
337
327
335
335
333
333
335
335
335
331
343
345
337
335
337
341
339
341
355
357
361
355
339
339
337
337
345
333
323
321
317
317
315
311
307
313
305
307
307
307
307
307
307
315
319
321
315
319
315
319
317
313
311
317
317
309
321
329
325
335
323
325
331
331
337
339
327
323
333
337
337
337
327
329
331
329
323
309
315
321
323
327
325
315
309
311
309
319
315
317
315
319
325
321
321
323
327
321
327
317
329
319
317
313
317
321
325
331
343
351
345
343
353
353
353
357
357
355
353
349
337
345
335
335
337
343
347
339
337
339
337
331
323
313
305
301
299
297
285
281
273
279
285
285
277
271
279
283
289
279
273
279
283
285
289
285
285
281
279
279
279
277
267
259
259
253
251
257
259
259
261
261
261
251
253
259
263
275
273
271
273
273
277
275
277
277
287
277
277
277
277
281
291
299
297
301
297
307
307
309
315
307
307
309
305
307
297
297
289
291
301
299
297
289
291
289
283
283
281
287
289
287
277
283
277
279
275
277
277
275
275
269
277
271
265
269
275
281
285
285
287
275
283
281
297
299
309
303
301
301
295
295
287
271
269
269
271
267
257
255
249
255
261
263
259
265
269
275
271
267
265
269
267
257
265
271
273
269
263
265
279
275
277
281
283
281
289
277
277
271
273
269
275
265
267
273
267
271
265
263
265
251
251
249
257
263
247
245
251
257
251
249
239
237
235
227
227
225
219
227
233
235
233
237
243
259
261
263
271
269
273
285
291
285
281
277
279
287
285
285
279
281
277
269
261
261
257
257
257
251
251
251
249
253
251
255
257
257
257
263
267
271
269
265
265
269
253
263
265
269
265
263
259
259
265
263
267
273
277
269
269
267
273
273
275
269
259
263
267
267
263
257
257
253
245
239
237
239
241
239
237
241
243
243
239
243
239
239
245
251
251
245
235
237
247
241
237
231
223
213
213
205
203
201
195
191
183
189
185
197
191
189
183
189
183
183
175
167
165
167
159
159
159
161
153
153
165
161
159
155
161
159
155
153
153
153
149
145
151
145
151
155
157
159
155
155
147
153
151
149
157
157
153
159
157
157
161
157
155
149
151
157
151
155
155
147
143
135
129
127
119
121
117
117
129
133
137
135
137
135
131
139
137
139
149
145
147
137
127
121
123
123
119
119
119
121
121
119
115
121
125
129
137
137
141
145
149
153
147
149
159
159
147
157
163
155
151
145
151
151
159
161
161
155
155
153
155
155
149
145
145
137
147
147
147
153
165
171
167
175
173
179
173
175
175
173
179
177
187
195
195
201
193
187
195
187
171
175
173
169
165
169
171
169
171
169
173
171
169
179
181
187
183
183
187
187
183
193
195
203
211
217
223
221
221
215
215
215
209
211
213
219
219
223
225
229
235
235
239
243
255
257
251
249
245
239
223
225
227
231
229
227
229
227
225
235
245
243
247
247
247
241
249
253
255
249
245
241
247
239
237
231
227
223
215
213
213
213
217
219
211
215
221
235
239
235
239
233
225
221
221
225
235
225
233
233
231
223
229
229
231
235
231
227
223
227
223
223
227
219
217
221
221
225
227
225
229
229
231
219
213
223
223
229
227
221
217
223
227
225
223
231
239
237
229
221
231
231
231
235
239
233
233
231
227
225
213
213
207
209
209
207
213
215
213
213
219
227
235
247
237
237
233
233
237
235
229
233
233
237
249
249
255
263
269
271
269
267
275
273
267
265
263
257
259
259
247
251
253
261
265
273
277
275
273
273
275
273
277
267
265
263
267
267
271
269
273
279
281
279
275
273
263
255
243
241
243
241
247
255
265
269
269
269
263
257
259
259
257
263
263
263
255
255
267
263
265
281
287
285
291
297
303
303
307
313
315
317
323
323
331
339
335
331
335
343
347
343
349
359
357
363
371
365
363
369
367
369
371
369
359
363
369
375
363
363
373
379
383
385
385
391
383
391
395
385
397
397
397
393
389
381
387
387
393
379
367
363
355
367
359
363
371
361
363
365
363
365
365
367
361
361
361
367
369
357
363
357
357
347
347
339
345
355
357
357
355
337
331
319
315
309
303
311
313
323
313
301
305
297
297
299
301
305
295
295
299
293
291
279
271
267
267
265
267
265
271
275
277
265
263
273
271
277
277
283
283
279
277
273
261
269
277
277
265
259
259
257
261
249
251
259
263
269
269
265
267
259
257
269
275
269
265
257
265
259
255
261
255
267
275
271
273
273
271
265
267
265
271
269
273
263
261
255
253
257
267
267
267
265
273
269
269
269
265
267
269
271
269
277
279
279
275
283
277
279
269
265
267
263
263
263
269
267
259
253
255
261
261
249
247
259
259
253
263
271
283
279
283
281
281
283
283
283
285
287
277
287
287
285
289
291
291
293
293
293
301
309
315
317
317
317
317
319
325
327
325
325
321
313
315
323
311
309
313
311
311
311
319
323
323
317
325
327
325
319
319
321
327
329
319
323
323
319
323
323
331
319
313
309
299
299
307
305
297
295
295
291
289
293
299
295
303
303
303
307
313
309
309
315
311
305
295
307
311
313
317
321
323
331
329
335
347
343
341
341
343
339
339
339
343
335
339
339
345
345
347
343
349
349
351
355
349
351
345
341
349
361
365
365
365
359
361
363
363
365
363
361
357
369
371
373
379
385
385
393
393
387
387
395
397
391
383
383
375
371
357
361
361
359
363
351
345
345
329
333
317
309
309
311
301
307
303
299
303
303
309
309
313
321
317
319
313
305
307
313
299
303
305
297
285
277
281
283
289
281
285
281
287
287
279
293
293
293
303
303
305
299
305
307
305
313
317
311
311
307
307
315
315
313
315
315
315
323
325
321
313
315
313
309
307
311
309
315
309
311
315
313
315
311
309
311
315
313
311
311
309
301
293
293
295
291
283
283
285
285
291
285
281
277
273
281
287
285
283
275
277
277
269
267
275
275
277
283
281
279
279
285
283
285
285
285
285
283
285
283
289
283
287
287
291
295
297
301
307
313
317
327
315
317
317
311
313
319
315
305
309
299
295
299
303
309
307
303
303
303
299
289
289
287
281
279
275
275
277
283
291
285
281
287
281
285
281
287
289
293
301
291
291
291
283
281
279
279
273
273
275
269
265
261
257
255
263
263
257
259
267
273
271
273
277
283
283
279
279
289
283
283
287
273
275
275
269
263
267
259
257
251
245
239
239
241
245
243
253
245
243
239
241
249
243
241
239
241
237
243
239
239
233
235
239
239
235
235
235
247
249
243
251
245
249
251
249
249
253
243
249
245
255
263
267
271
273
267
261
255
257
255
257
267
265
259
249
251
249
249
251
255
249
247
247
243
247
251
247
243
251
241
237
247
245
245
233
225
225
225
219
211
223
223
223
229
223
227
235
241
243
237
237
235
231
231
235
239
237
247
251
255
257
259
253
249
247
241
239
243
243
253
251
253
257
261
261
265
261
255
257
249
251
251
255
253
259
261
269
275
277
275
283
279
279
285
289
285
279
279
277
267
267
269
269
265
269
265
273
275
281
281
287
287
285
285
295
293
295
285
275
275
275
281
293
287
289
293
291
279
279
279
285
287
287
293
289
291
283
285
295
303
301
311
311
315
307
303
307
307
303
301
297
295
297
299
295
287
289
293
301
297
307
311
313
323
317
323
323
321
329
333
347
359
355
355
347
343
339
341
341
331
341
339
329
321
321
323
321
323
315
315
325
319
317
321
323
321
311
311
303
307
317
313
313
303
305
311
311
317
319
325
319
315
319
321
321
323
329
333
331
339
343
345
339
353
343
347
345
353
355
353
351
347
345
351
353
351
351
355
351
355
351
357
355
353
353
355
361
353
355
353
361
349
347
337
347
345
347
351
353
367
377
373
387
391
391
389
395
391
399
397
401
401
399
389
391
387
379
371
357
357
357
365
357
359
357
363
357
355
351
345
351
353
361
357
363
373
363
367
355
355
351
345
351
351
347
339
339
343
343
343
335
343
349
345
345
337
343
347
347
351
353
353
339
333
333
331
331
329
331
321
319
307
305
303
299
299
305
301
305
305
305
311
307
313
319
323
327
345
339
325
325
331
325
325
323
325
321
315
311
307
315
311
305
309
317
319
321
319
319
311
313
311
311
309
307
307
309
311
319
323
315
313
315
311
315
315
311
309
313
311
307
307
315
315
315
315
309
309
315
313
313
313
307
305
301
301
307
307
305
309
299
299
289
287
291
285
285
281
279
279
289
287
281
277
281
283
279
281
275
279
283
287
293
291
279
277
275
273
275
273
275
275
277
269
269
269
269
265
257
261
265
267
263
255
259
257
243
245
251
251
255
245
245
245
251
253
251
249
253
249
247
247
241
247
241
245
241
243
245
237
241
251
249
247
245
251
255
265
265
263
257
257
249
243
243
237
233
231
225
231
221
223
217
215
211
203
207
213
215
219
219
217
225
221
211
197
191
197
203
201
203
203
211
211
207
205
203
199
189
185
177
183
191
197
197
201
199
197
197
191
201
197
195
187
187
185
179
181
173
181
189
185
189
183
187
185
185
181
175
163
161
165
163
153
153
157
159
159
159
153
155
163
165
159
155
161
157
163
163
161
167
167
161
161
157
169
175
167
159
151
145
153
161
171
169
169
175
179
171
177
171
171
175
171
171
175
169
167
165
159
153
159
157
169
173
173
177
181
173
173
167
169
171
171
167
163
159
149
155
149
157
153
145
151
147
149
159
163
159
157
149
149
145
147
145
143
151
143
133
123
131
129
135
129
123
125
131
127
125
123
117
119
125
119
113
115
115
119
117
111
109
111
109
117
105
101
101
105
105
111
109
111
117
115
119
123
123
135
135
141
143
143
145
157
157
167
165
167
171
161
163
161
155
155
153
155
159
165
163
157
155
155
159
155
147
153
155
151
149
149
147
153
157
153
147
157
149
141
143
143
141
143
141
131
125
125
125
133
127
127
131
125
125
121
121
123
117
109
111
115
113
109
109
109
113
109
113
105
101
97
91
97
95
93
83
83
81
81
73
71
63
61
59
69
65
59
63
51
55
55
57
61
53
55
53
59
63
63
69
71
75
73
79
81
79
77
85
85
87
87
93
101
97
95
93
97
101
97
89
89
93
93
91
87
77
79
73
65
59
63
71
73
67
75
69
65
63
57
59
59
57
63
63
63
73
69
65
61
71
65
59
65
67
73
79
77
83
75
81
89
91
93
87
93
93
93
91
99
101
105
113
117
115
113
113
121
115
127
127
131
123
131
137
143
137
141
141
143
137
139
129
123
121
123
123
121
117
117
117
115
115
119
115
115
115
117
113
119
121
117
109
113
119
125
113
111
115
103
107
105
95
107
109
119
121
121
131
117
115
115
105
101
105
99
103
103
109
107
103
107
101
95
89
95
97
97
99
103
103
107
111
109
115
119
115
119
123
121
129
133
129
127
125
131
125
133
135
133
123
117
107
107
115
117
127
139
131
143
139
143
145
149
155
161
159
151
157
155
159
145
153
153
149
143
147
151
151
149
149
153
159
161
163
167
157
163
161
171
175
175
175
173
175
163
173
171
177
173
169
169
165
167
165
173
167
167
167
167
169
171
173
169
181
187
187
191
189
199
193
197
201
195
197
195
193
193
189
187
181
175
171
171
179
187
189
185
189
187
187
175
177
177
185
189
191
189
187
187
187
199
197
203
199
197
197
197
189
195
193
195
197
199
191
193
193
189
179
179
183
173
167
175
175
179
163
167
171
167
159
165
165
165
167
169
159
153
147
151
153
145
145
147
147
143
139
149
143
137
137
139
129
129
137
137
141
141
147
155
153
157
165
163
161
163
161
155
155
165
169
165
165
163
171
161
159
163
151
145
141
141
143
141
135
137
145
149
145
141
133
125
127
133
139
133
127
131
139
145
143
143
137
127
125
113
115
121
113
109
109
109
111
103
109
109
111
117
121
115
119
127
125
127
131
129
133
137
137
129
133
127
131
131
127
123
121
121
123
119
109
111
107
103
101
97
91
93
91
91
91
85
89
85
83
83
91
91
91
91
95
97
103
107
99
91
85
85
85
89
95
99
103
111
107
101
101
101
107
113
117
109
101
95
101
109
103
103
103
91
97
93
85
85
77
77
73
71
61
63
61
57
63
65
67
69
77
79
83
79
87
77
73
77
79
81
75
73
73
65
71
69
69
63
51
45
47
39
49
53
57
57
53
57
59
49
57
61
61
59
53
51
53
63
59
55
59
59
61
65
69
71
69
73
71
83
79
75
75
75
71
71
65
71
75
77
79
77
85
89
87
89
91
91
93
95
101
109
109
111
111
109
107
107
105
109
111
109
109
111
111
113
105
113
113
113
103
101
99
103
111
119
115
111
113
113
107
101
109
109
109
101
101
99
103
93
91
89
91
89
97
101
105
101
85
75
75
65
71
69
65
67
65
77
65
65
69
69
65
75
73
79
77
79
71
65
71
69
69
63
59
59
61
61
61
63
61
67
71
73
81
79
89
85
83
83
85
89
99
91
87
93
93
101
105
107
103
99
105
111
117
125
129
129
127
133
131
127
125
119
127
121
123
127
127
125
127
121
117
119
125
119
117
107
107
107
107
103
103
103
105
97
95
97
95
93
97
107
105
107
105
103
97
97
97
93
93
93
103
101
101
103
115
111
117
121
117
113
111
107
93
95
99
95
93
99
95
95
91
91
97
99
103
97
109
119
119
119
121
117
121
121
123
119
121
119
115
115
127
123
123
125
125
123
129
131
127
127
135
129
137
149
151
141
147
153
159
155
155
145
145
137
143
147
145
151
153
153
157
153
159
157
157
163
163
153
151
153
143
153
155
147
157
161
163
169
163
149
155
153
157
167
171
171
165
165
161
161
165
165
163
173
169
163
165
159
161
167
169
167
161
167
179
183
183
179
177
171
171
171
173
175
177
171
177
187
183
187
185
173
171
167
169
157
149
155
151
149
149
151
153
145
141
137
141
141
145
149
149
155
153
149
149
149
157
157
153
145
153
153
157
155
155
151
151
149
147
145
151
157
165
171
177
181
179
177
177
181
173
175
173
179
179
179
183
177
189
181
175
181
179
179
175
171
169
167
163
165
169
171
169
171
167
157
155
153
153
147
161
169
167
169
171
169
173
177
183
183
177
185
185
177
175
183
175
173
171
179
175
173
171
163
165
159
159
159
161
165
161
157
153
145
151
157
157
159
153
151
153
155
151
159
151
147
145
135
137
143
137
137
139
135
131
127
125
129
127
131
131
127
125
137
133
143
143
143
149
157
151
151
151
165
165
167
161
165
165
159
153
147
143
139
151
149
153
151
141
137
145
147
141
145
149
145
147
147
151
151
151
147
145
137
137
143
139
137
139
135
127
129
131
129
133
119
125
121
131
127
123
121
117
125
125
131
123
123
129
133
135
129
141
141
141
143
147
153
159
163
163
167
165
167
165
159
165
161
165
165
159
157
161
165
165
161
161
163
167
159
149
155
143
143
143
143
149
159
165
147
153
149
157
163
153
155
161
165
169
175
179
173
173
171
179
179
179
185
191
187
191
193
181
175
173
177
173
167
167
159
161
159
161
171
169
163
161
169
177
173
175
175
179
187
193
197
201
195
189
183
187
187
189
187
179
177
181
179
179
177
183
181
175
183
183
177
173
171
173
175
181
175
185
187
191
199
193
195
199
191
181
171
173
177
175
181
183
189
193
195
197
201
201
203
213
221
225
227
225
219
217
219
213
203
209
209
207
215
211
207
209
209
211
203
197
197
187
187
183
183
185
189
189
197
209
203
199
191
193
199
199
199
197
205
201
199
199
195
201
201
199
195
189
191
191
195
189
183
187
185
187
187
199
195
193
193
197
195
189
187
193
197
197
205
205
207
207
201
197
205
203
205
205
217
217
221
219
231
235
241
245
239
247
241
235
245
243
249
251
243
233
225
227
225
223
221
221
223
219
225
223
217
211
217
223
223
229
229
225
221
229
229
227
213
209
209
211
219
213
219
207
203
207
209
201
203
203
207
199
189
197
209
209
219
211
213
221
219
215
219
229
229
237
237
243
231
231
231
235
235
243
235
229
233
233
237
237
233
229
229
231
225
215
213
215
207
203
201
201
193
201
203
203
209
205
205
203
203
203
207
219
217
213
207
199
205
199
195
201
201
203
207
199
197
199
193
189
185
189
193
195
201
205
209
209
215
215
211
207
199
197
193
189
187
189
187
189
201
197
193
197
191
183
187
183
185
185
183
177
181
171
171
179
175
179
189
185
175
169
167
173
173
171
165
165
157
161
163
157
151
155
153
147
147
153
157
157
155
151
157
161
157
153
145
151
143
151
155
161
165
161
163
159
159
153
149
147
151
145
143
139
135
141
149
149
151
157
153
159
161
169
173
179
175
175
173
175
179
173
179
179
171
167
171
173
169
167
179
181
185
197
199
201
201
213
211
221
211
217
225
227
223
231
231
237
229
227
221
217
215
215
215
209
215
215
209
207
201
205
205
193
197
201
191
187
183
191
183
191
175
179
177
175
179
183
183
185
179
181
177
175
165
165
175
179
179
185
195
193
191
187
181
183
179
179
179
169
173
169
167
163
167
177
163
153
155
161
157
163
167
163
163
161
159
155
157
143
147
153
153
147
149
157
161
161
151
157
161
157
157
155
167
181
183
189
187
187
187
185
189
193
199
195
203
211
215
213
213
213
209
207
217
217
221
223
219
219
219
213
229
231
235
247
245
247
247
251
251
255
257
253
243
245
237
233
233
233
233
233
233
231
233
225
225
229
225
219
209
205
199
207
197
201
197
193
189
195
197
205
211
215
211
215
221
227
229
227
227
229
235
245
249
245
253
245
249
251
253
261
255
259
253
253
257
253
255
257
253
255
251
255
259
253
259
249
241
243
235
227
225
223
227
229
223
221
219
227
223
221
223
229
223
229
231
227
225
209
207
211
211
209
209
221
221
215
227
231
231
231
231
241
233
227
217
213
215
217
215
217
223
217
229
225
221
213
213
213
223
227
227
223
223
213
213
213
207
213
213
203
201
199
201
207
209
211
219
225
227
229
229
227
217
219
209
209
211
213
217
215
223
229
229
231
235
233
229
229
231
233
231
233
237
237
247
245
243
241
241
241
245
245
239
233
231
231
221
223
225
225
227
219
213
215
217
213
217
209
215
215
217
217
211
211
199
203
195
199
189
193
181
181
179
183
189
189
187
189
185
181
181
179
179
175
177
181
179
181
179
179
177
175
177
181
181
177
171
177
173
175
173
175
169
171
173
175
167
169
175
181
179
183
175
171
165
173
177
171
155
149
153
151
161
157
161
163
167
167
175
175
173
175
173
175
179
185
187
187
195
183
187
185
189
191
197
199
195
189
193
197
197
197
195
203
199
205
205
205
207
209
209
211
205
205
203
209
209
201
207
201
195
201
197
191
195
189
187
189
187
189
187
185
189
195
195
203
201
219
223
227
231
239
237
241
249
253
257
255
261
265
265
273
271
271
263
265
265
267
269
267
267
279
281
275
273
265
259
259
261
257
255
251
249
235
237
233
233
231
239
237
233
235
235
235
241
241
255
263
265
265
257
249
239
243
237
239
231
221
215
219
211
211
219
223
223
213
221
231
231
227
223
217
219
217
215
215
215
209
209
203
197
195
191
189
199
187
187
197
197
191
189
185
183
179
177
171
171
169
171
171
169
167
167
157
151
153
157
163
167
165
161
161
171
171
167
163
165
167
159
163
153
161
151
151
157
153
153
161
161
169
169
163
169
161
163
155
151
159
153
157
153
151
161
163
173
169
183
181
185
185
185
179
173
171
177
179
181
185
187
187
187
191
185
185
187
183
189
189
189
197
193
191
191
187
193
191
187
193
195
195
185
183
189
189
183
177
181
189
195
199
201
207
207
211
203
203
201
199
195
201
205
193
187
191
197
197
191
187
185
187
191
189
189
187
185
183
183
181
179
171
167
165
163
163
165
169
177
179
181
181
177
179
185
187
189
193
189
189
185
183
179
179
175
175
179
183
191
193
197
189
191
191
197
183
183
175
167
159
155
159
169
169
171
169
171
173
177
181
183
185
179
183
185
183
181
175
169
167
169
161
153
145
149
147
153
153
153
153
151
149
145
149
149
147
143
141
137
137
129
131
139
137
127
119
129
123
125
115
125
127
135
131
135
135
137
125
137
145
147
151
155
159
157
157
169
175
177
181
175
179
193
189
189
183
191
195
195
195
197
199
199
195
195
191
197
185
181
181
181
177
173
177
179
187
179
183
183
185
173
165
171
171
171
165
163
163
161
157
163
177
165
167
159
169
175
183
189
193
189
187
181
185
187
185
189
181
189
183
175
175
175
185
193
187
183
181
179
167
171
163
165
165
171
169
163
161
159
167
169
163
161
161
159
157
155
151
151
145
143
151
145
139
135
131
141
147
137
141
139
145
141
143
143
149
149
145
137
145
135
143
137
131
129
133
143
147
157
157
161
155
155
151
151
151
145
141
129
125
121
115
119
115
111
111
109
115
107
107
115
119
113
111
103
97
99
89
93
95
91
93
93
95
103
111
109
109
113
105
109
109
115
113
119
113
105
97
93
101
95
101
103
109
101
111
95
95
89
97
95
93
103
111
117
113
117
115
123
115
115
113
109
103
111
109
111
107
111
111
119
127
125
133
129
129
127
127
123
115
111
109
109
103
107
105
103
99
107
105
107
105
107
99
101
101
107
121
127
115
107
99
101
105
107
105
107
99
107
113
113
119
115
111
111
111
113
109
111
109
109
113
123
123
127
131
135
139
145
151
151
151
151
153
151
153
157
159
153
153
155
159
163
171
165
161
165
159
151
155
171
167
169
165
173
171
169
165
163
165
165
169
163
155
155
157
165
165
165
169
163
165
161
165
175
177
173
175
169
165
163
169
183
185
185
179
189
187
185
187
189
189
183
185
183
185
187
179
179
189
189
181
177
177
187
187
185
183
187
181
181
189
185
193
201
207
205
203
203
203
209
207
213
225
221
211
209
211
197
197
189
189
189
185
189
183
171
169
163
159
161
161
167
167
175
177
171
167
167
165
169
167
171
173
175
177
179
187
197
197
197
197
199
197
199
205
205
215
219
219
215
217
213
211
207
209
203
201
197
193
203
205
213
223
227
221
219
215
211
203
207
213
211
211
195
195
195
197
207
209
197
201
211
221
221
225
225
223
227
221
221
217
227
227
227
227
229
231
229
227
235
237
241
241
235
233
241
231
233
227
227
213
217
213
221
223
223
225
233
231
225
223
213
213
207
207
209
203
209
217
219
227
219
209
217
213
213
207
207
207
209
209
201
203
211
211
207
201
197
199
203
197
195
199
189
191
191
201
207
215
217
219
225
219
215
217
213
203
201
195
197
203
195
201
213
211
207
211
207
207
209
217
219
217
205
205
209
203
209
213
217
219
221
209
211
209
219
227
225
219
217
213
201
193
199
201
209
209
209
209
207
199
205
197
193
203
197
197
195
197
195
195
187
197
197
195
199
195
191
187
187
189
193
199
197
197
195
199
201
193
193
203
203
201
199
197
197
193
193
187
189
191
191
191
185
187
185
181
175
167
173
163
167
167
167
163
159
147
149
145
141
141
141
137
141
137
133
141
139
137
137
133
137
145
147
145
149
143
143
139
139
139
135
135
131
145
147
145
139
141
145
157
155
149
147
151
151
151
147
151
147
155
165
157
169
169
179
191
185
187
183
189
195
193
195
201
209
213
203
211
219
223
227
231
217
215
227
223
215
211
209
203
197
191
199
197
193
177
181
183
179
185
191
191
185
187
185
187
183
191
195
199
199
197
195
193
201
207
219
211
217
213
219
215
205
205
207
211
213
217
213
207
217
217
223
221
223
217
215
223
217
209
207
219
223
219
217
217
221
219
215
219
219
229
231
227
235
235
233
233
235
227
219
205
205
207
215
209
199
203
199
201
203
191
193
199
197
203
195
195
189
185
193
187
189
187
185
181
171
181
185
187
189
185
179
171
173
173
167
181
181
193
195
195
197
201
211
213
207
203
193
195
189
189
193
193
197
187
177
169
169
161
159
149
141
145
147
145
139
147
139
131
125
121
121
111
101
105
111
115
105
95
95
93
89
89
93
93
101
105
105
109
115
123
111
101
105
109
107
111
105
99
101
105
105
113
117
107
115
111
121
119
125
121
121
121
117
115
113
107
107
99
99
95
95
95
85
81
75
85
83
85
83
87
97
105
107
105
109
109
105
107
115
113
109
105
105
105
107
99
101
105
107
107
107
107
101
101
111
117
115
119
117
107
103
103
101
103
109
109
109
107
111
107
103
101
117
119
119
121
127
127
125
119
111
111
111
121
127
121
125
115
121
115
105
105
105
107
115
117
109
101
105
99
97
91
91
91
93
81
87
91
97
105
109
105
103
107
99
99
101
103
105
97
97
97
97
99
103
103
99
99
95
101
103
103
97
103
99
99
103
103
107
115
127
125
119
123
117
117
119
119
127
141
155
149
147
151
149
139
139
139
137
141
139
151
149
141
143
143
151
155
157
161
163
171
171
173
169
163
157
161
157
161
165
165
173
179
183
171
169
173
163
165
159
165
163
159
161
165
169
177
181
173
157
157
159
159
159
159
161
161
161
159
165
167
163
151
149
153
153
163
171
175
177
179
181
175
177
171
171
185
177
177
177
183
183
181
175
171
169
165
