-2615
-2611
-2601
-2595
-2583
-2577
-2575
-2559
-2549
-2543
-2533
-2527
-2517
-2509
-2505
-2495
-2491
-2487
-2475
-2479
-2471
-2463
-2453
-2449
-2449
-2439
-2425
-2419
-2417
-2411
-2403
-2403
-2397
-2397
-2391
-2385
-2373
-2367
-2355
-2351
-2345
-2339
-2333
-2331
-2329
-2335
-2331
-2323
-2313
-2303
-2297
-2289
-2285
-2271
-2259
-2255
-2253
-2237
-2229
-2225
-2217
-2215
-2213
-2217
-2209
-2199
-2189
-2177
-2175
-2177
-2171
-2165
-2167
-2169
-2167
-2167
-2163
-2163
-2161
-2147
-2147
-2139
-2131
-2123
-2115
-2115
-2111
-2111
-2109
-2099
-2093
-2095
-2093
-2085
-2083
-2081
-2073
-2073
-2067
-2067
-2063
-2055
-2051
-2037
-2029
-2019
-2019
-2025
-2017
-2017
-2003
-1997
-1987
-1971
-1975
-1965
-1959
-1961
-1963
-1955
-1951
-1947
-1951
-1939
-1945
-1945
-1939
-1929
-1931
-1931
-1929
-1921
-1911
-1913
-1909
-1901
-1901
-1901
-1889
-1881
-1877
-1871
-1867
-1859
-1855
-1859
-1853
-1853
-1853
-1845
-1847
-1839
-1831
-1829
-1817
-1815
-1805
-1803
-1793
-1787
-1783
-1773
-1765
-1769
-1771
-1771
-1777
-1773
-1765
-1765
-1767
-1763
-1761
-1761
-1757
-1751
-1747
-1739
-1735
-1723
-1721
-1717
-1707
-1703
-1691
-1689
-1681
-1673
-1673
-1675
-1681
-1679
-1677
-1677
-1673
-1669
-1665
-1657
-1647
-1639
-1639
-1637
-1637
-1633
-1623
-1625
-1617
-1611
-1607
-1603
-1591
-1589
-1591
-1589
-1597
-1599
-1599
-1603
-1597
-1593
-1589
-1589
-1585
-1579
-1575
-1571
-1563
-1561
-1553
-1559
-1551
-1543
-1535
-1525
-1517
-1519
-1509
-1511
-1505
-1495
-1487
-1487
-1481
-1473
-1483
-1487
-1491
-1501
-1491
-1487
-1475
-1483
-1481
-1479
-1471
-1475
-1469
-1469
-1469
-1463
-1463
-1455
-1451
-1451
-1445
-1427
-1421
-1415
-1409
-1413
-1401
-1395
-1401
-1397
-1393
-1389
-1393
-1387
-1383
-1381
-1367
-1371
-1371
-1375
-1369
-1373
-1363
-1363
-1363
-1359
-1353
-1345
-1353
-1351
-1349
-1345
-1353
-1341
-1327
-1321
-1323
-1319
-1309
-1303
-1291
-1291
-1295
-1299
-1295
-1305
-1307
-1295
-1283
-1275
-1267
-1259
-1261
-1261
-1263
-1259
-1255
-1251
-1249
-1261
-1265
-1257
-1257
-1247
-1251
-1249
-1253
-1249
-1249
-1239
-1233
-1229
-1221
-1209
-1213
-1207
-1207
-1211
-1201
-1199
-1199
-1199
-1201
-1205
-1209
-1217
-1209
-1207
-1207
-1211
-1211
-1209
-1205
-1209
-1201
-1207
-1197
-1205
-1197
-1193
-1185
-1189
-1185
-1173
-1165
-1175
-1171
-1167
-1173
-1175
-1169
-1171
-1165
-1163
-1163
-1163
-1163
-1159
-1147
-1145
-1141
-1137
-1131
-1127
-1115
-1113
-1123
-1113
-1101
-1097
-1089
-1085
-1081
-1087
-1085
-1081
-1079
-1071
-1067
-1065
-1063
-1055
-1053
-1049
-1055
-1053
-1049
-1049
-1047
-1041
-1045
-1043
-1043
-1035
-1025
-1021
-1023
-1019
-1019
-1017
-1011
-1015
-1009
-1003
-1001
-995
-987
-987
-983
-991
-989
-981
-973
-973
-973
-969
-973
-967
-965
-959
-951
-941
-941
-951
-945
-955
-953
-959
-959
-947
-941
-937
-927
-921
-925
-919
-919
-911
-907
-899
-899
-899
-899
-891
-877
-875
-877
-869
-865
-855
-847
-845
-835
-839
-831
-827
-821
-811
-807
-809
-809
-799
-793
-793
-789
-785
-779
-763
-769
-763
-759
-759
-759
-755
-755
-745
-733
-735
-737
-729
-721
-709
-697
-701
-701
-697
-693
-689
-693
-683
-687
-683
-683
-683
-667
-667
-659
-653
-653
-655
-649
-649
-643
-643
-639
-649
-649
-653
-651
-639
-643
-643
-635
-633
-627
-627
-635
-631
-621
-617
-607
-599
-597
-595
-599
-589
-583
-577
-573
-567
-579
-589
-579
-581
-575
-583
-589
-589
-585
-579
-567
-569
-569
-555
-557
-547
-545
-543
-545
-551
-547
-543
-531
-539
-533
-525
-521
-525
-529
-529
-537
-531
-535
-527
-527
-521
-521
-521
-519
-509
-509
-505
-509
-499
-491
-491
-481
-481
-473
-471
-469
-465
-469
-471
-467
-467
-471
-467
-459
-467
-467
-469
-459
-453
-453
-445
-445
-449
-445
-451
-449
-451
-455
-461
-455
-451
-451
-449
-457
-451
-443
-441
-453
-443
-449
-445
-441
-439
-439
-435
-437
-443
-447
-449
-451
-449
-449
-455
-459
-453
-437
-429
-437
-425
-417
-409
-411
-411
-409
-407
-409
-411
-409
-403
-407
-401
-391
-397
-403
-393
-395
-389
-387
-389
-401
-395
-391
-389
-389
-383
-383
-377
-369
-369
-357
-359
-361
-353
-351
-349
-347
-347
-347
-357
-355
-355
-355
-353
-351
-355
-363
-361
-367
-363
-359
-363
-361
-363
-367
-367
-367
-373
-379
-377
-377
-371
-375
-377
-371
-373
-375
-363
-349
-347
-347
-347
-357
-351
-347
-347
-353
-355
-357
-353
-343
-343
-337
-331
-329
-323
-319
-309
-317
-311
-315
-319
-309
-307
-313
-305
-301
-287
-291
-295
-287
-287
-289
-285
-285
-279
-279
-281
-281
-281
-281
-283
-281
-281
-283
-275
-281
-283
-285
-281
-275
-267
-261
-261
-257
-265
-251
-249
-249
-249
-251
-267
-275
-267
-265
-249
-259
-257
-251
-239
-239
-229
-233
-239
-237
-233
-231
-219
-211
-207
-215
-213
-215
-215
-211
-219
-227
-227
-227
-221
-225
-217
-223
-225
-225
-225
-221
-219
-233
-237
-233
-235
-237
-233
-227
-231
-231
-225
-215
-215
-217
-207
-213
-207
-203
-197
-191
-191
-183
-175
-179
-189
-191
-191
-193
-193
-193
-195
-195
-195
-191
-183
-183
-183
-181
-179
-185
-181
-181
-179
-177
-177
-167
-167
-171
-161
-161
-157
-163
-161
-157
-167
-171
-171
-163
-165
-157
-155
-155
-167
-159
-157
-157
-151
-147
-139
-147
-157
-147
-153
-153
-165
-169
-173
-173
-175
-177
-183
-183
-193
-181
-171
-167
-161
-155
-153
-147
-141
-137
-141
-135
-125
-131
-123
-119
-119
-117
-113
-113
-119
-119
-121
-123
-119
-121
-121
-113
-115
-119
-127
-123
-121
-125
-121
-127
-131
-131
-125
-129
-139
-139
-151
-143
-151
-151
-155
-157
-161
-153
-159
-159
-153
-141
-135
-133
-129
-121
-123
-127
-129
-135
-135
-131
-139
-127
-125
-119
-125
-127
-133
-139
-133
-133
-133
-135
-133
-133
-133
-133
-135
-133
-131
-135
-129
-123
-129
-131
-131
-129
-127
-117
-115
-111
-111
-107
-103
-97
-97
-97
-103
-99
-99
-95
-99
-99
-99
-107
-97
-91
-85
-91
-91
-95
-99
-93
-103
-95
-99
-105
-103
-103
-107
-115
-109
-107
-107
-107
-103
-103
-111
-107
-99
-103
-103
-101
-97
-97
-97
-99
-103
-103
-115
-115
-111
-115
-127
-131
-121
-103
-109
-111
-105
-95
-99
-105
-101
-101
-99
-101
-103
-97
-101
-97
-93
-91
-95
-85
-93
-91
-91
-95
-97
-105
-107
-103
-103
-101
-99
-105
-101
-99
-109
-111
-117
-121
-123
-125
-117
-125
-117
-123
-123
-133
-127
-127
-129
-127
-121
-115
-115
-119
-111
-101
-103
-95
-93
-93
-99
-101
-95
-95
-97
-93
-95
-97
-95
-93
-99
-99
-95
-97
-89
-93
-99
-101
-103
-111
-103
-95
-99
-103
-103
-101
-105
-109
-95
-93
-97
-95
-93
-85
-85
-81
-71
-75
-79
-79
-83
-85
-95
-91
-89
-95
-101
-111
-113
-117
-115
-113
-103
-95
-85
-79
-75
-73
-69
-67
-55
-55
-51
-55
-57
-53
-45
-33
-33
-37
-37
-35
-31
-31
-27
-25
-23
-21
-27
-23
-21
-27
-23
-19
-21
-25
-31
-35
-27
-29
-37
-41
-47
-47
-43
-43
-53
-53
-59
-67
-73
-75
-79
-77
-75
-79
-85
-93
-95
-91
-91
-81
-75
-69
-75
-77
-67
-65
-63
-61
-73
-69
-69
-59
-59
-59
-55
-61
-63
-61
-59
-55
-61
-61
-51
-45
-35
-37
-39
-33
-27
-21
-11
-11
-9
-5
-15
-11
-9
-5
3
-3
7
7
17
23
19
23
23
23
33
39
41
35
35
47
51
43
31
35
31
35
41
47
43
51
41
35
31
33
27
21
33
33
33
37
29
37
41
41
29
29
27
35
29
23
27
27
31
35
39
51
51
51
47
47
51
51
53
51
41
35
33
29
33
33
33
25
13
27
23
35
41
39
37
27
29
27
33
39
39
39
47
47
49
61
63
65
71
63
53
53
61
59
65
67
65
61
59
55
49
39
43
41
35
29
37
39
39
41
49
51
43
39
35
27
29
33
27
31
35
35
37
35
31
29
29
39
39
43
55
53
63
59
57
67
65
71
61
63
63
71
65
67
57
67
61
57
51
49
59
65
63
53
59
61
61
57
57
65
73
77
77
77
73
79
75
81
75
81
89
91
95
103
103
111
111
107
107
109
109
111
105
107
113
113
103
107
107
115
115
109
105
107
101
99
99
105
103
95
99
93
93
105
107
109
113
111
117
113
117
111
115
123
123
121
123
119
127
131
143
145
145
139
135
133
133
131
127
125
119
115
115
101
97
91
95
89
89
93
89
87
91
91
87
87
87
93
93
91
97
93
89
91
95
91
83
85
79
77
77
81
73
73
67
61
63
63
57
53
65
73
67
65
69
69
69
63
51
49
47
43
49
47
47
45
53
55
59
59
69
55
49
49
39
41
47
45
39
35
29
31
31
29
21
15
19
21
17
25
21
17
21
21
31
29
27
27
21
25
21
13
9
17
17
29
27
21
19
17
21
19
17
27
35
35
33
29
19
15
17
21
27
19
27
23
21
27
29
19
13
21
19
21
21
23
21
31
21
21
25
29
25
27
21
25
31
35
39
39
45
41
31
37
41
43
55
61
63
69
63
69
73
71
67
63
79
89
83
83
77
69
69
77
69
71
79
79
75
75
77
75
75
79
83
85
81
73
75
77
83
85
85
81
89
81
83
79
83
87
83
77
89
89
95
101
95
97
97
103
109
111
105
101
103
95
91
93
101
101
95
101
97
93
99
107
101
101
99
95
95
89
89
93
101
109
103
111
123
133
127
131
141
135
141
139
129
125
131
131
129
133
137
135
127
121
135
131
133
139
143
147
155
157
153
161
161
161
161
171
173
165
159
151
153
159
165
169
167
171
169
171
167
175
179
185
191
189
189
197
205
197
193
197
193
197
193
193
203
201
193
201
201
201
201
205
207
209
209
207
209
211
209
209
215
209
209
211
209
213
213
221
215
217
217
219
213
213
209
197
197
197
203
203
205
199
189
189
191
187
191
205
197
197
195
187
185
189
193
193
195
193
183
181
191
189
189
183
183
185
183
199
199
189
187
185
181
169
177
173
165
163
161
151
155
161
161
167
169
165
177
181
171
169
177
185
191
191
185
191
195
191
187
191
191
195
195
197
191
195
197
199
199
199
207
207
213
205
195
193
187
183
187
183
179
185
193
193
191
195
183
169
161
159
159
159
165
167
171
173
173
173
175
167
169
169
163
165
171
173
175
177
177
177
179
179
175
171
163
167
167
159
163
159
153
147
141
141
141
149
147
149
157
157
147
151
149
151
151
145
147
155
143
145
137
131
125
135
135
133
137
135
139
139
137
139
147
147
147
145
145
143
147
149
155
163
163
175
179
179
189
199
207
205
209
217
223
225
225
223
229
235
231
239
233
231
229
229
235
233
239
247
249
255
267
259
267
261
265
263
257
261
259
265
271
271
269
277
277
271
271
273
273
277
285
287
299
289
287
287
281
279
281
285
283
281
279
285
285
285
279
281
281
287
287
287
277
271
281
281
273
271
273
271
275
277
275
273
273
277
269
269
267
267
273
275
271
273
273
281
281
287
289
289
293
293
299
289
285
291
295
295
309
305
301
305
313
315
313
327
335
341
343
345
335
337
335
337
329
331
321
323
319
327
333
331
331
325
327
325
325
323
313
305
307
301
301
303
309
309
305
307
305
297
297
291
281
279
277
281
289
283
287
291
293
285
285
283
285
285
287
281
279
275
277
273
271
267
267
271
269
275
273
273
283
283
281
281
279
279
277
273
267
281
273
273
283
277
277
277
267
267
269
269
261
263
261
265
261
253
261
263
263
263
267
261
269
269
275
267
257
257
259
261
261
261
265
269
267
259
257
255
257
257
251
247
241
251
247
237
235
231
227
225
227
225
215
221
217
213
215
215
213
213
201
197
201
199
215
207
213
207
203
205
203
201
201
201
205
209
217
209
207
201
201
201
207
209
201
193
195
187
179
177
177
169
163
165
161
159
159
151
153
157
165
163
159
155
157
149
153
161
161
161
157
157
157
155
145
141
135
127
133
143
131
139
135
141
149
145
139
143
141
145
145
147
141
137
139
151
159
165
161
161
153
153
157
161
161
157
153
153
153
149
149
147
147
147
147
153
155
163
157
155
157
149
143
143
143
141
137
143
143
147
147
149
163
169
167
169
167
161
175
179
183
191
197
189
189
191
191
177
177
177
179
175
183
171
175
183
173
169
173
169
173
181
175
169
169
179
173
177
177
181
179
183
185
183
187
191
189
187
189
189
193
197
191
191
193
195
197
205
213
211
215
211
201
203
199
193
201
205
205
213
199
197
201
193
199
199
203
203
209
209
207
205
211
215
213
211
215
209
219
223
221
229
237
229
225
213
219
215
221
221
217
211
209
207
207
199
201
203
195
195
205
197
197
193
193
195
193
195
203
209
213
223
215
209
203
209
205
201
197
193
191
199
199
207
205
205
203
205
209
207
209
217
219
229
221
211
209
203
215
217
217
207
217
217
225
223
221
225
215
215
209
209
215
215
221
209
209
205
211
211
213
207
201
207
213
221
221
225
219
215
219
217
215
217
215
215
225
229
227
219
219
223
223
219
219
225
221
221
215
211
207
211
211
223
217
215
211
211
205
205
201
199
199
203
207
205
201
201
201
195
197
191
183
185
191
179
189
189
201
195
195
189
195
187
185
189
183
183
185
179
175
179
175
181
173
169
169
167
177
187
181
179
171
167
163
165
165
167
167
155
153
141
137
135
135
133
129
129
127
117
123
127
129
125
129
131
131
131
125
127
119
119
127
129
131
123
121
121
119
125
131
133
141
147
147
161
163
169
171
173
167
167
163
165
161
165
159
161
157
151
153
159
161
161
161
165
163
167
169
165
165
161
155
167
173
179
181
187
187
189
189
193
197
195
191
197
197
193
187
195
195
195
193
193
195
191
183
183
181
175
167
169
167
167
173
169
169
177
187
185
185
189
191
197
193
183
185
191
185
197
213
215
221
209
223
217
207
207
199
205
203
209
211
213
215
217
223
223
223
223
227
233
231
229
221
225
223
225
223
225
231
231
227
231
227
225
225
227
229
221
223
219
219
215
211
213
219
219
219
225
223
225
225
217
217
217
211
211
215
219
227
227
221
221
217
223
221
209
207
201
203
207
205
199
209
201
195
189
183
185
191
185
185
179
169
173
167
169
165
169
163
167
173
177
179
181
179
183
183
185
183
177
189
189
185
187
191
191
197
197
193
195
199
197
199
195
197
201
201
201
205
211
201
203
197
207
207
207
217
217
219
217
215
211
215
211
211
203
203
217
217
215
205
205
205
213
199
195
191
193
191
203
211
201
195
191
185
181
179
177
183
175
165
171
167
169
167
167
161
155
149
153
153
155
157
151
151
143
141
141
147
145
147
155
149
145
141
135
131
131
133
123
127
127
129
129
139
147
141
135
135
141
151
149
145
143
155
155
167
159
149
145
145
141
139
141
149
149
155
157
155
153
149
153
149
139
133
131
131
143
143
147
139
137
139
139
139
139
143
143
145
145
151
145
143
149
149
145
137
139
131
125
117
115
121
119
119
119
119
119
115
125
123
131
129
121
117
113
125
131
131
131
133
133
141
145
153
155
145
151
153
147
151
151
145
149
153
149
165
167
163
167
165
163
163
163
149
149
147
151
151
153
155
151
157
161
167
173
171
179
183
185
183
195
191
187
185
177
173
173
171
163
161
153
157
163
161
163
167
175
185
185
195
201
201
207
199
195
191
197
197
195
195
193
191
189
191
187
183
181
177
177
177
173
171
169
165
165
175
175
175
171
173
167
175
177
177
169
165
167
173
175
177
175
171
177
177
167
167
171
169
167
171
171
167
167
173
175
183
181
183
179
179
189
177
177
181
193
193
187
197
197
197
199
193
185
179
171
171
173
171
169
169
167
169
173
171
175
181
187
187
187
185
171
167
161
167
165
171
171
163
155
161
149
147
149
149
151
149
157
147
145
151
151
155
151
149
159
159
153
159
159
159
161
163
161
149
151
149
153
153
151
151
145
147
151
151
137
139
141
153
157
153
149
149
147
151
149
141
141
141
137
137
141
145
143
149
151
145
147
147
141
133
127
127
125
137
135
141
141
139
141
131
143
143
149
161
161
175
175
183
171
165
163
163
175
179
179
179
177
177
183
189
197
189
191
191
189
195
203
215
215
219
213
219
209
209
203
203
203
197
203
203
211
201
203
205
209
205
197
197
199
205
201
201
207
207
213
225
225
223
223
219
221
221
227
229
229
225
229
227
229
225
221
225
221
221
221
221
209
205
195
191
189
197
199
205
205
199
205
215
213
211
211
225
219
219
205
211
209
203
197
195
199
203
203
195
189
187
181
189
185
187
191
201
205
207
205
215
217
219
221
221
221
221
223
219
223
223
219
211
223
219
231
235
229
233
231
233
237
249
259
255
237
245
245
245
243
245
239
239
235
229
223
229
217
217
223
221
225
229
231
237
245
239
243
243
245
243
245
249
253
249
249
251
243
231
231
235
251
247
245
253
251
249
243
239
231
231
233
223
225
239
245
245
243
237
237
231
231
237
223
223
215
209
207
197
195
193
185
195
197
197
195
187
193
195
189
183
177
177
177
187
195
199
199
203
203
201
203
213
211
211
209
211
205
205
209
219
207
209
213
207
207
219
217
205
205
209
201
215
213
215
227
229
223
217
227
221
219
221
217
211
211
205
205
203
205
213
205
201
195
191
191
183
187
187
193
191
187
185
183
175
175
169
175
169
173
177
177
169
165
163
161
161
167
165
169
169
159
151
155
157
157
157
157
149
143
137
143
143
141
137
139
139
147
161
155
153
159
167
171
163
157
165
157
155
161
171
179
191
191
199
199
197
193
201
201
197
195
195
189
187
187
181
179
179
175
185
185
191
191
181
187
183
181
173
163
165
159
153
153
159
161
159
159
155
163
169
159
161
163
151
143
147
149
153
153
153
153
157
155
161
161
155
153
153
161
169
171
183
187
183
183
181
177
177
175
167
175
173
179
177
181
193
199
207
209
211
213
207
207
199
191
189
183
177
175
179
173
173
173
163
157
141
145
149
151
141
131
135
137
139
147
143
145
145
145
143
143
145
145
137
137
123
129
133
127
119
123
125
139
143
137
139
141
143
133
133
125
123
123
125
123
123
119
117
117
113
111
109
103
117
111
103
109
107
113
119
119
113
115
107
113
113
109
113
111
111
113
119
127
129
127
117
123
111
119
121
115
117
119
123
127
121
131
135
141
147
141
141
137
139
123
119
115
109
103
99
89
93
93
91
89
81
89
97
97
101
101
105
101
91
93
99
99
97
97
99
95
95
99
97
99
99
93
91
89
87
89
91
97
89
89
91
79
77
79
73
65
67
59
57
69
75
81
81
83
77
75
71
71
77
73
79
77
77
69
69
59
55
59
61
59
55
51
51
51
49
49
53
53
61
61
65
65
65
75
73
71
71
65
65
63
63
65
73
79
79
77
77
77
75
69
65
69
73
69
69
59
53
55
47
41
53
55
59
47
37
41
43
43
43
41
43
49
45
45
43
49
55
69
69
75
71
81
79
79
81
73
77
81
89
93
93
99
95
95
93
87
89
91
81
75
79
67
69
75
77
75
75
79
85
87
87
71
79
83
77
77
75
77
85
85
83
85
85
87
87
79
85
93
91
99
99
97
99
101
97
95
103
99
91
93
89
95
103
107
105
99
109
101
99
95
95
95
89
97
89
93
103
103
97
93
93
103
99
101
99
99
97
95
103
105
111
113
109
101
101
95
91
85
85
89
91
89
85
91
93
87
99
95
93
97
101
105
103
99
101
97
97
101
101
109
109
117
123
117
115
119
119
123
119
123
125
113
105
109
111
111
113
115
119
119
115
115
123
127
133
131
133
125
121
111
115
111
115
117
115
115
117
123
123
123
129
127
123
121
123
127
133
137
137
135
143
137
137
135
131
129
125
129
129
121
115
115
109
115
121
123
131
131
131
129
129
133
135
143
145
149
139
147
145
137
133
137
135
143
133
135
141
141
143
133
139
143
147
149
159
157
153
157
157
153
161
167
165
167
157
151
155
163
165
161
155
155
145
151
157
149
151
151
137
127
133
133
133
133
135
129
137
147
143
149
141
145
139
135
125
123
133
127
131
131
125
123
131
129
127
131
131
133
133
137
139
133
137
129
115
111
105
109
103
103
105
105
97
105
99
97
95
97
95
105
113
113
115
113
111
107
107
95
91
99
97
91
89
85
83
75
69
71
73
77
75
75
75
81
73
67
67
69
71
65
73
83
83
79
75
65
61
67
75
83
75
71
73
69
65
65
59
65
63
69
59
59
63
73
73
65
59
57
53
55
47
47
47
53
55
59
59
67
73
69
81
93
97
97
95
93
95
103
95
95
93
85
87
97
103
113
109
109
107
107
109
107
101
93
91
97
101
103
105
111
113
123
121
125
125
125
121
123
131
139
139
139
131
129
125
129
127
127
129
125
121
115
103
107
107
113
117
123
125
121
123
121
111
109
121
109
113
111
111
115
111
105
105
107
105
111
113
111
123
123
121
121
129
125
127
121
129
133
141
143
141
135
133
137
143
145
147
151
145
147
145
149
141
145
149
147
133
137
133
141
137
137
135
131
135
131
131
129
125
125
125
125
125
121
129
123
117
123
127
137
137
147
155
155
153
147
159
165
169
165
173
169
173
171
173
161
161
159
159
163
153
155
157
151
149
149
141
145
155
155
155
147
145
143
139
133
141
131
133
123
133
133
143
141
133
139
139
135
135
131
121
131
129
125
127
127
125
135
129
125
123
129
125
121
121
129
129
123
117
117
117
123
123
127
131
125
127
133
135
131
139
143
143
143
143
139
139
127
123
111
109
111
115
113
113
115
115
115
123
111
119
119
107
107
103
97
97
101
95
103
101
111
109
107
109
115
117
119
113
121
121
131
127
125
127
125
123
123
129
127
127
129
129
129
135
131
129
135
133
121
125
123
127
135
135
143
147
137
129
131
131
129
121
119
115
119
111
105
107
109
107
109
113
111
111
109
103
105
109
117
107
107
107
113
111
111
111
109
111
119
117
113
115
115
119
113
111
107
113
113
109
115
119
115
107
119
119
115
119
119
123
119
119
111
119
127
133
131
123
121
115
121
121
125
123
123
117
117
111
117
117
121
127
135
139
155
159
171
161
155
151
163
157
159
159
169
169
173
177
179
169
161
167
171
169
169
173
159
169
181
179
183
183
183
193
201
199
195
195
199
193
189
183
173
179
183
189
195
193
187
183
191
187
181
183
183
187
197
193
197
195
189
183
183
193
201
207
219
227
223
225
225
225
229
237
229
239
237
229
235
237
241
241
239
235
237
245
243
239
241
247
251
251
253
247
247
247
245
259
253
249
235
239
239
237
225
221
223
215
223
223
229
227
231
231
235
233
247
239
237
241
237
235
235
243
243
249
251
247
241
241
247
257
267
263
269
273
271
279
283
283
287
277
273
285
287
289
285
289
281
283
279
279
275
283
283
283
295
297
287
295
289
295
299
295
297
293
289
293
297
301
297
301
299
303
299
289
293
293
289
289
291
291
281
281
279
289
291
283
293
293
293
289
289
293
297
301
297
309
321
319
307
307
321
315
323
333
329
333
325
323
321
311
303
303
297
299
307
309
313
307
309
319
323
317
313
307
299
297
297
297
289
289
283
281
273
275
279
273
261
259
247
235
233
237
231
237
239
245
249
251
255
247
245
249
249
253
253
245
241
235
225
227
239
241
243
247
247
247
243
249
253
251
251
259
257
249
259
251
243
251
257
253
241
231
231
235
237
237
243
251
255
259
257
265
261
259
251
245
247
249
245
253
249
249
257
257
259
259
255
253
239
243
237
235
227
227
227
225
225
231
229
221
215
205
205
213
213
221
229
239
241
249
253
255
253
253
249
255
259
267
273
269
269
269
277
273
289
287
287
285
277
277
277
281
283
289
283
271
265
271
273
273
271
263
259
259
267
259
261
261
255
251
259
257
263
259
259
259
255
263
265
267
267
265
259
265
261
259
257
257
259
261
261
261
265
265
261
257
251
259
261
257
255
259
265
261
267
265
267
269
269
263
271
263
271
269
263
257
269
267
273
279
271
263
257
253
249
255
253
249
245
245
261
263
271
269
273
267
265
255
255
255
251
251
249
241
245
245
245
249
257
263
265
277
275
273
269
263
263
267
267
275
273
271
269
257
261
273
271
267
275
279
281
279
289
291
291
287
291
291
297
307
301
305
305
305
295
295
299
297
299
309
317
317
313
321
321
325
337
347
351
347
347
349
343
345
349
347
351
353
347
349
347
347
353
349
339
339
339
349
347
357
349
349
349
349
359
347
345
351
349
349
343
349
347
345
343
343
347
347
347
347
335
335
335
341
337
331
333
333
331
325
333
323
323
319
319
329
329
331
337
339
331
331
327
327
327
327
325
327
323
325
325
321
329
329
331
339
339
331
339
339
339
335
335
333
331
319
323
329
331
329
325
321
331
329
333
329
327
327
321
309
309
313
315
317
315
305
311
309
309
307
307
305
293
287
285
281
279
277
281
283
285
285
285
295
293
303
311
315
311
307
311
309
307
319
319
325
321
323
329
331
335
345
345
343
337
339
341
337
337
327
317
315
319
315
319
315
317
307
299
301
293
285
289
289
289
281
283
289
293
287
287
283
283
279
291
289
289
299
297
301
293
289
291
295
291
291
289
293
295
291
287
279
277
279
271
265
265
269
273
269
269
267
271
269
273
273
263
259
253
249
245
253
247
239
241
235
231
235
233
229
227
219
227
223
221
229
235
237
233
235
229
231
233
237
251
247
251
251
245
241
239
245
247
255
263
267
259
255
259
267
265
263
257
247
249
247
241
247
239
245
245
241
245
249
249
245
241
249
259
255
247
241
239
237
235
235
229
229
235
231
239
231
233
233
231
225
219
221
221
219
209
205
201
199
203
209
207
209
199
195
197
189
195
205
203
205
211
205
209
205
209
213
211
205
207
215
213
217
219
221
221
213
223
221
223
225
221
225
233
225
223
219
227
223
225
221
217
209
209
209
205
205
195
195
195
193
195
199
191
197
199
211
219
215
227
231
233
233
235
225
231
229
227
219
215
215
217
217
217
211
213
213
207
207
217
213
223
227
223
223
227
223
229
227
229
235
241
245
237
239
239
241
237
231
225
221
219
227
231
233
233
233
231
229
229
217
219
219
217
217
213
211
209
201
201
201
207
205
205
205
197
199
197
203
209
217
213
213
219
225
229
229
227
229
237
237
237
233
229
239
233
235
247
251
257
269
269
265
269
271
271
269
267
261
261
261
257
263
257
257
259
263
257
257
257
253
245
239
235
227
219
221
219
211
211
207
203
195
195
205
199
197
209
211
211
211
211
207
207
203
203
201
205
201
205
215
211
213
215
211
217
219
219
219
213
215
219
219
219
217
213
217
211
219
219
221
219
219
217
215
217
205
201
203
205
201
201
207
213
213
215
215
221
213
207
213
219
223
225
231
237
237
239
237
237
239
239
241
241
247
245
243
239
241
235
235
227
235
235
241
241
237
233
237
237
243
229
231
229
223
223
221
219
217
225
217
217
215
221
221
225
229
225
227
227
225
229
227
231
231
235
227
225
231
231
233
233
229
227
227
233
227
223
231
233
233
229
233
225
217
223
221
215
219
219
217
211
211
211
207
203
211
209
211
213
213
205
205
213
219
227
231
237
247
249
249
235
241
237
237
241
239
241
241
239
235
229
233
237
229
237
227
223
219
213
203
199
201
203
199
191
199
197
195
201
191
185
179
183
185
185
195
193
197
203
205
209
211
213
217
219
221
229
229
221
223
223
225
221
221
225
223
221
223
219
217
221
219
215
223
231
239
233
231
235
233
227
227
227
229
231
221
225
221
225
225
237
237
229
233
235
237
237
243
243
245
245
237
235
237
245
247
245
247
249
253
251
247
249
247
251
255
255
247
245
239
239
241
241
241
241
239
241
243
245
243
239
235
235
229
227
227
217
223
213
213
215
213
217
203
199
195
197
203
209
211
211
211
213
213
219
215
203
197
195
191
183
183
183
179
179
179
175
181
165
165
159
163
155
153
145
143
147
149
153
161
169
171
177
179
173
173
181
177
183
171
169
163
151
157
151
151
145
145
145
139
133
125
129
127
131
131
125
121
121
115
113
119
111
109
105
111
111
97
101
107
101
105
115
123
125
123
121
131
133
137
143
141
133
129
127
125
113
115
119
101
101
101
107
113
109
107
113
113
111
111
111
121
121
113
109
115
117
113
119
113
107
101
99
97
101
99
99
105
93
97
91
89
85
99
101
101
101
89
91
91
93
95
93
89
97
99
105
97
99
99
101
105
113
107
117
107
105
113
115
121
121
119
127
125
125
129
129
129
127
131
133
131
133
125
115
105
109
101
103
97
91
83
79
69
73
71
73
79
79
87
85
91
103
103
109
109
103
101
101
101
101
97
97
87
89
91
85
75
75
85
89
79
83
79
75
67
71
75
77
75
71
73
73
83
73
73
67
67
73
69
73
67
57
49
49
53
53
45
41
35
35
37
37
27
21
19
21
29
29
23
23
27
25
31
45
57
59
55
47
47
51
57
59
67
57
51
53
57
47
33
35
49
41
35
35
35
29
37
33
21
7
5
5
5
5
11
15
15
21
27
27
23
19
15
15
15
19
23
27
23
33
35
33
35
45
37
29
21
27
29
27
19
17
17
13
13
13
9
9
23
25
33
23
35
31
31
25
29
27
25
29
31
31
23
15
15
19
25
19
17
21
21
15
21
21
25
27
25
27
27
35
39
27
33
27
27
39
49
45
35
29
29
21
21
17
17
15
11
13
17
27
19
19
27
29
31
37
31
29
29
33
41
39
43
51
55
55
55
55
53
51
43
41
37
37
35
39
39
39
35
35
45
51
47
43
43
43
47
53
57
61
63
63
67
63
75
71
65
79
75
75
79
75
79
77
77
71
67
69
71
75
75
77
69
75
73
75
75
75
73
75
75
79
83
71
73
79
79
83
81
83
87
79
85
87
91
91
85
75
71
71
65
65
63
71
77
75
83
83
87
97
99
95
95
95
99
105
103
103
107
107
109
103
95
95
93
97
99
97
93
87
93
101
105
107
111
105
117
111
115
111
105
103
107
105
99
93
97
93
89
89
97
101
103
109
111
127
121
117
125
131
131
137
145
145
151
149
149
149
149
149
149
147
151
147
147
141
137
135
143
141
149
157
157
161
169
175
183
189
189
189
191
183
181
181
179
177
177
177
171
169
173
169
169
171
175
169
165
165
171
171
173
171
165
163
163
165
159
149
151
149
149
157
159
163
155
159
159
169
171
173
173
163
161
159
167
169
177
177
181
187
185
193
191
195
197
195
203
207
209
207
215
219
227
223
217
219
225
219
215
219
219
231
235
233
239
239
239
243
237
241
235
237
225
225
223
213
215
227
227
237
233
225
217
215
223
223
229
221
227
221
215
215
221
213
211
217
207
209
209
215
207
209
211
207
203
205
189
201
205
207
199
201
201
209
217
227
225
227
227
237
239
245
243
245
247
235
227
227
219
209
209
211
213
223
227
227
217
217
227
227
227
227
235
233
237
241
241
241
251
245
251
249
247
255
255
265
267
265
263
269
273
265
263
269
255
257
257
255
247
239
241
235
241
241
241
245
243
245
243
249
251
255
269
261
257
263
257
273
273
275
277
275
275
273
283
279
269
265
263
261
255
245
247
247
247
251
247
251
245
249
249
255
255
259
269
265
265
269
273
273
275
271
273
273
273
265
265
255
261
271
269
267
267
275
271
271
275
271
273
273
277
277
281
273
261
261
249
257
255
255
247
247
249
257
251
237
233
233
241
237
237
249
251
257
257
255
263
267
259
255
249
247
243
245
239
241
237
239
235
237
247
247
239
241
237
241
245
249
247
255
251
251
249
253
253
253
251
251
247
239
243
243
245
243
247
247
247
253
253
245
253
263
269
261
263
267
259
259
255
263
259
257
249
253
255
255
249
245
235
239
235
231
237
235
243
233
239
239
241
245
245
231
239
237
241
251
249
239
237
243
245
245
247
245
245
255
253
259
259
263
261
263
271
269
271
275
269
263
263
261
265
267
277
281
281
283
283
291
289
281
281
279
279
283
285
283
279
273
271
275
273
283
279
269
263
265
261
263
265
263
263
261
255
253
255
259
253
247
247
247
251
255
259
261
263
263
263
261
265
267
265
263
259
257
257
265
269
263
255
241
243
239
239
241
253
253
249
247
249
253
251
251
247
257
263
259
261
265
265
255
265
263
263
257
263
267
267
259
265
265
265
263
271
271
275
271
269
265
259
259
259
259
255
265
271
271
263
255
255
257
261
271
279
277
279
267
265
263
261
265
261
263
263
259
267
275
269
269
275
267
271
267
277
277
281
283
269
275
273
277
283
285
289
293
293
299
295
295
299
289
279
273
269
259
261
261
259
251
255
265
261
261
269
261
255
261
263
269
269
273
283
275
279
281
275
279
281
281
271
271
269
267
267
273
281
279
273
279
281
281
281
277
275
281
275
277
279
277
269
271
271
265
265
257
251
253
253
257
267
267
267
261
251
249
257
255
253
257
267
271
275
271
271
283
285
283
275
285
293
297
301
307
313
321
329
331
327
329
327
319
319
321
317
321
325
319
329
315
307
301
297
299
305
307
307
317
321
321
315
317
309
303
311
321
319
317
319
321
327
329
323
325
335
339
337
343
349
355
355
351
353
343
345
349
355
355
353
361
357
371
365
367
367
375
371
371
371
369
367
371
365
365
371
357
367
357
363
363
367
373
377
371
367
365
363
367
369
375
363
369
367
369
369
373
369
373
377
381
377
377
385
391
391
387
389
389
397
401
401
405
403
403
399
399
399
399
397
389
391
383
377
381
389
391
387
385
385
385
375
377
377
383
389
391
391
391
401
391
395
395
387
377
381
377
383
383
383
381
377
373
373
369
361
361
357
357
357
357
367
359
357
351
363
363
363
365
367
361
361
357
351
361
361
363
357
357
347
347
343
341
347
349
353
351
355
359
359
347
345
347
345
343
343
351
341
331
335
329
335
337
339
345
337
331
325
311
307
309
309
303
305
307
303
303
295
305
305
301
291
299
307
293
289
291
295
287
289
289
287
277
269
263
267
261
251
249
241
245
239
235
247
247
247
253
247
249
249
251
253
247
257
259
263
251
257
259
267
263
269
269
271
261
263
265
259
261
259
259
263
263
263
257
259
257
253
249
247
253
259
259
259
269
279
289
289
285
283
279
281
281
275
279
273
277
275
273
277
279
281
273
279
277
281
275
281
273
269
271
275
269
279
279
277
277
275
271
277
273
271
275
269
271
269
269
267
255
251
251
245
245
235
231
227
223
225
229
225
233
227
229
231
233
225
223
225
225
223
223
211
205
207
209
217
215
213
211
215
211
213
199
191
183
181
181
173
175
181
179
179
169
167
171
181
183
187
191
189
191
187
187
181
179
177
177
169
177
177
173
179
179
171
163
175
175
171
163
163
169
159
171
177
171
183
195
195
189
183
179
181
179
181
185
191
185
183
187
187
185
183
181
181
183
185
185
179
175
183
173
175
175
175
175
167
175
177
177
175
187
183
187
181
183
181
175
177
187
181
181
175
171
175
179
183
179
173
179
177
185
179
173
171
163
163
169
165
169
171
171
171
171
171
179
179
175
185
189
189
187
185
183
187
187
193
195
199
195
197
199
201
197
191
195
195
201
195
193
191
193
185
183
191
187
183
175
167
159
161
167
169
173
167
169
167
161
169
163
165
165
161
153
151
151
157
155
151
145
141
143
141
145
149
149
137
135
137
127
131
127
127
127
127
133
147
147
143
139
139
139
141
135
131
135
123
123
129
129
123
125
125
127
127
129
125
131
131
135
129
139
143
137
137
137
139
143
143
137
137
139
139
141
139
133
125
115
117
109
111
111
113
113
119
121
119
117
119
115
113
105
111
115
109
109
113
113
113
119
121
121
117
117
113
107
117
127
131
129
135
129
123
121
123
119
121
113
111
111
107
113
107
117
121
123
119
119
109
111
113
113
109
115
109
109
105
99
99
99
105
105
113
117
113
113
119
113
109
107
105
105
101
107
105
101
101
101
101
99
105
109
105
113
119
113
109
111
121
127
131
129
129
131
125
141
135
129
133
143
139
139
141
141
143
149
145
151
153
165
157
147
143
145
147
141
147
151
151
149
151
153
161
163
173
163
151
149
149
153
157
167
159
161
161
159
163
169
163
161
161
165
155
147
139
145
153
161
153
151
159
155
165
161
163
157
157
159
149
153
157
169
163
169
163
165
163
173
175
177
179
183
185
195
195
199
205
193
187
185
191
191
189
191
185
185
193
195
199
191
187
197
197
193
189
193
185
183
179
175
175
173
179
181
181
183
185
185
189
187
183
175
171
163
163
149
149
147
149
151
141
133
133
131
135
135
147
151
159
157
145
145
145
141
145
139
139
141
143
145
153
147
137
143
139
141
139
151
151
149
149
143
149
149
153
155
159
157
159
153
149
157
157
159
169
173
177
175
163
159
161
155
153
153
153
147
143
143
143
141
131
133
139
127
127
129
117
125
123
135
139
141
141
135
127
131
131
135
143
137
141
139
139
145
151
153
159
159
153
149
157
149
165
161
165
167
165
165
169
161
165
161
151
149
149
149
149
157
159
159
161
157
157
151
153
157
153
153
153
151
155
161
161
151
147
141
147
135
127
131
137
141
131
127
131
133
141
147
151
153
155
153
159
155
151
149
157
153
149
147
147
145
139
141
139
139
145
149
149
155
151
151
153
157
157
163
161
163
161
165
167
175
179
173
173
173
163
165
171
159
163
163
153
153
155
155
149
147
153
163
171
169
171
173
179
169
169
175
179
181
181
