-2627
-2617
-2611
-2603
-2595
-2585
-2583
-2575
-2567
-2557
-2543
-2549
-2539
-2533
-2523
-2515
-2511
-2505
-2501
-2489
-2477
-2469
-2467
-2467
-2459
-2449
-2449
-2443
-2437
-2437
-2427
-2417
-2407
-2395
-2395
-2389
-2387
-2383
-2373
-2367
-2357
-2349
-2335
-2329
-2317
-2307
-2303
-2301
-2303
-2301
-2299
-2301
-2303
-2295
-2293
-2287
-2275
-2267
-2273
-2279
-2277
-2277
-2277
-2267
-2261
-2257
-2257
-2245
-2241
-2237
-2231
-2227
-2221
-2211
-2205
-2201
-2193
-2187
-2177
-2165
-2161
-2157
-2147
-2137
-2141
-2133
-2129
-2125
-2117
-2109
-2105
-2103
-2095
-2085
-2079
-2065
-2057
-2045
-2039
-2031
-2031
-2025
-2019
-2009
-2001
-2001
-2007
-1995
-1989
-1977
-1971
-1967
-1963
-1955
-1947
-1943
-1937
-1937
-1937
-1933
-1927
-1927
-1919
-1919
-1917
-1909
-1909
-1901
-1901
-1901
-1893
-1885
-1889
-1887
-1887
-1889
-1889
-1877
-1873
-1857
-1849
-1839
-1827
-1825
-1825
-1819
-1809
-1801
-1797
-1785
-1783
-1775
-1763
-1751
-1745
-1735
-1733
-1731
-1723
-1715
-1709
-1699
-1697
-1701
-1683
-1681
-1673
-1673
-1663
-1659
-1661
-1651
-1643
-1637
-1629
-1623
-1615
-1617
-1617
-1611
-1611
-1601
-1585
-1585
-1577
-1575
-1571
-1563
-1555
-1551
-1543
-1537
-1541
-1525
-1515
-1505
-1501
-1499
-1501
-1495
-1485
-1485
-1471
-1467
-1459
-1449
-1441
-1435
-1431
-1421
-1415
-1409
-1403
-1411
-1401
-1391
-1395
-1391
-1383
-1381
-1375
-1361
-1351
-1349
-1349
-1339
-1345
-1349
-1347
-1345
-1337
-1339
-1333
-1333
-1317
-1321
-1313
-1303
-1297
-1283
-1275
-1263
-1269
-1265
-1267
-1257
-1255
-1251
-1243
-1243
-1237
-1237
-1233
-1223
-1223
-1221
-1215
-1211
-1199
-1201
-1201
-1197
-1195
-1187
-1191
-1179
-1179
-1175
-1161
-1169
-1175
-1163
-1163
-1163
-1163
-1161
-1163
-1153
-1157
-1147
-1147
-1149
-1151
-1141
-1141
-1137
-1139
-1141
-1127
-1117
-1111
-1107
-1101
-1099
-1087
-1093
-1103
-1107
-1105
-1097
-1091
-1085
-1083
-1083
-1085
-1079
-1087
-1093
-1083
-1083
-1077
-1069
-1067
-1069
-1071
-1067
-1069
-1063
-1059
-1043
-1043
-1047
-1041
-1033
-1033
-1037
-1043
-1039
-1033
-1033
-1029
-1021
-1011
-1005
-1015
-1007
-1005
-1003
-993
-995
-997
-993
-987
-981
-979
-979
-989
-985
-985
-993
-991
-983
-977
-969
-971
-965
-973
-961
-961
-955
-945
-939
-935
-935
-927
-925
-925
-925
-931
-931
-923
-925
-923
-921
-919
-921
-919
-917
-925
-915
-907
-913
-911
-903
-895
-895
-883
-883
-883
-877
-867
-861
-843
-843
-841
-835
-835
-823
-817
-817
-813
-807
-807
-811
-805
-803
-803
-793
-797
-787
-785
-785
-781
-775
-779
-777
-777
-773
-773
-767
-765
-765
-761
-757
-757
-745
-735
-729
-735
-723
-725
-731
-733
-733
-735
-735
-731
-723
-723
-727
-725
-721
-709
-705
-703
-705
-705
-711
-713
-711
-707
-701
-701
-707
-709
-711
-707
-697
-701
-693
-693
-699
-687
-687
-689
-685
-681
-675
-675
-675
-669
-673
-677
-675
-669
-669
-665
-663
-659
-651
-661
-661
-649
-643
-645
-637
-635
-635
-633
-633
-629
-629
-627
-613
-613
-613
-619
-617
-617
-607
-605
-609
-603
-597
-597
-595
-583
-587
-587
-587
-587
-587
-581
-579
-573
-575
-569
-577
-569
-569
-569
-561
-555
-555
-557
-559
-555
-553
-563
-557
-551
-541
-541
-537
-525
-515
-513
-511
-513
-519
-511
-503
-491
-499
-499
-499
-507
-503
-487
-493
-493
-495
-495
-501
-501
-499
-497
-499
-493
-485
-493
-489
-491
-487
-487
-493
-493
-489
-497
-497
-491
-487
-493
-483
-471
-477
-469
-473
-471
-471
-471
-463
-461
-453
-449
-447
-439
-443
-439
-439
-439
-445
-445
-441
-443
-435
-423
-415
-421
-419
-413
-411
-423
-405
-405
-395
-405
-399
-405
-411
-409
-407
-407
-407
-399
-385
-387
-385
-371
-375
-383
-373
-367
-365
-365
-365
-361
-359
-361
-355
-355
-349
-345
-345
-339
-335
-339
-341
-341
-339
-345
-337
-331
-337
-335
-331
-329
-319
-319
-325
-325
-325
-325
-325
-327
-325
-319
-323
-321
-321
-325
-323
-319
-321
-335
-337
-329
-321
-321
-313
-311
-305
-311
-303
-299
-295
-295
-301
-293
-293
-299
-303
-313
-313
-311
-309
-309
-301
-305
-305
-291
-291
-289
-279
-285
-291
-293
-301
-299
-299
-301
-303
-301
-301
-303
-299
-305
-299
-299
-299
-301
-297
-297
-295
-299
-305
-299
-307
-307
-305
-303
-301
-305
-299
-301
-303
-309
-299
-295
-297
-289
-289
-301
-303
-301
-299
-293
-289
-277
-271
-269
-259
-255
-259
-259
-259
-261
-259
-255
-255
-251
-253
-253
-247
-247
-237
-243
-241
-243
-247
-247
-237
-239
-239
-241
-245
-245
-243
-243
-245
-247
-245
-245
-251
-245
-235
-227
-221
-215
-223
-221
-221
-213
-213
-211
-209
-213
-199
-199
-205
-201
-197
-191
-193
-193
-193
-191
-195
-179
-185
-187
-193
-193
-197
-193
-189
-189
-189
-183
-175
-177
-173
-167
-165
-163
-165
-157
-161
-157
-157
-165
-161
-161
-165
-165
-161
-167
-161
-161
-161
-161
-155
-157
-163
-167
-169
-169
-159
-169
-161
-157
-153
-147
-147
-145
-145
-141
-145
-143
-139
-141
-137
-135
-137
-137
-141
-137
-139
-141
-131
-139
-139
-129
-117
-119
-113
-107
-105
-105
-101
-101
-101
-101
-101
-97
-93
-99
-99
-91
-95
-103
-103
-105
-101
-109
-113
-125
-125
-121
-115
-115
-109
-109
-105
-103
-101
-103
-119
-119
-109
-107
-107
-107
-99
-99
-99
-99
-95
-89
-77
-73
-69
-69
-71
-75
-75
-79
-73
-69
-69
-69
-71
-65
-61
-61
-57
-57
-63
-65
-55
-55
-59
-61
-57
-57
-47
-47
-37
-29
-27
-19
-23
-21
-21
-31
-35
-35
-43
-45
-45
-43
-39
-35
-35
-33
-29
-31
-31
-29
-33
-29
-27
-25
-27
-27
-27
-23
-21
-29
-15
-9
-5
-5
-15
-9
-9
-17
-11
-1
-3
-1
-1
-1
3
11
17
25
29
33
37
27
31
35
27
23
29
27
29
31
31
33
39
39
35
31
27
29
21
19
21
19
19
13
17
9
21
23
29
21
25
25
31
27
23
21
15
15
9
5
5
5
13
29
25
23
33
37
37
43
51
61
57
57
57
55
65
71
75
73
77
77
75
79
79
79
75
83
93
93
93
97
99
105
101
105
99
97
107
107
101
103
105
109
107
99
103
101
103
119
125
139
143
143
149
145
139
143
147
143
147
151
151
155
153
153
149
153
145
147
145
135
137
127
127
121
123
125
121
123
121
121
129
131
131
139
147
147
137
145
145
151
143
137
149
149
147
151
147
147
135
135
139
125
123
125
125
129
133
129
127
135
127
123
117
105
111
107
117
105
103
93
95
89
89
97
107
101
95
99
95
97
97
93
93
93
83
87
95
91
85
77
85
85
97
101
99
99
99
105
103
111
115
117
109
117
109
109
111
107
107
105
101
103
105
97
93
93
91
91
99
107
107
105
107
111
111
111
117
109
117
115
125
127
129
129
133
135
129
129
129
133
125
117
115
115
119
109
109
109
101
105
119
119
117
119
119
129
129
139
139
141
139
137
135
137
137
131
125
135
127
125
125
119
117
117
123
131
135
135
137
137
141
141
149
149
143
141
141
131
131
131
129
137
135
127
121
127
123
129
133
133
129
131
127
123
125
123
123
123
123
119
117
109
105
105
109
107
105
105
109
111
111
107
107
107
105
107
113
107
107
107
107
107
111
115
123
123
129
131
131
123
115
115
113
115
123
125
125
131
139
139
141
153
155
151
157
157
149
155
157
149
149
145
141
147
147
149
149
149
149
149
155
155
155
159
155
155
163
159
151
151
145
149
147
149
149
153
153
149
145
141
135
133
141
147
149
147
145
149
157
165
159
153
151
151
145
145
137
137
145
151
149
151
151
155
159
159
165
163
165
165
167
167
173
173
173
173
171
175
175
183
169
171
167
167
161
161
165
167
165
171
171
167
167
165
157
151
157
157
161
159
159
161
161
161
161
157
167
163
167
167
159
163
163
157
159
155
159
159
171
173
175
181
181
181
191
193
193
195
195
185
169
175
177
175
175
171
167
155
155
155
155
149
151
151
143
141
147
137
145
143
143
153
147
149
145
145
139
141
143
149
149
145
135
135
137
133
131
131
129
123
115
119
119
121
125
123
123
121
119
121
125
127
141
137
139
147
139
139
139
141
137
143
137
133
133
121
127
125
125
117
111
111
113
113
113
121
129
123
119
129
127
121
121
117
119
111
103
103
109
111
111
113
123
125
125
125
111
115
125
125
127
129
123
125
123
125
129
135
139
137
135
141
139
139
149
151
145
131
129
131
139
145
135
139
137
137
137
133
139
139
139
145
147
151
159
165
165
169
177
173
173
165
169
183
197
187
181
181
185
183
189
187
183
183
187
187
187
185
189
193
189
199
197
191
193
193
197
195
197
191
183
177
175
171
175
175
179
177
173
177
181
179
173
173
167
171
165
165
163
163
163
161
169
175
185
185
181
171
177
181
181
181
189
189
187
187
193
203
197
189
187
195
187
177
179
171
171
171
177
171
177
179
179
181
175
175
175
173
173
171
181
181
181
193
197
195
193
195
193
195
187
187
199
195
201
201
203
215
213
217
217
221
217
217
223
221
211
201
201
193
189
199
195
193
195
195
199
197
209
209
203
201
209
215
217
219
219
225
227
233
225
225
227
229
229
241
237
243
241
241
241
231
229
235
233
239
237
237
237
233
233
233
239
233
231
237
237
231
233
237
229
219
235
237
237
235
239
239
239
237
243
233
235
239
239
241
249
249
245
249
251
251
247
247
255
253
247
251
245
247
251
239
243
239
235
237
237
243
249
251
247
259
257
261
269
269
269
271
267
259
263
261
257
251
251
253
245
241
251
249
243
235
239
243
241
241
249
253
253
259
263
257
257
257
259
263
265
263
275
273
271
269
271
281
273
275
279
271
263
259
251
251
247
241
241
237
245
239
241
239
239
241
247
247
247
241
237
239
239
239
235
227
225
223
219
211
217
213
213
219
225
227
227
223
233
231
231
231
225
223
219
217
219
227
219
227
227
223
227
231
233
237
233
231
239
247
255
257
263
267
265
263
267
287
303
305
309
309
307
313
305
309
297
295
297
291
299
297
297
301
307
313
313
309
311
319
319
317
319
321
319
315
301
299
297
297
295
297
299
297
291
291
295
291
289
293
295
303
303
299
299
305
305
311
313
315
313
313
311
313
323
329
341
331
335
327
331
339
353
361
359
359
359
355
353
359
353
353
359
357
357
353
351
343
347
343
347
347
339
333
335
329
333
325
321
327
329
337
337
333
333
333
329
327
333
333
333
333
341
341
339
333
329
331
331
331
333
339
331
335
331
329
335
335
339
329
331
333
335
339
339
333
333
341
335
333
333
333
341
331
331
327
331
331
325
327
327
329
331
323
327
313
319
321
323
325
317
317
327
321
325
329
329
331
331
323
325
325
329
333
321
329
329
333
333
331
333
333
323
335
329
323
323
327
327
323
317
313
313
319
315
317
317
317
325
321
313
319
331
319
327
333
339
337
337
333
333
327
333
329
337
345
339
347
355
355
357
365
361
353
355
363
359
357
357
355
357
355
361
369
367
363
363
347
347
351
349
349
347
349
337
335
337
337
337
337
337
341
341
341
335
335
331
331
331
335
331
327
325
323
321
319
311
319
317
311
325
319
317
309
303
303
305
309
309
303
301
303
297
301
301
307
311
307
313
323
325
321
321
321
321
325
323
319
325
319
321
321
323
325
327
329
329
331
333
337
331
329
329
327
325
327
331
329
331
341
343
347
347
347
337
337
341
337
323
337
337
339
335
333
335
341
341
339
343
337
337
337
343
337
337
333
339
337
345
347
337
335
327
319
319
315
311
313
313
313
307
303
309
297
297
299
305
305
305
305
311
315
317
319
315
329
327
317
325
325
331
331
327
319
325
321
323
317
309
309
295
299
293
297
297
291
285
277
281
281
275
269
267
271
271
271
265
265
265
261
253
249
249
251
259
259
255
247
241
245
241
235
243
241
237
239
245
237
233
233
227
227
223
225
225
233
227
233
225
219
219
219
219
219
225
225
229
227
219
217
217
213
209
209
211
221
221
227
231
231
227
229
229
231
233
239
241
247
253
253
249
249
251
251
251
251
259
251
241
251
247
245
251
255
251
247
255
257
265
263
263
263
259
263
263
267
273
273
279
275
277
285
285
285
289
285
283
279
287
289
285
283
283
279
279
289
285
285
281
277
281
279
283
285
285
283
273
279
279
283
283
285
275
283
287
289
287
289
285
285
289
297
301
311
305
315
323
321
325
337
331
333
331
323
323
323
311
309
301
303
299
293
295
293
305
301
309
309
309
307
303
297
297
301
303
301
299
305
295
289
285
291
287
283
279
283
283
283
291
291
287
283
287
281
283
285
277
273
275
277
277
287
289
291
293
299
293
289
291
305
311
313
309
307
307
309
301
303
307
307
313
323
315
315
311
315
321
321
317
311
297
299
297
295
305
303
303
309
317
313
323
327
327
327
335
335
333
333
331
333
333
333
325
329
323
317
313
313
313
317
313
317
319
315
317
311
299
299
305
291
301
299
303
307
299
303
297
295
297
297
305
297
289
293
289
287
287
285
283
281
289
289
281
279
287
285
279
271
269
267
269
263
263
259
255
247
247
251
249
249
245
247
247
251
255
255
261
263
263
263
271
269
271
277
273
281
277
273
279
277
277
277
283
279
279
285
293
289
289
297
301
307
307
301
303
301
301
301
299
299
309
307
301
299
303
297
301
297
295
297
307
307
307
307
301
297
289
287
291
297
305
303
313
315
315
309
297
299
295
287
283
277
271
267
259
261
263
251
247
247
249
253
255
257
247
243
243
243
243
249
245
251
245
243
243
249
245
241
241
239
239
245
253
263
259
259
259
265
267
263
257
255
247
243
235
237
235
241
245
243
237
235
231
235
241
239
243
243
245
245
245
249
253
259
265
269
271
283
283
283
281
283
287
291
285
289
291
295
289
291
295
291
291
289
283
291
287
297
289
293
291
291
293
291
291
293
295
293
293
285
283
281
281
285
283
281
273
275
275
267
261
251
253
253
263
251
251
247
255
259
257
251
251
251
259
255
265
261
261
267
263
257
259
253
255
255
249
253
241
235
233
235
231
239
243
237
231
225
215
217
215
215
217
211
203
203
205
201
197
197
205
205
209
221
211
207
203
199
201
201
193
185
173
173
173
183
181
175
167
173
161
161
161
161
145
153
153
149
151
147
145
149
147
149
151
145
143
147
149
143
137
137
143
151
151
147
147
155
159
157
169
167
167
165
159
153
155
155
151
149
151
157
157
153
151
153
153
153
155
157
169
181
181
187
175
175
171
171
173
179
177
179
187
191
189
193
187
189
193
193
195
203
203
207
215
211
211
217
213
193
197
199
207
205
203
199
207
209
213
213
219
219
213
211
219
219
219
219
213
213
223
235
237
237
233
233
229
227
233
231
237
237
247
247
247
253
257
251
243
249
247
241
241
241
241
239
243
247
247
249
249
251
241
245
247
245
241
237
243
243
241
241
235
229
231
231
231
225
223
223
223
227
225
225
227
229
229
229
227
217
209
221
213
213
217
221
225
233
229
221
225
227
235
237
237
237
233
239
231
239
247
243
245
243
241
241
245
241
237
231
229
235
231
231
227
223
223
223
235
231
231
221
221
221
219
223
219
219
219
221
221
221
229
233
229
231
235
231
229
229
229
227
231
233
235
227
227
231
235
239
233
229
235
227
225
233
235
227
225
223
221
223
213
217
227
223
225
229
225
231
233
237
237
237
225
221
233
229
227
223
225
217
221
213
215
219
211
201
201
205
211
205
203
201
205
211
215
221
233
223
221
221
217
211
211
219
227
231
227
231
239
245
247
245
245
253
251
259
267
267
263
255
253
253
249
255
259
265
275
265
263
253
259
267
267
263
263
263
257
259
263
263
273
277
285
285
285
283
283
281
283
281
271
275
271
275
275
271
275
273
273
273
281
277
281
283
283
287
291
283
283
283
271
269
271
271
271
271
271
283
277
271
281
281
283
283
283
285
285
277
275
281
285
285
283
287
291
293
301
295
297
299
313
319
315
317
311
315
313
315
313
321
307
309
309
299
301
301
297
297
299
309
301
301
295
289
289
295
299
297
299
295
295
297
287
287
281
267
257
261
253
247
247
243
251
253
253
251
261
261
257
261
255
247
243
249
251
253
255
263
271
267
259
253
253
251
249
251
257
257
255
255
251
251
251
261
271
265
269
269
269
269
261
261
253
249
245
245
253
253
247
247
241
249
249
253
263
269
261
257
257
245
239
239
239
243
245
243
247
239
245
245
247
249
249
243
245
249
251
257
261
257
257
263
257
269
269
271
267
261
267
267
273
273
273
269
259
253
237
243
249
249
253
255
255
245
243
239
229
219
215
223
219
213
213
205
213
215
215
221
223
223
219
217
217
207
217
217
217
207
209
203
205
215
215
225
223
221
217
217
217
225
231
223
227
237
231
229
221
221
225
231
219
211
207
211
211
207
199
199
207
209
211
199
197
201
203
201
197
191
191
191
189
191
183
181
187
187
183
183
177
177
189
185
183
181
177
181
175
187
185
185
189
187
191
187
171
179
173
167
167
167
163
171
167
169
163
161
165
165
161
157
171
177
183
183
183
173
175
169
171
173
181
171
171
169
167
167
167
177
181
181
177
183
177
179
183
181
185
185
185
187
193
185
191
185
177
179
181
173
173
171
161
159
163
161
159
163
171
171
173
173
161
155
159
159
171
185
191
191
191
191
195
199
199
191
203
195
199
199
199
203
205
209
205
195
187
185
187
179
193
191
195
191
183
187
183
181
183
179
169
161
163
157
159
157
165
157
157
157
155
155
155
165
161
159
159
161
161
161
155
153
161
167
155
141
147
147
151
145
145
141
141
139
143
143
135
129
129
121
123
123
125
135
135
129
129
125
109
109
117
115
119
107
101
103
109
107
103
97
99
89
87
91
97
93
81
81
85
87
99
107
109
103
99
101
103
107
99
99
97
97
89
91
91
91
99
101
99
93
89
85
89
89
83
75
85
95
95
99
99
83
81
81
77
77
73
73
65
69
67
79
73
79
83
75
75
83
83
69
75
71
71
73
73
85
85
81
81
83
83
79
85
89
91
97
109
101
103
109
113
121
121
121
129
133
145
147
145
151
149
145
145
145
145
149
149
141
143
139
137
135
141
143
143
147
143
145
147
143
145
155
147
147
149
157
161
161
165
169
175
165
157
157
157
149
157
159
165
171
175
171
171
171
171
167
167
171
171
175
171
169
167
169
173
167
167
167
167
165
165
163
167
163
163
169
169
159
163
163
163
163
153
153
157
151
161
151
147
149
147
147
143
151
155
149
153
153
153
153
153
157
157
159
167
157
165
163
165
163
165
153
151
149
155
151
155
149
149
151
153
149
143
135
139
139
145
137
135
141
149
149
151
161
161
165
169
157
159
161
165
167
161
151
151
157
153
137
141
133
137
145
141
145
147
149
155
145
135
137
133
135
133
137
137
137
129
129
135
139
133
133
133
137
135
151
151
145
153
151
145
139
137
135
131
139
133
139
135
133
121
121
111
113
113
107
115
113
117
117
121
123
135
133
129
139
137
151
149
149
163
165
165
167
161
161
167
163
169
161
161
157
163
177
169
169
159
165
175
169
179
175
187
181
181
187
187
185
191
189
181
187
193
197
201
197
197
195
193
195
193
197
197
187
183
185
181
179
187
187
187
179
181
183
179
179
185
177
177
177
177
185
193
189
171
165
155
159
159
151
153
153
149
141
141
137
143
137
133
137
137
143
143
139
141
141
135
131
137
139
135
147
139
143
143
143
131
123
117
117
117
115
117
113
115
123
125
125
129
133
141
143
137
137
139
139
141
133
131
123
119
119
123
113
103
103
97
107
107
109
119
121
119
117
117
115
115
121
121
121
119
127
127
131
127
131
139
137
143
143
129
135
143
141
131
133
119
125
125
127
127
131
131
129
119
117
117
115
113
109
95
87
79
87
81
77
73
81
83
83
89
97
99
105
101
101
97
101
101
107
107
111
111
111
109
117
121
125
123
123
127
121
123
117
113
113
117
113
117
117
117
115
119
119
119
121
123
119
119
119
125
125
125
119
111
109
105
103
103
91
99
97
93
97
95
85
95
91
87
83
85
89
93
93
89
95
89
85
81
75
77
75
75
75
89
89
85
77
75
65
65
67
73
69
75
63
71
79
83
85
87
89
99
103
107
113
119
119
119
111
119
115
107
109
107
109
109
103
95
101
107
105
109
101
113
107
105
99
107
107
103
105
103
99
89
87
93
95
91
91
85
85
97
89
89
85
83
85
89
93
95
95
95
83
91
87
93
97
99
87
87
87
91
91
91
91
91
87
81
81
83
89
95
89
93
103
101
101
109
121
125
129
129
129
129
135
145
151
153
161
159
145
143
145
145
149
151
147
151
155
159
163
175
173
173
179
181
179
179
183
185
193
191
183
177
179
169
169
169
169
173
177
171
163
165
169
161
159
169
177
177
181
179
173
171
173
179
185
191
191
193
187
183
173
165
167
175
175
173
171
171
171
173
167
163
169
179
187
191
193
197
199
209
205
207
205
207
207
201
207
207
219
225
225
229
231
245
257
255
265
265
267
263
269
265
263
259
263
265
265
259
255
257
261
269
269
269
261
259
265
255
253
253
247
233
233
237
231
235
231
227
227
223
223
225
225
225
225
223
233
233
227
233
233
237
237
243
247
243
243
241
237
233
227
233
225
227
219
221
207
199
203
199
207
207
217
213
217
213
207
203
203
205
199
201
205
207
201
209
205
205
215
205
207
211
217
211
213
213
213
217
209
201
205
207
207
209
209
205
205
205
201
199
189
185
189
191
191
179
181
189
189
193
193
187
187
183
189
197
195
195
193
195
193
191
199
195
195
193
193
201
191
189
193
195
189
187
183
187
191
193
189
195
189
189
181
181
173
177
177
177
183
179
173
179
187
197
195
191
191
197
195
195
189
197
199
197
193
187
183
185
175
177
175
173
169
177
179
179
175
175
175
173
169
171
179
173
173
177
173
173
173
179
179
183
189
193
197
197
201
197
191
187
191
193
201
201
201
195
197
189
197
203
207
205
213
207
207
209
209
205
203
205
209
209
215
223
215
221
223
219
219
215
207
213
217
225
225
221
219
227
223
221
227
229
239
239
239
239
255
255
251
257
257
251
251
239
231
233
233
231
227
225
227
231
227
231
233
239
233
221
219
219
217
209
213
219
219
223
233
241
237
245
245
239
245
247
251
253
255
259
263
255
255
249
243
247
237
237
237
245
247
251
251
255
259
261
269
259
263
257
249
253
251
257
267
263
261
259
255
255
251
251
249
249
259
263
259
253
255
249
253
257
259
259
259
261
263
275
277
277
279
281
287
277
289
297
303
309
305
311
315
317
319
317
327
331
333
341
337
333
323
323
323
327
331
337
335
343
341
339
341
341
335
333
343
335
341
337
337
333
325
329
319
321
319
321
315
305
309
323
337
339
343
349
355
353
351
355
347
347
341
341
345
343
341
335
335
341
341
345
345
345
347
337
335
321
321
325
317
317
317
317
321
323
319
319
321
315
319
319
329
335
333
343
341
341
351
353
351
351
345
343
347
349
355
351
345
339
345
341
341
337
331
327
325
325
325
311
311
319
319
321
317
317
317
321
317
311
311
315
321
319
321
319
319
319
315
307
307
299
289
289
295
295
295
295
301
305
313
319
327
329
331
325
329
335
325
323
315
307
303
295
289
297
297
293
293
293
295
295
289
287
283
289
281
281
281
281
285
285
279
271
281
281
281
275
259
257
249
249
249
247
257
257
257
251
255
255
247
243
241
247
249
249
253
251
251
251
245
247
247
259
255
257
251
245
243
237
243
251
247
249
247
251
247
245
253
251
263
265
265
261
269
269
265
269
279
281
283
283
277
283
287
291
295
287
277
277
277
285
279
277
287
289
281
277
271
271
273
265
259
263
263
261
261
271
275
281
283
299
297
297
297
297
299
291
289
285
279
273
273
267
259
259
253
249
257
261
255
257
249
261
267
271
275
273
273
273
267
255
251
257
245
241
235
231
231
237
235
243
241
247
241
243
245
251
253
253
253
257
257
257
247
247
247
257
261
261
267
267
273
281
289
291
287
297
303
295
289
285
289
281
277
275
285
279
277
279
273
275
281
281
271
271
271
271
271
271
271
271
265
263
271
269
267
279
285
281
287
287
283
287
299
299
287
283
283
293
297
295
295
295
297
297
297
295
295
295
291
287
287
287
289
299
299
293
295
295
285
287
291
287
287
287
287
279
287
297
299
305
305
311
305
305
305
301
299
305
295
291
283
289
285
283
275
265
277
277
269
267
271
269
279
269
277
281
275
291
291
291
283
283
281
287
293
291
301
295
295
303
309
315
317
309
309
309
311
307
303
301
301
303
291
283
295
309
309
311
301
297
297
293
293
291
289
291
297
303
303
299
309
305
305
311
313
313
313
309
309
305
315
315
323
311
311
311
311
309
305
305
299
301
301
301
303
303
301
313
309
311
311
315
313
313
313
321
317
319
321
321
323
319
329
323
327
321
327
329
327
323
325
327
321
321
319
333
333
333
333
331
331
331
329
333
333
337
335
335
343
341
339
333
335
325
329
323
329
341
341
331
331
335
329
325
331
323
323
323
323
325
331
335
335
341
337
333
323
323
317
313
317
307
295
295
289
291
287
289
295
295
297
297
299
299
303
309
313
315
311
309
309
307
307
305
299
285
277
267
279
283
281
287
285
285
285
281
275
281
283
287
293
285
295
295
297
301
287
293
287
281
281
277
281
285
283
277
279
285
285
287
279
281
281
285
285
285
287
283
277
275
285
285
279
267
267
263
261
265
263
265
271
269
269
275
281
281
271
271
267
269
259
253
255
255
255
261
267
265
261
263
253
253
261
267
259
255
267
273
269
271
281
279
279
273
277
285
279
275
265
267
265
271
263
261
261
259
259
255
253
245
239
231
231
221
221
223
225
221
227
227
227
227
223
211
209
211
213
211
213
217
213
205
211
211
211
209
217
219
213
207
195
195
199
207
199
195
199
199
199
189
189
189
189
189
189
183
183
185
185
189
193
197
193
191
183
179
171
165
159
159
147
147
149
143
145
141
143
131
135
127
133
137
133
129
129
133
141
151
151
159
165
163
165
163
177
175
171
169
171
163
169
155
155
159
159
159
165
165
165
175
175
185
189
191
185
185
185
195
195
199
189
189
197
193
195
195
195
203
201
199
195
191
189
189
189
183
179
173
171
161
161
165
173
179
185
187
179
181
181
181
181
179
185
187
189
189
183
189
189
187
183
191
191
187
181
173
181
189
193
197
201
199
199
191
193
193
197
203
203
197
207
213
203
195
195
195
193
195
191
197
195
193
193
193
193
189
183
191
183
191
191
201
193
195
191
191
197
197
203
201
199
185
191
187
189
193
195
193
193
187
187
187
191
197
197
197
199
195
201
207
207
205
211
203
199
193
197
187
189
189
187
181
177
185
193
197
197
193
197
205
205
207
205
203
205
203
207
201
201
195
195
197
197
199
195
193
199
211
211
215
211
213
215
215
211
207
209
195
189
193
187
187
183
189
179
183
195
187
187
199
199
191
189
191
187
183
183
177
179
187
191
183
183
175
163
165
171
161
165
159
157
153
155
155
157
151
143
143
143
145
155
155
155
153
151
159
163
165
165
165
167
169
169
173
173
175
177
179
165
163
163
161
163
155
153
153
161
161
161
165
163
163
155
149
149
153
149
153
147
159
159
169
169
171
169
171
171
169
167
173
175
185
185
191
187
185
191
193
187
189
195
195
193
197
205
205
203
203
211
217
221
221
223
221
215
215
215
217
215
205
209
207
219
217
217
209
211
215
219
225
221
221
225
227
231
229
237
235
231
227
225
219
219
225
221
225
227
221
217
215
215
221
217
219
217
215
213
213
203
203
205
209
203
201
201
193
195
201
199
203
207
203
203
207
209
209
213
211
215
219
225
219
219
211
205
205
215
221
223
219
223
223
223
223
219
215
209
211
213
211
213
213
217
223
219
217
225
225
219
219
213
213
215
219
219
213
217
211
211
201
211
199
205
207
217
215
217
217
217
217
219
219
227
231
225
221
221
221
221
223
223
229
229
225
223
223
213
207
201
209
203
197
201
201
207
195
191
189
185
183
169
171
175
175
169
165
175
173
163
163
163
159
159
161
169
167
171
165
169
171
165
159
157
157
155
155
157
151
151
151
155
151
155
141
131
121
117
119
119
125
121
121
121
123
129
135
127
123
117
117
121
117
113
109
109
101
107
105
103
113
115
111
105
99
97
93
91
97
93
91
91
95
97
99
95
93
83
87
81
79
79
79
75
73
75
75
69
75
75
73
73
79
75
77
75
71
79
85
89
83
77
79
75
77
71
75
83
89
93
87
85
85
89
83
79
79
85
93
101
103
97
93
101
95
103
99
99
101
111
115
125
125
129
125
125
125
133
135
141
141
137
139
131
133
137
137
135
143
143
137
141
141
137
135
145
143
137
143
141
135
127
129
131
127
123
129
127
127
121
125
127
129
129
123
125
129
127
119
117
111
107
113
115
121
125
115
111
111
117
123
123
117
117
115
119
129
133
133
127
125
129
131
131
129
127
127
127
125
117
113
119
109
109
113
109
103
109
99
107
105
99
105
105
109
113
113
113
105
105
115
111
111
111
115
115
123
119
113
121
121
123
119
125
127
127
133
127
135
135
139
147
151
151
151
155
159
163
157
151
147
143
143
139
145
147
151
145
137
137
131
135
131
137
133
129
137
139
135
135
123
119
121
121
123
127
127
123
119
119
113
113
117
129
137
143
139
143
135
135
135
131
121
115
127
129
133
137
135
129
125
123
119
111
107
103
103
111
111
105
111
117
111
113
111
113
115
115
119
113
115
123
119
123
123
133
133
133
135
143
149
151
145
149
143
147
161
155
151
151
149
143
143
135
135
135
133
141
143
143
143
143
141
137
139
139
127
129
129
131
135
135
141
137
127
123
119
123
123
123
121
121
121
127
127
141
149
149
155
147
149
155
157
155
151
143
149
145
141
141
133
135
139
139
141
135
133
125
125
123
113
111
107
101
109
111
107
103
95
97
107
107
107
111
117
107
105
105
111
111
103
105
103
103
99
103
103
99
107
107
105
105
105
115
111
111
111
115
115
115
123
117
113
111
111
111
107
115
115
115
117
127
117
119
123
129
133
133
143
141
143
139
143
137
137
139
143
143
137
139
143
133
129
131
125
129
133
125
125
117
111
119
109
103
99
97
99
93
97
87
91
93
93
95
97
95
91
93
95
99
95
93
97
91
89
87
79
89
89
89
89
97
97
103
103
99
101
101
107
97
97
93
93
85
83
79
85
85
79
85
85
85
85
83
83
89
87
83
79
89
83
85
79
75
79
79
83
81
83
95
95
99
95
93
89
97
97
97
95
97
95
91
87
87
97
105
103
109
113
107
109
119
125
131
133
133
139
141
139
149
155
147
151
145
145
149
151
147
149
151
153
151
147
151
157
157
161
159
153
153
157
167
167
159
159
161
161
163
165
169
163
161
165
173
171
179
179
179
175
173
175
175
173
175
179
177
185
185
185
193
185
189
179
179
177
183
187
183
175
187
187
185
187
177
181
185
181
189
189
187
181
185
185
183
183
177
175
169
169
165
167
169
169
161
167
161
165
159
171
169
169
173
167
167
161
161
161
153
153
151
153
157
151
151
153
147
151
151
155
151
153
143
145
143
147
143
149
143
143
143
139
137
137
137
137
135
135
129
123
123
123
123
123
127
133
137
147
141
151
157
163
173
167
169
181
183
183
185
191
189
189
183
175
179
179
183
185
191
201
207
207
207
199
201
199
199
203
201
213
207
211
205
205
197
199
197
203
203
207
209
205
209
203
205
209
217
217
217
221
219
213
207
203
207
205
209
203
203
209
207
205
199
203
203
201
201
207
215
215
211
215
209
217
223
223
227
227
221
223
225
223
215
215
211
217
213
209
201
195
189
191
191
197
191
197
187
187
195
195
199
199
197
201
201
203
199
193
195
197
185
181
183
181
181
179
185
179
177
177
179
183
183
181
183
185
185
185
185
181
171
171
179
181
187
191
195
195
201
211
211
211
211
217
213
209
203
201
195
203
203
203
195
197
197
195
195
195
205
209
211
205
203
205
205
207
203
207
207
195
203
193
195
195
193
193
199
195
197
193
197
195
191
183
187
189
189
185
189
187
193
195
187
191
195
201
197
201
197
199
205
197
199
199
201
207
209
211
213
209
209
203
197
197
201
197
209
207
207
203
201
205
205
197
191
181
185
175
181
183
175
179
169
175
173
169
173
171
165
163
163
169
171
173
171
171
171
171
169
163
167
167
157
161
165
159
149
153
157
157
163
169
171
155
159
151
145
143
141
135
135
133
131
131
137
139
135
137
135
135
141
147
151
143
147
145
145
157
157
161
171
169
165
169
169
169
179
187
185
183
179
181
175
171
169
165
151
159
159
159
157
157
153
151
151
157
155
159
163
163
155
163
163
163
173
167
159
161
155
155
151
145
155
157
149
141
141
139
147
147
151
155
147
147
151
147
151
157
155
163
157
161
173
163
165
159
149
151
143
137
143
147
147
145
143
145
151
147
143
139
139
139
141
139
139
135
137
147
149
149
147
143
145
145
147
151
155
159
161
157
159
159
161
167
171
173
177
177
177
187
183
173
167
163
165
165
165
167
167
171
167
165
171
155
147
149
157
151
151
145
145
149
151
151
151
151
141
147
151
155
155
155
151
147
153
155
155
143
141
143
143
141
143
141
139
141
157
161
161
163
161
161
163
163
163
155
163
163
163
163
151
149
149
141
149
153
159
153
143
133
139
139
137
129
123
131
133
135
123
121
121
121
125
129
131
125
135
145
145
157
157
147
151
143
137
139
139
141
141
147
159
165
163
169
173
173
167
167
173
169
165
165
173
175
173
173
171
167
169
169
175
175
171
165
153
159
151
153
151
145
143
147
139
139
141
153
143
143
137
133
133
139
139
143
161
163
167
155
161
163
157
157
163
165
159
155
163
161
161
163
167
167
175
177
177
179
177
177
175
179
181
181
181
173
163
161
161
153
141
141
145
147
151
141
141
145
143
139
127
131
131
131
125
137
141
137
135
131
141
143
147
143
147
141
141
149
155
159
159
151
149
145
147
149
157
157
159
169
165
163
163
159
155
155
145
133
137
141
135
135
135
139
143
147
153
147
147
149
155
149
161
157
157
155
149
149
145
153
161
155
143
147
155
151
141
143
143
145
145
137
135
135
135
139
137
139
137
129
113
113
119
113
105
107
101
103
103
103
107
107
111
119
115
119
127
129
139
149
145
155
163
153
155
151
143
139
149
147
147
141
139
139
139
135
131
129
127
127
131
129
129
125
127
127
127
131
133
131
135
139
139
135
127
123
129
135
141
137
137
145
145
147
137
137
135
135
133
129
131
119
117
115
105
109
103
103
115
119
125
121
121
115
121
125
121
113
107
107
107
117
115
121
117
115
121
121
121
119
111
105
107
107
105
111
111
111
105
109
115
113
107
117
117
119
123
115
115
111
119
127
133
133
137
137
139
135
139
133
133
121
121
115
115
113
117
117
113
115
111
109
117
125
125
125
135
147
149
149
147
145
145
141
139
139
145
153
161
163
171
177
169
159
159
159
153
153
153
153
153
159
165
155
151
153
153
153
157
157
157
157
161
167
171
171
171
177
181
177
177
175
175
177
187
187
187
187
187
177
175
183
179
169
169
163
163
167
167
159
159
157
157
155
159
159
159
155
159
147
145
147
153
153
151
145
151
149
145
145
145
135
133
133
129
123
125
125
125
119
117
121
127
129
129
131
129
125
125
129
127
127
125
125
119
127
135
137
141
139
139
141
135
137
131
131
129
129
129
125
137
145
145
143
137
137
133
131
133
133
143
143
147
155
149
153
155
163
159
167
171
177
177
175
173
171
171
167
165
167
155
149
155
149
149
153
145
145
135
131
131
137
135
131
135
131
141
153
159
153
161
161
169
165
165
165
161
157
163
159
155
161
167
167
167
159
161
161
169
161
163
167
169
169
163
163
163
165
165
163
155
151
141
141
141
135
131
135
127
127
127
133
133
129
133
127
125
125
121
109
111
117
111
121
129
131
127
129
123
127
127
127
127
119
113
119
123
123
113
109
99
105
105
103
105
97
97
91
95
97
105
107
107
111
121
115
123
123
125
125
123
129
131
129
133
135
135
131
131
135
137
127
127
121
129
129
137
133
127
133
127
135
135
137
143
143
137
139
139
139
143
141
143
135
141
145
151
153
151
149
155
143
143
143
149
145
145
145
145
141
139
149
149
145
139
141
139
143
145
139
137
135
141
137
137
137
129
135
141
143
135
141
141
143
151
151
147
147
147
147
143
147
147
149
149
153
157
157
165
165
165
169
165
161
161
165
163
155
155
159
159
157
153
155
161
157
161
155
159
155
161
169
161
155
155
159
155
147
151
149
153
143
141
141
141
143
143
145
145
141
141
145
149
137
137
135
139
139
139
139
151
151
149
149
147
141
145
139
143
141
139
145
143
149
153
143
139
135
133
135
129
131
123
131
133
135
151
151
153
163
165
169
173
177
173
171
177
175
181
173
185
199
199
203
203
207
205
201
203
209
209
201
199
201
191
191
189
187
185
187
181
183
185
179
185
187
195
195
195
207
213
211
213
217
215
215
