-2627
-2617
-2617
-2609
-2609
-2609
-2597
-2589
-2583
-2583
-2571
-2569
-2569
-2561
-2561
-2561
-2551
-2551
-2551
-2551
-2551
-2551
-2551
-2547
-2537
-2527
-2525
-2525
-2525
-2519
-2519
-2517
-2513
-2499
-2499
-2493
-2481
-2481
-2473
-2461
-2459
-2447
-2447
-2447
-2443
-2441
-2433
-2433
-2433
-2433
-2427
-2417
-2417
-2409
-2409
-2409
-2409
-2397
-2397
-2397
-2397
-2387
-2387
-2387
-2381
-2381
-2381
-2373
-2373
-2361
-2361
-2355
-2355
-2345
-2345
-2339
-2339
-2339
-2339
-2339
-2339
-2339
-2339
-2335
-2331
-2331
-2331
-2331
-2331
-2329
-2319
-2319
-2315
-2301
-2301
-2293
-2289
-2289
-2279
-2281
-2281
-2281
-2277
-2267
-2265
-2251
-2241
-2241
-2239
-2239
-2229
-2229
-2229
-2229
-2229
-2215
-2205
-2195
-2197
-2197
-2197
-2191
-2191
-2191
-2191
-2191
-2191
-2181
-2181
-2173
-2161
-2161
-2161
-2159
-2159
-2153
-2153
-2153
-2153
-2145
-2145
-2145
-2143
-2143
-2143
-2141
-2141
-2141
-2131
-2125
-2125
-2123
-2125
-2125
-2123
-2123
-2123
-2119
-2119
-2119
-2119
-2111
-2113
-2113
-2105
-2099
-2101
-2101
-2101
-2103
-2103
-2095
-2095
-2093
-2091
-2091
-2091
-2079
-2077
-2075
-2069
-2069
-2067
-2067
-2067
-2067
-2067
-2067
-2059
-2055
-2055
-2043
-2035
-2033
-2027
-2031
-2031
-2031
-2031
-2031
-2031
-2031
-2031
-2031
-2033
-2033
-2033
-2025
-2021
-2013
-2011
-2011
-2011
-2011
-2011
-2011
-2011
-2011
-2011
-2011
-2005
-1995
-1999
-1999
-1999
-1993
-1993
-1995
-1991
-1983
-1977
-1967
-1963
-1955
-1955
-1955
-1947
-1941
-1945
-1937
-1937
-1937
-1937
-1933
-1931
-1931
-1931
-1919
-1919
-1911
-1909
-1909
-1905
-1905
-1905
-1905
-1899
-1899
-1893
-1881
-1881
-1881
-1875
-1875
-1867
-1867
-1867
-1855
-1847
-1839
-1839
-1839
-1839
-1827
-1827
-1833
-1833
-1821
-1821
-1821
-1821
-1817
-1817
-1807
-1803
-1803
-1791
-1779
-1773
-1761
-1751
-1747
-1741
-1737
-1731
-1733
-1733
-1733
-1731
-1731
-1731
-1731
-1735
-1735
-1723
-1709
-1697
-1697
-1689
-1691
-1677
-1677
-1677
-1677
-1669
-1669
-1665
-1665
-1665
-1665
-1665
-1665
-1665
-1661
-1661
-1661
-1661
-1647
-1651
-1651
-1651
-1645
-1645
-1645
-1645
-1645
-1635
-1625
-1621
-1617
-1617
-1617
-1611
-1607
-1607
-1607
-1601
-1589
-1587
-1581
-1577
-1577
-1577
-1577
-1577
-1579
-1579
-1579
-1579
-1581
-1571
-1571
-1565
-1565
-1565
-1565
-1565
-1553
-1553
-1553
-1541
-1535
-1529
-1529
-1519
-1519
-1519
-1519
-1505
-1505
-1505
-1501
-1501
-1501
-1501
-1503
-1499
-1491
-1491
-1491
-1491
-1495
-1485
-1485
-1479
-1471
-1471
-1473
-1473
-1467
-1467
-1461
-1461
-1457
-1457
-1457
-1457
-1457
-1457
-1451
-1451
-1451
-1451
-1451
-1451
-1451
-1451
-1455
-1455
-1455
-1455
-1455
-1455
-1455
-1459
-1459
-1459
-1459
-1459
-1459
-1443
-1443
-1443
-1443
-1443
-1443
-1437
-1433
-1417
-1417
-1417
-1417
-1417
-1417
-1415
-1415
-1415
-1411
-1407
-1407
-1397
-1387
-1387
-1387
-1387
-1387
-1387
-1387
-1387
-1387
-1387
-1379
-1377
-1377
-1369
-1369
-1369
-1361
-1361
-1353
-1347
-1347
-1347
-1347
-1347
-1347
-1347
-1347
-1347
-1347
-1341
-1339
-1333
-1333
-1333
-1329
-1325
-1325
-1317
-1319
-1321
-1321
-1319
-1319
-1311
-1311
-1315
-1315
-1323
-1317
-1317
-1315
-1315
-1309
-1307
-1307
-1307
-1303
-1295
-1295
-1299
-1299
-1293
-1285
-1281
-1273
-1271
-1267
-1263
-1253
-1253
-1251
-1251
-1245
-1241
-1239
-1239
-1239
-1239
-1241
-1239
-1239
-1231
-1229
-1229
-1229
-1235
-1229
-1227
-1227
-1227
-1227
-1229
-1229
-1215
-1215
-1215
-1215
-1215
-1205
-1205
-1205
-1209
-1209
-1215
-1211
-1197
-1197
-1197
-1191
-1195
-1195
-1199
-1199
-1199
-1199
-1199
-1199
-1199
-1193
-1193
-1193
-1181
-1181
-1179
-1179
-1181
-1179
-1179
-1179
-1177
-1179
-1179
-1171
-1179
-1179
-1167
-1173
-1179
-1179
-1173
-1169
-1169
-1167
-1167
-1157
-1151
-1141
-1137
-1123
-1129
-1129
-1125
-1125
-1119
-1119
-1119
-1111
-1113
-1113
-1111
-1103
-1103
-1103
-1103
-1103
-1103
-1103
-1089
-1089
-1089
-1089
-1079
-1079
-1079
-1079
-1079
-1073
-1073
-1073
-1073
-1073
-1073
-1073
-1073
-1075
-1079
-1079
-1079
-1079
-1075
-1075
-1067
-1061
-1061
-1063
-1063
-1055
-1053
-1057
-1057
-1053
-1053
-1053
-1053
-1053
-1053
-1047
-1047
-1051
-1051
-1049
-1049
-1049
-1049
-1047
-1047
-1047
-1059
-1059
-1059
-1051
-1051
-1047
-1043
-1051
-1045
-1031
-1031
-1031
-1031
-1031
-1029
-1029
-1021
-1021
-1019
-1013
-1013
-1013
-997
-989
-977
-973
-973
-973
-971
-971
-971
-973
-973
-969
-969
-965
-965
-963
-953
-943
-943
-937
-937
-937
-931
-931
-931
-933
-933
-925
-925
-931
-933
-933
-925
-925
-923
-923
-923
-927
-931
-931
-931
-931
-917
-927
-927
-927
-927
-927
-923
-923
-917
-915
-915
-913
-913
-913
-913
-907
-909
-909
-909
-903
-903
-901
-901
-893
-893
-897
-897
-897
-891
-889
-887
-887
-887
-887
-889
-889
-889
-893
-893
-893
-893
-893
-893
-893
-893
-891
-891
-883
-891
-891
-891
-891
-891
-891
-891
-891
-883
-883
-883
-883
-883
-877
-877
-877
-877
-877
-877
-869
-867
-861
-861
-857
-853
-847
-847
-845
-845
-845
-845
-845
-841
-841
-837
-833
-833
-829
-819
-811
-817
-817
-817
-811
-811
-803
-799
-795
-795
-789
-785
-785
-781
-781
-777
-777
-777
-777
-771
-767
-767
-761
-763
-763
-763
-765
-765
-765
-765
-763
-759
-751
-751
-751
-751
-757
-757
-757
-755
-753
-753
-753
-753
-747
-747
-747
-747
-745
-749
-749
-749
-749
-745
-745
-741
-741
-735
-733
-725
-725
-723
-713
-713
-713
-713
-713
-713
-711
-715
-715
-715
-709
-709
-709
-709
-703
-703
-709
-709
-705
-701
-713
-705
-705
-705
-705
-703
-695
-691
-685
-691
-691
-691
-691
-691
-681
-691
-685
-673
-669
-669
-673
-661
-657
-657
-661
-655
-655
-659
-649
-649
-653
-653
-653
-637
-637
-641
-641
-641
-643
-643
-643
-643
-641
-633
-633
-631
-631
-631
-631
-625
-623
-623
-617
-615
-615
-615
-615
-615
-615
-615
-615
-611
-611
-611
-609
-609
-609
-609
-613
-613
-613
-607
-611
-609
-609
-601
-601
-601
-591
-591
-591
-591
-581
-575
-571
-573
-573
-573
-575
-569
-569
-569
-569
-557
-565
-565
-559
-563
-567
-567
-563
-571
-571
-571
-567
-569
-569
-569
-575
-571
-571
-575
-575
-573
-567
-567
-573
-567
-567
-561
-561
-561
-563
-563
-563
-565
-565
-563
-553
-549
-553
-553
-553
-545
-545
-545
-529
-529
-525
-525
-521
-521
-521
-521
-523
-529
-529
-529
-529
-521
-521
-509
-509
-509
-509
-505
-505
-497
-487
-487
-475
-481
-481
-481
-481
-481
-481
-481
-481
-485
-473
-457
-457
-457
-457
-463
-463
-467
-467
-467
-459
-459
-457
-457
-451
-451
-451
-451
-445
-445
-445
-439
-439
-439
-437
-437
-437
-437
-437
-437
-431
-431
-431
-431
-431
-441
-441
-441
-443
-443
-441
-437
-437
-437
-437
-437
-437
-437
-437
-437
-437
-435
-421
-427
-425
-427
-427
-421
-421
-431
-431
-435
-435
-437
-431
-425
-429
-429
-427
-425
-425
-425
-425
-431
-415
-419
-419
-419
-419
-417
-413
-413
-413
-405
-413
-413
-415
-415
-417
-417
-421
-415
-403
-403
-401
-395
-389
-389
-387
-379
-369
-369
-369
-369
-365
-365
-365
-371
-379
-379
-371
-371
-371
-371
-371
-371
-371
-377
-369
-369
-369
-371
-363
-363
-367
-367
-367
-381
-375
-375
-377
-371
-371
-371
-371
-373
-373
-367
-367
-367
-367
-369
-377
-381
-381
-377
-381
-381
-381
-389
-385
-385
-389
-389
-393
-393
-393
-393
-385
-377
-365
-365
-365
-359
-359
-357
-357
-357
-357
-359
-359
-359
-357
-357
-357
-347
-353
-355
-355
-355
-353
-353
-353
-353
-353
-353
-353
-343
-341
-345
-343
-343
-341
-339
-339
-339
-339
-339
-341
-345
-343
-343
-337
-339
-339
-339
-333
-343
-341
-341
-341
-333
-333
-327
-325
-325
-313
-313
-313
-313
-309
-309
-303
-303
-299
-293
-293
-291
-285
-277
-267
-267
-257
-257
-257
-257
-259
-259
-255
-261
-261
-261
-265
-265
-259
-251
-251
-255
-255
-255
-255
-255
-255
-255
-255
-261
-261
-261
-261
-257
-257
-257
-257
-257
-249
-247
-245
-245
-245
-241
-243
-243
-243
-243
-239
-239
-239
-239
-239
-247
-247
-247
-243
-243
-243
-247
-239
-239
-239
-239
-235
-237
-231
-227
-227
-227
-221
-213
-205
-205
-205
-205
-209
-209
-201
-207
-209
-197
-197
-197
-191
-191
-183
-183
-189
-185
-185
-187
-187
-185
-185
-185
-193
-193
-193
-193
-193
-193
-193
-193
-203
-203
-203
-203
-203
-205
-203
-199
-189
-187
-187
-177
-177
-177
-173
-173
-173
-175
-175
-185
-185
-189
-193
-193
-185
-187
-181
-173
-173
-173
-173
-173
-181
-187
-187
-187
-187
-177
-183
-177
-177
-177
-177
-183
-183
-183
-183
-183
-187
-195
-195
-195
-187
-187
-191
-191
-191
-191
-191
-189
-193
-193
-201
-203
-201
-201
-197
-197
-199
-199
-199
-199
-195
-193
-193
-193
-193
-185
-179
-179
-179
-179
-179
-177
-177
-177
-181
-179
-171
-171
-161
-161
-161
-161
-165
-161
-157
-153
-155
-155
-155
-155
-157
-163
-161
-165
-165
-167
-161
-167
-169
-169
-171
-167
-175
-171
-175
-175
-181
-177
-177
-177
-177
-177
-181
-181
-181
-183
-183
-183
-183
-185
-181
-181
-181
-185
-185
-189
-189
-185
-185
-181
-181
-181
-179
-169
-169
-169
-169
-169
-163
-163
-161
-163
-163
-161
-165
-161
-159
-159
-155
-145
-145
-145
-145
-147
-143
-141
-145
-145
-145
-145
-143
-143
-143
-143
-151
-151
-149
-149
-153
-153
-155
-155
-155
-161
-161
-159
-159
-159
-159
-159
-147
-143
-143
-143
-143
-143
-149
-149
-149
-147
-147
-147
-151
-151
-149
-141
-135
-133
-133
-133
-133
-133
-133
-135
-133
-143
-145
-147
-141
-141
-141
-141
-141
-141
-135
-135
-129
-113
-115
-115
-103
-105
-107
-107
-113
-113
-101
-101
-101
-101
-101
-95
-95
-105
-103
-103
-101
-101
-101
-113
-119
-119
-121
-121
-121
-121
-123
-125
-123
-123
-127
-127
-127
-131
-133
-141
-141
-149
-143
-143
-143
-143
-143
-143
-131
-139
-141
-141
-131
-131
-131
-129
-129
-129
-129
-129
-133
-133
-137
-137
-137
-137
-137
-141
-143
-143
-143
-143
-143
-133
-133
-133
-133
-133
-135
-135
-139
-139
-135
-135
-131
-129
-129
-127
-127
-127
-123
-123
-115
-115
-115
-111
-119
-119
-125
-125
-129
-131
-133
-137
-135
-133
-133
-135
-135
-135
-135
-133
-133
-131
-131
-131
-139
-139
-139
-139
-139
-139
-133
-133
-127
-127
-131
-131
-129
-129
-129
-121
-121
-117
-117
-121
-121
-131
-131
-127
-117
-117
-117
-125
-127
-117
-105
-105
-105
-105
-105
-101
-97
-97
-105
-99
-105
-105
-95
-95
-99
-97
-105
-105
-97
-99
-99
-99
-99
-99
-91
-93
-93
-91
-91
-87
-79
-83
-83
-83
-81
-85
-85
-85
-85
-83
-77
-77
-77
-77
-77
-77
-65
-67
-61
-61
-59
-53
-49
-41
-43
-43
-47
-47
-47
-41
-41
-45
-45
-45
-45
-45
-45
-45
-49
-49
-49
-53
-53
-37
-49
-49
-49
-49
-49
-59
-55
-63
-59
-59
-59
-57
-63
-65
-65
-75
-75
-71
-71
-71
-71
-65
-65
-65
-63
-57
-57
-55
-55
-41
-41
-45
-45
-45
-55
-53
-53
-57
-57
-57
-65
-65
-65
-65
-65
-69
-67
-67
-67
-69
-69
-69
-69
-67
-67
-67
-67
-67
-63
-61
-61
-61
-63
-63
-59
-59
-55
-53
-53
-53
-53
-47
-51
-51
-51
-51
-51
-57
-51
-51
-59
-57
-53
-53
-53
-59
-59
-59
-59
-53
-63
-63
-63
-61
-57
-43
-43
-37
-37
-29
-31
-31
-37
-33
-45
-41
-41
-41
-39
-39
-43
-51
-51
-51
-49
-49
-49
-49
-49
-49
-51
-51
-51
-51
-53
-53
-51
-47
-47
-41
-45
-45
-49
-45
-47
-37
-37
-35
-35
-35
-27
-27
-27
-27
-27
-27
-27
-27
-27
-27
-23
-23
-23
-23
-23
-25
-25
-25
-25
-27
-31
-29
-29
-29
-29
-29
-33
-33
-31
-29
-29
-29
-27
-19
-19
-19
-19
-11
-11
-7
-7
-1
-3
-3
5
3
3
3
3
3
-3
-3
-3
-7
1
1
1
-1
1
-9
-9
-3
-3
-5
-5
-5
-9
-9
-11
-21
-21
-19
-11
-11
-7
-7
-7
-7
-7
-11
-11
-11
-11
-11
-11
-11
-13
-15
-15
-15
-11
-11
-11
-11
-1
-1
-3
-3
-3
1
-3
1
3
3
-1
7
7
21
17
17
17
17
23
17
17
15
7
7
5
11
11
11
13
13
15
15
13
15
13
13
13
13
15
15
15
13
15
19
19
17
17
17
25
31
33
39
41
41
35
35
35
35
35
33
33
23
23
23
21
31
29
29
29
29
33
31
31
39
39
39
39
39
39
39
39
39
33
33
41
41
41
37
35
35
35
35
35
25
25
25
31
37
37
37
33
29
33
37
43
43
45
45
45
49
59
63
65
65
65
65
65
69
71
77
77
79
79
79
79
79
85
89
83
85
81
83
83
83
81
81
75
75
69
69
69
71
73
73
79
75
79
69
69
63
61
61
61
59
59
63
61
65
69
69
69
69
65
69
69
69
69
67
73
75
75
79
75
79
79
79
79
85
87
93
99
91
85
85
85
89
95
91
79
77
77
79
79
63
63
69
69
77
79
79
79
79
85
85
85
85
77
73
73
73
69
69
69
71
75
75
75
69
63
65
65
65
65
65
61
61
61
61
61
57
51
51
51
51
51
51
47
47
47
47
49
49
49
49
49
49
49
49
49
49
49
57
57
57
57
47
47
47
47
47
43
39
39
39
43
43
45
45
45
45
47
49
49
51
49
45
49
61
61
61
61
65
65
57
57
63
63
63
63
67
75
75
75
83
87
85
85
85
81
81
77
87
93
93
89
81
81
81
75
75
73
73
69
69
77
79
77
85
85
85
89
85
85
79
79
79
83
83
89
89
85
89
89
89
91
83
85
85
89
89
89
89
89
89
89
89
89
81
79
89
95
95
95
95
91
97
97
107
101
101
97
97
97
97
85
83
83
71
67
67
71
71
77
77
73
73
73
73
73
75
75
75
77
71
69
69
61
61
59
61
57
57
57
57
63
63
63
67
67
65
53
45
49
51
59
59
59
53
53
55
59
59
47
47
51
55
55
59
59
69
69
67
67
71
69
69
69
65
67
67
61
61
61
61
61
61
61
61
61
61
61
59
61
61
57
57
57
63
63
63
61
61
61
61
61
61
61
61
61
53
51
45
49
49
47
49
41
41
49
49
49
49
49
37
51
55
55
55
55
55
55
55
55
51
53
53
45
39
35
35
35
35
35
31
31
23
23
27
27
27
29
29
27
27
33
33
33
39
41
31
29
19
11
9
9
7
1
1
1
1
7
7
7
7
15
15
19
23
25
17
17
17
17
17
27
25
25
31
27
27
27
27
27
27
27
27
27
27
27
27
27
29
23
23
25
25
25
35
39
33
33
43
43
51
55
51
61
61
61
61
57
57
61
61
61
59
59
51
47
41
39
33
29
33
33
23
17
19
27
27
33
33
29
29
29
25
25
25
25
25
29
37
37
33
33
33
23
15
15
15
15
15
15
15
15
25
21
15
19
29
29
29
29
25
37
49
51
51
55
55
55
57
67
63
63
63
63
63
63
63
63
63
59
59
59
59
59
59
59
59
49
53
53
45
45
45
37
37
39
33
33
29
29
29
29
21
17
19
19
11
3
9
5
5
5
5
5
7
19
23
23
25
25
27
27
27
27
27
27
27
27
27
27
27
27
25
23
23
17
17
17
17
17
17
17
11
11
11
11
15
13
13
9
17
17
17
13
13
5
-1
1
1
9
9
11
11
15
5
5
5
5
15
11
11
5
5
15
15
9
17
13
13
13
19
19
27
31
31
37
37
37
31
31
41
41
41
39
45
49
49
49
49
51
41
39
39
39
31
31
37
45
45
47
49
49
41
45
45
49
49
49
49
43
49
49
47
53
51
51
49
51
43
43
43
43
43
35
33
33
33
27
27
27
27
27
23
19
19
19
17
17
17
17
17
19
25
31
33
33
33
33
33
33
33
43
43
39
35
29
29
37
37
39
39
39
39
39
35
43
43
43
43
43
45
45
45
45
49
43
43
43
43
43
43
43
43
33
27
27
27
27
27
27
39
39
45
43
45
45
45
45
49
43
35
35
35
35
35
35
35
35
41
41
41
41
41
51
49
41
33
33
33
31
33
33
41
35
35
35
35
35
35
35
31
31
31
29
29
29
29
29
35
35
23
23
23
23
23
19
23
23
25
25
29
29
29
23
23
23
23
23
31
41
41
37
41
35
35
35
35
37
37
31
31
31
31
31
31
31
31
37
49
45
45
45
45
45
47
49
49
47
49
49
53
53
47
51
51
51
47
47
53
47
47
47
47
49
47
47
47
47
45
43
51
51
51
51
51
55
51
41
41
45
45
37
41
41
39
41
39
47
47
47
47
47
45
45
45
47
47
47
47
47
47
51
51
49
49
51
51
43
43
43
47
47
47
47
49
49
49
49
49
51
51
51
51
51
61
55
55
61
61
65
65
65
63
63
57
57
53
53
67
71
63
73
77
69
69
69
69
67
79
73
85
89
89
89
89
79
79
79
79
79
79
79
79
79
79
79
91
91
91
91
87
87
83
89
83
83
83
83
83
85
79
79
83
83
83
81
81
79
77
77
83
83
83
83
87
85
85
85
85
91
91
87
87
87
87
87
97
97
107
117
117
117
125
121
121
117
117
117
117
117
117
117
115
115
115
115
105
93
101
99
99
107
111
111
105
105
109
109
109
117
121
121
121
121
121
125
123
121
119
119
121
129
129
129
117
127
137
137
135
135
139
139
137
137
137
141
141
137
137
137
137
137
147
145
145
145
145
145
145
151
151
151
147
147
147
147
141
143
143
147
147
141
139
139
145
147
147
139
139
133
133
137
143
143
143
153
157
157
157
157
157
151
165
165
165
165
163
159
155
155
157
157
157
157
167
167
167
165
165
177
177
177
177
177
177
181
181
191
189
181
181
185
185
185
187
187
181
165
165
165
165
173
177
177
171
171
171
171
171
177
177
177
177
177
177
177
177
175
175
177
177
177
177
167
177
177
183
185
179
181
181
181
181
193
187
191
181
177
177
177
179
177
177
177
177
177
185
191
189
187
187
187
187
181
177
169
167
167
163
167
167
167
167
171
173
169
167
171
169
177
177
179
179
179
179
185
185
185
185
191
193
195
195
195
195
183
179
183
183
183
179
179
179
179
181
189
189
199
203
209
209
205
215
215
215
215
215
215
221
219
219
219
215
215
215
215
215
215
215
215
219
219
219
219
223
223
231
231
227
227
227
225
227
237
237
231
223
223
223
225
225
233
233
233
233
237
237
237
237
239
239
235
235
235
235
235
233
237
235
235
237
235
235
227
233
231
237
237
237
237
237
237
235
243
243
247
247
247
247
255
255
255
251
251
255
255
255
263
263
263
263
251
251
251
251
251
255
249
249
255
257
257
255
255
253
251
253
259
251
251
263
267
267
267
271
271
271
271
273
273
267
267
273
273
273
279
271
269
269
275
281
283
283
295
293
293
291
281
281
281
273
277
271
265
257
247
249
249
245
243
243
239
239
239
239
237
245
247
247
247
247
247
247
251
251
249
249
249
249
245
245
231
231
231
231
231
227
227
221
219
223
219
231
231
231
225
225
225
221
213
223
223
223
227
223
221
231
227
227
229
223
225
227
229
233
225
225
221
225
225
225
235
233
237
239
233
231
239
237
231
231
231
229
235
239
239
241
235
235
237
241
233
233
237
235
235
225
225
225
221
221
229
231
231
231
233
235
227
229
231
227
227
221
223
223
225
225
223
223
219
215
215
215
217
217
217
205
199
199
199
199
199
201
201
201
201
201
201
195
201
199
195
199
197
191
191
191
189
189
183
181
181
181
175
175
175
169
169
177
177
175
175
175
175
179
179
185
177
181
177
181
187
183
183
183
183
189
189
189
189
183
179
181
189
189
189
189
189
185
185
185
189
195
191
191
191
187
185
185
185
185
185
189
189
191
191
185
185
181
181
181
181
181
185
185
185
193
201
201
201
201
201
199
199
205
199
199
199
189
189
191
187
193
191
193
195
191
199
195
195
195
193
193
197
197
197
193
199
199
205
205
199
205
201
205
201
193
193
199
199
187
197
197
187
187
187
187
187
175
183
183
173
173
175
175
179
179
177
179
177
171
171
171
165
163
159
159
159
155
155
155
149
157
157
157
149
143
143
141
137
129
129
129
129
123
125
129
129
129
129
131
137
137
137
149
149
149
151
151
145
145
151
155
143
137
141
151
151
151
151
151
151
159
159
159
157
157
157
159
159
159
159
157
157
157
153
153
153
151
151
151
147
155
155
155
155
161
157
157
161
163
163
163
169
169
169
165
165
165
165
161
161
161
161
161
161
161
161
151
143
145
145
149
149
149
147
151
151
151
145
135
135
135
135
135
133
131
129
129
129
123
131
133
133
137
137
137
137
143
143
143
143
133
133
141
141
141
141
141
141
133
133
133
133
133
135
135
131
131
131
131
139
137
137
131
117
117
111
117
117
117
119
119
127
127
127
127
125
125
125
125
125
125
125
127
125
125
125
125
125
125
125
125
125
125
125
125
125
125
131
131
131
133
131
133
133
139
137
137
137
123
121
121
121
121
121
119
117
127
125
125
125
129
129
131
131
129
131
135
135
135
135
135
135
135
135
135
131
131
135
135
135
135
135
143
143
143
143
143
151
149
139
139
141
141
141
143
143
143
143
155
155
143
143
147
147
147
145
149
149
153
153
157
157
157
157
163
167
167
167
163
161
159
159
151
151
151
151
153
143
145
147
145
135
133
137
137
137
137
127
135
135
143
143
149
149
149
147
149
151
151
151
151
147
147
147
141
141
145
135
133
135
135
131
131
131
131
129
129
129
129
125
125
125
133
137
133
125
125
127
141
145
149
149
147
147
147
147
149
145
145
145
145
145
145
139
139
139
139
139
139
139
145
145
145
145
147
147
147
153
153
153
151
149
151
149
143
143
143
141
141
141
135
125
125
125
125
125
133
127
123
123
131
131
131
139
135
143
153
153
153
147
145
147
147
147
147
155
155
159
159
159
151
151
151
149
145
149
149
149
153
153
153
153
149
145
145
145
149
149
149
159
159
159
155
157
153
159
159
159
159
159
159
167
167
167
167
167
167
165
165
165
165
165
165
165
165
167
167
167
167
167
167
167
169
173
173
167
167
167
167
167
167
167
167
167
167
167
165
169
175
179
179
179
181
181
179
179
175
175
173
183
179
177
179
185
185
185
185
185
185
185
191
193
193
193
193
201
201
201
195
195
195
193
207
207
207
207
207
207
207
211
211
215
201
199
199
199
203
203
203
205
203
203
207
207
207
209
209
207
207
207
215
215
215
213
217
219
221
221
219
219
219
219
219
219
219
217
217
229
223
225
225
225
227
227
223
223
227
227
227
227
227
227
227
233
231
231
229
229
229
229
229
229
227
231
223
223
223
223
223
223
223
223
223
223
219
219
219
219
223
223
221
221
221
227
227
227
227
227
227
227
227
233
233
233
239
239
245
251
251
255
255
247
243
243
243
243
243
251
251
251
251
251
251
257
251
253
253
255
249
249
263
263
263
265
265
265
257
257
257
257
257
257
257
263
261
261
263
263
263
263
263
253
249
249
243
243
243
243
251
261
257
261
261
261
261
261
261
261
261
261
261
255
257
257
257
257
257
257
257
257
255
255
253
253
253
249
251
251
251
251
251
249
249
249
253
259
259
259
259
259
263
265
265
265
265
265
265
265
261
261
267
263
263
263
263
267
267
267
267
269
273
273
273
273
283
277
277
279
279
279
269
273
273
271
271
271
275
275
275
275
275
275
283
283
287
287
287
287
289
291
291
291
287
287
287
287
287
287
287
287
287
281
273
273
275
279
279
279
283
287
283
279
279
289
289
281
281
287
287
283
283
289
285
285
285
291
297
299
299
293
293
285
285
289
291
291
291
291
285
285
287
287
287
285
289
289
289
287
285
281
281
281
283
283
279
279
279
275
265
271
271
271
269
269
265
265
263
263
257
257
257
255
249
259
259
253
253
253
253
253
251
251
251
251
251
247
247
241
235
235
235
235
225
225
217
217
205
205
205
203
199
193
189
195
195
195
195
183
183
183
189
191
191
191
191
203
207
209
209
205
205
205
205
205
205
197
203
203
203
203
203
203
205
215
215
215
215
215
219
213
209
211
201
201
209
209
213
213
213
213
211
213
207
215
215
215
219
231
231
231
227
227
227
227
227
229
229
229
229
229
235
235
237
237
239
229
229
231
233
233
233
233
239
243
243
243
241
229
229
229
227
227
229
229
227
227
227
227
227
227
227
227
229
229
239
245
237
237
225
217
217
217
217
215
215
215
223
223
223
223
231
235
233
229
229
229
223
223
227
227
227
233
233
233
233
233
233
235
235
235
235
229
225
219
221
221
221
219
219
219
221
221
221
227
235
243
253
255
255
243
245
247
247
247
247
241
241
241
241
237
243
245
251
251
251
251
255
259
259
259
253
253
253
243
243
245
245
245
245
245
245
243
243
243
243
243
243
243
243
243
243
243
243
247
243
245
245
253
251
251
253
251
247
247
247
237
237
237
237
233
239
239
243
241
233
231
235
235
231
219
219
221
221
221
221
221
221
221
225
227
227
227
227
227
227
227
217
231
221
227
231
231
229
229
221
221
221
217
217
217
223
229
233
233
235
235
235
231
231
231
235
235
235
235
227
227
227
227
227
219
219
211
203
203
201
193
193
197
197
197
197
199
197
199
199
197
199
199
199
197
193
193
205
205
205
217
219
211
215
215
215
215
215
215
215
215
215
221
221
221
221
219
219
219
219
219
215
207
207
207
205
205
205
197
197
197
195
195
193
201
201
201
201
201
201
205
205
205
205
205
201
201
201
193
193
193
193
193
195
195
195
199
199
199
193
197
203
203
203
203
203
203
203
207
207
207
197
199
207
207
205
205
207
207
207
203
203
203
203
207
203
207
207
207
205
205
205
197
205
205
199
195
195
199
203
205
205
205
191
191
191
191
193
193
193
193
189
197
197
197
199
191
189
189
189
189
193
193
191
191
185
185
185
183
177
177
175
169
169
165
165
169
169
167
175
175
175
175
175
175
175
177
181
179
179
183
181
181
181
181
187
187
187
191
191
183
183
183
183
189
193
193
193
183
183
191
189
189
183
183
195
195
195
197
193
193
193
187
181
181
181
181
185
185
191
195
195
199
183
183
175
175
175
181
181
181
181
181
181
181
181
185
183
183
181
181
175
169
169
169
169
171
171
165
165
165
165
165
163
163
155
155
155
149
149
149
149
149
149
149
153
153
153
153
147
147
147
147
147
143
143
143
143
143
147
155
147
147
149
151
151
157
157
161
161
161
161
165
165
163
161
159
159
161
159
159
159
157
157
157
157
157
163
163
157
157
157
155
155
155
155
151
151
155
151
151
157
157
165
161
161
167
169
169
165
167
167
167
163
163
159
153
153
159
153
153
153
153
153
153
155
155
155
155
155
165
161
161
161
165
165
165
165
161
161
161
161
161
163
163
167
177
183
187
187
187
179
183
183
183
183
183
179
181
181
183
183
181
183
183
183
183
189
185
185
173
173
173
175
175
175
177
187
193
203
203
203
199
193
201
199
199
203
207
213
207
199
199
203
203
203
203
207
207
207
203
205
205
199
199
203
203
213
215
215
215
219
207
209
209
209
209
209
209
215
215
207
207
207
207
207
209
205
197
197
197
191
207
207
207
209
209
205
205
205
205
205
205
205
201
213
211
211
211
211
211
211
211
217
217
217
217
217
211
211
213
203
203
205
207
203
203
203
203
203
203
205
205
199
199
193
183
183
173
161
161
161
157
157
157
153
153
153
153
155
155
155
155
155
159
169
175
165
157
157
157
157
165
163
167
167
163
171
171
171
175
175
181
181
189
181
181
179
179
187
189
189
189
185
185
185
191
187
185
185
185
185
175
177
175
175
175
181
177
187
187
187
199
193
193
193
195
201
201
201
207
207
207
209
209
209
209
215
221
221
213
213
213
213
209
209
209
209
209
209
211
211
211
219
215
217
217
211
211
211
215
215
217
217
217
221
221
221
221
221
221
219
219
217
223
223
223
221
221
221
215
219
223
223
221
221
221
221
221
217
225
223
223
223
219
221
221
221
209
209
209
209
215
219
217
213
221
221
221
209
209
209
209
209
199
201
201
197
199
199
195
195
197
203
197
195
187
187
185
185
185
185
183
183
183
183
179
185
185
183
183
185
185
185
175
171
171
171
169
177
177
177
181
181
183
187
181
181
183
183
189
189
189
189
189
189
189
181
181
175
179
177
177
173
173
173
179
175
177
177
185
183
183
183
185
175
183
183
183
183
185
185
185
185
173
179
179
179
183
189
183
183
183
189
183
183
183
183
177
177
183
183
195
195
199
199
199
199
199
199
201
205
203
203
203
203
201
201
193
193
193
193
195
195
195
191
187
187
187
173
173
173
173
175
179
179
179
179
179
177
177
177
177
177
177
175
179
177
177
177
187
187
187
193
197
197
197
199
199
199
193
193
195
195
195
195
195
195
197
189
189
185
185
185
185
177
177
177
177
177
179
179
179
177
177
177
177
177
175
175
175
179
171
171
163
163
163
159
159
161
163
159
159
159
167
167
167
169
171
169
165
157
157
153
151
151
151
151
143
143
143
143
143
143
145
151
141
137
137
135
135
135
129
129
129
129
129
129
135
135
135
145
145
145
145
153
151
151
147
145
147
143
147
147
147
147
147
143
145
145
147
147
149
149
149
149
149
145
143
143
139
139
139
143
143
137
141
141
141
141
137
137
145
143
145
153
155
155
155
155
155
155
155
163
163
163
165
169
163
161
161
161
161
165
157
157
153
153
159
159
159
163
175
175
181
181
181
181
181
181
185
185
185
185
185
187
187
187
187
185
183
183
191
191
203
205
205
205
207
203
211
211
211
209
209
209
211
211
211
219
227
227
223
217
219
219
225
225
225
225
225
225
225
223
213
213
213
213
213
213
213
229
229
235
235
235
233
235
235
229
229
229
229
229
229
229
229
233
233
233
233
221
221
231
235
237
237
237
239
233
233
233
225
223
229
217
217
217
223
217
217
219
219
215
215
207
207
207
207
207
207
215
215
215
215
215
215
215
215
207
209
209
209
205
205
205
205
197
197
197
197
197
207
215
215
213
213
213
203
201
197
197
197
197
197
201
201
201
205
209
215
215
215
215
215
215
217
217
217
219
217
227
227
225
225
223
223
221
215
215
215
215
217
217
217
217
217
213
213
215
215
215
209
209
205
221
217
219
225
225
225
239
239
239
239
243
247
247
253
261
261
261
261
257
263
261
273
273
271
273
271
271
275
275
283
283
283
283
285
285
285
277
269
271
277
281
269
269
275
281
281
283
285
285
285
285
287
287
287
289
287
287
287
287
287
289
289
289
289
281
283
283
283
287
287
287
287
287
287
295
299
299
295
293
291
291
291
281
287
291
291
291
301
301
297
297
299
299
303
295
295
305
307
303
303
303
303
301
295
295
295
297
299
299
299
293
295
295
295
295
295
297
297
297
305
303
303
303
303
303
297
297
293
293
293
293
301
299
299
299
299
299
299
299
299
297
291
291
291
291
291
291
289
279
279
279
285
293
289
289
289
289
289
285
275
275
277
279
279
279
281
275
275
271
277
277
275
275
275
275
265
271
271
271
271
277
277
277
277
277
277
277
269
269
267
267
267
267
267
267
269
269
275
269
271
271
271
267
261
261
267
255
253
253
253
253
247
247
247
255
251
251
251
251
251
251
255
265
261
261
265
265
269
269
269
269
271
277
277
277
277
277
277
277
279
279
279
281
273
273
275
271
265
267
267
271
273
269
281
281
293
293
293
301
305
305
313
313
311
311
305
315
317
315
315
309
303
303
309
309
315
313
313
313
313
313
313
317
313
313
313
313
313
313
309
311
317
317
317
313
313
313
313
313
313
313
313
323
319
325
339
339
333
333
331
331
331
331
331
331
327
331
331
329
329
329
329
329
331
331
331
337
337
331
333
333
333
333
323
321
323
323
323
327
327
327
331
331
331
335
335
335
335
335
331
331
331
335
341
341
341
341
331
327
327
327
323
321
321
321
327
333
333
325
325
325
329
321
317
317
317
305
305
303
303
303
299
299
291
285
279
279
279
285
293
293
293
293
287
289
281
275
275
275
271
271
271
271
273
273
271
271
271
275
275
275
277
275
275
279
279
263
263
263
263
263
263
263
263
265
265
263
271
269
269
275
281
287
289
289
295
295
293
293
297
289
289
293
295
295
295
295
297
295
301
301
301
311
311
311
303
303
303
303
303
301
299
299
303
295
295
291
291
291
291
291
295
297
297
297
297
297
297
297
297
297
297
297
305
305
297
291
287
295
291
283
297
297
295
295
297
297
299
299
299
295
289
289
289
289
281
281
281
281
281
281
281
281
295
295
299
299
299
295
295
295
295
287
291
291
291
287
287
281
281
281
283
285
285
285
293
287
287
285
283
283
283
283
283
283
283
281
281
271
271
271
271
271
265
265
267
267
273
273
273
277
277
275
275
275
279
279
279
277
279
279
279
291
287
287
277
277
277
277
277
277
277
277
277
277
277
277
277
277
277
273
265
265
265
265
265
265
255
255
265
271
271
269
269
269
261
255
255
253
253
253
253
253
261
253
253
253
253
247
247
247
243
243
249
255
255
255
255
255
251
251
245
245
245
249
247
247
239
245
243
241
241
241
241
241
245
243
239
239
233
233
233
229
233
233
229
229
231
231
231
223
223
223
223
223
227
229
233
241
241
237
225
227
227
227
227
221
217
217
223
217
211
211
211
211
213
205
207
213
213
209
209
209
215
215
215
215
217
217
215
203
203
193
195
195
195
195
195
195
195
187
187
189
197
203
203
203
203
191
191
201
201
201
201
201
207
207
207
207
207
207
213
213
213
219
219
219
213
217
217
211
207
205
209
205
205
205
205
209
219
211
211
205
205
209
209
211
203
203
203
195
195
195
193
193
193
189
187
191
191
181
181
181
181
185
185
181
193
193
187
187
185
181
181
181
181
179
179
171
171
171
171
163
173
173
173
173
173
173
173
171
171
175
175
175
173
173
183
185
185
185
185
181
181
181
181
181
175
175
163
173
171
171
177
181
181
181
171
163
153
159
159
159
155
155
171
163
163
165
161
161
161
165
165
163
161
161
161
173
173
179
185
189
189
189
189
189
189
191
191
185
187
191
191
181
183
183
183
181
181
179
177
177
177
177
181
181
181
185
187
193
193
193
193
189
189
195
195
195
201
207
207
207
207
207
207
205
205
207
207
207
201
201
207
203
207
219
225
225
229
229
229
229
229
233
233
233
231
231
231
231
231
225
225
225
219
219
213
213
217
217
217
211
213
203
203
201
201
201
207
203
203
203
203
203
203
203
203
203
193
193
203
211
211
211
211
211
211
209
211
209
209
209
209
209
215
215
215
213
211
211
215
213
211
213
221
227
227
227
225
223
223
223
223
225
231
231
233
233
233
229
227
231
231
231
229
229
231
231
237
237
233
233
231
231
225
225
225
225
227
221
221
221
221
221
219
219
219
223
223
223
221
221
217
217
217
217
211
211
205
201
201
201
201
203
203
203
203
201
201
201
199
199
199
199
213
217
211
211
211
207
213
219
225
225
225
225
211
211
211
211
221
219
219
221
221
225
225
225
225
225
219
219
217
217
215
215
219
219
217
213
213
215
215
215
205
205
205
197
197
197
197
195
195
199
199
205
205
201
191
191
191
197
195
207
207
207
207
207
207
199
199
199
199
199
199
199
199
195
195
191
201
201
201
203
197
195
195
195
195
197
197
197
201
201
211
211
211
211
209
209
215
215
215
219
211
215
223
225
225
225
225
225
219
225
227
233
233
233
237
239
235
235
235
235
235
239
239
239
227
227
227
227
227
227
227
227
221
219
219
219
229
227
227
227
223
223
229
227
227
235
235
239
241
241
239
243
243
239
235
235
241
231
235
235
231
235
235
235
235
245
245
247
237
233
233
233
233
225
217
221
227
237
237
237
229
229
229
229
225
225
225
225
225
225
225
227
227
227
227
227
219
209
215
215
215
217
213
211
215
215
221
219
225
225
225
233
233
225
215
207
207
211
207
207
207
207
209
209
211
219
219
219
219
221
221
221
221
221
221
223
225
223
217
223
223
223
223
223
229
221
221
217
215
215
217
225
225
225
217
209
211
207
219
229
229
221
221
221
215
211
211
211
213
225
229
231
233
235
229
229
229
235
235
237
237
233
231
231
231
235
235
237
237
243
243
243
243
245
245
245
245
245
245
245
245
245
243
245
245
245
243
255
265
267
267
279
279
269
271
275
283
283
283
283
285
285
283
283
291
289
289
289
293
293
293
285
281
281
281
271
273
283
285
285
285
285
285
289
289
285
279
279
279
279
281
281
281
281
281
291
291
283
285
285
285
285
285
285
283
283
293
291
287
285
285
285
285
295
291
293
295
295
295
287
287
299
299
303
303
303
303
305
305
305
305
305
305
305
305
305
305
305
319
323
323
323
323
323
315
319
315
315
319
319
319
319
319
319
319
325
325
327
327
327
327
327
323
323
323
329
329
323
331
331
331
331
325
325
329
329
329
331
331
331
331
337
325
325
335
333
333
333
339
339
339
349
349
353
361
361
367
367
367
367
367
359
355
355
343
349
341
341
341
339
339
339
339
339
341
341
341
341
339
335
335
341
345
345
345
337
341
329
329
323
323
323
323
327
329
329
329
321
329
329
329
325
323
323
325
325
331
329
329
331
331
331
327
327
325
325
325
325
325
327
327
339
337
347
347
347
347
345
345
345
345
343
341
331
339
339
339
339
339
339
339
339
339
339
331
331
331
339
339
339
343
343
337
337
329
331
327
327
333
333
333
333
343
343
343
347
343
343
343
353
353
355
359
359
359
363
363
363
363
363
375
375
375
377
385
385
383
385
385
385
385
385
389
395
395
405
403
403
411
403
403
405
405
405
415
415
421
417
411
415
415
415
415
415
411
411
417
417
417
417
421
413
413
413
417
423
423
423
423
423
423
429
441
441
441
441
441
433
437
437
431
431
431
431
421
421
427
431
445
445
445
441
445
445
445
445
445
441
441
441
441
441
447
447
447
439
437
437
437
437
437
437
441
441
441
441
441
441
445
437
435
435
435
427
427
427
427
427
427
423
421
427
427
427
427
427
427
427
427
421
421
421
421
421
421
421
423
423
425
425
425
425
425
425
425
423
417
417
405
403
401
401
409
411
409
415
415
415
415
419
419
419
425
425
429
423
423
423
423
423
423
423
425
417
419
419
419
413
411
413
413
413
413
421
417
427
427
427
429
429
429
429
417
417
417
421
415
405
405
409
409
403
403
401
401
401
391
391
389
389
389
397
397
397
399
397
397
395
393
385
383
377
377
371
371
371
371
371
371
371
371
373
373
373
373
373
375
