-10474
-10474
-10460
-10452
-10450
-10444
-10432
-10430
-10430
-10430
-10434
-10434
-10434
-10424
-10418
-10418
-10418
-10412
-10404
-10400
-10388
-10378
-10378
-10378
-10366
-10364
-10344
-10338
-10326
-10318
-10314
-10314
-10302
-10284
-10278
-10272
-10264
-10264
-10264
-10264
-10254
-10246
-10242
-10242
-10232
-10232
-10224
-10218
-10218
-10218
-10210
-10210
-10210
-10208
-10204
-10204
-10192
-10184
-10172
-10172
-10172
-10162
-10152
-10152
-10148
-10140
-10140
-10130
-10120
-10114
-10112
-10102
-10094
-10084
-10084
-10082
-10074
-10070
-10070
-10070
-10068
-10068
-10066
-10066
-10066
-10058
-10052
-10046
-10034
-10034
-10026
-10014
-10002
-9994
-9984
-9970
-9970
-9964
-9956
-9956
-9948
-9940
-9932
-9932
-9932
-9942
-9932
-9930
-9916
-9908
-9908
-9902
-9900
-9888
-9884
-9882
-9874
-9874
-9864
-9856
-9846
-9832
-9828
-9820
-9812
-9812
-9812
-9804
-9796
-9790
-9786
-9774
-9766
-9756
-9752
-9752
-9746
-9742
-9736
-9722
-9714
-9704
-9700
-9696
-9692
-9682
-9674
-9674
-9666
-9654
-9654
-9642
-9630
-9622
-9614
-9614
-9612
-9610
-9606
-9606
-9612
-9614
-9608
-9600
-9594
-9586
-9570
-9562
-9548
-9548
-9542
-9530
-9518
-9518
-9514
-9510
-9498
-9488
-9488
-9482
-9470
-9464
-9464
-9462
-9464
-9464
-9454
-9448
-9434
-9430
-9420
-9406
-9406
-9400
-9400
-9388
-9376
-9364
-9364
-9364
-9352
-9350
-9346
-9344
-9338
-9338
-9330
-9330
-9322
-9322
-9318
-9308
-9300
-9296
-9290
-9280
-9282
-9272
-9262
-9256
-9248
-9236
-9238
-9238
-9232
-9228
-9222
-9220
-9226
-9222
-9222
-9220
-9218
-9214
-9206
-9190
-9186
-9186
-9190
-9174
-9172
-9164
-9152
-9148
-9138
-9132
-9124
-9120
-9120
-9118
-9114
-9104
-9104
-9094
-9092
-9078
-9068
-9058
-9054
-9060
-9048
-9048
-9038
-9030
-9030
-9020
-9012
-9006
-8998
-8986
-8986
-8978
-8974
-8966
-8966
-8958
-8952
-8952
-8952
-8950
-8950
-8944
-8944
-8948
-8948
-8936
-8934
-8934
-8934
-8928
-8916
-8904
-8894
-8888
-8888
-8886
-8872
-8870
-8872
-8872
-8872
-8866
-8866
-8864
-8864
-8860
-8858
-8856
-8856
-8850
-8844
-8836
-8832
-8830
-8830
-8830
-8820
-8816
-8802
-8802
-8792
-8792
-8792
-8782
-8782
-8776
-8776
-8776
-8772
-8772
-8756
-8756
-8756
-8746
-8738
-8738
-8732
-8724
-8718
-8714
-8714
-8712
-8712
-8704
-8698
-8696
-8688
-8688
-8674
-8674
-8674
-8666
-8656
-8652
-8644
-8630
-8614
-8614
-8612
-8612
-8608
-8608
-8598
-8590
-8580
-8576
-8574
-8562
-8550
-8552
-8552
-8546
-8536
-8536
-8536
-8536
-8520
-8512
-8502
-8492
-8496
-8496
-8482
-8480
-8482
-8482
-8476
-8476
-8470
-8462
-8456
-8452
-8446
-8444
-8440
-8438
-8436
-8428
-8428
-8420
-8412
-8408
-8404
-8400
-8388
-8388
-8388
-8386
-8374
-8374
-8374
-8362
-8348
-8336
-8336
-8332
-8322
-8326
-8322
-8308
-8308
-8308
-8308
-8302
-8292
-8292
-8294
-8282
-8274
-8272
-8272
-8272
-8264
-8260
-8260
-8244
-8244
-8244
-8238
-8240
-8234
-8234
-8226
-8210
-8204
-8196
-8196
-8186
-8188
-8188
-8184
-8180
-8166
-8166
-8170
-8162
-8164
-8150
-8146
-8140
-8140
-8142
-8134
-8126
-8126
-8126
-8126
-8118
-8118
-8112
-8112
-8112
-8108
-8108
-8112
-8114
-8114
-8114
-8110
-8098
-8092
-8092
-8080
-8078
-8072
-8064
-8060
-8060
-8060
-8056
-8054
-8050
-8040
-8034
-8034
-8034
-8026
-8014
-8004
-8000
-8000
-7994
-7988
-7980
-7980
-7970
-7960
-7952
-7946
-7946
-7938
-7938
-7936
-7924
-7922
-7922
-7910
-7910
-7908
-7898
-7894
-7884
-7884
-7884
-7880
-7882
-7874
-7876
-7876
-7876
-7868
-7862
-7858
-7842
-7836
-7840
-7840
-7840
-7836
-7830
-7818
-7818
-7820
-7816
-7808
-7808
-7808
-7804
-7792
-7790
-7786
-7786
-7792
-7796
-7790
-7786
-7786
-7786
-7774
-7762
-7762
-7746
-7738
-7734
-7726
-7718
-7716
-7708
-7708
-7708
-7698
-7714
-7710
-7708
-7702
-7702
-7702
-7690
-7690
-7676
-7676
-7664
-7664
-7664
-7664
-7672
-7672
-7670
-7660
-7660
-7658
-7662
-7656
-7656
-7642
-7634
-7632
-7630
-7630
-7630
-7634
-7634
-7626
-7626
-7618
-7610
-7602
-7602
-7590
-7578
-7570
-7570
-7560
-7560
-7554
-7554
-7560
-7558
-7558
-7552
-7538
-7532
-7526
-7526
-7520
-7512
-7516
-7514
-7508
-7504
-7496
-7482
-7482
-7478
-7478
-7468
-7468
-7462
-7456
-7442
-7450
-7448
-7438
-7432
-7420
-7410
-7406
-7402
-7402
-7394
-7394
-7388
-7388
-7388
-7392
-7388
-7390
-7390
-7390
-7374
-7364
-7356
-7356
-7346
-7346
-7336
-7328
-7320
-7316
-7316
-7304
-7300
-7296
-7288
-7292
-7292
-7280
-7272
-7274
-7264
-7264
-7260
-7260
-7252
-7252
-7254
-7248
-7248
-7244
-7232
-7232
-7222
-7214
-7212
-7212
-7202
-7204
-7204
-7202
-7194
-7194
-7184
-7176
-7176
-7176
-7168
-7168
-7168
-7160
-7158
-7152
-7152
-7152
-7148
-7140
-7140
-7132
-7126
-7118
-7112
-7100
-7092
-7088
-7088
-7094
-7100
-7106
-7106
-7092
-7098
-7094
-7084
-7084
-7092
-7088
-7080
-7068
-7058
-7058
-7058
-7058
-7056
-7060
-7052
-7046
-7046
-7044
-7044
-7036
-7026
-7026
-7026
-7018
-7006
-6996
-6996
-6996
-6980
-6980
-6968
-6970
-6952
-6952
-6952
-6950
-6938
-6928
-6916
-6920
-6916
-6906
-6902
-6894
-6892
-6894
-6894
-6894
-6886
-6886
-6884
-6884
-6884
-6876
-6878
-6864
-6864
-6864
-6864
-6868
-6860
-6860
-6850
-6842
-6842
-6830
-6826
-6824
-6812
-6808
-6804
-6804
-6804
-6806
-6806
-6798
-6792
-6786
-6786
-6786
-6786
-6782
-6778
-6782
-6782
-6778
-6770
-6766
-6766
-6762
-6760
-6748
-6746
-6746
-6736
-6730
-6726
-6718
-6710
-6710
-6698
-6692
-6688
-6688
-6680
-6680
-6680
-6678
-6678
-6672
-6662
-6660
-6656
-6656
-6656
-6664
-6670
-6670
-6670
-6670
-6670
-6656
-6652
-6652
-6652
-6652
-6648
-6648
-6640
-6640
-6634
-6634
-6626
-6622
-6622
-6616
-6612
-6612
-6614
-6616
-6614
-6604
-6606
-6598
-6600
-6588
-6578
-6568
-6562
-6560
-6560
-6560
-6548
-6548
-6550
-6554
-6544
-6538
-6534
-6530
-6522
-6524
-6526
-6526
-6516
-6508
-6508
-6508
-6508
-6500
-6498
-6486
-6480
-6480
-6480
-6480
-6480
-6480
-6474
-6474
-6458
-6456
-6454
-6450
-6450
-6446
-6442
-6450
-6450
-6444
-6444
-6438
-6428
-6428
-6432
-6428
-6422
-6422
-6422
-6422
-6426
-6426
-6420
-6420
-6420
-6404
-6402
-6394
-6394
-6392
-6400
-6402
-6404
-6404
-6404
-6402
-6398
-6392
-6390
-6378
-6368
-6366
-6366
-6358
-6358
-6358
-6352
-6342
-6338
-6330
-6328
-6320
-6310
-6308
-6310
-6310
-6306
-6306
-6306
-6306
-6290
-6290
-6290
-6292
-6288
-6284
-6284
-6284
-6284
-6284
-6284
-6284
-6296
-6290
-6278
-6274
-6274
-6272
-6274
-6274
-6270
-6274
-6270
-6266
-6260
-6260
-6246
-6242
-6242
-6240
-6240
-6234
-6220
-6210
-6210
-6210
-6198
-6192
-6192
-6188
-6184
-6172
-6178
-6176
-6172
-6172
-6172
-6172
-6170
-6174
-6164
-6160
-6152
-6142
-6136
-6130
-6122
-6122
-6116
-6112
-6108
-6102
-6102
-6102
-6102
-6110
-6112
-6108
-6098
-6088
-6086
-6086
-6086
-6086
-6086
-6074
-6066
-6056
-6056
-6044
-6034
-6034
-6030
-6024
-6022
-6028
-6024
-6016
-6006
-6006
-6000
-6000
-6000
-5988
-5988
-5982
-5986
-5984
-5994
-5988
-5980
-5974
-5974
-5964
-5962
-5962
-5962
-5958
-5948
-5952
-5946
-5940
-5932
-5932
-5932
-5928
-5920
-5920
-5918
-5918
-5912
-5914
-5912
-5912
-5916
-5916
-5916
-5902
-5900
-5894
-5886
-5880
-5874
-5874
-5868
-5868
-5864
-5864
-5854
-5854
-5850
-5846
-5850
-5840
-5840
-5834
-5830
-5828
-5826
-5826
-5830
-5830
-5826
-5826
-5826
-5820
-5820
-5820
-5822
-5822
-5822
-5822
-5822
-5824
-5808
-5800
-5800
-5798
-5796
-5790
-5786
-5784
-5772
-5768
-5768
-5760
-5750
-5746
-5740
-5728
-5720
-5712
-5702
-5698
-5698
-5690
-5688
-5688
-5688
-5688
-5674
-5662
-5660
-5674
-5672
-5672
-5672
-5672
-5672
-5660
-5660
-5660
-5646
-5644
-5642
-5642
-5638
-5632
-5632
-5632
-5634
-5634
-5634
-5634
-5632
-5626
-5626
-5626
-5632
-5640
-5640
-5640
-5632
-5624
-5622
-5620
-5616
-5614
-5604
-5604
-5606
-5606
-5596
-5588
-5594
-5598
-5590
-5590
-5590
-5584
-5580
-5568
-5568
-5560
-5558
-5558
-5558
-5564
-5574
-5564
-5564
-5564
-5562
-5548
-5544
-5540
-5540
-5528
-5528
-5528
-5530
-5524
-5512
-5512
-5502
-5502
-5502
-5504
-5504
-5494
-5494
-5492
-5490
-5488
-5482
-5470
-5458
-5454
-5456
-5456
-5456
-5464
-5458
-5454
-5454
-5450
-5450
-5448
-5434
-5434
-5432
-5430
-5422
-5422
-5414
-5414
-5414
-5410
-5396
-5386
-5386
-5380
-5376
-5374
-5372
-5368
-5366
-5366
-5366
-5356
-5346
-5338
-5342
-5332
-5320
-5320
-5320
-5320
-5316
-5316
-5310
-5304
-5296
-5298
-5298
-5298
-5292
-5292
-5292
-5286
-5282
-5268
-5268
-5268
-5268
-5268
-5266
-5260
-5244
-5238
-5234
-5230
-5230
-5224
-5224
-5222
-5218
-5216
-5214
-5214
-5206
-5208
-5206
-5202
-5190
-5194
-5194
-5188
-5180
-5180
-5172
-5166
-5166
-5166
-5166
-5156
-5150
-5150
-5148
-5148
-5142
-5142
-5132
-5126
-5122
-5118
-5106
-5100
-5100
-5102
-5094
-5090
-5080
-5068
-5068
-5054
-5054
-5056
-5056
-5052
-5040
-5032
-5024
-5016
-5010
-5010
-5002
-4992
-4986
-4982
-4980
-4968
-4970
-4962
-4966
-4964
-4964
-4974
-4974
-4982
-4972
-4972
-4968
-4966
-4950
-4942
-4942
-4938
-4930
-4922
-4914
-4914
-4910
-4908
-4904
-4904
-4896
-4888
-4888
-4880
-4880
-4884
-4872
-4874
-4868
-4862
-4862
-4862
-4860
-4846
-4844
-4846
-4846
-4842
-4844
-4844
-4844
-4840
-4830
-4824
-4816
-4810
-4810
-4808
-4802
-4794
-4790
-4794
-4794
-4794
-4788
-4784
-4772
-4772
-4768
-4762
-4764
-4764
-4764
-4752
-4750
-4740
-4740
-4730
-4736
-4736
-4728
-4728
-4722
-4720
-4716
-4716
-4710
-4718
-4714
-4716
-4718
-4706
-4706
-4704
-4704
-4696
-4696
-4704
-4708
-4696
-4696
-4688
-4684
-4678
-4678
-4676
-4662
-4664
-4664
-4672
-4672
-4664
-4654
-4654
-4644
-4644
-4644
-4644
-4644
-4644
-4630
-4620
-4622
-4622
-4616
-4616
-4616
-4608
-4600
-4600
-4594
-4588
-4578
-4578
-4580
-4590
-4580
-4570
-4556
-4556
-4556
-4556
-4556
-4556
-4552
-4546
-4540
-4534
-4534
-4534
-4526
-4518
-4524
-4524
-4516
-4508
-4508
-4508
-4508
-4508
-4502
-4494
-4486
-4478
-4484
-4476
-4476
-4464
-4464
-4458
-4450
-4444
-4442
-4438
-4440
-4444
-4442
-4446
-4444
-4444
-4432
-4432
-4432
-4428
-4428
-4428
-4428
-4424
-4420
-4410
-4412
-4412
-4418
-4412
-4412
-4416
-4412
-4412
-4412
-4402
-4408
-4398
-4394
-4386
-4388
-4390
-4382
-4380
-4376
-4372
-4376
-4374
-4370
-4368
-4364
-4364
-4352
-4346
-4346
-4334
-4334
-4326
-4330
-4326
-4318
-4310
-4310
-4306
-4306
-4310
-4306
-4306
-4302
-4294
-4290
-4284
-4278
-4278
-4278
-4274
-4258
-4256
-4266
-4270
-4270
-4266
-4258
-4248
-4244
-4258
-4258
-4254
-4246
-4242
-4232
-4232
-4228
-4218
-4218
-4224
-4228
-4224
-4224
-4224
-4226
-4232
-4230
-4234
-4246
-4244
-4240
-4240
-4242
-4228
-4224
-4220
-4212
-4210
-4208
-4208
-4206
-4212
-4200
-4200
-4200
-4192
-4192
-4194
-4194
-4200
-4196
-4196
-4196
-4196
-4194
-4196
-4200
-4192
-4184
-4184
-4188
-4188
-4188
-4184
-4182
-4180
-4182
-4172
-4172
-4168
-4162
-4162
-4160
-4156
-4156
-4156
-4146
-4148
-4148
-4148
-4142
-4134
-4136
-4132
-4136
-4124
-4120
-4120
-4108
-4106
-4106
-4094
-4094
-4094
-4094
-4094
-4090
-4090
-4096
-4100
-4094
-4086
-4084
-4084
-4082
-4082
-4082
-4082
-4082
-4078
-4080
-4072
-4066
-4070
-4070
-4064
-4060
-4060
-4048
-4048
-4056
-4050
-4056
-4052
-4052
-4042
-4042
-4042
-4042
-4032
-4022
-4022
-4016
-4018
-4018
-4012
-4008
-4008
-4008
-3998
-3996
-3988
-3984
-3982
-3980
-3974
-3970
-3964
-3962
-3960
-3964
-3956
-3950
-3948
-3948
-3936
-3930
-3924
-3922
-3912
-3912
-3912
-3896
-3892
-3890
-3888
-3878
-3878
-3874
-3874
-3872
-3860
-3860
-3864
-3858
-3858
-3852
-3842
-3830
-3824
-3824
-3818
-3818
-3828
-3814
-3814
-3804
-3804
-3790
-3786
-3786
-3786
-3782
-3776
-3776
-3776
-3776
-3776
-3780
-3780
-3772
-3776
-3768
-3768
-3776
-3776
-3778
-3774
-3764
-3764
-3760
-3760
-3762
-3764
-3758
-3748
-3746
-3746
-3744
-3734
-3734
-3734
-3732
-3734
-3734
-3732
-3720
-3720
-3724
-3716
-3708
-3704
-3704
-3702
-3692
-3682
-3682
-3672
-3664
-3666
-3664
-3664
-3656
-3656
-3648
-3644
-3640
-3648
-3642
-3642
-3642
-3640
-3634
-3638
-3638
-3628
-3628
-3620
-3626
-3626
-3614
-3614
-3612
-3610
-3598
-3596
-3588
-3588
-3586
-3586
-3582
-3576
-3576
-3578
-3578
-3570
-3574
-3574
-3566
-3562
-3556
-3554
-3556
-3552
-3542
-3538
-3538
-3536
-3530
-3532
-3520
-3524
-3524
-3524
-3522
-3516
-3516
-3516
-3516
-3520
-3520
-3522
-3522
-3520
-3516
-3508
-3514
-3510
-3516
-3516
-3516
-3516
-3516
-3516
-3522
-3526
-3526
-3526
-3526
-3526
-3524
-3520
-3510
-3510
-3506
-3506
-3502
-3500
-3500
-3504
-3500
-3502
-3492
-3488
-3480
-3480
-3474
-3470
-3474
-3474
-3468
-3462
-3452
-3444
-3444
-3438
-3434
-3436
-3430
-3420
-3420
-3420
-3420
-3412
-3410
-3406
-3398
-3398
-3394
-3402
-3404
-3400
-3398
-3398
-3394
-3394
-3382
-3380
-3372
-3366
-3366
-3366
-3360
-3354
-3354
-3356
-3352
-3352
-3354
-3358
-3358
-3348
-3348
-3348
-3342
-3342
-3330
-3330
-3326
-3326
-3330
-3316
-3302
-3300
-3300
-3292
-3294
-3288
-3288
-3276
-3278
-3268
-3258
-3258
-3256
-3254
-3248
-3248
-3238
-3238
-3234
-3236
-3234
-3232
-3232
-3230
-3236
-3232
-3232
-3236
-3238
-3232
-3232
-3224
-3224
-3214
-3208
-3214
-3204
-3204
-3200
-3204
-3198
-3194
-3194
-3194
-3194
-3188
-3186
-3186
-3188
-3188
-3190
-3182
-3186
-3188
-3188
-3184
-3184
-3190
-3194
-3196
-3198
-3190
-3194
-3188
-3176
-3182
-3182
-3176
-3168
-3162
-3154
-3144
-3156
-3156
-3164
-3164
-3162
-3162
-3162
-3162
-3162
-3162
-3164
-3160
-3160
-3156
-3156
-3158
-3150
-3150
-3150
-3148
-3148
-3148
-3142
-3130
-3124
-3122
-3122
-3124
-3126
-3116
-3112
-3112
-3118
-3118
-3112
-3102
-3096
-3096
-3100
-3106
-3102
-3100
-3108
-3110
-3110
-3108
-3102
-3096
-3096
-3096
-3090
-3090
-3092
-3098
-3096
-3100
-3100
-3104
-3102
-3100
-3090
-3082
-3082
-3082
-3076
-3072
-3072
-3068
-3064
-3054
-3052
-3052
-3048
-3044
-3044
-3040
-3030
-3036
-3038
-3038
-3038
-3038
-3032
-3034
-3048
-3048
-3038
-3038
-3038
-3038
-3034
-3034
-3022
-3022
-3016
-3006
-3000
-3004
-3000
-3002
-3002
-3002
-2994
-2990
-2992
-2988
-2976
-2976
-2972
-2958
-2948
-2952
-2948
-2946
-2942
-2942
-2942
-2942
-2936
-2934
-2934
-2932
-2936
-2936
-2926
-2916
-2916
-2916
-2920
-2918
-2912
-2912
-2910
-2904
-2916
-2908
-2912
-2910
-2912
-2924
-2924
-2924
-2912
-2916
-2914
-2914
-2914
-2906
-2902
-2894
-2882
-2886
-2888
-2888
-2888
-2888
-2888
-2880
-2880
-2878
-2872
-2866
-2852
-2848
-2846
-2844
-2844
-2844
-2830
-2828
-2824
-2818
-2818
-2816
-2820
-2810
-2810
-2800
-2806
-2804
-2808
-2806
-2806
-2806
-2802
-2802
-2794
-2786
-2784
-2776
-2772
-2768
-2766
-2760
-2760
-2756
-2748
-2748
-2750
-2754
-2742
-2734
-2726
-2724
-2724
-2722
-2720
-2712
-2706
-2702
-2704
-2706
-2690
-2688
-2688
-2688
-2688
-2690
-2688
-2674
-2674
-2674
-2670
-2666
-2654
-2646
-2644
-2636
-2638
-2638
-2628
-2628
-2628
-2622
-2620
-2616
-2624
-2624
-2622
-2620
-2618
-2618
-2612
-2606
-2606
-2608
-2606
-2606
-2604
-2604
-2606
-2602
-2598
-2592
-2598
-2606
-2602
-2608
-2604
-2600
-2600
-2602
-2590
-2590
-2590
-2578
-2576
-2570
-2568
-2568
-2572
-2566
-2566
-2572
-2574
-2580
-2578
-2574
-2582
-2578
-2584
-2588
-2582
-2578
-2574
-2584
-2584
-2584
-2586
-2586
-2576
-2572
-2568
-2572
-2570
-2562
-2558
-2568
-2568
-2572
-2572
-2572
-2566
-2562
-2556
-2556
-2556
-2550
-2550
-2552
-2542
-2534
-2534
-2534
-2538
-2542
-2542
-2534
-2534
-2524
-2516
-2520
-2522
-2522
-2522
-2518
-2512
-2518
-2522
-2518
-2518
-2520
-2520
-2520
-2516
-2514
-2516
-2516
-2520
-2520
-2518
-2512
-2512
-2512
-2516
-2516
-2516
-2516
-2510
-2510
-2510
-2516
-2502
-2508
-2508
-2510
-2518
-2524
-2524
-2524
-2528
-2530
-2530
-2530
-2524
-2524
-2524
-2524
-2524
-2532
-2522
-2522
-2514
-2514
-2520
-2526
-2520
-2520
-2520
-2520
-2520
-2512
-2508
-2508
-2506
-2506
-2502
-2508
-2508
-2502
-2512
-2506
-2506
-2504
-2498
-2502
-2502
-2502
-2498
-2488
-2484
-2492
-2500
-2500
-2500
-2494
-2498
-2498
-2492
-2492
-2490
-2490
-2488
-2488
-2488
-2482
-2482
-2478
-2478
-2474
-2476
-2472
-2472
-2478
-2478
-2474
-2474
-2472
-2476
-2470
-2468
-2462
-2458
-2458
-2462
-2446
-2450
-2448
-2448
-2444
-2454
-2462
-2446
-2448
-2446
-2450
-2438
-2434
-2428
-2432
-2432
-2430
-2422
-2418
-2418
-2424
-2430
-2426
-2426
-2426
-2430
-2424
-2424
-2420
-2420
-2418
-2412
-2416
-2412
-2416
-2416
-2410
-2410
-2404
-2402
-2396
-2394
-2386
-2386
-2386
-2388
-2388
-2384
-2384
-2382
-2374
-2374
-2368
-2368
-2368
-2364
-2364
-2356
-2358
-2344
-2348
-2342
-2342
-2342
-2342
-2342
-2350
-2342
-2346
-2346
-2340
-2348
-2348
-2354
-2350
-2348
-2346
-2346
-2342
-2344
-2340
-2340
-2338
-2342
-2332
-2328
-2328
-2324
-2332
-2336
-2340
-2336
-2330
-2322
-2320
-2314
-2316
-2312
-2316
-2316
-2316
-2312
-2312
-2308
-2300
-2300
-2300
-2304
-2310
-2312
-2312
-2304
-2294
-2286
-2286
-2274
-2282
-2282
-2282
-2282
-2286
-2288
-2280
-2280
-2286
-2278
-2278
-2280
-2280
-2274
-2276
-2276
-2276
-2272
-2272
-2272
-2270
-2270
-2268
-2268
-2268
-2268
-2266
-2262
-2262
-2264
-2274
-2274
-2282
-2272
-2264
-2264
-2264
-2268
-2260
-2262
-2258
-2258
-2254
-2256
-2254
-2252
-2244
-2240
-2234
-2238
-2230
-2216
-2218
-2218
-2230
-2226
-2216
-2216
-2222
-2220
-2216
-2212
-2216
-2210
-2210
-2206
-2208
-2198
-2206
-2204
-2204
-2198
-2192
-2182
-2180
-2174
-2174
-2172
-2164
-2170
-2168
-2158
-2158
-2152
-2154
-2142
-2130
-2130
-2130
-2126
-2120
-2120
-2114
-2116
-2116
-2106
-2104
-2096
-2090
-2082
-2082
-2072
-2072
-2072
-2068
-2072
-2072
-2074
-2064
-2066
-2062
-2052
-2054
-2060
-2058
-2052
-2038
-2038
-2032
-2030
-2022
-2024
-2024
-2024
-2022
-2024
-2024
-2030
-2026
-2034
-2020
-2022
-2020
-2020
-2020
-2010
-2012
-2014
-2014
-2018
-2016
-2016
-2016
-2016
-2008
-2006
-2006
-2002
-2004
-2004
-2000
-1998
-1998
-1984
-1984
-1984
-1976
-1980
-1980
-1978
-1976
-1976
-1978
-1986
-1992
-1992
-1994
-1984
-1982
-1972
-1972
-1972
-1978
-1980
-1972
-1974
-1966
-1958
-1958
-1954
-1966
-1964
-1962
-1964
-1970
-1970
-1970
-1980
-1980
-1974
-1976
-1978
-1994
-1990
-1990
-1990
-1994
-1994
-1994
-1990
-1986
-1974
-1972
-1978
-1978
-1976
-1980
-1980
-1974
-1974
-1974
-1974
-1972
-1968
-1968
-1964
-1964
-1970
-1970
-1970
-1972
-1976
-1968
-1968
-1964
-1960
-1946
-1936
-1930
-1932
-1932
-1936
-1928
-1930
-1924
-1922
-1922
-1910
-1900
-1892
-1892
-1888
-1894
-1892
-1894
-1894
-1894
-1894
-1894
-1886
-1886
-1884
-1894
-1894
-1898
-1898
-1896
-1898
-1898
-1898
-1900
-1904
-1904
-1908
-1908
-1902
-1902
-1902
-1902
-1898
-1888
-1886
-1882
-1886
-1888
-1888
-1884
-1884
-1878
-1878
-1866
-1866
-1866
-1854
-1862
-1852
-1854
-1854
-1856
-1848
-1848
-1846
-1846
-1844
-1846
-1846
-1846
-1852
-1848
-1848
-1852
-1852
-1848
-1846
-1850
-1854
-1848
-1832
-1832
-1836
-1838
-1842
-1842
-1846
-1846
-1838
-1838
-1838
-1842
-1846
-1844
-1842
-1840
-1840
-1846
-1856
-1854
-1856
-1856
-1854
-1852
-1852
-1852
-1852
-1846
-1834
-1842
-1838
-1832
-1826
-1814
-1814
-1810
-1814
-1814
-1818
-1814
-1812
-1812
-1812
-1804
-1808
-1808
-1808
-1800
-1802
-1798
-1786
-1786
-1782
-1784
-1782
-1778
-1774
-1768
-1768
-1768
-1768
-1768
-1768
-1762
-1762
-1760
-1758
-1762
-1758
-1758
-1762
-1762
-1762
-1758
-1750
-1742
-1742
-1742
-1732
-1732
-1732
-1726
-1714
-1714
-1712
-1712
-1712
-1710
-1704
-1696
-1702
-1704
-1710
-1706
-1706
-1712
-1718
-1726
-1722
-1720
-1730
-1736
-1734
-1736
-1736
-1728
-1726
-1726
-1718
-1724
-1730
-1730
-1730
-1732
-1732
-1732
-1732
-1732
-1732
-1732
-1732
-1732
-1732
-1726
-1722
-1726
-1718
-1722
-1720
-1722
-1722
-1722
-1728
-1728
-1720
-1712
-1712
-1704
-1704
-1714
-1714
-1714
-1708
-1708
-1702
-1702
-1690
-1684
-1684
-1684
-1688
-1688
-1688
-1688
-1688
-1690
-1680
-1680
-1680
-1674
-1678
-1670
-1658
-1656
-1652
-1652
-1652
-1646
-1646
-1646
-1648
-1648
-1654
-1654
-1652
-1652
-1648
-1644
-1648
-1648
-1642
-1642
-1644
-1644
-1632
-1634
-1634
-1634
-1634
-1632
-1632
-1620
-1610
-1600
-1592
-1596
-1600
-1604
-1596
-1584
-1584
-1572
-1572
-1566
-1572
-1572
-1580
-1580
-1580
-1576
-1574
-1576
-1574
-1568
-1572
-1576
-1572
-1572
-1576
-1576
-1572
-1572
-1568
-1568
-1568
-1574
-1572
-1576
-1568
-1562
-1564
-1568
-1562
-1562
-1560
-1568
-1570
-1570
-1572
-1574
-1570
-1562
-1560
-1556
-1556
-1556
-1556
-1548
-1552
-1552
-1550
-1550
-1546
-1538
-1538
-1536
-1536
-1536
-1542
-1546
-1540
-1528
-1528
-1528
-1522
-1522
-1522
-1518
-1522
-1518
-1512
-1508
-1510
-1498
-1506
-1506
-1500
-1494
-1488
-1482
-1486
-1494
-1494
-1502
-1502
-1506
-1502
-1508
-1496
-1494
-1494
-1486
-1488
-1488
-1488
-1488
-1486
-1482
-1480
-1480
-1480
-1474
-1470
-1470
-1470
-1470
-1476
-1476
-1480
-1478
-1478
-1478
-1478
-1478
-1478
-1470
-1462
-1474
-1474
-1474
-1474
-1472
-1468
-1478
-1478
-1478
-1482
-1482
-1478
-1470
-1472
-1470
-1468
-1472
-1472
-1478
-1480
-1484
-1474
-1484
-1484
-1484
-1488
-1496
-1498
-1500
-1500
-1500
-1502
-1502
-1502
-1498
-1498
-1502
-1494
-1494
-1494
-1482
-1480
-1480
-1480
-1482
-1484
-1492
-1488
-1494
-1484
-1488
-1478
-1478
-1478
-1478
-1482
-1488
-1488
-1490
-1486
-1488
-1486
-1486
-1488
-1488
-1490
-1490
-1490
-1500
-1500
-1498
-1494
-1488
-1492
-1482
-1482
-1484
-1484
-1484
-1476
-1472
-1480
-1484
-1484
-1484
-1478
-1480
-1484
-1474
-1468
-1460
-1450
-1448
-1448
-1442
-1448
-1448
-1442
-1438
-1434
-1430
-1432
-1444
-1440
-1444
-1446
-1442
-1442
-1444
-1444
-1444
-1454
-1454
-1454
-1458
-1468
-1472
-1472
-1468
-1464
-1456
-1456
-1452
-1448
-1444
-1436
-1436
-1430
-1430
-1434
-1430
-1442
-1432
-1430
-1430
-1430
-1428
-1436
-1446
-1450
-1446
-1446
-1446
-1446
-1438
-1436
-1446
-1448
-1446
-1446
-1440
-1440
-1444
-1444
-1444
-1440
-1426
-1432
-1434
-1436
-1444
-1444
-1440
-1448
-1448
-1458
-1452
-1456
-1454
-1456
-1444
-1436
-1436
-1446
-1448
-1448
-1448
-1448
-1442
-1440
-1438
-1444
-1448
-1454
-1458
-1460
-1450
-1450
-1462
-1462
-1456
-1460
-1454
-1452
-1448
-1450
-1450
-1450
-1446
-1444
-1444
-1438
-1428
-1428
-1430
-1436
-1440
-1434
-1440
-1440
-1448
-1448
-1444
-1444
-1448
-1450
-1450
-1454
-1446
-1434
-1434
-1434
-1442
-1442
-1442
-1442
-1442
-1436
-1442
-1444
-1456
-1462
-1452
-1448
-1448
-1448
-1456
-1446
-1438
-1438
-1438
-1436
-1438
-1430
-1430
-1426
-1418
-1410
-1410
-1400
-1398
-1392
-1398
-1392
-1382
-1378
-1374
-1370
-1382
-1372
-1372
-1376
-1366
-1360
-1356
-1360
-1370
-1366
-1360
-1354
-1354
-1354
-1354
-1362
-1366
-1366
-1360
-1360
-1356
-1350
-1352
-1356
-1348
-1350
-1350
-1358
-1360
-1362
-1358
-1358
-1350
-1344
-1352
-1352
-1364
-1368
-1360
-1360
-1360
-1360
-1360
-1354
-1354
-1344
-1344
-1338
-1340
-1344
-1338
-1338
-1338
-1350
-1342
-1340
-1342
-1344
-1340
-1328
-1328
-1326
-1316
-1316
-1312
-1312
-1308
-1308
-1304
-1300
-1300
-1300
-1294
-1294
-1294
-1290
-1292
-1298
-1298
-1292
-1286
-1286
-1286
-1282
-1282
-1284
-1286
-1282
-1282
-1284
-1284
-1280
-1282
-1286
-1286
-1288
-1290
-1290
-1282
-1290
-1288
-1288
-1276
-1268
-1268
-1274
-1274
-1270
-1262
-1264
-1260
-1262
-1260
-1252
-1246
-1246
-1248
-1248
-1248
-1248
-1244
-1244
-1244
-1242
-1242
-1244
-1242
-1242
-1234
-1234
-1242
-1242
-1242
-1256
-1244
-1242
-1242
-1240
-1234
-1234
-1232
-1222
-1216
-1224
-1226
-1224
-1224
-1232
-1226
-1220
-1220
-1232
-1226
-1222
-1218
-1214
-1214
-1214
-1212
-1210
-1214
-1210
-1214
-1204
-1208
-1198
-1202
-1210
-1208
-1208
-1208
-1196
-1198
-1192
-1182
-1178
-1180
-1180
-1180
-1176
-1172
-1162
-1158
-1146
-1146
-1156
-1158
-1152
-1156
-1150
-1148
-1148
-1156
-1156
-1146
-1138
-1134
-1134
-1134
-1134
-1124
-1118
-1112
-1118
-1118
-1114
-1112
-1112
-1112
-1104
-1096
-1096
-1098
-1098
-1096
-1096
-1092
-1092
-1092
-1096
-1090
-1078
-1076
-1084
-1084
-1084
-1088
-1082
-1082
-1086
-1084
-1080
-1080
-1080
-1080
-1080
-1084
-1086
-1088
-1088
-1078
-1078
-1070
-1060
-1056
-1058
-1058
-1062
-1070
-1058
-1050
-1054
-1052
-1046
-1048
-1044
-1042
-1038
-1034
-1030
-1034
-1040
-1032
-1032
-1032
-1030
-1030
-1034
-1030
-1030
-1032
-1026
-1026
-1026
-1026
-1030
-1030
-1030
-1028
-1034
-1048
-1048
-1048
-1046
-1052
-1052
-1050
-1050
-1046
-1046
-1044
-1048
-1044
-1032
-1032
-1032
-1024
-1018
-1026
-1026
-1030
-1024
-1018
-1008
-1002
-1002
-1010
-1008
-1004
-1004
-1004
-1002
-994
-988
-988
-984
-994
-984
-990
-986
-986
-986
-992
-992
-986
-986
-984
-984
-982
-984
-984
-984
-984
-980
-980
-978
-976
-970
-970
-970
-970
-970
-970
-976
-976
-964
-966
-974
-966
-966
-960
-954
-954
-952
-954
-962
-962
-960
-960
-964
-960
-954
-950
-950
-950
-948
-944
-940
-940
-942
-942
-950
-950
-950
-948
-948
-940
-936
-940
-940
-944
-942
-942
-940
-930
-936
-934
-934
-936
-938
-938
-938
-936
-940
-934
-934
-938
-936
-936
-928
-928
-920
-912
-928
-936
-936
-932
-924
-914
-914
-912
-912
-912
-912
-914
-910
-910
-910
-910
-902
-892
-890
-896
-902
-902
-902
-902
-900
-900
-902
-900
-892
-892
-892
-888
-888
-882
-882
-890
-890
-890
-894
-892
-884
-882
-882
-884
-876
-874
-874
-874
-870
-866
-866
-870
-866
-864
-868
-866
-862
-862
-858
-866
-876
-876
-878
-878
-878
-878
-882
-884
-880
-878
-880
-884
-880
-884
-884
-880
-878
-878
-876
-876
-876
-876
-864
-864
-862
-862
-862
-860
-868
-858
-858
-864
-870
-866
-860
-860
-858
-858
-862
-862
-868
-866
-866
-862
-852
-854
-858
-858
-852
-856
-846
-862
-862
-856
-854
-850
-842
-842
-846
-852
-852
-852
-842
-842
-838
-844
-848
-854
-844
-844
-848
-848
-838
-838
-840
-830
-830
-834
-842
-838
-846
-844
-840
-852
-858
-858
-854
-854
-854
-846
-850
-852
-842
-842
-840
-840
-840
-840
-840
-842
-844
-852
-854
-856
-860
-848
-848
-848
-844
-840
-840
-836
-834
-830
-830
-830
-836
-830
-830
-840
-838
-838
-838
-838
-838
-834
-840
-842
-842
-842
-834
-830
-828
-818
-818
-826
-826
-822
-822
-822
-820
-820
-820
-818
-820
-820
-810
-810
-812
-808
-814
-818
-816
-822
-822
-814
-814
-816
-810
-812
-824
-824
-820
-816
-810
-802
-800
-800
-802
-800
-800
-796
-796
-796
-796
-790
-784
-778
-778
-784
-784
-776
-776
-776
-776
-772
-772
-768
-766
-760
-760
-754
-754
-762
-750
-744
-740
-732
-732
-724
-722
-722
-718
-716
-712
-712
-714
-724
-724
-726
-714
-714
-704
-704
-708
-706
-694
-692
-692
-692
-694
-692
-694
-692
-692
-692
-694
-696
-696
-700
-698
-696
-692
-696
-696
-692
-692
-688
-688
-696
-690
-690
-680
-690
-682
-682
-682
-680
-670
-670
-668
-674
-674
-670
-670
-668
-668
-662
-662
-666
-662
-662
-662
-664
-664
-668
-664
-664
-668
-668
-666
-666
-668
-666
-666
-658
-658
-662
-664
-666
-666
-664
-670
-670
-668
-664
-668
-668
-656
-656
-670
-658
-650
-654
-656
-660
-662
-664
-664
-666
-662
-658
-662
-658
-662
-662
-658
-658
-658
-658
-658
-654
-644
-644
-644
-646
-650
-650
-650
-650
-646
-648
-648
-650
-646
-646
-652
-652
-648
-648
-646
-646
-646
-636
-626
-636
-636
-642
-646
-646
-646
-646
-652
-652
-660
-660
-656
-658
-658
-652
-658
-658
-662
-666
-666
-668
-662
-662
-654
-654
-650
-650
-652
-648
-644
-644
-642
-642
-642
-652
-654
-654
-650
-654
-656
-656
-648
-654
-654
-658
-656
-652
-656
-672
-672
-668
-668
-670
-676
-676
-676
-670
-668
-658
-648
-644
-644
-642
-646
-638
-638
-638
-634
-640
-642
-630
-634
-638
-644
-644
-646
-642
-642
-642
-642
-642
-642
-642
-636
-642
-640
-642
-640
-646
-646
-638
-632
-630
-622
-620
-620
-612
-610
-612
-612
-608
-604
-608
-620
-614
-620
-622
-622
-622
-628
-626
-624
-634
-630
-638
-638
-636
-634
-634
-646
-640
-640
-650
-654
-654
-654
-646
-634
-636
-636
-636
-636
-640
-646
-652
-652
-646
-654
-644
-642
-638
-644
-650
-642
-652
-658
-658
-650
-638
-644
-648
-648
-646
-642
-640
-640
-648
-642
-626
-626
-626
-624
-624
-624
-622
-622
-624
-630
-630
-632
-622
-622
-622
-622
-628
-630
-630
-630
-624
-624
-616
-616
-602
-594
-594
-594
-586
-576
-574
-576
-576
-578
-580
-580
-570
-574
-578
-578
-584
-588
-582
-580
-582
-586
-586
-584
-578
-574
-572
-576
-574
-574
-574
-580
-584
-582
-580
-578
-582
-582
-578
-582
-580
-576
-570
-568
-568
-568
-574
-570
-556
-554
-554
-554
-546
-540
-530
-524
-518
-518
-522
-522
-522
-518
-512
-520
-520
-526
-520
-512
-510
-510
-510
-518
-518
-514
-518
-526
-526
-530
-530
-536
-536
-536
-536
-540
-542
-542
-542
-542
-548
-546
-544
-538
-538
-536
-536
-532
-532
-530
-530
-532
-542
-542
-532
-526
-526
-518
-518
-524
-524
-524
-524
-520
-514
-500
-498
-504
-506
-510
-502
-502
-502
-500
-498
-506
-504
-504
-504
-504
-496
-496
-492
-492
-498
-490
-490
-496
-496
-500
-494
-494
-498
-498
-500
-502
-494
-494
-492
-478
-484
-484
-484
-478
-476
-476
-468
-468
-472
-472
-476
-478
-476
-482
-482
-482
-476
-468
-474
-482
-482
-482
-474
-462
-460
-448
-448
-452
-446
-440
-440
-438
-442
-440
-440
-442
-436
-432
-442
-442
-442
-440
-440
-436
-440
-438
-436
-436
-436
-436
-442
-440
-438
-436
-434
-434
-424
-428
-420
-420
-416
-416
-416
-416
-420
-424
-424
-416
-416
-412
-412
-412
-412
-410
-410
-410
-422
-422
-418
-424
-424
-428
-428
-430
-444
-444
-444
-436
-436
-444
-444
-444
-434
-434
-424
-428
-428
-426
-426
-424
-410
-410
-414
-414
-414
-414
-412
-414
-406
-406
-406
-412
-412
-412
-412
-402
-402
-410
-406
-408
-416
-414
-414
-418
-422
-420
-426
-426
-438
-438
-438
-444
-444
-438
-432
-444
-446
-446
-458
-458
-454
-454
-454
-458
-448
-442
-442
-442
-440
-428
-430
-422
-426
-426
-424
-424
-418
-416
-412
-410
-410
-416
-418
-418
-416
-414
-414
-414
-420
-416
-420
-420
-414
-414
-418
-428
-420
-412
-412
-412
-418
-426
-426
-428
-428
-426
-426
-426
-420
-422
-422
-426
-416
-412
-414
-414
-414
-408
-404
-398
-404
-404
-404
-404
-412
-408
-408
-408
-406
-412
-416
-416
-408
-414
-414
-414
-404
-406
-400
-400
-398
-396
-390
-390
-388
-386
-386
-382
-382
-374
-382
-380
-380
-380
-390
-378
-376
-368
-368
-364
-358
-352
-354
-354
-358
-360
-360
-370
-370
-368
-362
-366
-358
-360
-360
-360
-356
-356
-358
-358
-356
-352
-348
-348
-348
-338
-338
-332
-326
-326
-326
-326
-320
-318
-318
-322
-316
-324
-324
-324
-312
-312
-312
-314
-314
-314
-308
-304
-312
-312
-320
-320
-320
-328
-326
-330
-334
-336
-336
-338
-338
-348
-348
-346
-346
-344
-340
-346
-346
-344
-344
-344
-344
-348
-342
-334
-338
-334
-334
-334
-330
-330
-336
-336
-326
-328
-328
-326
-322
-312
-304
-304
-304
-308
-302
-292
-290
-286
-280
-280
-274
-274
-268
-264
-264
-258
-254
-256
-250
-250
-258
-258
-258
-258
-258
-254
-260
-260
-256
-252
-252
-264
-264
-260
-262
-260
-256
-256
-256
-256
-250
-254
-252
-254
-260
-268
-262
-274
-278
-278
-280
-276
-272
-270
-266
-272
-268
-268
-268
-268
-272
-274
-276
-282
-286
-286
-282
-288
-288
-286
-286
-284
-296
-296
-290
-280
-278
-278
-282
-282
-276
-272
-266
-266
-264
-270
-280
-284
-288
-288
-294
-282
-292
-306
-308
-310
-306
-308
-312
-312
-310
-310
-310
-308
-308
-312
-306
-300
-300
-300
-300
-302
-302
-298
-298
-298
-292
-296
-296
-296
-296
-296
-290
-286
-290
-296
-296
-296
-294
-288
-294
-294
-288
-286
-286
-290
-294
-294
-290
-292
-286
-282
-288
-278
-270
-270
-270
-268
-262
-262
-258
-258
-258
-250
-242
-244
-244
-244
-238
-234
-234
-232
-230
-230
-236
-228
-226
-216
-216
-216
-208
-208
-208
-214
-208
-200
-204
-198
-204
-204
-200
-200
-196
-196
-194
-192
-200
-192
-192
-192
-196
-194
-186
-186
-186
-188
-188
-188
-188
-184
-178
-174
-178
-190
-186
-184
-192
-186
-190
-190
-196
-206
-200
-192
-192
-184
-182
-188
-188
-184
-184
-182
-184
-186
-198
-198
-200
-200
-200
-204
-202
-202
-208
-208
-208
-210
-218
-218
-216
-218
-218
-218
-218
-224
-222
-222
-224
-214
-208
-216
-220
-222
-222
-226
-232
-232
-230
-230
-236
-232
-232
-226
-218
-214
-206
-206
-204
-204
-200
-198
-196
-200
-196
-196
-194
-208
-208
-208
-208
-208
-208
-216
-216
-216
-218
-218
-218
-208
-210
-208
-198
-190
-190
-190
-190
-182
-182
-194
-190
-188
-192
-200
-200
-202
-202
-202
-210
-210
-202
-202
-202
-202
-202
-214
-214
-214
-216
-216
-222
-232
-226
-228
-226
-226
-226
-226
-232
-228
-232
-230
-224
-220
-212
-212
-216
-224
-214
-204
-206
-200
-194
-198
-200
-198
-198
-196
-196
-188
-188
-188
-182
-176
-174
-170
-174
-188
-198
-194
-196
-196
-198
-194
-194
-190
-190
-190
-194
-196
-196
-196
-190
-192
-192
-194
-194
-194
-182
-182
-174
-174
-178
-186
-192
-188
-194
-198
-198
-210
-210
-218
-218
-216
-220
-222
-224
-212
-212
-214
-220
-224
-224
-222
-218
-216
-216
-224
-222
-222
-222
-226
-230
-230
-234
-234
-232
-240
-240
-240
-236
-238
-244
-244
-250
-252
-252
-260
-270
-268
-274
-272
-270
-268
-264
-270
-268
-270
-276
-282
-290
-290
-288
-292
-286
-286
-286
-284
-278
-278
-286
-280
-280
-280
-274
-260
-260
-252
-254
-254
-254
-256
-254
-250
-258
-260
-252
-258
-258
-258
-258
-250
-242
-242
-244
-240
-250
-252
-252
-256
-256
-258
-258
-250
-244
-244
-232
-236
-238
-238
-238
-240
-238
-242
-240
-236
-242
-234
-232
-230
-230
-236
-238
-228
-230
-230
-234
-242
-242
-240
-240
-250
-242
-232
-234
-232
-232
-232
-230
-228
-224
-224
-232
-232
-228
-228
-234
-232
-230
-234
-234
-234
-234
-234
-246
-246
-242
-242
-256
-258
-258
-258
-254
-258
-254
-260
-254
-258
-250
-254
-252
-252
-250
-250
-250
-248
-250
-250
-250
-250
-244
-244
-250
-250
-244
-248
-246
-240
-236
-236
-236
-236
-232
-226
-222
-228
-228
-228
-228
-220
-220
-222
-226
-230
-236
-236
-236
-234
-234
-232
-232
-234
-234
-238
-238
-236
-242
-254
-244
-240
-246
-252
-252
-240
-242
-254
-252
-260
-260
-266
-262
-264
-268
-264
-262
-270
-264
-264
-258
-258
-248
-254
-254
-252
-262
-252
-248
-252
-252
-252
-252
-248
-252
-252
-248
-248
-254
-248
-248
-248
-248
-250
-254
-252
-254
-256
-258
-268
-276
-286
-288
-284
-282
-278
-272
-272
-278
-278
-284
-288
-280
-280
-280
-278
-268
-268
-268
-268
-268
-272
-274
-274
-266
-260
-272
-268
-268
-264
-264
-262
-258
-246
-242
-248
-248
-248
-246
-254
-254
-252
-254
-252
-250
-246
-242
-232
-226
-222
-216
-216
-216
-224
-220
-216
-218
-218
-220
-220
-216
-216
-218
-224
-228
-232
-224
-228
-228
-224
-216
-216
-224
-228
-232
-232
-238
-238
-228
-228
-234
-234
-230
-238
-248
-248
-244
-244
-242
-242
-242
-238
-234
-232
-232
-228
-236
-238
-242
-242
-242
-248
-240
-234
-234
-234
-234
-238
-238
-238
-234
-222
-220
-220
-222
-222
-232
-236
-236
-234
-238
-238
-232
-226
-226
-224
-224
-228
-218
-216
-216
-216
-206
-206
-198
-198
-200
-206
-210
-210
-210
-210
-208
-206
-204
-206
-202
-186
-180
-180
-184
-182
-188
-194
-194
-186
-180
-190
-186
-176
-178
-172
-172
-174
-172
-172
-172
-156
-156
-156
-164
-160
-152
-152
-164
-168
-168
-162
-154
-154
-148
-144
-144
-148
-150
-156
-160
-168
-166
-158
-164
-166
-166
-172
-172
-170
-166
-166
-166
-178
-170
-158
-160
-160
-162
-158
-154
-156
-156
-152
-160
-156
-150
-150
-150
-150
-150
-148
-142
-148
-148
-146
-148
-138
-138
-134
-128
-136
-138
-128
-128
-122
-120
-124
-124
-132
-132
-132
-134
-124
-118
-114
-110
-118
-114
-106
-100
-100
-104
-104
-100
-108
-108
-114
-118
-122
-122
-128
-124
-120
-116
-120
-124
-126
-132
-132
-130
-130
-130
-130
-130
-120
-120
-126
-122
-122
-118
-114
-106
-106
-106
-102
-104
-106
-104
-104
-106
-108
-116
-100
-100
-100
-98
-88
-94
-94
-90
-90
-88
-88
-82
-86
-86
-86
-86
-86
-84
-84
-84
-90
-90
-88
-88
-92
-92
-94
-94
-88
-88
-80
-82
-88
-88
-88
-80
-80
-80
-80
-80
-72
-72
-72
-66
-66
-68
-64
-62
-54
-52
-40
-50
-56
-52
-56
-60
-60
-66
-70
-70
-70
-68
-52
-56
-64
-56
-54
-54
-54
-60
-64
-66
-66
-70
-74
-74
-74
-78
-88
-88
-80
-78
-78
-70
-70
-70
-58
-58
-58
-54
-56
-48
-40
-32
-42
-42
-46
-48
-52
-54
-56
-56
-54
-54
-52
-54
-44
-48
-48
-48
-58
-48
-48
-48
-48
-46
-50
-50
-50
-38
-34
-26
-26
-26
-26
-32
-32
-32
-32
-26
-26
-26
-26
-18
-24
-12
-8
-6
-4
-2
4
0
0
10
14
18
12
12
12
18
16
16
16
16
10
4
6
0
-8
-12
-10
0
-6
-4
-4
-4
-2
8
6
12
18
20
30
30
32
26
26
26
26
26
20
22
20
22
26
24
28
24
28
22
18
20
8
16
16
8
8
8
8
-8
-8
-8
-2
6
6
4
4
6
6
2
6
6
4
2
0
0
4
12
2
-12
-4
-14
-14
-6
-6
-6
-8
-6
0
-8
-8
-2
-4
-10
-8
-6
-8
-8
0
-6
-6
-8
-6
2
8
16
18
18
22
28
22
22
20
26
28
22
26
30
28
14
14
20
20
12
14
14
14
16
16
16
16
18
20
22
30
26
26
26
26
26
24
20
24
22
22
18
24
20
30
30
30
30
34
28
28
32
32
26
26
34
34
30
42
40
30
30
22
22
24
26
30
36
40
40
42
44
50
48
48
36
46
48
54
52
52
52
56
54
62
58
62
62
62
54
52
50
60
60
72
80
80
92
102
92
86
92
108
116
114
102
102
92
98
98
88
88
88
94
88
86
82
80
76
74
74
84
86
88
88
88
86
86
86
92
92
92
88
90
90
100
108
118
118
112
112
120
120
118
118
118
116
116
112
106
108
100
100
100
102
98
88
82
82
74
86
86
82
82
82
88
78
80
82
90
80
86
86
86
86
98
96
94
98
106
114
114
114
122
122
132
134
130
132
132
138
140
142
136
126
126
136
134
134
134
140
140
140
156
158
158
154
154
154
154
154
158
154
154
162
158
158
158
156
156
150
150
150
150
148
142
146
156
156
150
150
150
148
148
138
122
120
120
120
116
118
118
118
114
122
124
122
122
118
118
120
120
120
112
106
112
114
108
104
104
102
114
114
112
118
118
118
118
118
118
120
128
134
134
134
126
124
130
134
140
140
144
144
138
136
136
148
150
148
148
148
146
148
148
138
138
138
134
144
146
144
146
148
148
148
152
140
138
150
152
152
152
138
138
150
150
152
140
138
134
136
128
132
134
140
146
146
152
154
152
152
152
148
148
144
144
130
126
114
114
118
112
114
114
112
112
104
112
112
96
100
100
100
98
92
100
92
86
90
90
88
88
86
94
94
92
94
94
94
88
86
86
84
84
90
90
90
90
90
94
88
88
88
84
82
86
88
86
86
86
86
86
86
92
98
104
94
92
98
98
100
94
94
94
94
96
96
94
90
90
90
88
92
92
98
100
100
100
104
104
112
110
112
116
116
114
126
136
146
146
142
130
130
130
128
132
140
146
140
146
150
160
162
160
164
166
172
182
186
178
178
180
180
184
178
178
174
174
174
174
184
182
184
190
190
190
190
196
200
204
206
202
206
202
200
214
212
208
212
216
214
206
206
200
202
204
204
198
204
204
198
198
190
192
196
196
196
196
196
208
214
214
214
220
220
220
224
228
230
234
234
236
232
228
230
230
228
236
238
236
236
236
240
242
240
240
236
226
226
224
218
222
224
218
220
220
220
220
214
214
222
214
216
216
220
214
214
216
206
206
206
214
214
214
226
232
236
236
236
236
228
228
228
234
228
224
224
228
236
236
246
254
256
256
256
244
242
242
242
252
256
252
252
248
246
246
242
244
240
238
244
254
264
264
266
260
254
254
254
254
256
256
256
256
250
250
250
236
236
236
242
242
244
244
244
250
250
250
250
250
242
240
242
232
232
234
226
220
216
214
224
224
224
224
224
220
220
222
218
230
230
232
232
228
232
222
228
228
230
228
228
228
220
220
216
222
222
226
212
228
228
228
220
220
220
222
218
218
208
208
208
208
214
216
216
218
220
220
228
228
228
218
218
218
212
216
218
218
218
218
222
232
230
230
234
234
234
234
234
240
242
244
246
246
246
238
238
240
246
246
246
254
252
252
252
262
262
266
260
260
256
258
258
258
258
258
258
252
252
248
246
246
252
248
242
244
244
252
244
244
238
242
240
238
238
238
238
238
238
232
226
222
218
218
204
204
202
202
202
202
200
200
210
210
210
200
204
208
216
216
210
210
210
210
212
212
214
220
212
218
218
218
228
224
224
222
216
216
220
214
214
210
204
206
206
206
206
210
210
206
210
204
198
198
194
182
176
176
176
182
182
182
182
186
182
182
182
184
184
184
194
198
208
210
210
204
210
210
208
194
192
200
188
188
188
182
178
184
176
180
188
186
190
188
188
188
190
192
192
186
186
186
192
198
198
198
198
198
192
184
178
184
184
184
196
194
192
192
192
188
190
192
192
192
194
194
194
186
186
192
192
196
204
200
198
198
200
196
196
196
194
188
188
184
192
190
188
184
186
188
184
188
196
196
190
188
190
190
198
200
198
200
202
200
202
198
208
208
208
210
210
212
212
214
222
212
206
212
208
208
208
214
230
222
222
220
224
214
218
224
226
210
208
208
210
218
228
232
228
226
226
222
214
208
208
208
202
202
202
198
200
200
196
192
202
202
198
196
196
196
196
194
192
190
192
192
196
192
192
192
190
198
204
204
202
204
218
218
218
218
218
214
222
224
218
216
218
216
212
212
202
210
202
202
198
194
192
192
194
184
200
206
212
206
206
206
204
200
208
210
220
222
226
226
224
228
230
230
236
234
234
236
236
236
232
242
246
244
236
234
236
248
250
246
246
254
254
254
254
256
254
262
256
256
248
248
248
248
258
258
252
252
252
260
260
262
266
278
280
280
284
284
296
296
296
296
302
302
302
302
300
314
314
308
298
310
312
304
304
314
310
310
306
308
310
312
318
320
320
312
320
318
320
318
318
322
326
316
318
318
324
314
306
306
306
306
314
324
324
324
326
326
334
338
346
348
344
346
346
348
348
358
372
376
370
374
374
370
378
382
392
392
392
392
398
400
400
408
410
420
410
412
410
404
408
418
418
412
406
396
386
386
380
384
384
386
392
388
390
394
394
392
394
390
388
380
382
384
370
370
370
364
364
364
364
368
368
360
360
358
358
360
370
372
374
380
388
388
392
392
392
396
386
386
378
370
366
366
372
372
382
382
378
378
378
378
378
378
374
380
380
370
366
366
366
368
370
370
378
374
372
366
360
358
364
364
368
370
374
372
372
372
372
372
372
372
374
374
374
382
382
376
376
372
372
368
376
374
374
378
378
378
380
390
388
382
382
376
386
386
390
392
390
396
400
398
398
400
398
404
408
416
416
418
414
410
406
412
422
426
426
426
426
430
438
438
438
442
444
444
444
448
438
438
436
440
438
438
434
428
418
418
418
416
416
418
420
420
424
426
416
416
418
420
420
422
420
422
420
412
416
422
422
422
418
414
418
430
422
422
414
422
422
422
418
410
406
412
416
424
428
430
428
428
428
426
426
416
418
418
420
426
432
432
430
432
428
434
438
444
444
444
434
426
422
422
422
424
424
424
434
434
434
448
442
446
452
448
448
450
452
458
466
460
464
472
472
472
472
472
464
456
458
460
460
466
464
460
460
456
458
464
464
466
472
476
476
478
478
478
476
476
480
478
480
480
480
478
480
480
478
482
494
494
492
492
492
492
496
496
502
500
498
496
494
488
486
486
486
482
482
496
498
498
498
494
494
498
498
498
498
496
496
496
498
502
502
498
500
500
500
502
494
486
486
484
484
484
492
486
488
490
476
472
480
476
478
478
478
478
478
476
478
478
478
468
468
468
458
458
456
454
454
454
450
450
450
450
450
450
440
440
444
440
444
444
444
444
444
446
444
444
450
450
450
454
460
456
460
462
456
456
456
446
444
444
446
444
442
446
446
456
450
444
438
440
446
452
446
446
446
446
446
442
438
426
424
430
440
440
446
450
450
456
456
454
464
464
460
454
460
456
454
450
452
452
450
450
446
454
454
466
462
462
462
472
474
462
450
452
452
452
448
446
440
446
452
440
432
430
426
432
434
438
442
436
436
434
434
434
444
444
444
446
444
452
458
468
470
470
470
468
468
466
466
466
462
462
470
470
474
478
480
480
482
478
474
472
472
482
476
476
474
478
484
490
490
484
486
478
482
480
482
470
478
476
476
476
476
472
472
480
488
490
494
502
498
498
494
488
482
482
480
480
486
486
474
474
482
482
482
482
476
478
478
478
480
488
484
492
492
492
492
490
490
492
492
492
492
494
494
486
484
486
480
486
486
488
494
500
504
504
506
510
512
512
504
504
504
504
504
500
508
508
508
500
496
496
504
504
504
500
502
502
502
502
498
496
494
494
492
492
480
474
476
474
474
478
484
484
492
500
506
504
498
496
500
500
490
494
498
496
496
496
496
496
494
494
488
490
498
514
514
518
518
518
508
502
506
506
502
502
498
498
494
494
494
494
498
498
498
504
504
504
504
500
500
500
500
504
494
494
494
490
484
476
478
484
490
482
482
482
482
476
472
468
470
470
462
474
474
476
484
492
486
482
474
478
478
484
484
484
480
478
476
486
476
476
476
476
474
482
476
478
480
478
478
488
486
484
484
484
484
488
496
490
494
486
486
484
486
