-10472
-10464
-10454
-10450
-10444
-10434
-10438
-10426
-10422
-10412
-10404
-10398
-10386
-10382
-10382
-10378
-10370
-10370
-10364
-10356
-10354
-10352
-10354
-10348
-10332
-10324
-10324
-10314
-10318
-10310
-10302
-10290
-10286
-10274
-10268
-10266
-10252
-10248
-10240
-10234
-10226
-10222
-10220
-10214
-10208
-10200
-10200
-10194
-10188
-10186
-10178
-10168
-10160
-10162
-10146
-10132
-10130
-10116
-10106
-10092
-10092
-10094
-10094
-10088
-10088
-10082
-10076
-10070
-10060
-10048
-10042
-10032
-10032
-10018
-10012
-10012
-10006
-10002
-9994
-9986
-9976
-9978
-9978
-9968
-9962
-9958
-9958
-9952
-9942
-9942
-9934
-9930
-9930
-9924
-9920
-9918
-9914
-9912
-9908
-9904
-9896
-9888
-9886
-9880
-9884
-9882
-9870
-9864
-9862
-9860
-9856
-9852
-9846
-9834
-9826
-9826
-9822
-9816
-9810
-9806
-9806
-9802
-9800
-9788
-9782
-9784
-9774
-9770
-9770
-9764
-9750
-9752
-9748
-9742
-9730
-9724
-9722
-9716
-9712
-9706
-9710
-9708
-9698
-9692
-9688
-9676
-9674
-9668
-9656
-9650
-9646
-9640
-9628
-9624
-9614
-9608
-9602
-9596
-9588
-9576
-9568
-9566
-9556
-9556
-9552
-9544
-9532
-9526
-9526
-9524
-9522
-9512
-9506
-9502
-9490
-9488
-9480
-9472
-9468
-9454
-9446
-9440
-9440
-9428
-9420
-9418
-9410
-9414
-9406
-9394
-9392
-9388
-9386
-9378
-9366
-9360
-9356
-9362
-9352
-9344
-9338
-9328
-9318
-9324
-9322
-9322
-9318
-9310
-9306
-9300
-9298
-9290
-9276
-9272
-9266
-9260
-9252
-9250
-9248
-9238
-9224
-9220
-9218
-9216
-9212
-9214
-9206
-9194
-9190
-9178
-9180
-9178
-9168
-9152
-9148
-9138
-9132
-9128
-9114
-9106
-9098
-9086
-9086
-9080
-9074
-9068
-9068
-9068
-9064
-9056
-9050
-9040
-9036
-9028
-9026
-9020
-9008
-9002
-8996
-8988
-8988
-8980
-8970
-8970
-8960
-8948
-8948
-8936
-8932
-8930
-8922
-8922
-8912
-8904
-8900
-8896
-8884
-8878
-8866
-8860
-8850
-8842
-8840
-8834
-8826
-8824
-8818
-8814
-8814
-8806
-8800
-8800
-8800
-8794
-8784
-8778
-8770
-8772
-8766
-8754
-8754
-8744
-8738
-8732
-8722
-8712
-8718
-8714
-8704
-8704
-8708
-8706
-8700
-8692
-8690
-8684
-8676
-8666
-8662
-8658
-8656
-8652
-8646
-8638
-8632
-8632
-8626
-8622
-8624
-8616
-8610
-8606
-8594
-8586
-8588
-8588
-8586
-8576
-8572
-8566
-8568
-8566
-8564
-8560
-8548
-8546
-8542
-8540
-8534
-8524
-8528
-8522
-8512
-8510
-8512
-8520
-8508
-8504
-8490
-8486
-8472
-8464
-8462
-8454
-8456
-8446
-8438
-8436
-8430
-8422
-8412
-8400
-8388
-8390
-8384
-8384
-8382
-8374
-8362
-8350
-8354
-8350
-8346
-8334
-8326
-8320
-8310
-8302
-8298
-8290
-8286
-8276
-8268
-8266
-8268
-8260
-8256
-8264
-8260
-8256
-8240
-8232
-8224
-8224
-8212
-8202
-8194
-8178
-8170
-8168
-8160
-8154
-8156
-8156
-8150
-8142
-8126
-8116
-8110
-8118
-8114
-8098
-8094
-8086
-8080
-8076
-8074
-8064
-8060
-8060
-8048
-8038
-8028
-8024
-8010
-7994
-7988
-7982
-7970
-7964
-7954
-7952
-7944
-7930
-7924
-7916
-7912
-7906
-7900
-7896
-7890
-7888
-7878
-7880
-7868
-7864
-7852
-7836
-7836
-7832
-7830
-7822
-7814
-7804
-7804
-7790
-7786
-7778
-7770
-7760
-7754
-7744
-7738
-7734
-7734
-7734
-7730
-7726
-7730
-7724
-7720
-7716
-7716
-7704
-7704
-7700
-7692
-7692
-7694
-7694
-7684
-7680
-7676
-7676
-7666
-7670
-7662
-7650
-7656
-7650
-7644
-7644
-7644
-7638
-7630
-7626
-7620
-7622
-7620
-7606
-7606
-7594
-7576
-7564
-7554
-7550
-7540
-7532
-7522
-7520
-7510
-7512
-7502
-7490
-7492
-7486
-7482
-7486
-7484
-7484
-7484
-7478
-7470
-7460
-7460
-7454
-7454
-7452
-7450
-7440
-7430
-7424
-7418
-7410
-7398
-7386
-7382
-7386
-7384
-7372
-7370
-7370
-7370
-7368
-7360
-7360
-7354
-7344
-7338
-7336
-7328
-7316
-7310
-7308
-7292
-7292
-7292
-7286
-7282
-7270
-7270
-7266
-7256
-7246
-7240
-7234
-7226
-7218
-7218
-7220
-7208
-7208
-7204
-7192
-7190
-7182
-7180
-7174
-7164
-7164
-7164
-7156
-7144
-7154
-7152
-7148
-7140
-7134
-7140
-7138
-7136
-7140
-7136
-7132
-7130
-7126
-7120
-7108
-7098
-7098
-7086
-7080
-7072
-7064
-7062
-7054
-7054
-7064
-7064
-7064
-7054
-7050
-7040
-7030
-7032
-7024
-7030
-7030
-7030
-7020
-7024
-7016
-7008
-7006
-6998
-6996
-6990
-6982
-6978
-6978
-6972
-6972
-6962
-6956
-6956
-6962
-6956
-6942
-6932
-6922
-6922
-6918
-6916
-6914
-6906
-6908
-6902
-6904
-6896
-6902
-6906
-6900
-6900
-6900
-6894
-6898
-6904
-6892
-6884
-6876
-6872
-6866
-6856
-6848
-6834
-6822
-6816
-6808
-6794
-6784
-6780
-6770
-6770
-6756
-6752
-6754
-6740
-6740
-6728
-6730
-6724
-6726
-6728
-6726
-6718
-6714
-6708
-6706
-6704
-6706
-6706
-6702
-6702
-6696
-6686
-6684
-6674
-6670
-6658
-6650
-6642
-6636
-6626
-6624
-6610
-6600
-6594
-6586
-6578
-6576
-6568
-6576
-6568
-6558
-6556
-6542
-6538
-6534
-6538
-6534
-6528
-6528
-6520
-6516
-6518
-6512
-6504
-6496
-6494
-6480
-6480
-6480
-6486
-6484
-6482
-6486
-6476
-6474
-6458
-6448
-6448
-6444
-6444
-6440
-6438
-6430
-6426
-6428
-6428
-6434
-6430
-6424
-6412
-6406
-6402
-6396
-6394
-6386
-6380
-6382
-6380
-6378
-6378
-6368
-6368
-6360
-6362
-6352
-6350
-6338
-6330
-6324
-6320
-6320
-6316
-6320
-6314
-6304
-6304
-6306
-6302
-6294
-6296
-6290
-6286
-6286
-6278
-6278
-6270
-6268
-6258
-6256
-6256
-6250
-6250
-6244
-6240
-6240
-6230
-6228
-6230
-6228
-6220
-6218
-6216
-6210
-6198
-6190
-6188
-6184
-6180
-6178
-6176
-6178
-6168
-6164
-6168
-6162
-6158
-6158
-6156
-6148
-6148
-6140
-6130
-6128
-6130
-6126
-6122
-6112
-6116
-6104
-6094
-6082
-6082
-6078
-6074
-6070
-6066
-6068
-6064
-6064
-6066
-6062
-6052
-6050
-6050
-6054
-6060
-6060
-6052
-6044
-6034
-6034
-6034
-6030
-6026
-6020
-6016
-6024
-6010
-6020
-6010
-5996
-5988
-5984
-5970
-5968
-5964
-5960
-5958
-5950
-5954
-5946
-5938
-5938
-5930
-5926
-5920
-5908
-5914
-5910
-5902
-5894
-5898
-5898
-5894
-5894
-5898
-5896
-5886
-5880
-5874
-5868
-5870
-5866
-5866
-5864
-5862
-5868
-5862
-5868
-5876
-5866
-5860
-5858
-5856
-5860
-5852
-5848
-5846
-5846
-5840
-5838
-5826
-5810
-5802
-5804
-5810
-5808
-5802
-5798
-5796
-5792
-5788
-5788
-5780
-5776
-5774
-5772
-5774
-5766
-5760
-5760
-5752
-5742
-5746
-5742
-5742
-5736
-5740
-5738
-5730
-5724
-5710
-5710
-5698
-5692
-5682
-5666
-5654
-5638
-5638
-5632
-5626
-5614
-5608
-5604
-5598
-5596
-5598
-5602
-5606
-5592
-5586
-5584
-5576
-5570
-5564
-5556
-5552
-5550
-5544
-5540
-5532
-5540
-5530
-5526
-5524
-5526
-5524
-5524
-5520
-5518
-5516
-5504
-5500
-5498
-5490
-5488
-5492
-5482
-5478
-5474
-5468
-5462
-5464
-5464
-5452
-5448
-5448
-5442
-5442
-5440
-5436
-5438
-5442
-5440
-5436
-5442
-5440
-5436
-5420
-5412
-5406
-5402
-5404
-5402
-5400
-5386
-5380
-5376
-5366
-5362
-5356
-5350
-5354
-5352
-5350
-5350
-5340
-5334
-5328
-5316
-5310
-5308
-5300
-5298
-5298
-5286
-5280
-5274
-5268
-5270
-5262
-5260
-5250
-5260
-5254
-5252
-5254
-5242
-5234
-5240
-5240
-5238
-5236
-5226
-5230
-5226
-5226
-5222
-5218
-5220
-5218
-5212
-5198
-5192
-5190
-5184
-5178
-5182
-5176
-5174
-5164
-5160
-5154
-5148
-5144
-5140
-5140
-5134
-5124
-5120
-5110
-5094
-5080
-5076
-5072
-5064
-5070
-5060
-5068
-5058
-5062
-5064
-5064
-5064
-5058
-5050
-5036
-5038
-5028
-5018
-5016
-5014
-5014
-5010
-5008
-5000
-4996
-4998
-4994
-4994
-4994
-4992
-4994
-4986
-4972
-4966
-4962
-4958
-4944
-4940
-4944
-4936
-4932
-4926
-4926
-4928
-4928
-4924
-4910
-4902
-4896
-4888
-4888
-4880
-4874
-4864
-4854
-4846
-4842
-4840
-4846
-4842
-4838
-4836
-4834
-4828
-4818
-4822
-4830
-4824
-4820
-4830
-4824
-4824
-4820
-4816
-4816
-4816
-4810
-4804
-4798
-4796
-4798
-4794
-4794
-4792
-4792
-4782
-4784
-4778
-4770
-4762
-4764
-4766
-4764
-4758
-4758
-4746
-4746
-4738
-4736
-4738
-4730
-4728
-4724
-4726
-4722
-4712
-4708
-4702
-4702
-4692
-4686
-4678
-4676
-4676
-4676
-4678
-4672
-4670
-4666
-4668
-4668
-4660
-4664
-4646
-4638
-4638
-4638
-4626
-4628
-4624
-4624
-4614
-4612
-4610
-4610
-4602
-4592
-4586
-4580
-4588
-4576
-4566
-4572
-4568
-4572
-4568
-4568
-4558
-4558
-4558
-4560
-4564
-4560
-4560
-4562
-4560
-4558
-4550
-4558
-4558
-4556
-4552
-4548
-4546
-4548
-4542
-4538
-4532
-4538
-4538
-4538
-4544
-4540
-4530
-4526
-4522
-4524
-4524
-4522
-4514
-4504
-4496
-4500
-4498
-4494
-4498
-4494
-4490
-4490
-4482
-4476
-4472
-4472
-4466
-4464
-4454
-4450
-4444
-4438
-4438
-4440
-4436
-4440
-4432
-4434
-4424
-4428
-4428
-4422
-4416
-4410
-4422
-4416
-4418
-4422
-4416
-4406
-4406
-4402
-4390
-4390
-4388
-4394
-4392
-4384
-4388
-4374
-4374
-4374
-4370
-4360
-4352
-4348
-4350
-4344
-4342
-4342
-4338
-4334
-4324
-4320
-4312
-4314
-4318
-4318
-4318
-4312
-4314
-4314
-4310
-4310
-4302
-4306
-4304
-4298
-4300
-4292
-4304
-4306
-4300
-4292
-4292
-4292
-4288
-4288
-4286
-4282
-4276
-4282
-4276
-4274
-4262
-4268
-4266
-4260
-4260
-4256
-4254
-4252
-4250
-4244
-4238
-4232
-4230
-4234
-4242
-4242
-4250
-4252
-4252
-4250
-4244
-4232
-4228
-4228
-4222
-4214
-4216
-4222
-4214
-4202
-4200
-4188
-4192
-4192
-4192
-4192
-4186
-4194
-4192
-4182
-4178
-4174
-4166
-4162
-4162
-4158
-4156
-4144
-4146
-4152
-4146
-4140
-4132
-4136
-4128
-4126
-4130
-4122
-4130
-4124
-4112
-4116
-4108
-4102
-4100
-4090
-4086
-4078
-4078
-4080
-4086
-4080
-4076
-4074
-4074
-4060
-4056
-4054
-4054
-4050
-4036
-4030
-4020
-4016
-4012
-4012
-4000
-3998
-3998
-3998
-3996
-3998
-3998
-3994
-3996
-3992
-3994
-3994
-3990
-3988
-3984
-3980
-3980
-3968
-3958
-3966
-3964
-3954
-3956
-3948
-3946
-3948
-3942
-3942
-3934
-3944
-3940
-3938
-3934
-3928
-3932
-3928
-3932
-3932
-3924
-3922
-3914
-3912
-3904
-3910
-3908
-3900
-3908
-3904
-3904
-3898
-3902
-3898
-3884
-3886
-3884
-3884
-3884
-3878
-3864
-3864
-3856
-3856
-3850
-3850
-3842
-3840
-3834
-3836
-3830
-3830
-3834
-3820
-3816
-3818
-3820
-3814
-3814
-3810
-3810
-3800
-3802
-3792
-3796
-3796
-3790
-3790
-3788
-3780
-3774
-3780
-3784
-3776
-3768
-3758
-3756
-3760
-3750
-3752
-3758
-3754
-3748
-3744
-3742
-3732
-3734
-3724
-3730
-3726
-3716
-3710
-3710
-3706
-3702
-3698
-3688
-3680
-3686
-3678
-3672
-3674
-3670
-3666
-3670
-3676
-3672
-3672
-3670
-3670
-3664
-3666
-3660
-3656
-3650
-3644
-3644
-3646
-3644
-3638
-3642
-3642
-3638
-3644
-3630
-3634
-3638
-3632
-3626
-3636
-3644
-3642
-3636
-3636
-3634
-3636
-3632
-3648
-3640
-3632
-3622
-3622
-3618
-3612
-3614
-3614
-3606
-3610
-3610
-3604
-3604
-3598
-3594
-3586
-3584
-3582
-3576
-3564
-3570
-3568
-3564
-3562
-3550
-3540
-3536
-3538
-3536
-3530
-3518
-3512
-3504
-3498
-3500
-3500
-3498
-3498
-3494
-3486
-3482
-3490
-3490
-3490
-3498
-3494
-3492
-3484
-3492
-3482
-3476
-3468
-3458
-3462
-3462
-3462
-3456
-3456
-3452
-3440
-3436
-3438
-3434
-3426
-3424
-3418
-3416
-3410
-3408
-3402
-3404
-3410
-3412
-3410
-3410
-3406
-3408
-3400
-3400
-3394
-3400
-3398
-3380
-3384
-3382
-3376
-3372
-3376
-3378
-3372
-3372
-3364
-3352
-3346
-3346
-3338
-3336
-3330
-3330
-3328
-3324
-3312
-3306
-3302
-3304
-3300
-3294
-3294
-3298
-3298
-3294
-3288
-3282
-3284
-3284
-3276
-3282
-3270
-3268
-3272
-3270
-3268
-3264
-3266
-3266
-3266
-3272
-3268
-3274
-3276
-3272
-3272
-3280
-3284
-3284
-3282
-3286
-3284
-3278
-3284
-3284
-3280
-3272
-3270
-3262
-3270
-3268
-3268
-3272
-3272
-3270
-3270
-3276
-3272
-3274
-3260
-3258
-3252
-3252
-3246
-3246
-3242
-3236
-3234
-3230
-3236
-3230
-3226
-3224
-3222
-3210
-3206
-3200
-3208
-3204
-3196
-3192
-3188
-3192
-3194
-3188
-3174
-3174
-3168
-3166
-3172
-3172
-3164
-3170
-3166
-3172
-3164
-3160
-3154
-3150
-3154
-3156
-3156
-3150
-3142
-3138
-3136
-3124
-3124
-3108
-3102
-3100
-3090
-3090
-3082
-3078
-3080
-3080
-3086
-3084
-3086
-3080
-3080
-3072
-3072
-3072
-3066
-3066
-3064
-3060
-3062
-3058
-3056
-3048
-3042
-3036
-3038
-3032
-3024
-3020
-3020
-3020
-3022
-3024
-3020
-3020
-3020
-3022
-3018
-3018
-3012
-3020
-3022
-3018
-3020
-3012
-3010
-3010
-3012
-3004
-2998
-3002
-3006
-3000
-3004
-3004
-3008
-3004
-3002
-2994
-2990
-2980
-2974
-2972
-2964
-2956
-2958
-2954
-2954
-2950
-2940
-2926
-2922
-2928
-2924
-2920
-2916
-2926
-2936
-2936
-2936
-2926
-2924
-2922
-2916
-2918
-2920
-2916
-2920
-2924
-2918
-2924
-2914
-2908
-2896
-2896
-2892
-2888
-2888
-2890
-2884
-2878
-2880
-2886
-2876
-2880
-2874
-2872
-2860
-2860
-2852
-2856
-2852
-2844
-2838
-2836
-2820
-2818
-2822
-2822
-2828
-2822
-2822
-2830
-2826
-2814
-2814
-2818
-2822
-2824
-2826
-2830
-2828
-2824
-2824
-2824
-2814
-2812
-2814
-2814
-2814
-2810
-2810
-2810
-2806
-2802
-2800
-2792
-2794
-2792
-2792
-2792
-2792
-2798
-2794
-2796
-2788
-2780
-2774
-2774
-2780
-2778
-2780
-2776
-2774
-2770
-2764
-2766
-2770
-2776
-2778
-2764
-2764
-2764
-2776
-2766
-2768
-2766
-2760
-2750
-2754
-2748
-2746
-2744
-2742
-2738
-2726
-2726
-2720
-2708
-2710
-2706
-2702
-2698
-2702
-2702
-2696
-2690
-2682
-2672
-2672
-2668
-2668
-2668
-2664
-2660
-2656
-2654
-2654
-2660
-2652
-2654
-2646
-2640
-2638
-2638
-2628
-2638
-2638
-2634
-2636
-2630
-2632
-2628
-2626
-2622
-2628
-2626
-2614
-2614
-2620
-2616
-2616
-2606
-2600
-2598
-2600
-2604
-2602
-2592
-2592
-2592
-2596
-2592
-2592
-2592
-2584
-2584
-2586
-2588
-2590
-2582
-2580
-2580
-2574
-2572
-2572
-2572
-2562
-2570
-2560
-2556
-2550
-2552
-2552
-2548
-2546
-2554
-2542
-2544
-2544
-2546
-2546
-2542
-2540
-2540
-2540
-2544
-2536
-2538
-2538
-2534
-2534
-2522
-2524
-2512
-2510
-2504
-2498
-2496
-2492
-2488
-2494
-2488
-2488
-2482
-2488
-2472
-2468
-2470
-2470
-2472
-2472
-2466
-2464
-2460
-2460
-2452
-2456
-2458
-2444
-2438
-2440
-2436
-2438
-2430
-2428
-2430
-2428
-2428
-2424
-2414
-2414
-2414
-2406
-2406
-2402
-2406
-2402
-2400
-2400
-2404
-2394
-2386
-2386
-2386
-2386
-2384
-2374
-2374
-2370
-2360
-2362
-2360
-2364
-2368
-2368
-2374
-2374
-2372
-2372
-2378
-2376
-2382
-2380
-2388
-2386
-2378
-2370
-2370
-2358
-2366
-2366
-2368
-2368
-2358
-2358
-2356
-2364
-2358
-2352
-2356
-2348
-2346
-2342
-2332
-2322
-2320
-2324
-2330
-2330
-2328
-2328
-2328
-2326
-2326
-2320
-2316
-2312
-2304
-2300
-2306
-2308
-2298
-2298
-2288
-2294
-2296
-2288
-2294
-2284
-2282
-2280
-2272
-2274
-2268
-2262
-2254
-2256
-2252
-2246
-2246
-2244
-2246
-2246
-2250
-2252
-2256
-2252
-2250
-2258
-2252
-2254
-2248
-2246
-2238
-2232
-2234
-2230
-2224
-2222
-2220
-2220
-2232
-2230
-2232
-2236
-2224
-2222
-2224
-2222
-2212
-2204
-2200
-2200
-2198
-2198
-2192
-2184
-2180
-2184
-2194
-2196
-2200
-2200
-2202
-2200
-2200
-2200
-2202
-2210
-2220
-2218
-2204
-2200
-2206
-2200
-2194
-2190
-2192
-2182
-2174
-2178
-2178
-2174
-2172
-2174
-2178
-2172
-2178
-2180
-2188
-2184
-2186
-2180
-2182
-2174
-2176
-2176
-2182
-2180
-2178
-2172
-2168
-2166
-2170
-2158
-2156
-2148
-2142
-2140
-2134
-2136
-2130
-2128
-2120
-2128
-2124
-2124
-2118
-2118
-2112
-2112
-2112
-2112
-2114
-2106
-2106
-2110
-2098
-2096
-2086
-2086
-2082
-2074
-2072
-2068
-2068
-2068
-2070
-2058
-2058
-2054
-2060
-2046
-2050
-2044
-2038
-2034
-2042
-2048
-2044
-2052
-2050
-2050
-2050
-2052
-2050
-2046
-2038
-2030
-2030
-2024
-2026
-2030
-2028
-2020
-2014
-2008
-2008
-2000
-1986
-1986
-1984
-1986
-1986
-1982
-1994
-2000
-2004
-1990
-1996
-1988
-1984
-1974
-1972
-1978
-1980
-1980
-1974
-1962
-1970
-1968
-1970
-1980
-1976
-1972
-1968
-1964
-1970
-1958
-1952
-1950
-1946
-1938
-1940
-1930
-1922
-1918
-1916
-1916
-1918
-1914
-1914
-1912
-1914
-1906
-1904
-1896
-1890
-1890
-1886
-1878
-1876
-1874
-1874
-1872
-1870
-1866
-1866
-1866
-1866
-1864
-1860
-1854
-1846
-1844
-1840
-1850
-1836
-1830
-1834
-1826
-1830
-1820
-1820
-1830
-1826
-1824
-1830
-1824
-1820
-1818
-1814
-1806
-1798
-1792
-1782
-1782
-1784
-1792
-1798
-1790
-1786
-1784
-1776
-1766
-1764
-1760
-1762
-1758
-1758
-1768
-1770
-1764
-1764
-1756
-1764
-1756
-1756
-1754
-1762
-1754
-1762
-1766
-1766
-1762
-1766
-1768
-1762
-1752
-1742
-1746
-1738
-1734
-1738
-1742
-1740
-1742
-1732
-1720
-1710
-1710
-1706
-1706
-1708
-1710
-1712
-1714
-1714
-1712
-1712
-1704
-1690
-1692
-1690
-1690
-1690
-1686
-1684
-1682
-1684
-1682
-1676
-1676
-1670
-1658
-1656
-1648
-1640
-1638
-1646
-1644
-1640
-1644
-1656
-1662
-1662
-1650
-1650
-1656
-1664
-1662
-1658
-1654
-1654
-1646
-1648
-1646
-1636
-1628
-1624
-1614
-1616
-1620
-1618
-1624
-1634
-1636
-1632
-1632
-1632
-1634
-1648
-1648
-1648
-1646
-1648
-1644
-1636
-1632
-1632
-1618
-1614
-1620
-1620
-1614
-1606
-1610
-1602
-1596
-1590
-1586
-1590
-1590
-1582
-1588
-1588
-1596
-1596
-1590
-1590
-1588
-1582
-1590
-1594
-1588
-1592
-1596
-1598
-1600
-1588
-1584
-1584
-1586
-1582
-1580
-1572
-1564
-1558
-1558
-1560
-1556
-1554
-1542
-1538
-1528
-1530
-1534
-1536
-1538
-1540
-1544
-1542
-1528
-1526
-1522
-1526
-1532
-1524
-1524
-1514
-1520
-1518
-1512
-1512
-1512
-1520
-1510
-1508
-1506
-1504
-1494
-1492
-1492
-1490
-1484
-1490
-1482
-1490
-1500
-1506
-1504
-1504
-1494
-1506
-1510
-1506
-1506
-1502
-1502
-1506
-1510
-1510
-1508
-1500
-1512
-1508
-1508
-1496
-1500
-1492
-1480
-1480
-1480
-1484
-1484
-1488
-1486
-1482
-1486
-1486
-1476
-1466
-1468
-1468
-1466
-1464
-1452
-1452
-1454
-1440
-1444
-1440
-1440
-1438
-1446
-1436
-1434
-1434
-1434
-1432
-1436
-1434
-1436
-1436
-1438
-1444
-1442
-1434
-1436
-1428
-1422
-1428
-1428
-1426
-1436
-1428
-1428
-1428
-1422
-1416
-1418
-1406
-1392
-1392
-1400
-1394
-1398
-1390
-1386
-1386
-1386
-1388
-1388
-1386
-1378
-1380
-1382
-1374
-1378
-1374
-1374
-1370
-1376
-1384
-1378
-1376
-1368
-1372
-1374
-1374
-1376
-1376
-1370
-1372
-1378
-1374
-1366
-1366
-1362
-1360
-1354
-1352
-1342
-1342
-1338
-1344
-1344
-1344
-1346
-1344
-1344
-1358
-1354
-1348
-1342
-1332
-1326
-1324
-1322
-1324
-1320
-1316
-1310
-1316
-1320
-1310
-1314
-1310
-1320
-1320
-1316
-1318
-1324
-1316
-1308
-1302
-1300
-1296
-1282
-1288
-1286
-1276
-1282
-1290
-1286
-1288
-1286
-1282
-1272
-1280
-1280
-1280
-1280
-1286
-1280
-1272
-1272
-1272
-1274
-1268
-1270
-1278
-1272
-1280
-1284
-1290
-1280
-1274
-1264
-1266
-1266
-1262
-1258
-1262
-1262
-1256
-1268
-1262
-1258
-1258
-1262
-1262
-1270
-1266
-1268
-1270
-1270
-1276
-1270
-1268
-1268
-1266
-1268
-1274
-1270
-1270
-1276
-1278
-1280
-1280
-1280
-1266
-1262
-1262
-1262
-1258
-1252
-1246
-1242
-1238
-1238
-1236
-1224
-1216
-1218
-1212
-1218
-1232
-1232
-1228
-1234
-1234
-1228
-1226
-1224
-1232
-1224
-1220
-1220
-1220
-1216
-1216
-1214
-1212
-1214
-1210
-1212
-1210
-1202
-1204
-1208
-1206
-1204
-1206
-1200
-1196
-1190
-1186
-1194
-1200
-1198
-1192
-1194
-1194
-1186
-1188
-1188
-1192
-1188
-1194
-1194
-1194
-1188
-1188
-1182
-1172
-1172
-1184
-1178
-1174
-1174
-1176
-1174
-1174
-1174
-1172
-1170
-1160
-1158
-1160
-1166
-1158
-1152
-1164
-1158
-1156
-1156
-1168
-1168
-1178
-1166
-1164
-1152
-1150
-1150
-1142
-1144
-1144
-1150
-1144
-1146
-1150
-1154
-1154
-1138
-1134
-1136
-1134
-1130
-1128
-1116
-1116
-1108
-1108
-1104
-1100
-1096
-1090
-1098
-1098
-1102
-1112
-1108
-1110
-1108
-1110
-1108
-1098
-1096
-1096
-1092
-1086
-1090
-1090
-1084
-1084
-1082
-1080
-1070
-1070
-1072
-1066
-1062
-1062
-1046
-1044
-1036
-1030
-1026
-1028
-1018
-1020
-1026
-1022
-1026
-1026
-1026
-1028
-1030
-1028
-1018
-1020
-1016
-1020
-1014
-1010
-1012
-1010
-1002
-1006
-1010
-1014
-1016
-1004
-1008
-996
-990
-990
-992
-988
-984
-982
-968
-958
-958
-958
-958
-948
-948
-944
-944
-948
-948
-958
-952
-954
-954
-954
-948
-938
-940
-940
-934
-934
-932
-928
-926
-930
-930
-930
-930
-926
-924
-922
-918
-920
-916
-914
-914
-910
-910
-914
-910
-910
-898
-900
-900
-904
-904
-900
-902
-906
-898
-892
-902
-890
-890
-880
-880
-882
-880
-880
-868
-876
-870
-884
-886
-882
-870
-866
-858
-860
-856
-854
-854
-850
-842
-842
-842
-832
-838
-842
-838
-832
-828
-830
-830
-826
-832
-824
-832
-834
-834
-832
-834
-840
-834
-828
-824
-826
-818
-818
-814
-820
-830
-830
-830
-834
-840
-828
-822
-812
-812
-802
-802
-796
-788
-788
-788
-786
-792
-796
-804
-788
-778
-776
-776
-778
-774
-774
-764
-770
-770
-764
-764
-762
-746
-736
-736
-730
-730
-734
-738
-738
-722
-718
-706
-706
-704
-708
-716
-712
-710
-712
-704
-708
-712
-700
-696
-696
-688
-690
-686
-690
-688
-688
-690
-686
-680
-670
-682
-678
-680
-676
-672
-666
-666
-656
-658
-658
-672
-668
-670
-672
-668
-664
-670
-674
-678
-674
-662
-666
-666
-662
-656
-658
-656
-660
-660
-662
-662
-662
-664
-664
-664
-658
-664
-664
-658
-658
-652
-644
-648
-646
-646
-654
-656
-652
-650
-646
-636
-636
-634
-636
-636
-636
-636
-638
-632
-640
-646
-652
-652
-654
-654
-652
-650
-650
-654
-648
-648
-650
-650
-646
-642
-648
-662
-652
-646
-650
-642
-636
-636
-638
-638
-646
-650
-654
-640
-648
-648
-652
-656
-648
-650
-648
-644
-652
-658
-652
-652
-654
-664
-656
-662
-666
-664
-660
-660
-662
-664
-668
-660
-658
-670
-668
-668
-668
-660
-654
-660
-660
-656
-656
-656
-662
-662
-656
-658
-648
-640
-648
-650
-646
-640
-636
-638
-630
-618
-618
-614
-608
-606
-612
-612
-606
-604
-602
-594
-588
-590
-592
-598
-598
-596
-590
-586
-586
-578
-574
-582
-574
-564
-560
-570
-564
-570
-580
-584
-580
-580
-578
-570
-576
-576
-572
-564
-570
-568
-568
-574
-564
-562
-566
-562
-556
-550
-548
-540
-534
-536
-532
-538
-536
-538
-538
-530
-514
-510
-510
-500
-496
-492
-494
-490
-488
-496
-496
-490
-490
-492
-492
-482
-482
-470
-476
-474
-478
-476
-472
-474
-478
-466
-464
-474
-476
-464
-468
-470
-468
-466
-466
-466
-466
-458
-448
-446
-450
-444
-436
-440
-434
-434
-436
-442
-438
-430
-420
-418
-420
-414
-416
-416
-418
-418
-408
-404
-400
-400
-400
-402
-402
-404
-404
-400
-398
-408
-416
-414
-416
-420
-414
-418
-408
-408
-408
-404
-410
-410
-408
-410
-406
-402
-390
-396
-390
-388
-388
-392
-388
-394
-392
-396
-392
-388
-388
-388
-392
-380
-368
-354
-354
-346
-344
-346
-344
-346
-344
-344
-338
-338
-338
-342
-336
-336
-328
-328
-332
-330
-324
-326
-328
-328
-332
-326
-330
-326
-334
-330
-332
-324
-324
-332
-326
-332
-340
-340
-342
-338
-342
-342
-338
-340
-336
-336
-330
-332
-336
-344
-344
-344
-330
-322
-318
-310
-308
-306
-308
-316
-316
-314
-320
-320
-314
-328
-332
-326
-332
-330
-330
-322
-326
-328
-318
-318
-324
-316
-314
-314
-312
-314
-314
-318
-308
-314
-314
-308
-308
-312
-308
-296
-288
-290
-290
-294
-296
-300
-306
-304
-300
-298
-290
-300
-300
-298
-300
-298
-292
-294
-298
-292
-290
-290
-280
-276
-278
-278
-276
-276
-272
-274
-274
-274
-276
-274
-286
-286
-286
-284
-280
-280
-268
-264
-260
-260
-262
-266
-270
-270
-276
-270
-258
-254
-248
-248
-252
-248
-248
-250
-244
-234
-234
-238
-236
-232
-236
-236
-234
-230
-232
-228
-226
-230
-222
-222
-224
-228
-228
-232
-232
-232
-230
-230
-228
-222
-220
-228
-218
-214
-212
-218
-216
-218
-218
-216
-212
-216
-224
-218
-210
-208
-216
-220
-224
-222
-220
-220
-214
-204
-196
-196
-200
-198
-198
-206
-196
-202
-202
-206
-220
-220
-222
-222
-214
-216
-216
-224
-222
-228
-232
-242
-248
-238
-240
-242
-232
-230
-238
-240
-232
-230
-230
-234
-240
-240
-244
-250
-244
-250
-260
-260
-262
-260
-260
-258
-254
-254
-258
-256
-262
-262
-258
-260
-264
-264
-256
-258
-264
-264
-272
-274
-274
-274
-276
-274
-268
-268
-268
-270
-266
-262
-262
-264
-260
-256
-252
-252
-246
-248
-250
-250
-248
-248
-248
-252
-250
-248
-250
-252
-262
-270
-266
-264
-264
-260
-264
-268
-262
-264
-264
-270
-266
-266
-264
-258
-254
-258
-254
-254
-254
-250
-258
-254
-248
-254
-260
-260
-254
-254
-250
-250
-254
-256
-260
-256
-254
-252
-252
-250
-250
-254
-258
-262
-254
-246
-248
-246
-248
-250
-238
-236
-244
-236
-238
-238
-236
-226
-222
-220
-216
-220
-218
-216
-222
-216
-218
-216
-224
-230
-228
-222
-220
-220
-220
-232
-232
-228
-226
-226
-220
-210
-212
-218
-220
-226
-220
-216
-216
-216
-218
-216
-214
-218
-210
-214
-214
-210
-210
-216
-214
-220
-222
-218
-222
-214
-212
-214
-210
-208
-204
-208
-218
-222
-214
-206
-208
-214
-226
-230
-236
-240
-244
-234
-226
-210
-214
-220
-214
-206
-208
-210
-208
-212
-208
-210
-218
-220
-222
-222
-220
-220
-222
-216
-214
-216
-200
-200
-200
-202
-202
-202
-196
-192
-184
-180
-174
-168
-166
-174
-170
-170
-170
-174
-170
-160
-152
-154
-154
-154
-144
-146
-144
-140
-138
-132
-128
-128
-128
-130
-124
-128
-126
-134
-132
-124
-118
-114
-114
-116
-124
-118
-118
-114
-114
-112
-114
-114
-114
-112
-114
-122
-128
-128
-130
-130
-134
-134
-132
-124
-122
-118
-130
-130
-128
-120
-116
-106
-102
-102
-108
-106
-96
-86
-86
-98
-104
-98
-98
-100
-94
-92
-90
-80
-78
-76
-80
-76
-80
-82
-74
-66
-54
-54
-60
-62
-56
-56
-68
-72
-74
-64
-68
-70
-70
-70
-76
-78
-78
-84
-74
-70
-70
-66
-68
-62
-58
-50
-50
-52
-46
-46
-48
-36
-40
-32
-32
-38
-38
-38
-46
-50
-50
-50
-52
-48
-40
-44
-44
-44
-44
-44
-50
-40
-46
-52
-54
-54
-60
-54
-52
-54
-58
-52
-52
-52
-56
-54
-54
-54
-50
-58
-60
-54
-52
-52
-50
-46
-44
-38
-40
-44
-44
-46
-34
-26
-40
-40
-40
-34
-40
-44
-42
-42
-44
-50
-48
-42
-42
-42
-36
-42
-48
-50
-52
-54
-54
-52
-52
-52
-54
-48
-44
-42
-52
-54
-54
-60
-56
-58
-50
-46
-44
-40
-40
-40
-42
-38
-34
-30
-40
-40
-34
-32
-40
-42
-52
-48
-60
-56
-56
-56
-52
-54
-44
-50
-52
-52
-50
-58
-58
-58
-58
-56
-58
-58
-62
-66
-64
-58
-66
-68
-70
-80
-74
-74
-74
-68
-66
-58
-58
-48
-50
-48
-58
-62
-68
-70
-74
-74
-70
-66
-68
-70
-60
-56
-50
-48
-40
-42
-44
-44
-44
-42
-36
-30
-30
-28
-34
-34
-24
-22
-24
-24
-30
-26
-24
-28
-28
-22
-26
-40
-38
-36
-34
-38
-32
-32
-38
-38
-42
-40
-48
-44
-46
-38
-48
-44
-42
-44
-48
-46
-46
-42
-42
-34
-32
-40
-44
-46
-48
-58
-72
-68
-72
-74
-80
-84
-88
-94
-94
-98
-102
-104
-104
-96
-92
-92
-100
-102
-92
-92
-82
-82
-76
-76
-68
-72
-74
-72
-76
-84
-84
-86
-92
-92
-94
-82
-88
-88
-102
-102
-106
-110
-114
-114
-118
-118
-120
-132
-130
-122
-126
-120
-116
-116
-114
-112
-102
-94
-90
-90
-88
-88
-82
-80
-76
-76
-70
-68
-66
-66
-64
-66
-66
-58
-54
-66
-66
-60
-54
-56
-58
-50
-52
-50
-50
-50
-42
-42
-40
-36
-36
-36
-38
-38
-36
-32
-36
-42
-32
-36
-38
-48
-58
-58
-52
-46
-40
-36
-38
-38
-34
-36
-42
-36
-36
-30
-26
-22
-22
-18
-18
-8
-16
-26
-20
-22
-20
-22
-20
-20
-26
-26
-28
-40
-44
-44
-44
-40
-28
-28
-24
-24
-28
-30
-36
-34
-36
-34
-26
-30
-38
-46
-48
-46
-44
-40
-44
-54
-54
-58
-52
-42
-36
-40
-44
-52
-52
-56
-50
-54
-58
-64
-66
-62
-60
-58
-56
-52
-58
-56
-52
-54
-54
-56
-54
-48
-50
-46
-46
-50
-54
-50
-40
-44
-44
-44
-44
-34
-32
-34
-42
-30
-34
-38
-36
-32
-28
-38
-40
-40
-44
-44
-42
-32
-30
-26
-28
-16
-12
-18
-22
-24
-24
-16
-12
-22
-20
-20
-12
-24
-26
-22
-22
-18
-20
-18
-18
-22
-32
-44
-44
-44
-50
-38
-36
-32
-24
-22
-26
-22
-22
-28
-28
-26
-22
-22
-26
-30
-38
-36
-22
-20
-12
-10
-6
-6
-6
-4
-4
-6
2
-2
-6
0
0
12
14
14
10
8
18
18
22
18
26
18
24
26
26
30
28
20
28
28
26
26
30
30
30
26
36
36
36
36
36
44
42
38
36
44
52
54
60
62
62
62
62
68
74
74
68
74
72
74
74
74
72
80
78
76
78
86
76
76
80
82
86
94
94
100
108
104
104
112
106
114
114
116
110
110
114
116
114
102
102
104
94
90
98
106
108
108
106
94
94
104
104
108
108
104
118
116
110
108
108
108
108
106
112
110
110
116
120
118
116
124
126
126
130
130
126
134
132
132
128
134
134
130
134
130
132
142
144
150
144
152
158
158
154
150
150
150
154
160
160
160
160
156
156
160
168
170
166
160
148
150
154
154
154
154
156
164
168
164
162
164
164
170
176
180
186
186
178
180
184
178
176
174
176
172
170
168
164
156
158
158
150
150
146
144
148
164
160
164
164
166
166
172
180
182
186
184
188
186
190
188
194
196
208
210
208
206
208
214
220
218
220
214
216
230
234
228
222
226
230
230
230
226
226
234
228
226
222
222
216
214
216
208
212
202
194
196
202
208
208
206
206
202
204
212
212
206
208
206
204
198
204
214
212
210
210
212
206
202
202
200
200
202
202
206
216
224
214
222
228
234
246
250
254
254
260
260
258
258
270
268
280
278
280
286
280
278
276
284
286
290
282
284
280
266
270
274
272
280
290
288
284
278
272
274
278
282
278
278
290
294
292
288
284
282
276
268
270
270
262
256
252
260
250
246
250
250
250
244
250
254
250
244
260
268
276
274
272
278
280
282
282
278
284
282
282
280
288
288
286
286
286
286
286
286
278
278
272
278
278
280
288
278
280
278
276
276
268
272
272
278
286
288
286
290
292
284
286
290
298
294
294
282
286
288
288
286
292
292
284
284
288
294
296
290
286
284
276
284
290
292
292
290
284
284
284
290
290
290
290
284
286
286
286
290
300
304
304
310
312
312
306
314
320
314
314
312
320
316
318
318
316
312
324
324
324
328
322
322
326
318
330
330
326
328
332
332
326
330
328
316
312
314
314
316
318
314
308
312
312
312
310
316
318
326
336
344
342
336
328
334
322
324
318
322
324
328
326
332
332
332
338
338
348
354
354
358
358
360
370
362
364
364
364
354
358
364
366
368
364
356
362
356
360
366
374
382
374
374
374
382
382
382
384
382
384
392
386
386
390
394
400
400
408
412
408
402
400
402
396
396
394
394
396
394
388
388
390
390
394
400
390
390
398
398
392
396
388
398
406
410
412
408
408
412
406
414
414
412
404
404
406
410
410
406
406
400
400
404
400
390
388
390
390
390
390
392
398
386
392
392
394
390
394
390
388
390
392
390
382
390
392
398
402
400
396
394
394
388
388
382
374
380
380
382
376
370
376
376
362
360
354
362
364
362
360
360
370
370
370
370
370
366
354
360
368
368
370
374
374
368
364
368
366
366
368
360
366
360
360
364
364
372
366
368
362
370
370
384
388
378
370
364
362
362
352
346
356
360
360
352
356
362
362
362
360
364
366
368
372
372
380
390
388
396
392
394
402
400
404
412
424
422
426
432
434
444
440
440
446
444
444
438
444
442
442
444
446
446
448
442
442
446
446
432
424
422
420
424
422
418
428
426
420
420
424
432
432
434
444
450
442
442
446
446
434
436
432
422
420
422
422
416
426
432
432
430
434
434
434
436
430
430
422
408
408
408
414
412
412
414
414
414
424
424
430
430
434
434
426
426
418
420
422
424
412
420
414
414
402
414
410
406
406
404
398
398
390
394
392
394
390
384
384
390
384
384
380
378
382
378
378
382
378
384
382
384
384
384
384
384
384
380
374
368
366
364
364
364
356
366
374
378
378
378
384
382
376
368
374
378
386
382
378
378
384
382
382
388
388
396
388
386
392
392
392
390
392
392
396
410
406
412
418
416
416
418
420
416
416
424
420
416
418
418
420
412
408
410
402
408
412
406
408
406
418
422
424
432
438
428
438
434
436
430
426
426
430
428
428
434
426
418
422
416
416
418
412
408
406
406
412
424
426
420
420
434
424
420
418
426
426
420
418
418
418
418
414
416
414
416
410
418
422
428
426
430
432
430
438
438
434
428
428
420
420
426
440
444
446
442
446
446
440
452
440
438
436
432
432
418
420
418
418
422
414
412
412
416
422
418
414
414
400
396
400
408
402
412
408
410
418
418
414
414
412
412
410
414
416
414
422
424
418
422
422
420
408
406
406
404
408
406
406
402
404
406
406
410
412
422
422
426
424
422
422
416
402
402
400
400
394
386
382
388
386
386
392
394
392
396
398
408
408
410
412
414
422
426
432
426
428
426
428
434
434
430
424
428
428
432
432
430
430
432
438
438
434
430
430
430
438
436
436
446
452
454
448
448
450
450
450
444
446
446
448
442
434
434
446
444
456
462
464
472
466
472
474
468
466
470
470
474
478
480
474
468
468
474
472
472
478
472
474
478
480
478
480
484
494
494
494
498
496
498
494
494
502
510
518
518
518
520
516
508
504
498
510
506
500
496
496
492
482
482
486
486
490
492
502
508
512
518
518
526
530
534
534
534
538
536
540
534
534
534
530
530
530
530
534
528
526
526
534
536
532
530
536
530
528
532
538
540
544
542
548
544
542
534
526
532
536
538
540
536
536
536
538
530
534
524
532
524
524
522
516
514
508
506
512
512
504
512
520
522
518
518
518
526
524
520
516
516
516
516
514
514
520
524
520
516
518
518
510
508
508
504
508
514
510
514
522
520
514
504
502
502
500
500
498
498
498
508
508
522
534
536
534
528
536
540
544
548
556
556
562
560
566
578
578
574
572
576
568
580
574
570
566
572
578
582
584
588
596
592
584
590
590
590
588
584
590
596
596
596
586
580
576
578
582
570
570
574
578
578
574
574
576
574
576
576
580
578
580
576
572
572
572
576
578
576
578
578
568
570
568
574
576
576
576
572
564
564
566
576
570
572
578
580
586
584
584
582
578
578
566
562
566
570
568
566
568
566
568
564
562
566
574
582
574
568
562
562
566
578
572
572
572
568
558
554
554
556
552
552
554
552
554
554
550
550
548
546
546
542
550
546
548
556
558
554
552
558
552
556
558
560
562
568
566
572
572
572
570
570
578
580
576
576
572
580
576
576
576
570
570
576
576
576
574
572
572
574
574
576
572
576
570
570
568
560
560
562
558
546
546
546
544
544
546
546
552
564
564
564
570
570
578
586
586
586
592
582
582
582
590
584
584
588
582
582
574
568
574
570
570
568
570
570
572
578
582
582
582
580
574
572
572
574
574
574
576
584
586
588
590
592
596
598
610
610
608
614
604
608
608
608
610
612
612
610
626
630
624
616
624
626
628
622
628
626
626
634
630
628
630
630
622
622
620
616
612
612
608
606
592
582
584
588
588
588
588
580
568
572
570
568
562
568
562
564
564
560
566
566
564
556
554
550
556
554
556
556
556
552
554
550
546
546
544
544
538
544
546
546
552
552
558
550
556
566
558
556
556
552
550
548
544
544
542
534
540
542
538
546
546
550
550
552
548
550
544
546
554
554
554
548
548
546
542
536
536
530
524
522
524
528
524
530
526
524
524
524
522
526
526
534
530
534
524
518
516
514
516
514
522
522
518
526
532
528
526
530
536
536
526
524
508
502
508
508
508
508
508
506
510
510
502
498
488
494
496
490
488
490
492
492
494
484
484
492
486
486
490
498
492
492
486
486
494
484
488
486
476
480
480
482
482
476
478
484
474
472
464
476
484
488
490
490
492
492
484
482
486
492
492
484
498
500
506
508
500
500
502
504
496
498
502
510
518
514
512
512
520
518
516
514
518
510
514
506
496
498
498
502
490
490
492
488
488
484
480
484
494
488
490
488
486
486
488
490
494
498
498
494
494
494
496
504
508
506
506
498
500
500
506
506
508
514
514
522
524
524
520
520
524
534
534
530
524
524
514
518
512
512
504
502
502
496
508
512
506
502
492
504
506
500
504
504
498
504
508
518
518
514
520
510
506
508
506
508
500
498
510
502
498
498
496
504
508
516
524
526
526
514
514
514
514
520
520
514
520
516
516
504
512
510
512
524
526
526
518
518
506
506
510
502
502
502
508
514
524
518
516
516
518
516
508
506
508
504
514
504
508
506
510
514
518
516
512
522
526
520
512
510
502
510
512
516
516
518
520
522
516
510
504
500
496
496
496
490
482
484
480
478
480
484
486
490
484
484
484
478
478
478
474
474
466
478
482
482
482
484
484
484
474
484
482
476
480
478
486
492
488
488
496
494
490
490
494
502
496
500
496
492
492
490
488
490
490
482
486
488
490
490
492
496
494
492
502
506
514
514
518
518
526
526
530
540
546
548
558
564
562
558
556
560
566
578
584
586
580
586
586
586
582
580
580
570
572
566
564
564
562
556
570
580
582
576
568
568
570
568
572
568
570
570
568
562
558
552
548
550
550
556
552
552
554
554
562
566
562
554
554
552
542
540
542
544
536
540
540
538
544
548
548
548
554
560
554
564
568
566
560
560
554
554
560
558
554
552
556
556
558
554
562
556
556
556
564
560
558
558
550
542
542
538
532
532
534
546
544
544
546
540
546
550
550
542
540
542
544
544
542
538
542
530
528
530
528
536
548
548
548
554
548
532
532
532
536
542
548
554
548
548
548
548
542
536
536
530
542
538
540
548
548
540
544
546
554
554
546
546
542
538
534
532
528
528
534
538
546
546
552
552
552
558
554
546
534
534
548
554
558
554
544
544
536
526
520
516
514
520
518
516
516
516
520
518
516
526
526
526
530
522
514
522
508
516
514
508
514
520
518
520
520
530
528
534
532
532
534
542
534
538
538
538
536
532
526
526
526
524
522
530
532
534
528
528
520
516
512
516
520
524
524
524
516
522
524
528
528
530
524
518
522
526
520
516
512
512
520
520
512
514
514
520
522
526
522
516
524
526
522
530
542
550
550
548
550
552
554
546
550
550
550
550
560
568
568
562
568
564
564
564
566
570
562
562
562
568
576
578
584
594
598
590
594
592
590
596
600
598
592
590
596
602
596
596
596
590
590
600
602
596
600
610
618
624
620
616
610
608
608
602
604
604
612
612
620
622
624
622
620
622
622
620
622
628
626
624
628
624
628
626
636
628
636
638
644
648
650
654
654
658
660
674
674
672
674
676
678
680
676
676
674
674
678
674
668
676
682
686
682
686
680
680
672
664
664
666
668
664
666
660
656
656
660
656
656
650
642
646
642
632
632
636
636
636
626
626
634
642
642
638
634
628
634
642
654
648
652
648
646
652
652
656
664
658
648
640
646
646
646
648
654
662
666
668
668
668
676
676
680
680
690
690
696
702
692
696
698
698
680
678
680
680
680
680
676
676
668
656
660
668
668
668
666
674
666
666
670
664
664
660
670
662
666
656
660
668
668
668
664
662
654
656
642
644
648
652
660
662
656
658
664
670
672
668
684
680
670
666
660
656
654
650
654
648
648
656
646
650
642
640
630
626
618
618
620
626
626
618
610
606
606
618
618
612
616
616
614
614
614
618
618
614
612
608
616
616
614
604
602
602
602
608
604
610
612
608
614
610
616
616
620
618
626
624
632
628
624
624
624
624
628
636
634
634
634
632
640
646
646
656
654
646
652
660
670
670
680
678
676
680
674
674
666
666
670
676
680
682
688
688
688
690
696
700
704
706
706
706
700
700
712
714
708
710
706
708
710
710
710
714
712
708
706
702
702
704
704
698
700
696
692
698
698
692
692
700
700
704
708
716
720
712
718
728
728
728
726
726
734
730
724
718
716
718
718
710
712
718
720
728
718
714
714
726
736
732
744
746
740
742
738
740
742
742
740
742
738
734
738
734
746
744
752
752
758
758
752
750
758
764
760
750
748
740
738
744
744
748
742
740
742
748
750
742
742
736
736
738
738
744
730
730
728
718
724
724
718
714
700
690
682
684
688
690
688
696
694
690
690
698
696
694
686
682
688
688
690
686
684
682
686
690
690
686
694
696
698
708
714
710
704
700
702
702
704
702
700
694
696
698
690
678
678
678
678
682
680
680
682
682
678
672
670
670
662
662
664
672
672
680
680
690
694
698
692
692
690
694
692
688
684
682
686
686
674
670
670
674
680
678
684
684
688
684
688
688
680
680
678
672
662
662
666
660
660
652
648
652
654
654
650
640
646
650
648
654
654
648
644
634
634
630
630
624
616
622
628
632
632
628
626
626
632
632
632
636
638
638
636
640
642
640
638
634
626
624
628
632
628
622
622
622
622
616
618
614
616
612
608
596
594
594
588
592
598
600
592
588
588
588
594
596
594
594
594
598
594
610
616
616
612
616
622
622
622
618
608
602
606
616
620
626
624
624
620
628
622
622
608
600
602
604
606
608
606
606
614
618
626
624
624
636
636
650
658
666
666
664
664
658
664
662
658
654
642
646
652
652
650
656
656
664
666
670
668
666
666
674
674
664
664
660
660
660
660
660
666
666
670
666
666
666
670
668
678
680
682
690
690
688
682
690
692
692
684
682
690
684
684
686
686
694
690
696
690
684
682
688
690
688
678
674
670
672
668
664
664
664
670
674
674
676
674
680
680
682
678
668
666
672
672
672
672
672
662
660
668
676
686
682
680
680
682
690
686
686
680
684
680
676
674
674
678
678
678
666
672
680
678
668
668
676
676
674
678
676
670
666
664
672
670
678
672
668
666
656
664
660
660
654
654
654
664
672
674
676
672
674
676
666
672
676
676
678
680
686
682
684
682
686
680
680
688
690
698
694
686
688
696
708
708
698
696
690
686
690
688
684
684
694
694
694
686
684
690
690
696
698
706
706
708
710
706
710
714
712
718
714
712
714
714
714
714
708
708
712
706
702
712
714
724
720
720
714
712
708
708
708
708
702
702
702
710
710
716
720
722
722
720
722
714
708
700
700
694
698
698
702
702
698
702
704
710
716
714
718
716
714
706
704
708
708
716
708
708
706
700
698
700
702
698
698
698
696
696
696
696
698
696
692
692
688
694
702
700
700
696
694
686
694
698
690
692
694
692
694
692
696
708
716
714
706
702
698
708
706
712
714
710
704
710
712
722
720
718
712
710
710
716
724
724
718
712
712
712
712
728
732
732
732
746
740
746
740
746
740
736
738
730
734
736
736
738
742
746
744
744
740
738
740
744
744
746
750
752
754
756
756
748
760
764
762
762
762
760
770
776
780
780
774
772
772
772
770
772
760
760
768
768
760
754
766
770
780
780
782
782
786
782
782
776
772
766
768
762
776
778
768
762
766
764
768
768
762
760
766
766
766
756
758
756
756
754
748
754
754
756
760
754
760
758
758
754
752
748
756
754
756
756
760
768
768
768
778
764
772
766
768
774
770
770
774
782
780
780
778
788
792
790
796
796
794
788
784
778
772
768
768
762
754
760
762
764
764
758
752
750
754
762
774
764
772
780
780
780
784
784
784
790
792
804
810
812
816
822
812
804
792
798
804
812
806
804
802
800
808
808
804
798
798
800
794
796
796
798
806
808
816
814
814
816
822
826
830
822
822
820
824
822
828
838
832
832
840
838
838
828
826
818
814
812
808
814
810
806
806
814
806
812
810
808
808
814
816
814
808
816
812
812
800
796
794
794
790
784
786
788
788
790
788
792
800
798
800
794
788
792
792
784
794
798
800
796
804
804
802
800
800
788
778
772
774
776
772
774
780
782
778
778
774
774
776
782
778
784
782
778
774
776
768
762
750
744
746
748
742
742
748
750
756
756
752
754
756
756
764
770
770
766
766
770
768
768
