-10470
-10460
-10460
-10460
-10448
-10434
-10434
-10432
-10432
-10432
-10424
-10416
-10408
-10402
-10398
-10390
-10384
-10384
-10384
-10368
-10362
-10360
-10348
-10340
-10340
-10332
-10332
-10330
-10330
-10330
-10324
-10316
-10306
-10296
-10284
-10276
-10272
-10272
-10268
-10260
-10260
-10248
-10248
-10248
-10248
-10246
-10234
-10234
-10232
-10226
-10218
-10220
-10208
-10206
-10206
-10200
-10202
-10202
-10198
-10184
-10176
-10168
-10168
-10158
-10156
-10156
-10144
-10132
-10124
-10118
-10108
-10098
-10084
-10080
-10066
-10066
-10066
-10070
-10070
-10062
-10062
-10062
-10062
-10062
-10054
-10056
-10048
-10042
-10036
-10032
-10022
-10012
-10010
-10006
-10002
-9996
-9990
-9984
-9984
-9984
-9980
-9970
-9960
-9960
-9950
-9940
-9924
-9918
-9916
-9898
-9890
-9886
-9884
-9884
-9878
-9868
-9872
-9862
-9862
-9862
-9862
-9854
-9854
-9854
-9844
-9832
-9832
-9824
-9824
-9824
-9818
-9810
-9804
-9804
-9800
-9800
-9794
-9790
-9786
-9774
-9774
-9764
-9764
-9760
-9758
-9752
-9752
-9746
-9734
-9728
-9716
-9712
-9706
-9694
-9684
-9678
-9670
-9662
-9662
-9650
-9640
-9634
-9628
-9616
-9612
-9610
-9610
-9610
-9610
-9602
-9590
-9594
-9586
-9582
-9582
-9574
-9570
-9564
-9558
-9560
-9560
-9560
-9546
-9534
-9534
-9522
-9516
-9512
-9512
-9502
-9494
-9494
-9494
-9494
-9494
-9490
-9478
-9478
-9482
-9476
-9462
-9452
-9450
-9444
-9436
-9436
-9424
-9410
-9400
-9398
-9386
-9384
-9382
-9382
-9376
-9372
-9372
-9356
-9346
-9336
-9336
-9336
-9330
-9330
-9330
-9330
-9328
-9330
-9330
-9320
-9316
-9316
-9306
-9306
-9296
-9284
-9284
-9284
-9284
-9278
-9262
-9250
-9250
-9246
-9244
-9240
-9234
-9228
-9222
-9212
-9210
-9196
-9196
-9180
-9180
-9180
-9170
-9166
-9166
-9166
-9166
-9162
-9156
-9146
-9142
-9132
-9132
-9120
-9116
-9116
-9116
-9108
-9110
-9110
-9098
-9088
-9086
-9086
-9086
-9080
-9076
-9074
-9074
-9068
-9068
-9058
-9048
-9042
-9034
-9026
-9012
-9010
-9010
-9004
-9002
-9002
-8988
-8994
-8994
-8990
-8980
-8984
-8976
-8966
-8964
-8958
-8954
-8954
-8956
-8952
-8962
-8960
-8958
-8954
-8948
-8948
-8944
-8930
-8928
-8928
-8928
-8928
-8928
-8928
-8932
-8926
-8926
-8926
-8924
-8916
-8912
-8902
-8902
-8902
-8898
-8888
-8878
-8866
-8858
-8858
-8854
-8848
-8852
-8842
-8830
-8830
-8820
-8816
-8806
-8804
-8802
-8798
-8794
-8794
-8792
-8792
-8790
-8790
-8782
-8782
-8778
-8764
-8760
-8750
-8736
-8732
-8724
-8724
-8722
-8704
-8700
-8690
-8686
-8686
-8684
-8684
-8676
-8670
-8658
-8648
-8648
-8640
-8638
-8632
-8620
-8620
-8620
-8608
-8604
-8592
-8592
-8592
-8590
-8584
-8582
-8582
-8576
-8572
-8560
-8548
-8542
-8542
-8536
-8528
-8526
-8514
-8506
-8500
-8488
-8482
-8472
-8460
-8458
-8458
-8458
-8450
-8448
-8448
-8444
-8434
-8434
-8420
-8416
-8418
-8408
-8396
-8394
-8382
-8368
-8366
-8354
-8348
-8356
-8354
-8344
-8340
-8342
-8332
-8324
-8322
-8312
-8300
-8300
-8292
-8284
-8282
-8274
-8274
-8266
-8260
-8260
-8262
-8252
-8248
-8246
-8240
-8240
-8228
-8232
-8232
-8226
-8226
-8222
-8208
-8210
-8206
-8198
-8202
-8200
-8194
-8186
-8182
-8180
-8168
-8168
-8168
-8168
-8166
-8154
-8148
-8144
-8132
-8130
-8126
-8126
-8124
-8122
-8116
-8114
-8114
-8114
-8114
-8104
-8098
-8090
-8078
-8070
-8056
-8056
-8056
-8056
-8054
-8040
-8026
-8026
-8016
-8016
-8002
-7994
-7994
-7986
-7982
-7984
-7978
-7978
-7978
-7978
-7968
-7958
-7950
-7944
-7938
-7938
-7936
-7936
-7924
-7916
-7912
-7910
-7902
-7890
-7890
-7878
-7864
-7864
-7864
-7850
-7844
-7844
-7836
-7834
-7824
-7814
-7814
-7802
-7788
-7788
-7790
-7778
-7778
-7772
-7772
-7762
-7758
-7752
-7750
-7744
-7732
-7732
-7732
-7732
-7732
-7736
-7732
-7732
-7732
-7720
-7720
-7718
-7726
-7716
-7716
-7706
-7706
-7704
-7694
-7688
-7676
-7672
-7672
-7672
-7664
-7658
-7658
-7650
-7638
-7636
-7624
-7626
-7624
-7618
-7624
-7626
-7626
-7626
-7620
-7620
-7620
-7620
-7620
-7604
-7604
-7592
-7588
-7586
-7586
-7586
-7586
-7590
-7590
-7590
-7590
-7590
-7588
-7578
-7578
-7576
-7570
-7562
-7550
-7544
-7544
-7534
-7534
-7528
-7514
-7514
-7508
-7498
-7498
-7492
-7482
-7482
-7482
-7474
-7474
-7478
-7478
-7478
-7474
-7482
-7488
-7488
-7500
-7494
-7494
-7494
-7490
-7490
-7472
-7472
-7466
-7452
-7464
-7464
-7456
-7452
-7452
-7450
-7450
-7432
-7422
-7422
-7422
-7422
-7412
-7406
-7398
-7392
-7384
-7384
-7370
-7370
-7366
-7356
-7342
-7340
-7336
-7336
-7332
-7330
-7330
-7330
-7334
-7336
-7326
-7326
-7324
-7324
-7330
-7330
-7324
-7324
-7310
-7306
-7300
-7292
-7288
-7290
-7290
-7290
-7290
-7290
-7278
-7274
-7268
-7268
-7260
-7254
-7252
-7250
-7244
-7244
-7248
-7248
-7248
-7256
-7252
-7246
-7236
-7236
-7222
-7206
-7204
-7208
-7204
-7204
-7196
-7194
-7192
-7190
-7184
-7180
-7176
-7180
-7178
-7174
-7164
-7164
-7164
-7158
-7152
-7146
-7146
-7150
-7150
-7144
-7142
-7140
-7140
-7130
-7132
-7132
-7126
-7126
-7126
-7114
-7116
-7104
-7096
-7088
-7082
-7074
-7064
-7056
-7046
-7034
-7028
-7022
-7016
-7014
-7010
-6998
-6990
-6984
-6972
-6962
-6962
-6954
-6954
-6954
-6954
-6952
-6942
-6940
-6940
-6940
-6930
-6928
-6916
-6910
-6910
-6910
-6910
-6904
-6904
-6896
-6892
-6892
-6894
-6886
-6886
-6890
-6884
-6882
-6870
-6864
-6856
-6846
-6856
-6850
-6848
-6848
-6848
-6836
-6836
-6828
-6824
-6818
-6812
-6812
-6804
-6796
-6784
-6784
-6784
-6784
-6776
-6772
-6762
-6760
-6760
-6762
-6760
-6760
-6760
-6752
-6746
-6740
-6730
-6720
-6720
-6714
-6704
-6694
-6694
-6694
-6694
-6688
-6674
-6680
-6672
-6666
-6654
-6654
-6652
-6652
-6652
-6652
-6644
-6644
-6648
-6640
-6640
-6640
-6640
-6640
-6636
-6636
-6636
-6636
-6634
-6628
-6622
-6622
-6622
-6610
-6596
-6596
-6598
-6600
-6600
-6596
-6588
-6588
-6588
-6584
-6582
-6568
-6568
-6568
-6576
-6568
-6560
-6560
-6552
-6556
-6550
-6544
-6540
-6532
-6520
-6518
-6520
-6514
-6514
-6508
-6496
-6486
-6488
-6486
-6494
-6484
-6484
-6476
-6468
-6462
-6456
-6450
-6448
-6458
-6450
-6450
-6454
-6450
-6446
-6442
-6436
-6436
-6434
-6426
-6418
-6418
-6410
-6404
-6404
-6402
-6396
-6404
-6400
-6396
-6396
-6396
-6396
-6388
-6384
-6378
-6372
-6362
-6362
-6362
-6354
-6348
-6348
-6348
-6340
-6348
-6342
-6332
-6332
-6324
-6320
-6308
-6300
-6300
-6302
-6292
-6286
-6286
-6288
-6288
-6284
-6274
-6274
-6272
-6274
-6268
-6268
-6258
-6260
-6252
-6252
-6252
-6252
-6248
-6232
-6228
-6228
-6228
-6222
-6228
-6220
-6216
-6214
-6210
-6204
-6198
-6196
-6188
-6192
-6192
-6182
-6182
-6174
-6178
-6178
-6178
-6180
-6180
-6184
-6180
-6178
-6176
-6166
-6174
-6166
-6156
-6148
-6154
-6148
-6136
-6136
-6126
-6114
-6104
-6106
-6106
-6100
-6096
-6090
-6090
-6090
-6086
-6082
-6072
-6068
-6068
-6070
-6070
-6068
-6068
-6064
-6064
-6064
-6064
-6054
-6046
-6032
-6024
-6026
-6026
-6026
-6014
-6000
-6000
-6000
-5992
-5984
-5978
-5970
-5964
-5964
-5964
-5964
-5962
-5962
-5960
-5964
-5958
-5962
-5962
-5956
-5956
-5954
-5950
-5950
-5940
-5940
-5940
-5940
-5942
-5942
-5942
-5940
-5930
-5930
-5924
-5918
-5918
-5918
-5914
-5918
-5912
-5902
-5898
-5896
-5892
-5884
-5884
-5880
-5872
-5864
-5866
-5860
-5860
-5864
-5862
-5862
-5856
-5856
-5850
-5844
-5836
-5830
-5830
-5826
-5822
-5822
-5822
-5812
-5806
-5798
-5790
-5788
-5776
-5772
-5772
-5770
-5766
-5756
-5762
-5756
-5756
-5760
-5752
-5740
-5734
-5744
-5744
-5734
-5732
-5720
-5710
-5700
-5700
-5704
-5706
-5700
-5700
-5696
-5686
-5684
-5682
-5682
-5670
-5670
-5656
-5656
-5650
-5650
-5646
-5644
-5640
-5630
-5630
-5630
-5630
-5630
-5618
-5610
-5606
-5598
-5598
-5598
-5586
-5586
-5590
-5580
-5572
-5566
-5566
-5566
-5564
-5566
-5568
-5568
-5560
-5560
-5570
-5560
-5560
-5556
-5558
-5548
-5544
-5536
-5532
-5526
-5516
-5520
-5520
-5516
-5514
-5508
-5508
-5508
-5506
-5502
-5502
-5504
-5494
-5490
-5486
-5484
-5474
-5482
-5476
-5472
-5474
-5474
-5474
-5468
-5460
-5454
-5458
-5460
-5466
-5460
-5468
-5464
-5456
-5448
-5448
-5444
-5444
-5444
-5444
-5444
-5444
-5436
-5436
-5434
-5428
-5428
-5426
-5416
-5412
-5408
-5402
-5402
-5392
-5392
-5388
-5388
-5380
-5368
-5366
-5372
-5370
-5360
-5348
-5346
-5340
-5332
-5328
-5318
-5312
-5312
-5310
-5316
-5314
-5312
-5308
-5308
-5298
-5290
-5296
-5294
-5290
-5290
-5290
-5290
-5296
-5296
-5296
-5296
-5294
-5280
-5280
-5278
-5278
-5278
-5272
-5270
-5270
-5264
-5264
-5258
-5250
-5250
-5246
-5246
-5244
-5252
-5248
-5250
-5248
-5246
-5242
-5240
-5236
-5234
-5228
-5224
-5210
-5202
-5202
-5202
-5202
-5200
-5204
-5200
-5192
-5192
-5190
-5190
-5190
-5184
-5184
-5172
-5168
-5164
-5154
-5162
-5158
-5160
-5154
-5152
-5152
-5152
-5146
-5144
-5138
-5136
-5134
-5132
-5128
-5128
-5128
-5118
-5114
-5114
-5112
-5112
-5110
-5108
-5102
-5094
-5086
-5080
-5076
-5080
-5080
-5074
-5074
-5074
-5062
-5062
-5068
-5064
-5068
-5062
-5054
-5044
-5042
-5038
-5030
-5022
-5026
-5026
-5024
-5028
-5034
-5028
-5028
-5032
-5036
-5034
-5028
-5032
-5024
-5022
-5018
-5020
-5018
-5018
-5010
-5016
-5016
-5020
-5016
-5016
-5020
-5018
-5012
-5006
-5004
-5006
-5006
-5000
-4998
-4998
-4990
-4994
-4996
-5002
-5016
-5016
-5014
-5010
-5000
-4998
-5004
-4996
-4982
-4976
-4980
-4966
-4956
-4956
-4950
-4946
-4932
-4928
-4916
-4908
-4908
-4902
-4892
-4884
-4880
-4874
-4874
-4864
-4864
-4860
-4860
-4860
-4854
-4848
-4848
-4842
-4842
-4830
-4830
-4822
-4818
-4818
-4818
-4818
-4818
-4814
-4812
-4806
-4806
-4810
-4812
-4802
-4788
-4788
-4788
-4780
-4776
-4766
-4766
-4762
-4750
-4750
-4748
-4742
-4742
-4736
-4732
-4720
-4718
-4718
-4708
-4704
-4706
-4704
-4706
-4704
-4710
-4706
-4706
-4704
-4698
-4706
-4700
-4692
-4686
-4686
-4686
-4686
-4684
-4674
-4660
-4660
-4668
-4666
-4652
-4664
-4668
-4670
-4658
-4658
-4656
-4656
-4658
-4662
-4658
-4654
-4642
-4642
-4638
-4634
-4622
-4614
-4602
-4602
-4598
-4580
-4580
-4580
-4580
-4586
-4578
-4572
-4562
-4562
-4566
-4562
-4562
-4566
-4562
-4564
-4560
-4554
-4556
-4552
-4548
-4544
-4544
-4536
-4536
-4522
-4514
-4506
-4510
-4510
-4510
-4506
-4500
-4490
-4484
-4480
-4482
-4478
-4478
-4474
-4470
-4470
-4468
-4470
-4466
-4460
-4460
-4462
-4462
-4462
-4462
-4460
-4460
-4460
-4448
-4448
-4448
-4448
-4440
-4432
-4422
-4412
-4412
-4416
-4414
-4414
-4410
-4410
-4414
-4402
-4392
-4388
-4382
-4382
-4378
-4370
-4362
-4362
-4356
-4356
-4356
-4356
-4356
-4356
-4360
-4360
-4350
-4350
-4350
-4348
-4348
-4342
-4342
-4344
-4332
-4326
-4322
-4318
-4312
-4312
-4302
-4298
-4288
-4288
-4288
-4288
-4282
-4272
-4272
-4272
-4276
-4276
-4272
-4272
-4276
-4276
-4260
-4262
-4262
-4262
-4250
-4250
-4236
-4230
-4236
-4236
-4236
-4230
-4230
-4228
-4232
-4234
-4240
-4230
-4216
-4208
-4214
-4210
-4214
-4216
-4210
-4210
-4212
-4216
-4216
-4214
-4214
-4204
-4200
-4208
-4202
-4202
-4206
-4206
-4192
-4180
-4192
-4182
-4182
-4182
-4174
-4164
-4156
-4156
-4154
-4142
-4142
-4142
-4136
-4128
-4132
-4134
-4126
-4126
-4126
-4126
-4126
-4114
-4114
-4114
-4114
-4114
-4114
-4102
-4096
-4098
-4096
-4086
-4086
-4086
-4086
-4086
-4076
-4070
-4068
-4076
-4070
-4064
-4056
-4056
-4046
-4040
-4040
-4044
-4054
-4046
-4046
-4034
-4028
-4028
-4028
-4022
-4020
-4014
-4008
-4002
-3994
-3998
-3990
-3984
-3980
-3982
-3970
-3968
-3958
-3950
-3950
-3936
-3930
-3920
-3916
-3916
-3908
-3906
-3910
-3904
-3902
-3900
-3900
-3898
-3898
-3884
-3888
-3896
-3894
-3894
-3902
-3900
-3898
-3892
-3892
-3892
-3892
-3892
-3890
-3888
-3888
-3890
-3888
-3888
-3886
-3890
-3884
-3890
-3886
-3886
-3888
-3886
-3890
-3886
-3886
-3882
-3882
-3868
-3868
-3872
-3862
-3862
-3850
-3852
-3850
-3848
-3852
-3848
-3848
-3836
-3836
-3836
-3826
-3826
-3824
-3826
-3826
-3824
-3824
-3824
-3812
-3812
-3806
-3806
-3802
-3802
-3792
-3790
-3790
-3790
-3778
-3774
-3774
-3772
-3766
-3760
-3764
-3764
-3772
-3772
-3774
-3776
-3764
-3764
-3764
-3762
-3750
-3750
-3744
-3736
-3736
-3736
-3726
-3726
-3722
-3722
-3722
-3720
-3720
-3712
-3710
-3710
-3706
-3694
-3692
-3674
-3668
-3666
-3666
-3668
-3668
-3668
-3662
-3664
-3660
-3658
-3654
-3652
-3642
-3650
-3644
-3640
-3628
-3626
-3620
-3608
-3608
-3606
-3606
-3608
-3608
-3598
-3594
-3588
-3582
-3572
-3570
-3560
-3558
-3552
-3552
-3548
-3550
-3550
-3536
-3536
-3528
-3528
-3528
-3530
-3526
-3526
-3526
-3516
-3512
-3512
-3506
-3506
-3500
-3494
-3484
-3484
-3478
-3464
-3464
-3462
-3466
-3464
-3462
-3460
-3460
-3460
-3458
-3458
-3458
-3446
-3446
-3442
-3442
-3440
-3434
-3424
-3424
-3426
-3430
-3424
-3420
-3414
-3420
-3420
-3420
-3420
-3422
-3422
-3424
-3422
-3416
-3416
-3410
-3412
-3406
-3398
-3404
-3406
-3406
-3406
-3418
-3414
-3414
-3420
-3420
-3410
-3408
-3404
-3408
-3408
-3418
-3414
-3406
-3404
-3406
-3410
-3408
-3402
-3396
-3398
-3398
-3392
-3384
-3374
-3372
-3372
-3372
-3372
-3368
-3366
-3362
-3364
-3364
-3366
-3360
-3362
-3358
-3362
-3356
-3348
-3346
-3346
-3340
-3334
-3340
-3340
-3338
-3340
-3332
-3332
-3332
-3328
-3338
-3334
-3324
-3318
-3318
-3318
-3316
-3314
-3312
-3314
-3310
-3310
-3296
-3304
-3292
-3282
-3286
-3286
-3286
-3280
-3280
-3280
-3280
-3280
-3282
-3278
-3272
-3272
-3268
-3268
-3278
-3272
-3272
-3272
-3266
-3264
-3264
-3270
-3278
-3278
-3282
-3274
-3268
-3264
-3260
-3260
-3258
-3258
-3264
-3260
-3260
-3260
-3250
-3236
-3236
-3236
-3236
-3236
-3236
-3236
-3238
-3240
-3240
-3240
-3240
-3240
-3240
-3242
-3240
-3236
-3234
-3234
-3234
-3234
-3224
-3222
-3218
-3218
-3218
-3216
-3208
-3192
-3188
-3188
-3188
-3188
-3176
-3166
-3168
-3162
-3162
-3162
-3158
-3158
-3160
-3152
-3148
-3148
-3148
-3146
-3136
-3136
-3136
-3124
-3122
-3122
-3128
-3128
-3128
-3128
-3130
-3130
-3130
-3126
-3126
-3126
-3116
-3126
-3126
-3120
-3120
-3124
-3124
-3124
-3124
-3108
-3122
-3118
-3112
-3108
-3104
-3104
-3098
-3098
-3096
-3096
-3096
-3096
-3094
-3082
-3082
-3082
-3082
-3076
-3076
-3066
-3058
-3052
-3042
-3034
-3028
-3030
-3018
-3012
-3000
-2994
-2986
-2988
-2988
-2986
-2986
-2990
-2982
-2982
-2984
-2970
-2968
-2968
-2980
-2972
-2972
-2972
-2968
-2962
-2962
-2952
-2942
-2942
-2940
-2940
-2940
-2936
-2926
-2922
-2920
-2920
-2922
-2924
-2918
-2916
-2914
-2912
-2908
-2904
-2902
-2902
-2898
-2894
-2898
-2892
-2890
-2890
-2890
-2880
-2876
-2870
-2858
-2852
-2850
-2850
-2856
-2858
-2856
-2856
-2850
-2854
-2850
-2850
-2852
-2852
-2856
-2862
-2860
-2860
-2858
-2858
-2866
-2862
-2870
-2868
-2868
-2862
-2858
-2852
-2850
-2846
-2838
-2836
-2836
-2836
-2830
-2830
-2830
-2830
-2830
-2830
-2836
-2828
-2828
-2816
-2822
-2832
-2828
-2828
-2824
-2824
-2824
-2814
-2806
-2802
-2802
-2802
-2800
-2802
-2802
-2806
-2798
-2794
-2794
-2786
-2778
-2778
-2780
-2778
-2778
-2786
-2786
-2786
-2786
-2786
-2786
-2778
-2778
-2776
-2780
-2780
-2778
-2772
-2772
-2772
-2770
-2776
-2776
-2778
-2770
-2764
-2768
-2764
-2752
-2748
-2746
-2740
-2738
-2736
-2730
-2734
-2744
-2744
-2744
-2748
-2738
-2742
-2738
-2734
-2742
-2736
-2736
-2728
-2722
-2720
-2718
-2718
-2718
-2720
-2716
-2706
-2706
-2714
-2728
-2726
-2732
-2730
-2730
-2730
-2730
-2730
-2734
-2734
-2730
-2730
-2730
-2720
-2710
-2700
-2696
-2694
-2694
-2688
-2686
-2676
-2672
-2666
-2664
-2654
-2656
-2650
-2650
-2644
-2640
-2640
-2638
-2632
-2632
-2632
-2618
-2622
-2622
-2624
-2622
-2618
-2620
-2614
-2620
-2620
-2620
-2612
-2608
-2610
-2610
-2606
-2606
-2608
-2608
-2600
-2590
-2592
-2588
-2584
-2582
-2582
-2584
-2582
-2580
-2592
-2594
-2594
-2592
-2592
-2590
-2594
-2582
-2574
-2564
-2564
-2566
-2570
-2582
-2572
-2572
-2566
-2576
-2584
-2584
-2582
-2578
-2582
-2576
-2590
-2594
-2592
-2596
-2588
-2584
-2578
-2578
-2578
-2570
-2568
-2570
-2580
-2576
-2572
-2582
-2572
-2564
-2560
-2570
-2574
-2574
-2570
-2572
-2568
-2560
-2556
-2556
-2554
-2552
-2548
-2552
-2542
-2534
-2528
-2516
-2520
-2508
-2502
-2508
-2500
-2496
-2496
-2490
-2486
-2486
-2486
-2498
-2492
-2492
-2492
-2484
-2484
-2484
-2476
-2476
-2480
-2476
-2482
-2482
-2488
-2486
-2490
-2490
-2490
-2482
-2486
-2486
-2482
-2478
-2470
-2468
-2468
-2462
-2458
-2448
-2446
-2446
-2436
-2448
-2456
-2456
-2460
-2464
-2452
-2452
-2456
-2468
-2462
-2460
-2450
-2446
-2454
-2454
-2456
-2460
-2454
-2450
-2450
-2448
-2434
-2436
-2436
-2432
-2430
-2418
-2414
-2416
-2418
-2412
-2412
-2420
-2424
-2426
-2424
-2430
-2426
-2408
-2412
-2404
-2410
-2398
-2398
-2392
-2392
-2386
-2382
-2376
-2374
-2376
-2376
-2380
-2380
-2380
-2370
-2370
-2372
-2364
-2364
-2356
-2358
-2348
-2348
-2348
-2342
-2338
-2338
-2342
-2340
-2340
-2332
-2328
-2334
-2330
-2330
-2330
-2330
-2332
-2334
-2326
-2318
-2324
-2324
-2324
-2318
-2314
-2314
-2310
-2310
-2310
-2312
-2312
-2318
-2308
-2308
-2304
-2304
-2312
-2306
-2300
-2302
-2296
-2300
-2296
-2296
-2292
-2292
-2292
-2284
-2284
-2284
-2280
-2286
-2286
-2286
-2292
-2286
-2292
-2296
-2296
-2288
-2292
-2292
-2292
-2290
-2290
-2290
-2290
-2302
-2302
-2302
-2302
-2302
-2304
-2300
-2302
-2302
-2294
-2290
-2292
-2294
-2302
-2302
-2302
-2304
-2308
-2310
-2316
-2306
-2302
-2306
-2310
-2304
-2304
-2304
-2300
-2294
-2302
-2306
-2306
-2322
-2330
-2330
-2330
-2324
-2324
-2326
-2326
-2320
-2324
-2320
-2320
-2318
-2314
-2318
-2310
-2310
-2296
-2300
-2310
-2310
-2310
-2306
-2306
-2310
-2312
-2312
-2310
-2320
-2320
-2324
-2314
-2308
-2308
-2310
-2300
-2298
-2298
-2298
-2298
-2290
-2290
-2288
-2288
-2276
-2276
-2268
-2272
-2272
-2262
-2262
-2266
-2258
-2258
-2250
-2250
-2256
-2256
-2246
-2244
-2252
-2242
-2242
-2242
-2232
-2234
-2230
-2220
-2214
-2210
-2204
-2192
-2194
-2194
-2196
-2196
-2192
-2184
-2184
-2178
-2182
-2178
-2180
-2174
-2176
-2178
-2178
-2180
-2180
-2178
-2176
-2178
-2178
-2178
-2184
-2176
-2180
-2170
-2170
-2166
-2160
-2156
-2154
-2150
-2146
-2150
-2148
-2150
-2144
-2138
-2138
-2138
-2142
-2148
-2148
-2148
-2138
-2138
-2138
-2130
-2130
-2120
-2120
-2110
-2110
-2110
-2098
-2094
-2090
-2082
-2078
-2072
-2072
-2062
-2054
-2056
-2052
-2060
-2060
-2040
-2042
-2044
-2050
-2048
-2052
-2052
-2052
-2046
-2046
-2046
-2050
-2050
-2050
-2054
-2054
-2050
-2050
-2042
-2032
-2036
-2030
-2026
-2026
-2022
-2020
-2006
-2006
-2006
-2006
-1994
-1994
-1998
-2000
-2004
-2000
-2000
-1988
-1988
-2000
-2000
-2000
-1996
-1996
-1996
-2002
-2000
-1990
-1990
-1984
-1982
-1982
-1982
-1974
-1964
-1964
-1964
-1958
-1958
-1964
-1960
-1960
-1960
-1966
-1966
-1954
-1954
-1948
-1950
-1954
-1954
-1954
-1942
-1934
-1940
-1932
-1930
-1926
-1920
-1916
-1912
-1908
-1916
-1916
-1910
-1910
-1912
-1918
-1914
-1902
-1902
-1900
-1900
-1908
-1908
-1894
-1894
-1894
-1894
-1896
-1896
-1894
-1888
-1884
-1886
-1882
-1882
-1880
-1876
-1876
-1874
-1872
-1872
-1862
-1862
-1864
-1866
-1866
-1866
-1860
-1860
-1860
-1850
-1850
-1844
-1844
-1846
-1846
-1852
-1852
-1848
-1844
-1838
-1834
-1840
-1842
-1840
-1840
-1838
-1834
-1834
-1828
-1822
-1822
-1822
-1814
-1814
-1804
-1802
-1804
-1796
-1804
-1806
-1810
-1804
-1812
-1812
-1812
-1810
-1814
-1804
-1800
-1806
-1806
-1796
-1798
-1804
-1800
-1800
-1804
-1794
-1790
-1790
-1794
-1792
-1792
-1792
-1792
-1802
-1802
-1800
-1800
-1796
-1796
-1792
-1792
-1792
-1794
-1794
-1794
-1792
-1788
-1786
-1786
-1780
-1788
-1792
-1790
-1794
-1794
-1794
-1792
-1790
-1790
-1794
-1800
-1800
-1800
-1792
-1792
-1784
-1782
-1786
-1790
-1784
-1786
-1782
-1776
-1776
-1762
-1752
-1744
-1736
-1740
-1734
-1738
-1738
-1738
-1734
-1734
-1732
-1732
-1732
-1722
-1720
-1716
-1710
-1700
-1692
-1684
-1684
-1680
-1666
-1666
-1664
-1664
-1662
-1660
-1658
-1650
-1652
-1646
-1638
-1642
-1650
-1652
-1652
-1654
-1660
-1658
-1662
-1664
-1664
-1664
-1662
-1662
-1674
-1680
-1672
-1666
-1660
-1666
-1664
-1664
-1668
-1664
-1654
-1654
-1646
-1656
-1646
-1640
-1640
-1634
-1632
-1624
-1628
-1628
-1620
-1620
-1610
-1610
-1608
-1624
-1628
-1626
-1622
-1616
-1612
-1606
-1600
-1600
-1600
-1600
-1600
-1584
-1580
-1582
-1572
-1564
-1558
-1556
-1550
-1552
-1544
-1548
-1542
-1552
-1552
-1552
-1542
-1534
-1544
-1540
-1528
-1528
-1532
-1532
-1526
-1526
-1526
-1526
-1518
-1518
-1516
-1526
-1524
-1524
-1520
-1516
-1510
-1510
-1514
-1508
-1508
-1508
-1508
-1508
-1508
-1512
-1512
-1512
-1516
-1518
-1518
-1518
-1518
-1526
-1524
-1518
-1518
-1518
-1518
-1518
-1516
-1512
-1522
-1518
-1518
-1518
-1518
-1512
-1512
-1514
-1514
-1512
-1512
-1512
-1502
-1498
-1492
-1492
-1492
-1500
-1492
-1500
-1494
-1494
-1496
-1498
-1490
-1490
-1502
-1502
-1504
-1504
-1508
-1508
-1508
-1500
-1496
-1494
-1502
-1508
-1522
-1516
-1504
-1504
-1500
-1500
-1500
-1500
-1502
-1496
-1488
-1482
-1476
-1480
-1472
-1472
-1466
-1472
-1474
-1478
-1482
-1478
-1486
-1484
-1480
-1490
-1492
-1488
-1488
-1488
-1488
-1488
-1490
-1492
-1494
-1482
-1482
-1480
-1480
-1480
-1468
-1468
-1454
-1440
-1434
-1434
-1428
-1426
-1418
-1422
-1420
-1424
-1424
-1420
-1410
-1406
-1406
-1406
-1404
-1404
-1402
-1398
-1398
-1398
-1402
-1392
-1388
-1382
-1384
-1394
-1394
-1392
-1392
-1400
-1400
-1400
-1400
-1404
-1408
-1408
-1408
-1404
-1406
-1406
-1406
-1404
-1402
-1398
-1392
-1390
-1390
-1390
-1390
-1382
-1384
-1394
-1398
-1398
-1394
-1392
-1394
-1390
-1390
-1392
-1386
-1384
-1382
-1392
-1396
-1390
-1390
-1392
-1394
-1394
-1394
-1394
-1394
-1396
-1394
-1392
-1390
-1398
-1392
-1392
-1398
-1398
-1394
-1394
-1394
-1396
-1396
-1396
-1396
-1394
-1388
-1388
-1388
-1388
-1382
-1388
-1390
-1390
-1384
-1378
-1380
-1368
-1370
-1360
-1360
-1362
-1362
-1356
-1352
-1336
-1338
-1336
-1336
-1342
-1334
-1328
-1324
-1328
-1334
-1340
-1346
-1350
-1348
-1344
-1350
-1350
-1348
-1348
-1342
-1342
-1342
-1348
-1348
-1356
-1360
-1354
-1360
-1348
-1346
-1340
-1340
-1334
-1336
-1334
-1336
-1332
-1334
-1328
-1338
-1340
-1344
-1344
-1344
-1344
-1340
-1344
-1344
-1342
-1334
-1334
-1332
-1332
-1322
-1322
-1318
-1320
-1316
-1308
-1298
-1298
-1298
-1288
-1288
-1280
-1278
-1280
-1284
-1282
-1278
-1276
-1270
-1270
-1270
-1278
-1268
-1260
-1260
-1256
-1256
-1252
-1258
-1258
-1254
-1254
-1258
-1258
-1250
-1246
-1246
-1250
-1250
-1250
-1248
-1248
-1248
-1246
-1246
-1256
-1254
-1256
-1258
-1258
-1268
-1268
-1270
-1270
-1272
-1274
-1274
-1270
-1270
-1268
-1262
-1262
-1268
-1264
-1256
-1254
-1254
-1250
-1248
-1252
-1252
-1258
-1256
-1256
-1244
-1238
-1232
-1228
-1228
-1228
-1228
-1224
-1220
-1220
-1220
-1218
-1210
-1210
-1210
-1210
-1210
-1210
-1200
-1196
-1194
-1190
-1184
-1184
-1184
-1190
-1190
-1194
-1194
-1198
-1202
-1190
-1190
-1192
-1180
-1176
-1174
-1182
-1174
-1174
-1168
-1178
-1178
-1178
-1184
-1184
-1182
-1176
-1176
-1176
-1172
-1172
-1162
-1156
-1156
-1154
-1154
-1150
-1152
-1152
-1152
-1152
-1146
-1144
-1136
-1130
-1132
-1128
-1128
-1130
-1130
-1132
-1134
-1126
-1130
-1128
-1128
-1130
-1132
-1132
-1130
-1122
-1122
-1122
-1120
-1116
-1102
-1100
-1098
-1096
-1098
-1092
-1092
-1092
-1084
-1082
-1082
-1074
-1068
-1068
-1064
-1072
-1072
-1072
-1064
-1064
-1060
-1056
-1060
-1058
-1050
-1050
-1040
-1038
-1040
-1042
-1042
-1042
-1042
-1042
-1042
-1046
-1050
-1054
-1064
-1064
-1062
-1056
-1046
-1058
-1058
-1048
-1048
-1048
-1036
-1030
-1030
-1026
-1024
-1026
-1022
-1022
-1012
-1020
-1022
-1022
-1022
-1022
-1022
-1022
-1022
-1028
-1026
-1034
-1028
-1024
-1018
-1018
-1018
-1014
-1014
-1014
-1014
-1012
-1008
-1004
-1004
-1000
-1000
-996
-986
-984
-984
-994
-992
-980
-974
-978
-974
-972
-972
-970
-968
-968
-968
-960
-966
-960
-966
-956
-954
-948
-948
-948
-942
-948
-948
-942
-938
-936
-928
-922
-920
-922
-922
-930
-930
-926
-926
-926
-920
-920
-924
-924
-914
-914
-916
-922
-922
-922
-930
-934
-936
-928
-938
-940
-940
-940
-936
-928
-936
-936
-946
-940
-940
-940
-936
-920
-918
-914
-904
-910
-910
-904
-908
-908
-900
-902
-906
-906
-908
-900
-906
-902
-902
-902
-898
-898
-898
-908
-902
-906
-906
-910
-908
-906
-910
-906
-906
-906
-900
-894
-894
-894
-894
-894
-892
-898
-888
-888
-894
-894
-898
-902
-910
-912
-912
-900
-900
-894
-894
-904
-912
-920
-912
-916
-916
-926
-926
-928
-928
-922
-922
-922
-916
-918
-918
-920
-920
-926
-924
-916
-920
-920
-906
-916
-916
-924
-926
-918
-918
-920
-920
-920
-924
-914
-914
-906
-906
-906
-906
-908
-912
-916
-910
-912
-912
-910
-908
-900
-898
-892
-890
-890
-886
-886
-892
-886
-882
-878
-884
-884
-872
-870
-870
-872
-872
-872
-870
-870
-870
-856
-858
-856
-846
-844
-848
-848
-848
-846
-846
-846
-836
-836
-828
-828
-828
-828
-826
-816
-816
-812
-810
-806
-810
-810
-816
-816
-820
-816
-816
-816
-810
-810
-810
-820
-820
-822
-826
-822
-820
-816
-812
-812
-812
-828
-826
-822
-824
-824
-826
-826
-822
-824
-820
-818
-818
-810
-806
-806
-810
-806
-802
-804
-808
-796
-788
-784
-784
-780
-780
-772
-766
-766
-764
-764
-766
-766
-766
-768
-770
-770
-776
-764
-758
-760
-760
-760
-758
-758
-770
-776
-776
-774
-772
-764
-764
-766
-782
-782
-780
-778
-778
-782
-782
-784
-784
-784
-776
-766
-768
-774
-778
-774
-770
-778
-786
-786
-776
-772
-776
-768
-754
-750
-744
-744
-746
-748
-744
-742
-742
-742
-742
-744
-738
-744
-744
-736
-744
-734
-732
-730
-728
-728
-718
-718
-712
-712
-708
-708
-708
-716
-712
-712
-712
-716
-714
-714
-712
-718
-718
-718
-716
-718
-718
-720
-722
-724
-724
-734
-734
-732
-728
-728
-720
-720
-722
-734
-734
-734
-738
-738
-736
-736
-736
-724
-724
-720
-722
-730
-728
-726
-728
-720
-718
-718
-706
-712
-710
-702
-700
-692
-694
-694
-694
-696
-696
-686
-690
-692
-692
-692
-692
-698
-694
-694
-694
-694
-684
-684
-690
-692
-694
-694
-692
-682
-684
-690
-696
-708
-708
-704
-700
-704
-704
-696
-696
-702
-706
-710
-704
-700
-694
-698
-692
-692
-682
-686
-676
-676
-674
-666
-658
-658
-664
-664
-664
-668
-672
-672
-664
-664
-664
-658
-658
-660
-652
-658
-658
-654
-654
-658
-650
-646
-644
-642
-642
-644
-640
-638
-636
-636
-650
-648
-648
-652
-654
-650
-648
-656
-664
-664
-668
-672
-676
-678
-678
-686
-688
-684
-674
-670
-666
-666
-666
-666
-658
-650
-648
-644
-642
-638
-640
-640
-640
-640
-642
-642
-650
-652
-652
-652
-644
-652
-642
-642
-644
-644
-648
-650
-650
-654
-648
-648
-648
-648
-650
-646
-642
-644
-644
-652
-638
-642
-642
-644
-644
-644
-644
-644
-636
-628
-626
-626
-626
-620
-628
-618
-620
-616
-618
-628
-632
-632
-624
-626
-636
-628
-622
-624
-618
-618
-618
-608
-612
-612
-606
-600
-602
-606
-606
-598
-592
-592
-592
-582
-588
-588
-578
-586
-586
-586
-584
-582
-574
-576
-572
-576
-576
-570
-572
-560
-560
-558
-554
-570
-572
-572
-566
-566
-572
-574
-572
-566
-556
-552
-552
-552
-558
-558
-558
-556
-558
-560
-554
-554
-548
-548
-544
-544
-544
-544
-548
-544
-550
-550
-550
-550
-558
-560
-558
-554
-554
-556
-556
-554
-548
-548
-544
-534
-534
-534
-534
-538
-538
-534
-532
-532
-534
-534
-542
-544
-544
-552
-552
-550
-538
-536
-536
-542
-538
-548
-536
-534
-536
-536
-536
-536
-530
-530
-522
-522
-522
-522
-524
-524
-532
-532
-526
-516
-514
-520
-524
-528
-528
-532
-532
-532
-538
-538
-536
-536
-536
-540
-534
-532
-534
-530
-538
-538
-536
-540
-540
-538
-530
-530
-530
-538
-538
-538
-538
-534
-536
-538
-536
-536
-536
-534
-528
-534
-534
-534
-532
-536
-536
-532
-534
-538
-544
-546
-544
-544
-548
-542
-544
-544
-548
-548
-548
-548
-540
-540
-542
-544
-550
-538
-538
-548
-542
-530
-528
-520
-522
-522
-526
-528
-526
-522
-522
-518
-522
-522
-526
-532
-536
-542
-542
-552
-552
-556
-558
-564
-562
-568
-570
-566
-552
-548
-550
-546
-538
-546
-548
-540
-542
-532
-538
-538
-532
-534
-530
-538
-538
-534
-534
-534
-534
-538
-548
-548
-540
-550
-546
-544
-546
-542
-542
-542
-542
-542
-546
-550
-546
-546
-538
-538
-534
-532
-532
-538
-542
-542
-542
-552
-554
-556
-544
-544
-540
-536
-540
-536
-526
-526
-528
-534
-524
-532
-532
-540
-532
-542
-536
-536
-536
-538
-540
-540
-544
-536
-532
-534
-540
-540
-532
-534
-542
-542
-538
-530
-522
-522
-536
-542
-540
-540
-536
-538
-538
-538
-520
-522
-532
-524
-514
-514
-514
-512
-508
-502
-504
-496
-496
-488
-488
-488
-484
-482
-482
-482
-484
-476
-488
-494
-488
-482
-488
-488
-488
-488
-492
-492
-498
-504
-508
-508
-500
-506
-504
-504
-504
-506
-500
-502
-500
-496
-494
-500
-498
-512
-512
-514
-514
-508
-506
-500
-500
-490
-492
-486
-484
-484
-484
-488
-490
-486
-488
-490
-486
-480
-470
-458
-458
-472
-472
-472
-472
-470
-474
-474
-476
-476
-476
-476
-474
-466
-466
-460
-460
-452
-446
-444
-446
-446
-446
-446
-446
-440
-440
-444
-444
-434
-438
-444
-438
-438
-438
-434
-434
-434
-440
-436
-436
-432
-434
-426
-426
-424
-428
-426
-426
-426
-426
-424
-422
-422
-426
-426
-428
-418
-418
-414
-416
-424
-422
-424
-428
-426
-424
-424
-424
-424
-430
-430
-430
-430
-430
-430
-428
-428
-428
-428
-428
-438
-442
-436
-436
-436
-434
-428
-428
-428
-436
-432
-432
-434
-440
-444
-444
-444
-446
-446
-446
-446
-446
-442
-442
-432
-426
-428
-428
-430
-424
-424
-424
-424
-422
-422
-418
-418
-418
-418
-412
-412
-412
-412
-410
-410
-410
-402
-402
-396
-402
-404
-408
-412
-418
-418
-414
-410
-410
-416
-410
-410
-404
-396
-396
-388
-388
-388
-404
-398
-392
-384
-374
-374
-380
-380
-392
-388
-394
-394
-394
-394
-398
-388
-384
-384
-378
-378
-372
-372
-376
-370
-370
-372
-372
-372
-372
-372
-372
-384
-384
-380
-374
-374
-378
-370
-360
-350
-350
-350
-350
-346
-346
-346
-344
-348
-348
-348
-348
-346
-340
-328
-326
-326
-326
-324
-330
-332
-330
-330
-326
-328
-326
-322
-326
-326
-334
-340
-336
-344
-342
-342
-354
-352
-352
-352
-356
-350
-352
-360
-360
-360
-356
-348
-348
-354
-344
-354
-348
-352
-362
-354
-356
-368
-370
-378
-366
-370
-374
-364
-364
-356
-360
-360
-354
-350
-356
-346
-346
-348
-342
-342
-350
-350
-344
-344
-346
-346
-346
-344
-344
-336
-324
-326
-326
-328
-318
-318
-322
-324
-332
-328
-326
-326
-322
-320
-314
-314
-320
-314
-314
-316
-318
-310
-304
-298
-294
-298
-298
-298
-296
-296
-296
-296
-298
-306
-308
-302
-302
-290
-304
-302
-292
-286
-274
-266
-266
-260
-260
-268
-268
-268
-268
-268
-262
-266
-258
-246
-238
-236
-236
-240
-244
-246
-244
-244
-238
-238
-238
-236
-248
-248
-240
-244
-244
-244
-240
-234
-234
-228
-230
-230
-226
-226
-226
-238
-234
-246
-246
-246
-246
-252
-248
-248
-248
-248
-250
-250
-250
-260
-260
-254
-254
-254
-252
-252
-248
-244
-244
-244
-244
-244
-248
-248
-242
-242
-242
-242
-246
-242
-234
-234
-236
-240
-242
-242
-234
-230
-228
-228
-228
-232
-232
-232
-232
-224
-226
-226
-226
-234
-228
-226
-226
-238
-238
-242
-242
-238
-238
-244
-252
-252
-252
-252
-254
-248
-248
-246
-246
-254
-256
-250
-254
-260
-260
-260
-258
-258
-258
-256
-266
-260
-258
-258
-264
-256
-256
-252
-252
-256
-260
-256
-256
-266
-270
-268
-268
-262
-260
-252
-250
-250
-250
-246
-246
-242
-232
-232
-232
-232
-232
-230
-230
-228
-222
-230
-232
-230
-234
-224
-224
-220
-218
-222
-224
-218
-212
-214
-224
-228
-228
-212
-208
-208
-204
-202
-202
-206
-202
-198
-196
-188
-188
-188
-180
-182
-182
-182
-178
-176
-178
-178
-178
-180
-180
-182
-174
-182
-182
-182
-186
-182
-182
-182
-180
-192
-196
-196
-200
-200
-196
-198
-198
-192
-192
-180
-178
-182
-176
-176
-170
-172
-176
-176
-178
-164
-168
-170
-168
-168
-168
-162
-158
-164
-160
-160
-148
-138
-134
-134
-132
-126
-122
-122
-128
-120
-120
-114
-114
-108
-108
-106
-104
-102
-108
-118
-120
-120
-130
-130
-140
-142
-140
-146
-148
-160
-148
-146
-146
-146
-142
-142
-140
-148
-148
-150
-146
-146
-146
-146
-154
-154
-154
-156
-150
-152
-152
-152
-152
-152
-152
-154
-152
-156
-152
-148
-150
-152
-152
-150
-150
-150
-150
-154
-160
-152
-162
-162
-168
-168
-176
-186
-186
-190
-182
-184
-186
-192
-186
-180
-178
-176
-176
-176
-176
-176
-182
-186
-186
-176
-178
-176
-182
-186
-186
-190
-194
-202
-202
-202
-198
-190
-204
-204
-204
-204
-204
-198
-198
-194
-182
-182
-186
-180
-182
-182
-178
-182
-182
-184
-182
-186
-182
-188
-184
-184
-184
-176
-180
-178
-180
-172
-182
-182
-182
-182
-184
-176
-186
-178
-182
-182
-180
-172
-180
-188
-188
-194
-194
-196
-202
-200
-200
-200
-206
-206
-206
-206
-204
-204
-204
-200
-198
-198
-198
-192
-188
-186
-178
-164
-160
-160
-160
-164
-158
-162
-162
-160
-168
-172
-170
-170
-162
-168
-172
-162
-168
-162
-162
-166
-168
-164
-162
-166
-166
-168
-174
-172
-172
-172
-184
-190
-184
-184
-190
-184
-188
-188
-174
-174
-176
-180
-176
-172
-168
-168
-168
-164
-164
-154
-158
-160
-160
-160
-162
-162
-156
-156
-156
-150
-150
-148
-146
-146
-148
-142
-144
-150
-144
-148
-158
-158
-158
-158
-158
-158
-158
-150
-138
-138
-140
-142
-140
-140
-140
-144
-138
-134
-134
-134
-140
-134
-140
-140
-136
-142
-138
-140
-138
-136
-136
-138
-140
-132
-128
-124
-122
-122
-122
-112
-108
-108
-120
-120
-116
-124
-124
-124
-118
-118
-118
-120
-128
-132
-132
-130
-130
-124
-124
-124
-128
-124
-124
-124
-124
-130
-130
-130
-132
-132
-132
-130
-122
-122
-122
-126
-114
-98
-98
-92
-96
-94
-88
-88
-88
-86
-86
-78
-88
-88
-88
-94
-82
-80
-80
-72
-78
-80
-80
-80
-88
-86
-82
-74
-84
-74
-74
-68
-64
-62
-62
-66
-66
-60
-60
-62
-52
-52
-52
-66
-66
-64
-64
-64
-68
-72
-72
-72
-70
-70
-70
-64
-64
-64
-60
-56
-64
-64
-66
-66
-82
-78
-90
-82
-88
-86
-88
-84
-84
-84
-88
-88
-90
-90
-90
-92
-92
-92
-92
-86
-78
-76
-76
-80
-70
-70
-72
-72
-74
-86
-86
-82
-76
-68
-68
-78
-80
-76
-76
-76
-74
-74
-74
-84
-80
-80
-80
-82
-82
-86
-86
-88
-88
-90
-92
-100
-102
-104
-98
-98
-96
-90
-98
-98
-94
-94
-94
-96
-92
-94
-100
-92
-92
-92
-92
-94
-96
-102
-102
-106
-108
-108
-110
-118
-118
-118
-114
-124
-124
-116
-116
-116
-116
-104
-104
-104
-102
-98
-98
-98
-96
-96
-92
-88
-98
-90
-96
-96
-106
-94
-94
-94
-94
-92
-96
-100
-100
-100
-90
-88
-84
-82
-82
-82
-82
-78
-74
-82
-80
-80
-80
-80
-80
-80
-84
-78
-78
-74
-76
-84
-76
-82
-76
-70
-76
-76
-68
-78
-82
-86
-86
-86
-90
-90
-86
-94
-94
-96
-102
-102
-102
-96
-88
-84
-82
-82
-84
-74
-80
-82
-82
-80
-84
-78
-86
-90
-94
-98
-102
-96
-96
-96
-98
-98
-96
-96
-104
-114
-106
-102
-100
-100
-98
-96
-98
-98
-110
-118
-102
-108
-110
-110
-110
-110
-112
-106
-110
-110
-114
-114
-114
-114
-114
-114
-114
-108
-108
-108
-108
-112
-106
-112
-106
-110
-106
-106
-106
-106
-102
-100
-100
-90
-90
-90
-86
-84
-80
-78
-88
-84
-76
-76
-70
-66
-66
-66
-64
-62
-62
-62
-62
-62
-62
-70
-62
-62
-62
-54
-52
-52
-48
-36
-36
-36
-36
-38
-38
-36
-36
-32
-32
-36
-34
-32
-22
-22
-32
-32
-30
-26
-26
-26
-26
-26
-20
-20
-18
-18
-18
-12
-12
-14
-14
-12
-12
-12
-12
-16
-16
-22
-10
-10
-6
-4
-4
-4
6
-2
-6
-6
-6
2
2
2
-2
-2
-8
-8
-14
-10
-10
-10
-10
-10
2
2
2
4
10
8
8
2
2
0
-8
-8
-8
-12
-12
-6
-6
-12
-6
-6
-12
-12
-10
-12
-24
-24
-28
-30
-22
-30
-36
-36
-46
-48
-48
-48
-46
-50
-46
-48
-42
-32
-34
-46
-42
-46
-50
-50
-50
-46
-44
-44
-44
-40
-44
-42
-42
-42
-30
-24
-34
-38
-28
-28
-32
-32
-32
-32
-36
-26
-18
-18
-22
-22
-26
-26
-34
-34
-36
-32
-34
-40
-40
-38
-36
-36
-44
-44
-36
-38
-28
-16
-16
-16
-24
-20
-12
-8
0
4
-4
-4
-4
-10
-14
-10
-6
0
-2
-2
-8
-6
0
0
4
4
4
6
6
-2
-2
-4
-4
-6
0
0
-2
8
6
6
6
6
6
10
2
2
2
2
2
4
8
8
-4
-6
-2
-6
-6
-6
-6
-8
-14
-14
-14
-14
-14
-18
-20
-20
-12
-22
-12
-22
-24
-14
-14
-8
-10
-10
-12
-10
-4
-6
4
12
6
-2
-2
-4
-6
0
2
10
10
8
18
12
10
12
10
10
10
4
4
-4
2
14
12
12
4
10
18
18
14
16
16
24
24
18
18
22
22
34
34
42
42
42
48
46
52
56
58
58
58
54
48
48
52
62
62
62
68
68
66
58
66
64
64
66
64
64
66
66
68
76
70
64
62
62
60
58
64
80
80
78
82
82
82
78
78
82
82
82
76
76
74
74
80
76
74
66
64
60
52
52
56
64
64
62
58
58
58
62
68
68
68
68
70
70
70
70
74
68
60
52
52
56
56
56
56
56
48
56
66
70
70
66
66
66
66
62
62
62
62
62
54
54
42
36
46
46
46
46
46
50
50
50
36
36
34
34
38
32
30
32
34
40
44
42
42
40
40
40
36
36
38
38
38
42
38
38
42
42
48
48
48
54
60
64
60
68
60
62
60
60
64
58
62
62
52
52
48
48
48
54
54
54
54
52
46
46
46
46
54
56
54
54
42
46
46
52
54
44
44
44
48
56
58
66
60
60
70
64
62
68
76
66
64
68
66
66
66
66
66
64
60
60
56
58
58
58
64
64
64
56
52
48
52
50
50
50
50
50
50
52
52
52
42
42
36
42
42
42
46
46
50
50
50
50
54
54
54
54
50
46
42
38
40
40
40
46
46
42
46
46
46
62
60
60
60
60
66
68
72
66
74
74
78
78
74
74
78
78
84
86
92
92
92
102
102
102
106
104
104
106
108
108
106
102
112
104
100
102
102
98
104
104
106
104
104
98
98
98
102
104
100
100
104
102
102
94
106
106
108
112
106
104
108
112
112
112
122
128
138
138
146
146
148
148
152
158
156
160
168
168
168
168
166
160
164
168
176
178
178
170
170
178
174
176
176
178
178
178
178
186
188
186
180
172
172
172
172
178
192
192
194
190
190
188
192
192
186
180
176
176
176
176
176
176
174
174
174
174
174
174
178
178
178
182
186
194
196
196
184
186
186
196
196
196
198
198
198
202
202
204
212
220
224
216
214
214
210
210
210
210
222
210
216
208
200
206
206
208
222
218
228
226
226
226
220
222
234
234
240
240
250
250
256
264
264
264
270
264
264
260
248
248
248
254
254
254
250
250
242
250
252
254
254
254
254
246
246
242
242
242
244
244
238
238
236
236
236
236
236
236
238
238
244
240
238
238
244
244
244
244
240
234
234
236
230
234
242
242
242
254
256
258
254
254
254
248
246
242
242
242
238
238
230
230
234
228
226
226
228
232
226
230
226
238
238
248
248
244
244
244
246
250
250
250
250
250
250
248
244
244
242
240
238
228
232
232
234
234
234
228
226
224
236
226
226
212
210
204
202
202
210
206
200
196
194
200
196
196
196
196
200
202
202
208
208
204
194
194
194
188
194
196
206
206
214
214
224
222
224
212
212
218
206
202
200
202
196
200
210
228
228
226
230
230
224
216
216
218
226
226
236
238
242
242
242
250
250
250
254
250
252
252
248
238
230
230
230
234
234
234
234
232
230
234
236
236
242
240
240
238
238
236
236
236
232
228
228
228
230
222
226
226
226
214
214
214
216
208
206
210
206
206
206
208
210
202
202
202
206
206
206
210
220
214
212
212
212
212
216
214
220
220
224
218
218
220
220
224
226
230
226
230
238
232
232
232
232
238
242
244
242
252
252
254
262
264
266
264
264
264
264
250
250
250
248
244
256
256
256
256
260
262
262
252
256
254
264
266
270
270
264
264
270
270
276
274
274
274
264
264
264
272
278
278
278
278
276
276
280
276
276
290
292
288
278
282
282
280
284
286
294
294
294
290
286
276
266
270
274
266
262
264
266
266
272
268
258
256
252
248
246
246
242
236
238
238
238
244
244
244
250
252
252
244
242
238
234
234
236
238
236
240
244
242
242
238
242
248
244
244
254
256
260
248
248
248
244
244
244
256
258
258
262
254
252
252
260
248
252
254
254
244
244
246
248
254
262
270
262
266
260
260
256
256
254
254
254
248
244
244
244
246
242
242
248
254
254
264
262
262
262
262
264
260
268
268
262
262
258
262
260
258
258
260
254
254
258
258
252
256
256
256
254
252
254
252
256
266
266
268
264
264
270
270
274
276
276
276
290
290
288
284
288
296
290
280
280
282
280
288
294
294
290
296
292
292
288
286
286
284
284
284
292
292
292
302
302
310
310
310
316
328
328
330
332
332
328
336
342
348
344
340
336
338
338
332
328
334
344
344
344
344
348
360
362
358
352
352
350
350
346
346
346
346
356
350
350
350
354
364
364
370
360
374
372
372
372
374
380
374
366
376
376
376
376
376
370
372
366
362
354
354
356
356
356
356
360
360
362
362
366
366
366
374
382
380
384
384
386
380
380
372
374
372
374
380
384
378
378
378
384
384
390
386
378
370
370
370
366
366
362
364
364
364
364
374
374
380
386
386
386
386
380
384
384
386
386
394
394
396
394
398
398
400
398
398
396
398
404
392
394
388
386
376
372
362
364
372
370
366
362
368
372
372
372
370
368
374
376
376
382
382
382
384
384
384
382
376
376
376
382
380
380
380
376
376
370
376
376
376
382
384
382
382
392
390
380
380
380
384
386
390
392
394
398
402
402
402
402
402
408
408
398
404
404
404
406
414
412
412
412
406
400
398
386
396
390
390
390
390
398
398
398
402
392
396
396
404
400
394
386
384
374
374
374
376
372
380
380
372
372
370
372
374
372
368
370
368
368
370
372
382
392
390
396
396
396
396
394
382
382
378
378
378
378
378
366
372
378
374
374
370
376
384
380
382
378
364
368
380
388
386
390
386
386
368
378
380
378
384
384
386
394
394
388
390
394
394
394
394
386
386
386
390
390
386
386
384
390
392
390
392
392
402
402
402
404
404
410
408
412
412
420
426
426
424
434
432
444
446
450
452
452
452
452
452
450
442
442
442
444
442
440
446
446
438
442
440
440
454
446
456
456
456
460
462
450
446
436
436
434
432
432
432
426
426
418
412
414
404
404
400
386
394
392
384
384
376
390
406
406
406
406
406
406
406
400
394
406
394
402
404
406
400
400
408
408
410
408
412
414
410
412
414
414
416
418
422
424
412
412
424
424
426
426
418
414
414
414
418
418
418
418
418
418
420
420
418
422
428
436
436
446
446
448
448
448
450
442
442
438
438
438
438
434
430
424
426
426
434
434
434
440
436
436
436
438
438
438
444
450
446
448
448
448
450
446
446
444
432
436
432
434
434
428
428
422
430
432
426
424
424
424
430
424
426
430
432
432
438
438
442
438
438
438
442
436
434
438
440
444
444
452
444
452
456
458
454
454
456
456
454
454
462
462
454
466
470
460
460
462
458
462
462
462
462
460
464
462
462
462
456
456
460
450
448
448
446
450
450
450
444
438
438
438
430
422
422
422
426
430
426
422
422
422
422
432
438
436
426
436
436
436
436
436
440
444
438
434
430
430
436
436
436
446
442
442
438
436
444
444
446
446
436
434
434
438
442
442
442
442
436
436
444
444
444
448
444
448
452
456
458
454
458
458
458
472
472
464
462
456
464
458
458
458
458
452
448
436
432
428
432
432
432
426
426
430
430
436
434
434
446
446
440
436
442
438
444
436
426
420
418
418
406
392
396
396
392
392
390
390
392
392
400
400
400
392
392
392
392
396
394
398
398
406
406
406
404
402
404
398
392
384
376
384
390
392
402
404
404
406
404
400
398
398
398
402
402
414
406
402
394
394
394
392
384
380
380
378
378
382
380
380
380
392
392
400
408
406
406
400
400
400
402
400
390
390
394
388
388
390
398
402
404
406
408
406
404
404
392
396
404
402
398
398
392
392
392
390
394
406
406
406
406
418
420
426
424
424
428
424
422
422
424
416
418
408
414
408
412
426
428
434
434
434
436
436
436
434
434
434
422
424
420
420
424
422
418
416
416
416
416
418
422
424
424
424
422
422
422
422
422
422
422
424
430
432
432
428
418
424
424
424
424
420
420
418
422
422
428
426
430
430
430
428
428
430
434
442
446
438
434
434
434
432
432
440
440
434
434
436
434
426
424
424
428
432
432
442
442
438
444
444
444
442
442
446
446
446
446
454
454
452
458
452
450
450
450
444
452
454
450
452
448
448
436
436
436
442
446
446
442
448
440
440
440
440
438
438
426
432
432
432
426
432
426
434
430
440
440
440
442
444
446
452
444
446
436
436
426
420
422
426
426
434
430
430
430
438
440
440
436
438
438
440
440
446
446
446
454
454
458
464
480
480
480
472
474
476
480
478
480
474
476
476
476
476
476
476
478
478
478
476
478
478
470
468
468
468
464
464
472
472
486
478
478
480
476
490
482
488
488
502
502
500
512
516
508
508
508
508
506
510
510
512
512
504
512
512
514
518
518
520
528
532
528
528
528
524
524
520
520
524
530
532
544
