-10470
-10462
-10462
-10456
-10448
-10434
-10420
-10414
-10404
-10404
-10402
-10394
-10394
-10388
-10374
-10368
-10356
-10344
-10340
-10326
-10316
-10308
-10298
-10290
-10274
-10266
-10266
-10264
-10258
-10256
-10244
-10234
-10226
-10216
-10210
-10202
-10194
-10180
-10188
-10190
-10186
-10176
-10166
-10160
-10148
-10142
-10126
-10126
-10116
-10116
-10116
-10108
-10102
-10100
-10090
-10080
-10076
-10076
-10070
-10070
-10056
-10044
-10050
-10038
-10036
-10036
-10036
-10024
-10024
-10018
-10012
-10012
-10000
-10000
-9994
-9982
-9976
-9976
-9972
-9972
-9972
-9960
-9958
-9952
-9952
-9952
-9942
-9930
-9924
-9918
-9906
-9898
-9890
-9880
-9872
-9862
-9850
-9838
-9836
-9828
-9816
-9802
-9796
-9784
-9784
-9784
-9784
-9778
-9774
-9766
-9754
-9748
-9748
-9742
-9742
-9734
-9732
-9726
-9716
-9710
-9702
-9694
-9694
-9690
-9690
-9684
-9678
-9678
-9674
-9664
-9654
-9646
-9638
-9630
-9622
-9622
-9616
-9614
-9618
-9614
-9606
-9598
-9598
-9596
-9592
-9588
-9574
-9566
-9566
-9560
-9564
-9558
-9550
-9544
-9532
-9526
-9518
-9518
-9510
-9510
-9506
-9492
-9492
-9482
-9480
-9468
-9462
-9458
-9458
-9452
-9446
-9444
-9440
-9426
-9422
-9414
-9408
-9398
-9388
-9388
-9390
-9380
-9372
-9368
-9358
-9358
-9348
-9342
-9336
-9332
-9326
-9318
-9316
-9308
-9298
-9290
-9278
-9268
-9262
-9254
-9254
-9248
-9234
-9228
-9226
-9218
-9214
-9210
-9202
-9198
-9192
-9186
-9178
-9178
-9172
-9158
-9150
-9150
-9134
-9124
-9120
-9120
-9120
-9120
-9120
-9110
-9108
-9104
-9096
-9086
-9086
-9080
-9074
-9068
-9064
-9054
-9054
-9054
-9062
-9056
-9060
-9058
-9058
-9056
-9054
-9054
-9046
-9036
-9026
-9024
-9020
-9020
-9012
-9002
-8996
-8986
-8986
-8976
-8970
-8960
-8958
-8950
-8950
-8954
-8950
-8942
-8934
-8932
-8926
-8920
-8914
-8908
-8898
-8900
-8896
-8888
-8872
-8866
-8858
-8860
-8856
-8850
-8850
-8846
-8840
-8842
-8836
-8830
-8820
-8812
-8816
-8822
-8812
-8802
-8790
-8784
-8772
-8764
-8758
-8752
-8748
-8748
-8748
-8742
-8730
-8730
-8718
-8712
-8702
-8702
-8700
-8694
-8696
-8694
-8682
-8674
-8662
-8650
-8648
-8644
-8638
-8634
-8638
-8638
-8638
-8632
-8632
-8632
-8624
-8624
-8624
-8620
-8614
-8600
-8590
-8594
-8592
-8578
-8590
-8588
-8582
-8576
-8570
-8564
-8556
-8546
-8544
-8546
-8538
-8534
-8528
-8522
-8524
-8520
-8516
-8514
-8506
-8496
-8496
-8496
-8492
-8480
-8480
-8480
-8478
-8472
-8466
-8466
-8458
-8450
-8444
-8436
-8436
-8426
-8426
-8424
-8416
-8406
-8408
-8392
-8392
-8384
-8376
-8376
-8376
-8366
-8366
-8362
-8368
-8366
-8366
-8366
-8366
-8358
-8358
-8354
-8356
-8348
-8348
-8332
-8322
-8318
-8310
-8306
-8300
-8284
-8284
-8280
-8270
-8260
-8248
-8246
-8246
-8236
-8226
-8214
-8202
-8196
-8196
-8184
-8176
-8176
-8176
-8176
-8166
-8154
-8142
-8140
-8136
-8128
-8120
-8114
-8106
-8106
-8106
-8088
-8080
-8072
-8070
-8058
-8050
-8050
-8044
-8048
-8040
-8040
-8040
-8038
-8042
-8036
-8030
-8026
-8020
-8008
-7996
-7988
-7990
-7984
-7986
-7988
-7990
-7974
-7968
-7958
-7956
-7954
-7944
-7944
-7944
-7938
-7938
-7930
-7922
-7922
-7916
-7916
-7914
-7902
-7902
-7890
-7888
-7882
-7876
-7868
-7862
-7852
-7846
-7840
-7832
-7818
-7806
-7808
-7806
-7794
-7784
-7770
-7762
-7752
-7752
-7754
-7744
-7738
-7730
-7718
-7712
-7702
-7702
-7694
-7694
-7694
-7692
-7688
-7688
-7692
-7686
-7674
-7668
-7666
-7654
-7652
-7640
-7628
-7616
-7608
-7602
-7596
-7592
-7586
-7586
-7574
-7578
-7568
-7558
-7556
-7548
-7540
-7546
-7538
-7538
-7530
-7528
-7526
-7518
-7514
-7512
-7510
-7508
-7510
-7494
-7492
-7490
-7480
-7478
-7470
-7458
-7456
-7442
-7438
-7440
-7428
-7428
-7416
-7408
-7408
-7406
-7406
-7396
-7394
-7386
-7382
-7382
-7386
-7386
-7372
-7372
-7374
-7366
-7354
-7354
-7354
-7348
-7348
-7340
-7334
-7324
-7324
-7306
-7310
-7300
-7300
-7298
-7294
-7286
-7272
-7268
-7260
-7256
-7248
-7248
-7248
-7246
-7244
-7244
-7230
-7220
-7218
-7214
-7210
-7198
-7198
-7190
-7186
-7178
-7174
-7168
-7160
-7166
-7166
-7162
-7154
-7152
-7154
-7142
-7134
-7130
-7124
-7124
-7124
-7120
-7112
-7112
-7106
-7106
-7096
-7096
-7084
-7084
-7084
-7086
-7088
-7076
-7074
-7080
-7076
-7074
-7062
-7058
-7052
-7052
-7052
-7052
-7040
-7034
-7030
-7030
-7024
-7024
-7024
-7018
-7010
-7014
-7004
-7006
-6998
-6994
-6982
-6974
-6974
-6966
-6964
-6950
-6938
-6932
-6930
-6930
-6922
-6914
-6906
-6894
-6894
-6890
-6890
-6880
-6884
-6876
-6876
-6872
-6868
-6854
-6850
-6844
-6844
-6830
-6830
-6824
-6812
-6810
-6802
-6794
-6784
-6784
-6778
-6778
-6778
-6768
-6766
-6760
-6760
-6760
-6758
-6756
-6754
-6748
-6744
-6736
-6736
-6734
-6738
-6732
-6730
-6720
-6716
-6716
-6708
-6712
-6712
-6706
-6708
-6702
-6702
-6698
-6686
-6686
-6692
-6692
-6682
-6682
-6674
-6668
-6662
-6652
-6642
-6636
-6632
-6628
-6620
-6610
-6610
-6612
-6604
-6600
-6594
-6590
-6586
-6582
-6576
-6574
-6570
-6570
-6556
-6556
-6552
-6536
-6536
-6538
-6536
-6536
-6526
-6516
-6514
-6514
-6512
-6508
-6500
-6492
-6480
-6482
-6470
-6470
-6462
-6454
-6450
-6450
-6440
-6434
-6434
-6426
-6424
-6418
-6412
-6412
-6398
-6398
-6398
-6398
-6398
-6396
-6396
-6390
-6388
-6388
-6384
-6372
-6374
-6366
-6366
-6370
-6370
-6370
-6366
-6374
-6374
-6366
-6358
-6344
-6344
-6336
-6330
-6316
-6314
-6308
-6296
-6284
-6280
-6270
-6270
-6264
-6258
-6258
-6258
-6250
-6250
-6260
-6254
-6248
-6242
-6234
-6224
-6224
-6214
-6214
-6212
-6202
-6194
-6190
-6190
-6184
-6174
-6170
-6178
-6174
-6156
-6152
-6152
-6152
-6152
-6146
-6148
-6148
-6136
-6136
-6126
-6118
-6122
-6120
-6116
-6116
-6116
-6106
-6096
-6096
-6092
-6092
-6084
-6076
-6074
-6074
-6072
-6074
-6064
-6058
-6050
-6046
-6036
-6026
-6026
-6018
-6018
-6022
-6012
-6006
-6006
-6004
-6004
-6004
-6004
-6000
-5998
-5998
-5994
-5986
-5980
-5974
-5968
-5960
-5952
-5948
-5942
-5938
-5944
-5936
-5932
-5932
-5932
-5920
-5912
-5912
-5904
-5902
-5906
-5896
-5900
-5910
-5904
-5892
-5892
-5886
-5870
-5870
-5870
-5866
-5866
-5866
-5866
-5866
-5864
-5872
-5860
-5852
-5842
-5838
-5838
-5838
-5834
-5834
-5840
-5832
-5834
-5818
-5816
-5810
-5820
-5806
-5798
-5792
-5794
-5786
-5782
-5782
-5782
-5780
-5770
-5764
-5758
-5758
-5762
-5752
-5748
-5748
-5754
-5744
-5734
-5728
-5734
-5720
-5706
-5704
-5704
-5704
-5708
-5712
-5712
-5704
-5710
-5710
-5710
-5710
-5702
-5698
-5690
-5682
-5678
-5676
-5664
-5660
-5656
-5648
-5648
-5640
-5640
-5634
-5636
-5634
-5632
-5628
-5632
-5630
-5630
-5636
-5628
-5628
-5628
-5628
-5622
-5614
-5614
-5608
-5602
-5600
-5592
-5588
-5590
-5588
-5588
-5596
-5586
-5574
-5568
-5562
-5570
-5566
-5560
-5560
-5560
-5548
-5548
-5546
-5546
-5538
-5532
-5514
-5514
-5514
-5524
-5524
-5510
-5500
-5500
-5500
-5496
-5504
-5504
-5498
-5498
-5490
-5496
-5492
-5480
-5476
-5472
-5476
-5464
-5454
-5448
-5444
-5438
-5428
-5418
-5410
-5410
-5404
-5400
-5400
-5404
-5396
-5388
-5378
-5378
-5366
-5374
-5364
-5360
-5354
-5356
-5354
-5354
-5354
-5346
-5342
-5346
-5338
-5332
-5320
-5306
-5300
-5286
-5286
-5284
-5278
-5278
-5278
-5274
-5268
-5262
-5260
-5252
-5238
-5236
-5228
-5228
-5212
-5206
-5194
-5194
-5196
-5190
-5180
-5180
-5180
-5170
-5172
-5174
-5170
-5174
-5174
-5160
-5162
-5160
-5174
-5164
-5154
-5148
-5142
-5144
-5142
-5136
-5130
-5126
-5116
-5110
-5110
-5110
-5114
-5110
-5110
-5116
-5116
-5116
-5108
-5102
-5100
-5088
-5088
-5090
-5088
-5082
-5082
-5078
-5078
-5076
-5082
-5084
-5082
-5074
-5072
-5072
-5072
-5066
-5060
-5064
-5068
-5072
-5074
-5066
-5058
-5050
-5056
-5050
-5050
-5046
-5040
-5034
-5034
-5034
-5036
-5032
-5040
-5040
-5034
-5030
-5030
-5030
-5030
-5022
-5016
-5016
-5018
-5018
-5014
-5006
-5000
-4990
-4986
-4988
-4984
-4980
-4984
-4982
-4976
-4976
-4972
-4960
-4958
-4956
-4952
-4954
-4952
-4950
-4952
-4948
-4952
-4940
-4938
-4938
-4928
-4928
-4928
-4930
-4932
-4934
-4942
-4942
-4946
-4938
-4930
-4922
-4920
-4914
-4912
-4912
-4906
-4898
-4898
-4888
-4876
-4876
-4866
-4866
-4872
-4864
-4856
-4844
-4838
-4840
-4832
-4840
-4838
-4838
-4834
-4834
-4840
-4832
-4832
-4832
-4826
-4826
-4826
-4820
-4816
-4816
-4802
-4798
-4798
-4790
-4786
-4782
-4774
-4774
-4768
-4768
-4768
-4768
-4768
-4754
-4750
-4746
-4738
-4736
-4724
-4714
-4706
-4694
-4690
-4688
-4684
-4674
-4674
-4660
-4662
-4656
-4650
-4650
-4648
-4644
-4644
-4646
-4650
-4650
-4640
-4640
-4634
-4636
-4648
-4644
-4640
-4636
-4636
-4620
-4614
-4610
-4604
-4604
-4604
-4604
-4600
-4588
-4592
-4580
-4578
-4578
-4562
-4558
-4556
-4550
-4540
-4540
-4540
-4536
-4526
-4528
-4522
-4522
-4514
-4520
-4508
-4500
-4494
-4490
-4480
-4486
-4486
-4482
-4478
-4474
-4470
-4464
-4464
-4464
-4472
-4468
-4468
-4468
-4468
-4468
-4468
-4456
-4446
-4448
-4450
-4438
-4452
-4452
-4452
-4452
-4460
-4460
-4460
-4460
-4468
-4474
-4472
-4470
-4462
-4466
-4462
-4446
-4454
-4454
-4446
-4440
-4434
-4434
-4434
-4436
-4432
-4426
-4424
-4422
-4420
-4420
-4420
-4416
-4416
-4408
-4408
-4408
-4408
-4406
-4404
-4400
-4396
-4390
-4386
-4380
-4368
-4362
-4362
-4362
-4372
-4370
-4372
-4364
-4354
-4354
-4350
-4350
-4350
-4346
-4338
-4340
-4342
-4336
-4336
-4332
-4326
-4326
-4318
-4312
-4316
-4322
-4320
-4318
-4310
-4310
-4302
-4294
-4290
-4280
-4274
-4274
-4270
-4264
-4264
-4260
-4258
-4254
-4254
-4242
-4234
-4230
-4232
-4232
-4232
-4226
-4232
-4234
-4234
-4234
-4234
-4238
-4244
-4242
-4232
-4232
-4236
-4236
-4222
-4222
-4220
-4216
-4208
-4210
-4210
-4202
-4194
-4186
-4184
-4180
-4180
-4174
-4180
-4182
-4182
-4178
-4176
-4186
-4174
-4176
-4166
-4160
-4156
-4150
-4152
-4142
-4150
-4142
-4132
-4132
-4132
-4132
-4132
-4134
-4132
-4126
-4122
-4116
-4112
-4104
-4090
-4082
-4078
-4080
-4076
-4070
-4068
-4064
-4064
-4064
-4058
-4046
-4044
-4046
-4042
-4048
-4050
-4050
-4056
-4054
-4046
-4040
-4040
-4028
-4028
-4026
-4018
-4016
-4016
-4020
-4012
-4012
-4000
-4002
-3992
-4002
-4002
-3998
-3994
-4000
-4000
-3986
-3982
-3970
-3960
-3960
-3954
-3952
-3946
-3944
-3948
-3950
-3956
-3962
-3956
-3954
-3952
-3948
-3936
-3936
-3924
-3932
-3926
-3926
-3928
-3928
-3936
-3936
-3944
-3942
-3934
-3932
-3932
-3924
-3928
-3928
-3924
-3930
-3930
-3918
-3918
-3922
-3914
-3914
-3902
-3892
-3892
-3884
-3884
-3876
-3876
-3868
-3870
-3872
-3880
-3880
-3880
-3878
-3878
-3880
-3878
-3876
-3864
-3860
-3854
-3856
-3866
-3866
-3866
-3866
-3854
-3852
-3852
-3840
-3840
-3836
-3828
-3832
-3818
-3806
-3812
-3812
-3798
-3794
-3784
-3786
-3780
-3780
-3772
-3762
-3762
-3762
-3758
-3762
-3758
-3748
-3744
-3734
-3732
-3728
-3734
-3734
-3736
-3728
-3728
-3724
-3722
-3726
-3720
-3718
-3712
-3702
-3690
-3690
-3688
-3684
-3680
-3674
-3680
-3678
-3676
-3666
-3672
-3670
-3672
-3672
-3668
-3668
-3678
-3668
-3670
-3660
-3654
-3658
-3654
-3656
-3644
-3636
-3628
-3626
-3620
-3612
-3610
-3604
-3592
-3582
-3572
-3574
-3572
-3570
-3564
-3568
-3562
-3562
-3558
-3554
-3546
-3544
-3530
-3530
-3532
-3532
-3548
-3544
-3538
-3534
-3530
-3530
-3522
-3522
-3522
-3514
-3514
-3508
-3504
-3498
-3488
-3496
-3502
-3500
-3500
-3500
-3494
-3490
-3496
-3504
-3494
-3484
-3476
-3460
-3460
-3460
-3458
-3454
-3464
-3458
-3446
-3442
-3442
-3442
-3436
-3432
-3432
-3424
-3422
-3414
-3422
-3424
-3424
-3424
-3422
-3422
-3414
-3414
-3404
-3394
-3394
-3394
-3386
-3376
-3370
-3372
-3380
-3380
-3368
-3366
-3362
-3362
-3362
-3362
-3358
-3350
-3360
-3360
-3354
-3348
-3344
-3340
-3332
-3332
-3332
-3324
-3330
-3328
-3324
-3322
-3332
-3334
-3332
-3332
-3332
-3328
-3328
-3326
-3318
-3324
-3312
-3310
-3310
-3298
-3294
-3292
-3296
-3286
-3276
-3274
-3284
-3284
-3284
-3276
-3276
-3280
-3274
-3278
-3266
-3262
-3268
-3268
-3268
-3264
-3270
-3270
-3266
-3262
-3252
-3250
-3240
-3230
-3226
-3220
-3218
-3220
-3214
-3208
-3208
-3210
-3206
-3200
-3190
-3188
-3190
-3194
-3188
-3182
-3182
-3182
-3182
-3180
-3176
-3164
-3164
-3168
-3170
-3164
-3162
-3164
-3158
-3164
-3168
-3170
-3164
-3164
-3164
-3164
-3166
-3172
-3174
-3164
-3166
-3160
-3154
-3156
-3160
-3156
-3152
-3164
-3166
-3166
-3158
-3160
-3164
-3164
-3164
-3162
-3154
-3154
-3152
-3152
-3154
-3142
-3146
-3138
-3138
-3140
-3132
-3130
-3122
-3114
-3116
-3128
-3128
-3118
-3124
-3130
-3120
-3120
-3122
-3118
-3124
-3130
-3132
-3122
-3122
-3114
-3118
-3116
-3116
-3118
-3116
-3104
-3102
-3102
-3096
-3092
-3088
-3086
-3082
-3070
-3066
-3060
-3048
-3056
-3058
-3052
-3052
-3050
-3052
-3052
-3052
-3054
-3042
-3034
-3032
-3022
-3026
-3012
-3010
-3006
-3000
-3000
-2992
-2994
-2998
-2998
-3004
-3006
-3000
-3002
-2996
-2982
-2972
-2970
-2976
-2980
-2980
-2980
-2974
-2968
-2968
-2974
-2974
-2966
-2966
-2960
-2958
-2952
-2942
-2936
-2936
-2928
-2922
-2918
-2920
-2926
-2926
-2922
-2908
-2906
-2906
-2910
-2910
-2908
-2904
-2902
-2910
-2908
-2902
-2896
-2892
-2888
-2886
-2876
-2872
-2866
-2868
-2868
-2878
-2872
-2872
-2872
-2872
-2872
-2872
-2866
-2864
-2858
-2862
-2858
-2860
-2856
-2852
-2850
-2856
-2856
-2858
-2846
-2848
-2848
-2846
-2842
-2844
-2848
-2858
-2852
-2852
-2850
-2850
-2862
-2854
-2850
-2850
-2840
-2854
-2850
-2850
-2844
-2830
-2822
-2822
-2826
-2828
-2832
-2822
-2822
-2818
-2812
-2822
-2828
-2824
-2826
-2824
-2818
-2816
-2814
-2810
-2800
-2800
-2806
-2812
-2810
-2810
-2800
-2796
-2798
-2800
-2796
-2798
-2792
-2800
-2794
-2790
-2790
-2790
-2786
-2774
-2774
-2780
-2788
-2790
-2792
-2800
-2800
-2800
-2794
-2794
-2786
-2784
-2780
-2780
-2770
-2774
-2774
-2774
-2774
-2764
-2756
-2750
-2750
-2752
-2758
-2754
-2748
-2746
-2746
-2754
-2758
-2758
-2758
-2746
-2738
-2740
-2740
-2742
-2734
-2734
-2738
-2734
-2718
-2718
-2718
-2716
-2720
-2722
-2716
-2712
-2710
-2710
-2704
-2698
-2698
-2688
-2696
-2692
-2692
-2694
-2694
-2694
-2690
-2686
-2686
-2694
-2694
-2694
-2700
-2704
-2700
-2700
-2700
-2698
-2692
-2688
-2688
-2696
-2692
-2692
-2692
-2692
-2694
-2688
-2686
-2684
-2678
-2678
-2670
-2664
-2664
-2664
-2664
-2664
-2670
-2662
-2656
-2656
-2654
-2650
-2650
-2642
-2642
-2642
-2642
-2636
-2636
-2630
-2626
-2620
-2620
-2622
-2618
-2618
-2626
-2632
-2628
-2618
-2610
-2620
-2616
-2618
-2612
-2612
-2612
-2608
-2608
-2618
-2616
-2616
-2606
-2606
-2606
-2608
-2600
-2592
-2592
-2592
-2586
-2580
-2574
-2570
-2564
-2564
-2568
-2560
-2562
-2562
-2560
-2560
-2562
-2558
-2552
-2544
-2538
-2532
-2538
-2534
-2526
-2526
-2520
-2520
-2522
-2522
-2518
-2518
-2514
-2508
-2498
-2502
-2500
-2494
-2498
-2498
-2500
-2514
-2516
-2516
-2508
-2508
-2508
-2502
-2498
-2502
-2498
-2498
-2508
-2508
-2498
-2502
-2504
-2504
-2496
-2504
-2508
-2516
-2512
-2506
-2506
-2506
-2506
-2500
-2502
-2490
-2482
-2472
-2476
-2476
-2486
-2490
-2488
-2480
-2478
-2478
-2478
-2474
-2474
-2474
-2470
-2472
-2472
-2472
-2464
-2456
-2450
-2446
-2442
-2442
-2440
-2430
-2422
-2422
-2416
-2408
-2400
-2396
-2396
-2400
-2398
-2404
-2400
-2416
-2410
-2410
-2404
-2394
-2392
-2390
-2398
-2394
-2404
-2404
-2404
-2414
-2410
-2410
-2412
-2400
-2402
-2406
-2404
-2398
-2392
-2392
-2374
-2374
-2374
-2382
-2372
-2372
-2372
-2376
-2380
-2374
-2378
-2378
-2378
-2372
-2372
-2368
-2370
-2360
-2350
-2344
-2338
-2344
-2336
-2334
-2338
-2334
-2334
-2334
-2324
-2318
-2318
-2318
-2308
-2302
-2292
-2282
-2288
-2280
-2276
-2276
-2276
-2266
-2264
-2264
-2260
-2260
-2258
-2262
-2256
-2250
-2242
-2238
-2234
-2228
-2228
-2228
-2220
-2212
-2206
-2208
-2202
-2202
-2198
-2186
-2186
-2182
-2180
-2172
-2172
-2166
-2160
-2156
-2158
-2156
-2156
-2156
-2156
-2164
-2166
-2166
-2166
-2166
-2170
-2162
-2156
-2158
-2170
-2172
-2170
-2180
-2184
-2174
-2174
-2174
-2182
-2182
-2182
-2180
-2174
-2172
-2176
-2176
-2174
-2174
-2174
-2168
-2158
-2158
-2154
-2146
-2144
-2144
-2134
-2128
-2128
-2126
-2120
-2114
-2116
-2116
-2114
-2130
-2122
-2118
-2108
-2102
-2112
-2108
-2112
-2104
-2100
-2100
-2100
-2104
-2102
-2110
-2110
-2110
-2108
-2108
-2104
-2102
-2100
-2102
-2092
-2092
-2092
-2088
-2080
-2080
-2076
-2076
-2072
-2064
-2066
-2060
-2068
-2070
-2066
-2062
-2064
-2058
-2052
-2046
-2046
-2046
-2046
-2044
-2044
-2040
-2040
-2040
-2040
-2032
-2032
-2024
-2032
-2034
-2030
-2030
-2030
-2018
-2018
-2014
-2016
-2016
-2018
-2006
-2000
-1996
-1992
-1980
-1984
-1980
-1980
-1980
-1974
-1980
-1976
-1974
-1966
-1958
-1956
-1966
-1964
-1964
-1958
-1958
-1958
-1958
-1962
-1962
-1960
-1948
-1946
-1944
-1934
-1936
-1932
-1930
-1916
-1918
-1918
-1918
-1918
-1922
-1924
-1926
-1932
-1930
-1932
-1932
-1932
-1932
-1922
-1920
-1920
-1928
-1930
-1930
-1932
-1932
-1932
-1930
-1932
-1926
-1926
-1920
-1924
-1912
-1906
-1908
-1910
-1904
-1906
-1898
-1890
-1890
-1890
-1878
-1864
-1864
-1866
-1872
-1876
-1876
-1886
-1882
-1882
-1874
-1874
-1858
-1854
-1854
-1864
-1862
-1862
-1856
-1846
-1850
-1848
-1840
-1832
-1836
-1832
-1826
-1828
-1832
-1832
-1830
-1828
-1828
-1820
-1814
-1814
-1814
-1814
-1814
-1810
-1798
-1796
-1794
-1806
-1804
-1804
-1806
-1804
-1804
-1802
-1794
-1802
-1802
-1798
-1804
-1804
-1800
-1804
-1804
-1802
-1812
-1814
-1818
-1818
-1826
-1826
-1826
-1826
-1826
-1816
-1804
-1806
-1804
-1810
-1808
-1794
-1794
-1790
-1778
-1766
-1760
-1768
-1772
-1768
-1772
-1772
-1772
-1766
-1762
-1766
-1768
-1760
-1752
-1744
-1736
-1730
-1730
-1728
-1724
-1724
-1724
-1722
-1724
-1722
-1724
-1724
-1724
-1724
-1728
-1724
-1714
-1710
-1704
-1712
-1716
-1714
-1702
-1702
-1702
-1702
-1698
-1700
-1692
-1690
-1690
-1688
-1684
-1680
-1676
-1682
-1686
-1696
-1688
-1696
-1698
-1698
-1708
-1704
-1692
-1692
-1688
-1680
-1668
-1662
-1670
-1666
-1658
-1658
-1652
-1652
-1644
-1644
-1640
-1642
-1642
-1652
-1644
-1644
-1638
-1640
-1632
-1632
-1632
-1626
-1620
-1620
-1626
-1618
-1618
-1618
-1616
-1616
-1620
-1616
-1610
-1608
-1604
-1602
-1592
-1590
-1592
-1586
-1584
-1582
-1584
-1584
-1576
-1576
-1570
-1566
-1568
-1570
-1570
-1568
-1564
-1558
-1544
-1540
-1540
-1540
-1536
-1534
-1538
-1528
-1530
-1528
-1518
-1518
-1518
-1524
-1524
-1516
-1516
-1502
-1490
-1484
-1484
-1474
-1484
-1470
-1474
-1476
-1472
-1472
-1478
-1482
-1478
-1472
-1466
-1470
-1470
-1474
-1472
-1474
-1482
-1482
-1480
-1478
-1478
-1476
-1476
-1482
-1484
-1492
-1478
-1484
-1488
-1474
-1474
-1474
-1462
-1462
-1462
-1466
-1466
-1470
-1474
-1470
-1470
-1468
-1466
-1452
-1446
-1446
-1440
-1438
-1432
-1432
-1438
-1440
-1440
-1442
-1440
-1446
-1450
-1450
-1450
-1446
-1438
-1430
-1430
-1430
-1438
-1438
-1444
-1444
-1444
-1446
-1442
-1442
-1436
-1418
-1426
-1436
-1440
-1440
-1440
-1434
-1440
-1444
-1440
-1442
-1450
-1452
-1450
-1448
-1442
-1434
-1428
-1426
-1422
-1420
-1420
-1412
-1400
-1402
-1406
-1406
-1394
-1394
-1406
-1406
-1406
-1412
-1404
-1398
-1392
-1392
-1394
-1402
-1402
-1402
-1402
-1398
-1398
-1388
-1392
-1392
-1396
-1390
-1382
-1384
-1384
-1376
-1374
-1362
-1364
-1358
-1350
-1350
-1340
-1346
-1348
-1352
-1344
-1342
-1346
-1334
-1326
-1316
-1312
-1320
-1316
-1310
-1312
-1304
-1308
-1314
-1316
-1308
-1302
-1302
-1302
-1298
-1302
-1302
-1296
-1306
-1306
-1306
-1302
-1300
-1292
-1294
-1290
-1282
-1276
-1270
-1262
-1272
-1274
-1284
-1278
-1278
-1276
-1278
-1278
-1278
-1280
-1284
-1286
-1282
-1280
-1278
-1272
-1272
-1272
-1258
-1258
-1246
-1248
-1248
-1246
-1244
-1238
-1238
-1232
-1234
-1234
-1244
-1238
-1232
-1224
-1224
-1224
-1212
-1202
-1198
-1200
-1200
-1190
-1194
-1192
-1192
-1188
-1188
-1186
-1178
-1178
-1170
-1170
-1170
-1156
-1162
-1164
-1162
-1162
-1158
-1168
-1174
-1166
-1166
-1168
-1176
-1176
-1174
-1174
-1184
-1184
-1184
-1184
-1184
-1182
-1182
-1182
-1178
-1180
-1180
-1184
-1186
-1186
-1176
-1184
-1178
-1182
-1188
-1188
-1180
-1168
-1166
-1166
-1162
-1166
-1170
-1170
-1166
-1168
-1168
-1170
-1170
-1176
-1170
-1170
-1170
-1170
-1170
-1180
-1170
-1168
-1166
-1168
-1166
-1166
-1150
-1154
-1150
-1134
-1130
-1128
-1128
-1128
-1120
-1116
-1114
-1116
-1120
-1126
-1124
-1110
-1106
-1114
-1112
-1116
-1116
-1112
-1118
-1118
-1118
-1118
-1122
-1122
-1122
-1116
-1112
-1116
-1116
-1116
-1120
-1116
-1114
-1118
-1120
-1118
-1112
-1110
-1116
-1118
-1120
-1120
-1130
-1140
-1132
-1132
-1138
-1134
-1134
-1132
-1132
-1122
-1118
-1112
-1108
-1098
-1094
-1094
-1084
-1076
-1076
-1064
-1068
-1066
-1058
-1060
-1068
-1070
-1070
-1064
-1064
-1062
-1062
-1062
-1062
-1062
-1062
-1058
-1052
-1048
-1048
-1046
-1044
-1042
-1034
-1038
-1038
-1026
-1018
-1018
-1018
-1006
-1000
-998
-994
-996
-1000
-1000
-1000
-1000
-994
-994
-1002
-990
-990
-990
-990
-980
-978
-974
-974
-972
-966
-968
-970
-982
-982
-980
-986
-986
-976
-976
-982
-982
-982
-978
-978
-974
-968
-968
-962
-960
-950
-950
-950
-950
-942
-942
-938
-932
-932
-938
-930
-930
-932
-934
-930
-938
-938
-936
-932
-932
-932
-936
-936
-940
-940
-940
-940
-940
-936
-928
-916
-912
-924
-936
-928
-920
-926
-930
-924
-930
-934
-934
-938
-940
-930
-928
-928
-922
-920
-920
-920
-922
-922
-924
-916
-904
-900
-900
-892
-896
-896
-890
-890
-890
-884
-890
-890
-896
-888
-888
-876
-872
-864
-864
-852
-850
-856
-854
-852
-842
-836
-836
-836
-838
-836
-824
-816
-818
-822
-820
-830
-830
-818
-818
-808
-800
-800
-794
-784
-784
-786
-790
-782
-782
-784
-778
-778
-782
-782
-774
-770
-774
-772
-764
-768
-768
-764
-762
-762
-746
-746
-746
-752
-746
-746
-746
-748
-748
-750
-752
-752
-748
-748
-748
-746
-738
-742
-736
-728
-722
-722
-728
-724
-724
-720
-716
-718
-706
-706
-700
-698
-700
-702
-702
-696
-692
-684
-684
-676
-678
-676
-668
-658
-662
-662
-668
-672
-672
-674
-666
-658
-656
-654
-646
-642
-636
-632
-632
-630
-630
-628
-626
-620
-620
-626
-622
-622
-622
-636
-634
-626
-630
-622
-618
-624
-630
-632
-636
-628
-630
-622
-610
-610
-612
-612
-612
-614
-614
-614
-604
-590
-596
-590
-586
-584
-588
-594
-602
-606
-604
-604
-602
-596
-594
-586
-586
-584
-586
-584
-580
-580
-576
-586
-584
-574
-572
-570
-568
-568
-568
-568
-566
-570
-564
-564
-554
-548
-548
-544
-544
-544
-544
-554
-552
-552
-556
-560
-558
-566
-562
-562
-562
-568
-564
-576
-580
-584
-580
-570
-566
-566
-558
-554
-548
-548
-550
-542
-538
-542
-540
-540
-532
-528
-536
-526
-526
-526
-526
-522
-522
-522
-526
-516
-508
-508
-518
-518
-512
-512
-510
-500
-500
-500
-496
-502
-506
-506
-514
-508
-508
-510
-512
-506
-506
-512
-508
-510
-500
-500
-498
-496
-496
-502
-500
-500
-500
-492
-494
-490
-490
-484
-488
-482
-488
-476
-476
-476
-472
-472
-460
-462
-470
-466
-466
-466
-464
-464
-472
-486
-472
-470
-478
-474
-464
-464
-464
-464
-458
-462
-468
-468
-468
-468
-468
-464
-454
-454
-454
-450
-448
-446
-446
-452
-452
-452
-458
-458
-464
-464
-460
-456
-456
-456
-456
-452
-446
-436
-436
-434
-434
-430
-430
-430
-426
-424
-420
-426
-428
-424
-424
-424
-428
-432
-428
-430
-418
-414
-414
-412
-400
-388
-390
-398
-392
-392
-388
-392
-392
-390
-388
-386
-388
-390
-404
-392
-382
-382
-376
-376
-376
-376
-376
-378
-378
-374
-374
-374
-376
-376
-372
-372
-370
-368
-378
-382
-372
-372
-372
-374
-362
-354
-352
-344
-346
-342
-342
-342
-346
-342
-342
-340
-352
-342
-350
-356
-358
-356
-356
-350
-350
-354
-356
-354
-354
-352
-354
-356
-358
-360
-366
-374
-378
-378
-378
-368
-366
-378
-380
-366
-366
-376
-376
-368
-368
-380
-384
-388
-392
-392
-396
-394
-394
-392
-398
-404
-404
-390
-394
-394
-392
-394
-396
-394
-394
-390
-390
-384
-382
-380
-382
-386
-388
-384
-386
-390
-380
-384
-386
-386
-392
-384
-386
-386
-386
-394
-388
-396
-398
-398
-394
-392
-392
-388
-386
-386
-386
-386
-392
-382
-376
-378
-382
-382
-380
-384
-372
-372
-366
-370
-362
-362
-364
-380
-372
-366
-370
-370
-368
-368
-374
-372
-374
-366
-360
-372
-362
-358
-352
-346
-344
-344
-344
-350
-342
-354
-354
-354
-354
-356
-356
-364
-372
-380
-378
-386
-392
-394
-394
-390
-388
-388
-390
-390
-392
-392
-390
-390
-388
-390
-388
-382
-378
-378
-382
-390
-386
-392
-382
-374
-376
-374
-374
-372
-372
-376
-370
-376
-376
-378
-368
-368
-366
-376
-380
-380
-370
-360
-366
-368
-368
-364
-366
-376
-378
-378
-384
-384
-388
-384
-384
-384
-394
-394
-380
-372
-370
-366
-366
-356
-356
-360
-374
-378
-378
-370
-370
-366
-366
-366
-362
-366
-370
-380
-374
-372
-384
-392
-390
-386
-384
-384
-382
-380
-382
-390
-392
-398
-396
-392
-394
-398
-408
-408
-400
-400
-396
-396
-390
-384
-380
-380
-382
-382
-386
-382
-382
-390
-386
-388
-386
-386
-386
-392
-392
-392
-394
-388
-392
-392
-388
-388
-388
-388
-394
-402
-396
-396
-390
-394
-400
-400
-406
-410
-424
-414
-412
-412
-412
-412
-412
-414
-410
-406
-404
-406
-406
-396
-404
-404
-406
-410
-402
-392
-392
-398
-404
-392
-386
-386
-386
-382
-394
-398
-398
-398
-400
-400
-390
-388
-390
-396
-396
-398
-398
-408
-406
-406
-404
-402
-390
-398
-406
-412
-414
-426
-428
-428
-424
-424
-420
-414
-422
-430
-426
-426
-430
-424
-420
-420
-416
-420
-416
-416
-414
-406
-414
-414
-410
-418
-424
-414
-414
-416
-404
-398
-398
-392
-392
-380
-384
-380
-380
-380
-372
-372
-376
-382
-388
-388
-390
-396
-394
-400
-398
-394
-402
-402
-402
-394
-394
-394
-390
-396
-400
-396
-396
-388
-394
-394
-390
-390
-390
-386
-400
-400
-398
-394
-396
-406
-408
-404
-402
-394
-398
-398
-398
-406
-404
-410
-408
-406
-404
-408
-402
-400
-400
-400
-390
-388
-382
-378
-378
-380
-390
-384
-378
-374
-374
-380
-380
-374
-372
-374
-370
-366
-366
-360
-360
-370
-360
-354
-352
-356
-350
-342
-342
-344
-346
-346
-346
-352
-358
-352
-346
-346
-342
-334
-330
-334
-338
-338
-342
-344
-336
-346
-352
-344
-344
-338
-348
-344
-346
-350
-350
-342
-340
-336
-338
-332
-332
-326
-320
-324
-328
-330
-332
-332
-328
-322
-326
-322
-322
-316
-312
-316
-310
-310
-306
-302
-302
-298
-284
-290
-290
-286
-284
-278
-280
-280
-284
-274
-274
-280
-268
-262
-258
-262
-260
-266
-264
-268
-270
-260
-258
-264
-262
-256
-256
-256
-256
-254
-260
-260
-266
-260
-260
-260
-268
-268
-268
-266
-266
-262
-262
-262
-250
-242
-246
-254
-254
-260
-260
-264
-264
-256
-248
-246
-248
-248
-248
-242
-246
-242
-242
-246
-250
-250
-248
-248
-248
-248
-250
-260
-260
-252
-252
-246
-246
-248
-248
-248
-246
-252
-262
-264
-262
-262
-254
-256
-262
-262
-254
-254
-244
-242
-238
-240
-240
-238
-240
-230
-236
-238
-232
-232
-234
-234
-228
-228
-224
-228
-218
-218
-218
-210
-202
-198
-212
-202
-192
-200
-200
-190
-190
-186
-184
-190
-184
-178
-174
-170
-170
-160
-170
-172
-170
-180
-180
-186
-182
-178
-176
-176
-184
-178
-174
-174
-178
-184
-180
-180
-180
-182
-182
-180
-192
-190
-190
-200
-192
-192
-190
-190
-194
-196
-196
-188
-188
-180
-180
-178
-174
-174
-182
-182
-174
-174
-172
-178
-178
-178
-178
-178
-172
-178
-178
-176
-166
-172
-172
-176
-184
-184
-190
-190
-190
-194
-194
-194
-188
-188
-184
-184
-172
-164
-162
-162
-166
-170
-172
-174
-166
-170
-164
-160
-156
-152
-150
-142
-146
-150
-150
-140
-134
-124
-124
-128
-124
-126
-134
-140
-146
-138
-138
-148
-152
-152
-156
-148
-144
-146
-140
-136
-134
-136
-140
-148
-148
-152
-152
-146
-144
-136
-130
-130
-132
-116
-110
-110
-112
-110
-102
-98
-98
-100
-112
-106
-110
-122
-118
-112
-110
-114
-114
-108
-124
-124
-132
-134
-142
-142
-132
-136
-128
-132
-136
-136
-148
-146
-140
-140
-140
-146
-144
-150
-144
-144
-138
-138
-146
-146
-142
-148
-156
-154
-148
-154
-150
-142
-144
-142
-138
-138
-134
-136
-136
-134
-128
-128
-132
-128
-124
-124
-124
-120
-128
-124
-124
-122
-122
-126
-126
-120
-116
-120
-118
-118
-122
-122
-134
-132
-136
-138
-134
-134
-144
-146
-140
-140
-138
-148
-148
-150
-152
-152
-146
-148
-146
-144
-142
-140
-126
-130
-126
-124
-120
-128
-136
-144
-148
-148
-148
-148
-142
-148
-142
-142
-142
-138
-138
-134
-126
-118
-118
-116
-106
-106
-110
-106
-108
-108
-108
-110
-98
-104
-98
-88
-88
-90
-90
-90
-84
-72
-66
-58
-52
-54
-56
-52
-60
-60
-66
-58
-54
-50
-44
-50
-50
-50
-48
-42
-40
-32
-32
-38
-40
-34
-38
-38
-38
-32
-34
-34
-42
-40
-36
-26
-24
-28
-28
-26
-28
-22
-22
-16
-8
-8
-10
-2
0
-6
-6
-14
-14
-14
-16
-18
-20
-28
-32
-42
-36
-44
-54
-52
-54
-44
-42
-42
-40
-40
-40
-38
-34
-38
-36
-34
-32
-32
-28
-28
-26
-32
-24
-26
-22
-24
-24
-18
-24
-12
-16
-16
-22
-18
-14
-14
-14
-16
-22
-20
-20
-26
-24
-16
-16
-20
-20
-18
-20
-18
-14
-16
-20
-16
-16
-12
-28
-24
-26
-26
-22
-22
-30
-34
-32
-30
-18
-24
-22
-20
-22
-16
-14
-18
-22
-22
-24
-22
-22
-22
-30
-30
-30
-26
-36
-44
-36
-32
-26
-26
-26
-32
-32
-32
-42
-32
-30
-30
-26
-20
-20
-20
-12
-12
-14
-18
-16
-14
-16
-16
-12
-10
-12
-20
-24
-20
-18
-26
-34
-34
-36
-40
-38
-32
-32
-28
-34
-30
-30
-30
-32
-36
-36
-36
-32
-32
-36
-36
-34
-46
-34
-22
-26
-32
-40
-46
-48
-38
-38
-38
-40
-40
-40
-40
-38
-40
-40
-40
-40
-40
-28
-12
-12
-12
-16
-10
-8
-8
-2
-2
-2
-4
4
4
8
12
4
8
6
6
6
16
16
18
4
10
20
14
12
4
6
4
4
6
6
6
12
14
20
26
24
24
26
24
20
28
24
24
22
22
24
24
22
22
24
30
40
40
42
40
46
46
46
46
46
48
42
38
40
36
34
42
42
42
40
48
48
42
40
34
34
38
42
42
44
46
54
56
58
68
74
74
78
76
76
76
80
90
96
86
82
82
82
90
84
84
84
76
72
74
78
72
76
76
70
76
82
74
90
94
86
88
98
98
100
102
102
98
100
92
92
92
92
100
96
98
94
92
78
78
78
78
78
78
68
68
76
76
80
80
78
78
78
72
72
74
68
70
74
74
74
86
88
78
68
74
70
70
70
80
80
86
86
88
80
80
86
86
86
84
78
78
84
88
98
98
94
90
90
90
102
96
96
96
90
92
94
86
88
78
74
84
82
82
84
88
94
88
92
92
90
90
82
82
86
90
90
90
92
96
98
102
102
96
96
94
92
90
86
84
84
84
78
84
78
76
76
76
86
86
80
78
78
82
78
84
90
90
90
90
90
88
84
88
88
88
88
92
94
88
88
94
94
92
96
100
102
110
110
108
110
112
110
108
108
110
110
116
112
108
104
104
100
98
94
94
94
100
106
106
116
114
112
106
102
104
102
106
106
106
98
96
96
94
94
94
96
96
98
94
94
94
90
90
94
96
98
98
100
110
112
108
106
108
104
96
102
102
100
96
100
94
94
92
92
94
100
106
110
112
112
118
118
122
124
130
140
134
130
134
142
144
146
148
148
148
152
152
152
156
146
146
146
146
138
132
130
138
132
130
132
128
128
130
124
124
120
126
132
138
140
142
138
134
132
128
136
136
132
136
146
154
150
158
164
164
168
172
180
178
174
174
178
172
180
184
184
170
174
168
170
180
182
182
182
184
180
180
180
180
180
176
176
180
174
174
186
188
192
188
184
188
188
192
190
192
192
186
174
178
182
176
184
182
186
188
188
182
190
184
176
172
182
178
180
184
192
190
196
196
202
212
212
206
214
208
208
208
218
218
210
214
208
204
204
206
214
222
228
228
228
228
226
222
220
220
212
212
216
214
218
212
210
210
206
210
210
198
200
198
196
196
196
188
188
182
182
186
190
188
188
196
202
196
192
184
196
196
202
202
206
210
208
204
202
202
194
194
202
200
204
208
200
204
192
192
192
190
194
204
204
204
202
204
198
190
192
190
190
192
192
194
188
190
180
182
178
176
182
182
176
174
176
180
186
186
180
180
188
192
192
192
196
202
210
208
208
208
212
208
206
206
204
202
206
206
206
206
200
194
190
190
190
196
200
204
198
196
206
190
188
190
184
184
186
190
190
190
188
188
194
190
174
170
174
182
186
190
190
196
196
198
194
188
182
178
178
178
178
172
168
164
172
168
168
170
176
172
178
186
196
198
198
194
192
192
194
194
192
202
206
212
216
216
224
224
224
224
224
220
222
230
232
230
234
232
236
238
238
238
226
226
230
230
228
236
240
244
242
248
252
244
244
242
246
246
254
248
248
248
248
250
256
258
258
258
264
262
262
270
266
270
270
280
280
274
272
272
272
280
272
272
274
280
278
288
288
290
290
284
288
282
282
276
276
278
282
274
268
268
268
268
268
262
266
274
268
268
274
264
272
272
270
266
264
258
264
258
260
262
260
260
260
260
250
256
254
254
252
260
260
252
258
252
252
250
254
254
250
252
248
248
242
242
248
252
250
246
248
256
252
258
258
256
260
260
260
254
250
254
256
266
266
264
264
262
262
264
258
262
262
260
264
268
268
272
272
274
274
272
278
278
278
288
290
290
288
292
294
294
294
292
288
288
292
288
288
288
282
280
284
292
290
290
286
282
284
284
284
280
286
282
288
288
288
290
290
290
294
294
300
300
300
300
296
294
298
306
314
314
320
320
324
324
330
336
340
338
342
336
336
328
328
324
322
322
322
312
314
314
314
314
312
314
314
310
318
314
304
290
290
294
294
298
306
306
306
310
306
308
312
312
314
316
322
322
322
326
336
332
346
352
352
348
344
344
352
352
346
352
356
360
358
358
364
364
366
366
368
368
374
374
374
374
376
372
372
370
374
374
378
382
374
382
384
396
396
396
396
388
390
384
388
388
390
384
384
384
388
388
400
392
398
402
404
404
404
404
406
408
408
406
410
406
416
410
416
422
418
414
412
422
422
424
422
426
426
420
422
428
424
424
424
422
428
428
420
420
414
414
420
412
416
416
416
424
418
412
412
406
414
416
428
426
426
438
430
426
426
426
422
420
424
414
414
416
422
422
426
424
422
426
418
414
416
416
416
412
420
412
418
412
412
402
400
398
398
398
400
400
394
386
376
386
386
378
372
382
376
386
384
376
378
382
386
390
382
386
394
396
388
388
384
386
384
396
390
390
390
382
388
382
384
386
390
390
388
392
396
396
394
390
388
392
394
388
380
380
388
394
394
394
402
402
398
398
398
398
400
404
408
408
408
406
398
398
390
386
386
392
392
392
404
404
404
404
404
406
406
400
384
392
396
388
388
388
388
384
390
390
390
390
388
386
382
382
384
386
384
384
384
388
396
400
400
396
396
408
402
394
394
388
386
392
388
388
392
396
404
408
406
406
406
414
414
414
414
414
414
420
420
420
412
412
424
420
416
414
414
420
420
420
412
418
422
424
424
434
430
432
436
436
436
436
434
424
424
430
428
432
430
436
436
430
426
414
414
416
422
422
422
422
430
434
436
432
440
440
444
446
434
434
438
436
440
446
450
452
464
476
486
476
462
472
470
468
460
462
452
442
440
446
454
446
446
454
452
454
448
454
466
464
474
466
462
462
462
456
452
458
444
444
444
450
448
448
448
446
450
450
448
448
440
440
444
444
444
448
438
436
446
448
448
452
444
442
438
442
442
442
444
432
438
438
436
440
438
438
438
432
430
424
424
422
422
432
428
422
426
434
434
432
426
434
434
434
434
434
444
446
452
450
450
454
454
458
462
460
472
472
472
468
468
464
456
444
452
462
460
460
454
456
456
460
462
458
464
464
464
468
464
468
460
460
456
456
454
458
462
462
468
468
468
472
470
478
482
470
476
472
472
476
486
486
486
494
494
492
492
486
488
486
482
484
486
486
490
480
482
482
480
488
482
478
492
488
484
486
488
478
478
480
480
486
486
494
494
492
490
490
500
502
502
506
508
518
518
518
520
522
532
540
540
540
546
556
556
542
542
532
532
524
528
530
540
548
550
546
550
560
550
554
552
548
546
542
542
554
554
550
558
556
560
562
558
554
562
556
556
548
556
560
570
570
576
576
570
568
562
568
568
572
572
564
566
572
572
568
572
562
556
554
554
552
562
556
554
544
542
548
544
538
534
526
526
520
522
526
534
534
526
524
522
524
522
518
520
518
518
518
516
518
520
526
518
522
526
536
542
550
554
542
548
548
556
556
552
558
558
560
558
562
568
568
570
568
568
562
566
568
570
578
590
596
592
594
592
592
598
598
596
598
598
602
594
596
590
590
590
590
586
594
582
582
592
588
600
592
586
574
574
578
570
576
576
568
566
568
572
578
570
570
570
562
556
554
554
558
558
558
558
560
562
566
564
572
576
564
570
570
570
570
564
558
566
568
566
566
566
564
568
570
568
578
574
570
570
568
570
572
564
572
578
574
574
584
594
594
586
586
586
578
576
578
576
582
586
590
592
596
598
608
608
608
606
616
614
620
620
620
622
620
616
616
616
614
610
610
608
598
594
598
598
602
598
598
600
600
600
600
606
596
592
586
588
584
588
582
580
586
586
588
592
592
592
596
594
596
608
614
614
614
616
616
602
606
608
606
598
598
598
612
610
610
616
612
610
606
608
600
600
604
600
594
598
600
598
592
590
584
586
584
586
586
594
592
588
590
586
578
578
572
576
576
568
564
558
560
560
560
568
564
560
562
558
554
550
548
548
540
538
532
520
520
522
522
520
516
518
518
506
502
502
500
500
508
504
496
496
500
492
494
494
490
484
498
502
500
504
496
502
498
502
508
512
520
520
520
520
520
518
518
518
522
520
526
516
516
508
508
502
506
508
508
508
502
514
516
516
526
520
518
526
530
528
534
530
534
528
520
520
516
516
514
514
520
518
516
510
510
502
502
498
498
500
496
496
498
498
492
492
492
490
494
498
496
502
502
500
500
496
504
508
508
520
530
518
518
510
510
510
512
512
512
516
516
512
520
520
526
532
532
532
532
528
528
528
526
528
526
524
528
524
520
524
524
528
528
528
530
528
528
526
538
538
538
536
536
532
532
540
540
546
544
544
552
548
548
548
534
534
524
534
540
538
536
540
540
550
544
544
546
542
546
546
546
542
536
540
542
542
540
550
546
546
544
544
550
550
552
558
564
572
566
570
568
560
566
574
570
568
572
572
574
574
584
580
574
580
582
580
584
584
584
580
580
576
574
570
570
580
576
572
566
562
566
568
566
566
562
556
548
556
554
556
556
552
552
554
550
546
548
542
536
530
534
534
534
532
536
528
526
536
538
530
536
542
554
552
548
552
552
552
542
534
542
542
542
548
542
534
548
550
550
550
548
540
524
524
528
528
532
522
522
522
510
516
524
524
520
520
520
518
518
518
518
518
518
522
524
524
528
528
528
528
528
526
522
524
520
520
514
528
524
522
526
526
532
540
542
546
552
556
564
568
574
574
574
570
570
570
574
580
586
586
598
590
590
600
602
608
612
620
620
616
618
622
626
626
628
630
636
620
620
620
620
618
618
618
626
626
626
626
624
634
628
624
632
632
636
626
616
624
616
618
620
628
636
638
636
636
636
640
644
644
646
634
634
638
638
644
640
640
634
640
644
644
650
650
646
654
652
638
638
640
646
650
652
660
658
660
668
670
674
666
666
654
654
646
646
642
646
646
644
646
642
642
634
616
618
626
630
630
628
620
620
624
624
630
630
642
640
644
650
654
654
650
648
640
646
646
648
648
652
658
654
654
648
646
648
646
646
642
642
646
646
654
654
652
648
652
652
648
648
640
638
626
630
632
632
644
642
642
640
650
648
648
650
650
650
654
654
656
656
658
652
656
656
656
654
656
656
648
658
664
666
666
670
672
672
672
660
668
674
672
666
668
668
676
676
680
678
678
676
676
676
676
668
668
660
662
662
664
664
658
660
660
660
664
670
676
682
674
674
682
674
674
676
680
676
676
678
680
684
684
684
676
672
680
680
676
674
674
674
674
686
696
696
694
688
688
694
688
692
688
692
690
692
682
674
674
674
688
688
698
698
698
696
696
686
690
690
694
706
706
702
710
708
708
708
708
714
714
716
722
716
724
724
724
724
726
720
720
716
716
714
714
710
712
710
704
710
712
706
706
698
698
698
702
696
694
696
698
704
706
704
694
704
702
696
694
696
696
700
700
704
704
696
684
684
696
696
682
680
678
680
684
684
676
680
680
676
680
684
678
682
686
686
686
680
676
672
676
684
694
698
704
700
696
692
688
686
676
672
672
664
664
664
664
662
660
660
660
660
660
660
666
670
670
662
664
666
666
662
670
676
682
694
690
682
684
678
678
680
684
694
698
700
704
706
708
708
706
712
714
710
718
716
716
710
708
704
696
710
714
712
712
712
706
706
708
710
710
706
712
716
714
708
714
714
714
714
714
712
716
722
722
722
734
744
742
744
746
746
758
746
758
766
766
766
768
774
776
774
774
776
780
782
788
788
782
782
782
780
774
774
774
770
776
778
770
764
758
770
772
768
764
764
764
764
762
760
764
758
754
754
754
752
740
732
732
734
740
738
732
742
740
744
736
736
750
750
750
750
742
740
740
732
738
744
736
738
726
726
730
730
738
730
722
726
726
730
742
740
740
730
724
722
722
718
716
716
716
708
716
716
730
738
738
734
728
728
732
722
724
712
720
724
732
728
728
736
724
724
722
718
714
708
712
710
700
694
692
702
694
704
704
710
722
724
724
724
726
724
730
728
726
722
724
720
720
718
712
716
716
716
720
728
716
718
724
724
724
722
718
718
718
718
720
720
714
702
698
704
702
710
710
702
706
706
706
714
712
710
702
698
708
704
706
710
710
710
708
714
712
712
702
706
706
708
710
710
712
720
720
720
722
722
722
728
734
734
736
740
748
752
750
750
752
748
754
762
760
758
758
748
744
732
740
736
732
732
736
732
732
732
728
730
732
720
722
722
714
712
708
712
710
720
716
724
726
732
728
726
722
724
724
724
728
726
722
722
724
724
730
728
728
736
736
736
740
740
740
744
748
748
744
748
754
754
754
764
766
764
758
770
768
766
756
754
762
762
762
758
764
762
764
758
760
752
752
750
754
754
762
770
770
772
772
772
776
766
762
768
768
762
758
764
764
764
768
774
782
790
802
802
802
802
802
792
796
802
806
800
808
808
808
800
804
808
812
810
804
802
802
804
806
800
798
806
804
802
802
790
794
800
794
796
798
798
792
800
794
790
786
784
786
786
786
786
782
784
788
780
782
786
788
788
788
794
800
812
804
804
796
802
800
802
802
800
788
792
792
792
792
808
808
808
808
824
826
822
816
814
816
820
824
826
826
822
818
818
818
818
816
814
812
808
812
804
806
802
808
810
810
814
816
818
820
824
828
834
834
834
832
828
830
828
826
826
828
828
830
828
824
836
840
832
828
828
830
830
836
842
842
852
854
856
856
856
858
860
866
870
866
866
856
856
852
852
862
854
854
846
846
852
846
846
848
856
856
856
860
864
856
864
868
864
864
864
862
862
862
862
854
856
858
858
858
858
858
854
860
868
868
872
874
874
878
876
876
872
872
872
872
872
874
884
890
896
906
900
906
912
912
912
912
906
918
912
920
920
918
906
908
904
904
904
904
912
912
904
892
890
882
884
884
888
884
884
884
886
878
878
882
884
870
870
868
868
866
862
862
862
856
844
844
840
832
838
832
838
836
834
824
828
830
828
834
834
838
826
826
828
828
828
822
822
822
814
820
820
820
820
822
824
818
810
810
810
816
824
824
832
840
842
842
834
838
844
846
846
846
848
842
838
836
834
828
836
834
838
832
826
832
828
834
836
840
840
850
850
852
848
836
836
838
840
840
828
822
810
804
804
