-2619
-2609
-2601
-2595
-2587
-2583
-2583
-2579
-2571
-2565
-2565
-2561
-2549
-2541
-2533
-2533
-2523
-2517
-2523
-2515
-2515
-2507
-2507
-2505
-2501
-2493
-2487
-2483
-2473
-2467
-2463
-2457
-2447
-2435
-2431
-2421
-2411
-2405
-2407
-2403
-2403
-2399
-2387
-2379
-2375
-2367
-2357
-2357
-2349
-2349
-2345
-2339
-2331
-2323
-2317
-2317
-2309
-2305
-2305
-2293
-2283
-2275
-2259
-2247
-2245
-2239
-2233
-2233
-2231
-2225
-2213
-2209
-2213
-2207
-2197
-2197
-2187
-2177
-2167
-2157
-2157
-2149
-2147
-2137
-2127
-2123
-2115
-2111
-2107
-2101
-2087
-2091
-2097
-2099
-2089
-2073
-2071
-2063
-2063
-2061
-2061
-2051
-2045
-2039
-2041
-2041
-2035
-2039
-2041
-2043
-2035
-2029
-2025
-2019
-2019
-2021
-2015
-2005
-1997
-1993
-1995
-1983
-1985
-1977
-1969
-1961
-1947
-1935
-1927
-1921
-1917
-1911
-1905
-1897
-1895
-1903
-1897
-1891
-1883
-1883
-1879
-1875
-1875
-1875
-1875
-1873
-1863
-1855
-1855
-1843
-1847
-1841
-1841
-1837
-1833
-1821
-1815
-1813
-1801
-1795
-1785
-1783
-1783
-1785
-1779
-1781
-1773
-1771
-1773
-1765
-1763
-1761
-1761
-1757
-1749
-1745
-1739
-1735
-1729
-1723
-1723
-1719
-1711
-1709
-1701
-1689
-1687
-1683
-1675
-1683
-1673
-1677
-1669
-1661
-1653
-1645
-1637
-1627
-1625
-1627
-1617
-1613
-1609
-1603
-1599
-1595
-1585
-1581
-1585
-1577
-1575
-1575
-1569
-1563
-1565
-1557
-1545
-1531
-1521
-1507
-1511
-1511
-1503
-1505
-1519
-1519
-1523
-1515
-1505
-1501
-1499
-1501
-1501
-1497
-1497
-1501
-1495
-1487
-1485
-1485
-1473
-1467
-1461
-1461
-1455
-1461
-1449
-1443
-1441
-1445
-1445
-1435
-1427
-1421
-1421
-1419
-1423
-1419
-1411
-1409
-1401
-1407
-1397
-1399
-1383
-1389
-1397
-1397
-1385
-1385
-1385
-1375
-1373
-1367
-1373
-1375
-1369
-1369
-1363
-1365
-1365
-1363
-1353
-1357
-1349
-1345
-1345
-1343
-1343
-1333
-1341
-1335
-1337
-1327
-1327
-1331
-1331
-1341
-1341
-1329
-1325
-1319
-1309
-1307
-1305
-1299
-1297
-1297
-1289
-1289
-1287
-1291
-1289
-1287
-1293
-1293
-1283
-1275
-1267
-1255
-1245
-1237
-1241
-1225
-1229
-1231
-1233
-1223
-1223
-1231
-1221
-1213
-1205
-1199
-1193
-1193
-1189
-1191
-1183
-1189
-1191
-1191
-1187
-1175
-1175
-1179
-1175
-1173
-1173
-1165
-1167
-1173
-1159
-1153
-1141
-1123
-1113
-1117
-1111
-1117
-1115
-1125
-1125
-1129
-1129
-1121
-1119
-1115
-1105
-1099
-1097
-1091
-1091
-1089
-1081
-1079
-1073
-1077
-1071
-1065
-1055
-1059
-1049
-1055
-1063
-1063
-1063
-1057
-1067
-1067
-1065
-1061
-1057
-1051
-1045
-1049
-1057
-1059
-1053
-1045
-1031
-1033
-1033
-1033
-1035
-1031
-1025
-1025
-1033
-1031
-1019
-1011
-1009
-1017
-1013
-1013
-1011
-1003
-1013
-1001
-991
-997
-997
-999
-991
-989
-989
-975
-971
-967
-967
-951
-939
-939
-941
-949
-941
-929
-923
-909
-915
-919
-925
-925
-925
-933
-931
-919
-927
-915
-911
-913
-913
-903
-901
-895
-887
-891
-875
-869
-861
-859
-867
-865
-863
-863
-853
-845
-839
-831
-829
-829
-827
-811
-813
-809
-813
-823
-821
-825
-823
-825
-825
-821
-815
-811
-817
-815
-823
-819
-823
-811
-809
-809
-809
-815
-821
-835
-835
-831
-829
-819
-821
-817
-805
-803
-793
-795
-793
-787
-789
-787
-775
-775
-769
-769
-759
-745
-745
-745
-735
-737
-727
-735
-735
-729
-723
-717
-711
-707
-707
-701
-703
-705
-695
-691
-689
-691
-685
-691
-681
-677
-677
-677
-681
-679
-669
-671
-669
-669
-673
-671
-671
-671
-677
-677
-677
-683
-679
-689
-687
-679
-683
-685
-677
-669
-667
-661
-659
-659
-655
-667
-663
-657
-645
-655
-647
-643
-635
-635
-627
-639
-635
-637
-637
-631
-629
-623
-623
-615
-613
-607
-599
-599
-593
-593
-581
-577
-579
-575
-567
-559
-567
-569
-575
-581
-579
-579
-573
-573
-567
-567
-563
-563
-569
-575
-571
-583
-583
-587
-587
-579
-571
-571
-563
-557
-563
-561
-559
-567
-563
-559
-559
-557
-555
-559
-561
-565
-569
-569
-565
-561
-561
-557
-551
-551
-551
-541
-539
-539
-539
-539
-539
-525
-525
-525
-525
-543
-543
-539
-543
-547
-555
-551
-559
-561
-553
-553
-547
-547
-549
-547
-537
-547
-547
-535
-535
-529
-543
-535
-525
-515
-515
-515
-505
-505
-513
-509
-501
-493
-477
-477
-475
-485
-487
-485
-483
-489
-487
-483
-481
-469
-465
-467
-457
-469
-469
-463
-463
-465
-463
-473
-465
-471
-481
-483
-489
-479
-469
-473
-473
-475
-475
-475
-479
-477
-473
-479
-485
-481
-479
-479
-479
-479
-463
-461
-465
-465
-473
-473
-471
-471
-475
-479
-471
-471
-467
-463
-469
-467
-479
-473
-469
-469
-475
-469
-461
-461
-453
-445
-437
-447
-447
-455
-455
-449
-447
-443
-441
-441
-445
-449
-449
-449
-445
-453
-455
-457
-459
-447
-449
-447
-439
-439
-447
-443
-433
-435
-423
-431
-431
-421
-431
-421
-425
-419
-413
-425
-425
-431
-425
-429
-415
-421
-411
-411
-411
-415
-411
-407
-405
-413
-411
-407
-403
-395
-395
-393
-393
-393
-389
-383
-385
-389
-393
-393
-381
-387
-381
-383
-383
-383
-383
-381
-381
-373
-367
-373
-367
-375
-373
-367
-371
-375
-369
-375
-367
-369
-367
-359
-359
-357
-345
-343
-345
-345
-345
-349
-345
-339
-337
-335
-341
-341
-343
-345
-347
-337
-343
-337
-335
-337
-337
-341
-331
-335
-343
-343
-347
-359
-351
-335
-335
-327
-323
-329
-329
-325
-329
-319
-327
-331
-331
-337
-345
-337
-339
-325
-321
-315
-315
-307
-307
-313
-313
-305
-307
-293
-295
-301
-305
-301
-301
-303
-301
-287
-283
-277
-279
-279
-277
-277
-275
-265
-257
-257
-263
-265
-259
-261
-259
-257
-253
-241
-241
-245
-235
-245
-237
-231
-241
-239
-245
-245
-245
-249
-245
-247
-245
-245
-239
-245
-243
-243
-239
-239
-233
-233
-239
-235
-243
-243
-247
-253
-241
-245
-247
-241
-231
-235
-231
-229
-235
-233
-237
-225
-229
-225
-221
-227
-231
-231
-233
-231
-231
-233
-233
-241
-243
-243
-247
-255
-249
-249
-243
-239
-233
-233
-231
-227
-227
-233
-225
-225
-225
-221
-221
-231
-235
-241
-231
-223
-213
-213
-215
-215
-211
-211
-217
-217
-219
-219
-221
-225
-229
-225
-231
-231
-225
-225
-233
-235
-237
-229
-229
-219
-217
-217
-213
-215
-213
-209
-213
-207
-201
-201
-203
-197
-205
-201
-189
-193
-193
-185
-187
-183
-177
-175
-175
-177
-185
-193
-195
-189
-197
-197
-197
-197
-199
-203
-199
-195
-195
-195
-187
-201
-205
-197
-187
-189
-195
-191
-193
-205
-201
-207
-215
-227
-217
-217
-215
-215
-213
-223
-217
-225
-225
-221
-229
-233
-233
-233
-223
-223
-225
-225
-219
-207
-207
-207
-213
-213
-215
-209
-209
-215
-217
-217
-207
-209
-205
-201
-197
-193
-193
-199
-201
-199
-203
-213
-219
-225
-209
-197
-197
-199
-201
-207
-207
-201
-203
-205
-205
-205
-203
-199
-195
-197
-197
-199
-191
-189
-183
-183
-185
-179
-165
-159
-157
-157
-159
-163
-157
-157
-151
-147
-147
-147
-157
-157
-167
-167
-161
-165
-163
-169
-169
-167
-165
-163
-167
-159
-167
-167
-163
-163
-157
-161
-157
-161
-169
-169
-163
-163
-165
-159
-161
-161
-165
-157
-157
-157
-163
-165
-173
-169
-175
-181
-173
-171
-169
-171
-179
-173
-175
-181
-171
-171
-167
-161
-161
-159
-151
-141
-139
-131
-119
-119
-121
-119
-127
-111
-99
-99
-95
-87
-87
-87
-91
-91
-91
-95
-91
-93
-97
-97
-97
-87
-83
-77
-73
-67
-63
-53
-51
-61
-55
-55
-49
-49
-47
-47
-43
-53
-59
-65
-67
-57
-53
-55
-49
-55
-47
-51
-51
-51
-41
-41
-37
-37
-31
-23
-23
-33
-29
-31
-43
-41
-45
-45
-45
-41
-43
-43
-35
-39
-35
-33
-39
-39
-37
-37
-45
-49
-43
-37
-31
-27
-21
-19
-13
-5
-13
-11
-13
-15
-9
3
7
13
17
13
11
17
13
13
5
15
27
19
17
11
7
7
-5
-3
-1
3
5
3
9
3
9
17
15
9
17
23
25
25
21
19
19
25
21
25
21
19
19
17
17
17
5
-1
3
-1
1
1
-5
-5
1
-9
-3
-11
-19
-7
-9
-1
5
9
25
19
21
27
27
29
33
43
45
39
39
37
39
43
45
43
35
35
35
37
47
47
45
41
41
47
47
47
47
51
51
49
37
37
43
45
37
33
29
33
39
35
39
37
31
31
31
21
29
25
21
21
19
33
37
43
43
49
49
53
59
61
61
67
69
65
65
61
63
69
77
77
69
75
73
87
95
105
105
103
117
119
119
119
125
131
129
123
123
121
119
115
113
109
103
99
101
103
109
109
115
115
117
127
137
145
135
145
139
139
131
133
131
133
133
129
133
133
141
133
137
141
135
139
137
133
133
129
137
135
145
147
147
135
135
137
143
143
139
141
141
139
145
143
139
143
135
137
137
133
133
135
133
139
145
151
145
147
147
147
149
139
143
135
133
135
131
131
129
129
131
135
133
129
135
139
153
157
157
157
151
157
153
153
149
151
149
159
151
155
157
157
157
159
159
155
159
157
155
151
143
143
143
137
131
135
143
145
145
139
131
133
137
137
143
135
139
143
143
141
145
149
145
145
143
143
151
157
157
165
165
165
165
167
163
169
169
175
181
181
185
183
179
179
173
179
173
173
173
177
179
181
185
183
181
181
179
179
179
179
185
189
183
175
181
181
185
191
197
199
201
207
215
225
227
223
215
213
213
213
207
207
199
201
201
207
207
205
207
213
219
215
215
207
209
207
215
221
225
227
235
235
243
235
239
239
243
243
241
233
235
233
233
229
223
221
227
223
223
215
207
207
205
205
205
207
205
205
199
187
179
183
179
181
179
185
185
193
197
197
197
203
185
179
187
189
185
185
187
187
193
193
197
201
193
199
199
195
193
193
203
213
213
209
201
189
189
191
191
189
189
197
195
189
185
191
191
195
193
195
197
205
197
205
217
201
199
199
199
193
193
187
175
183
183
189
187
193
197
197
201
207
205
209
207
211
213
217
215
217
217
211
215
223
221
215
213
217
223
231
233
221
225
225
227
225
223
233
227
233
219
215
223
225
219
215
221
215
207
207
207
205
213
219
219
211
201
199
195
193
187
191
191
185
185
183
183
181
181
177
169
169
169
173
167
175
173
177
177
181
185
187
191
205
207
201
201
197
203
213
209
213
207
211
213
213
207
205
201
195
191
195
189
181
187
191
191
199
199
197
193
193
195
195
195
193
199
205
205
201
201
199
199
203
209
215
225
213
213
213
217
217
221
221
223
231
231
229
237
241
253
251
257
271
269
279
279
279
279
271
267
259
253
245
247
245
245
245
243
251
243
239
239
239
239
239
233
233
237
233
233
227
231
229
219
211
211
211
213
217
217
211
209
213
221
219
227
239
235
237
237
247
249
245
249
259
249
245
245
237
239
229
227
221
225
225
225
219
223
215
215
223
213
219
223
225
225
235
235
229
231
239
243
243
241
243
247
249
241
251
237
229
243
235
229
231
227
227
217
221
221
223
219
223
223
223
215
207
207
211
211
219
227
231
227
235
233
233
233
237
225
231
223
221
221
213
205
205
205
211
211
227
229
221
211
211
209
205
205
201
205
205
205
205
205
207
199
197
191
193
193
199
205
205
217
217
219
223
227
227
237
227
235
231
231
227
225
225
221
219
219
219
215
209
209
209
217
217
221
217
217
203
201
197
201
205
213
211
211
217
215
211
209
213
209
205
211
211
207
207
201
209
213
213
221
227
223
219
217
209
211
199
191
181
179
181
181
183
187
185
191
197
197
185
199
189
191
189
189
173
171
163
161
165
161
159
157
149
147
147
147
147
151
151
161
165
167
163
157
167
167
167
167
173
177
173
169
169
165
167
163
161
159
163
165
171
165
155
161
163
163
163
169
161
161
163
169
167
157
157
169
169
169
167
169
175
175
173
179
179
179
173
173
173
175
181
189
187
187
183
185
185
187
189
189
189
193
193
197
197
201
201
201
189
187
189
189
193
207
211
213
213
215
207
205
211
213
209
209
207
209
199
197
201
205
207
199
199
203
199
189
197
197
199
195
197
189
189
177
185
191
197
209
209
205
197
195
195
191
191
193
195
191
193
203
203
201
193
197
199
201
199
195
197
209
209
209
215
211
205
203
203
193
201
191
181
183
181
191
197
195
195
195
193
191
201
199
203
209
215
211
205
203
199
207
211
211
209
203
203
207
211
221
225
229
235
231
225
231
223
223
223
231
227
217
217
201
201
197
197
187
189
189
183
187
181
169
167
177
169
165
171
171
177
179
177
177
175
173
173
175
179
173
175
179
179
179
173
159
149
155
157
157
161
161
159
151
151
151
155
159
165
155
155
151
157
147
153
157
157
151
157
159
155
161
167
171
167
157
155
155
147
141
137
127
127
127
127
123
123
123
121
115
115
111
109
105
109
105
105
107
103
107
113
107
101
89
91
91
93
95
99
93
95
95
97
89
97
87
83
83
87
95
99
93
99
97
93
97
87
81
77
81
81
79
79
75
75
81
75
71
79
81
83
81
85
77
63
63
55
55
53
61
67
53
47
37
37
29
29
35
33
33
33
33
39
31
27
25
23
29
29
23
23
21
17
23
21
15
21
15
19
21
29
25
31
31
31
37
43
37
37
33
39
43
37
33
29
29
29
31
37
37
33
29
29
23
23
23
29
31
31
31
21
17
21
19
19
13
13
13
23
25
31
41
45
39
37
43
43
47
39
33
33
37
43
41
45
45
45
39
29
21
23
27
27
35
33
43
43
43
39
41
41
35
35
47
43
51
51
57
57
57
59
57
59
55
55
53
49
57
65
65
67
63
65
67
59
67
77
73
75
83
81
81
87
87
83
77
73
71
65
65
59
67
77
77
83
79
83
83
91
97
103
103
105
101
107
103
97
95
89
95
95
99
99
97
95
95
97
91
103
103
109
111
109
115
105
107
105
99
99
105
97
95
85
87
85
89
91
91
91
95
95
95
97
103
99
99
99
111
99
101
107
117
117
119
119
113
123
119
111
119
115
115
121
123
133
139
143
143
147
143
143
143
139
143
135
139
143
151
153
155
147
141
141
129
125
125
125
135
131
125
125
131
143
143
137
137
141
141
141
139
149
139
141
139
133
129
133
145
149
145
137
143
135
141
137
141
139
145
141
139
137
133
131
131
127
133
137
137
133
133
121
121
125
123
123
109
111
119
127
127
127
125
119
109
105
103
109
113
117
113
117
117
109
99
97
97
87
91
99
101
107
107
105
101
115
109
105
107
105
105
109
115
115
119
113
105
107
103
111
109
103
97
91
91
91
101
111
109
107
97
99
99
99
93
99
93
95
95
95
87
87
89
93
101
101
97
101
103
103
91
97
93
93
85
83
87
87
89
85
89
85
91
87
89
93
85
83
87
93
81
81
75
73
73
77
69
69
71
75
77
77
81
81
93
89
97
91
85
91
93
89
89
83
83
83
83
89
85
93
93
89
93
93
93
97
99
105
101
97
85
79
83
87
91
93
97
97
103
99
97
105
107
107
107
107
105
107
113
113
111
109
109
105
107
103
107
107
107
103
105
99
103
109
109
105
111
109
109
107
105
99
101
105
99
99
103
107
103
113
109
109
113
121
113
117
115
117
115
115
121
109
107
93
93
101
93
99
105
115
121
117
115
119
113
107
107
109
111
111
111
107
107
105
99
107
107
109
109
107
105
99
97
95
97
91
99
109
107
107
105
103
99
97
95
103
103
107
107
105
105
103
103
105
105
97
105
105
101
99
99
103
105
109
99
101
101
101
105
105
103
105
99
95
101
101
99
93
95
101
93
95
95
93
103
107
119
119
127
131
123
119
123
117
119
121
115
113
117
123
117
105
105
97
105
105
105
103
109
111
105
105
99
101
111
119
123
123
115
123
123
127
129
129
137
137
137
127
123
123
119
125
115
121
121
121
117
121
115
127
127
123
117
121
119
117
115
121
129
119
113
103
99
105
107
107
107
99
97
105
99
101
93
91
85
79
79
83
81
83
81
81
81
77
85
85
87
87
87
81
93
95
93
97
89
85
85
87
81
81
81
77
73
77
85
99
101
101
97
99
91
87
85
93
93
99
99
101
107
115
117
125
125
121
117
117
119
121
115
115
117
117
113
117
121
119
115
111
111
101
111
107
105
105
117
121
119
119
123
125
115
117
119
115
121
121
117
127
123
117
125
127
121
131
137
139
133
135
143
137
145
151
143
143
143
147
137
137
127
125
117
125
125
123
127
129
123
123
113
113
111
109
109
109
115
115
111
111
97
95
97
97
103
101
103
107
111
117
111
119
109
113
109
99
95
93
97
95
95
103
99
95
91
87
83
85
85
89
77
73
67
71
65
75
73
75
73
59
67
71
61
57
59
65
65
59
63
59
53
53
53
47
51
49
51
57
49
49
55
59
55
53
41
39
47
45
49
45
47
47
41
37
39
39
51
51
57
57
65
57
53
65
67
65
69
69
61
67
67
69
69
63
57
57
61
61
67
69
77
77
77
79
69
69
69
69
69
61
65
59
61
51
55
59
51
53
51
51
55
53
55
61
49
47
45
51
45
45
51
51
57
65
59
53
55
55
55
55
55
57
61
59
65
63
61
61
65
65
61
65
65
69
77
87
89
87
89
95
95
93
97
99
105
107
107
111
117
117
119
109
99
109
103
103
103
103
99
109
109
107
101
111
103
107
99
99
105
99
103
109
111
117
119
121
111
115
123
121
117
113
109
105
109
101
105
107
103
101
99
93
103
107
111
113
117
119
119
125
129
127
123
123
125
125
123
113
117
113
115
117
113
119
113
111
103
105
109
121
109
113
113
117
115
109
101
101
103
101
99
97
109
113
111
107
99
101
109
105
105
105
107
107
111
115
111
123
119
129
129
135
135
129
135
135
139
143
137
139
143
137
131
131
135
143
139
135
131
131
117
117
117
113
119
125
121
111
115
107
113
113
115
119
115
115
115
121
119
125
123
133
123
117
119
125
117
115
117
117
119
131
131
123
131
131
131
125
123
117
109
115
123
123
125
117
129
133
133
133
135
139
139
145
145
153
153
159
159
159
161
159
165
169
171
167
167
179
185
187
187
191
195
189
193
201
195
189
193
191
193
195
195
203
211
207
209
213
213
213
211
219
219
211
225
233
233
227
235
241
241
233
229
231
241
243
245
243
239
241
231
239
231
227
231
231
235
231
225
231
225
231
237
229
229
233
235
229
223
229
227
229
227
217
219
219
219
225
225
217
219
219
221
221
227
221
215
219
213
221
227
227
227
233
231
231
225
221
213
205
205
209
211
213
213
209
213
209
217
227
229
227
231
223
229
233
219
213
205
205
205
211
209
199
191
197
191
191
189
191
191
191
201
201
205
199
189
185
183
187
185
187
187
187
179
179
183
181
185
191
191
191
185
185
185
185
189
197
195
195
191
195
201
205
205
207
197
193
201
205
205
209
207
205
203
203
217
217
217
215
225
229
233
233
235
247
251
251
249
247
251
245
249
249
261
255
259
267
267
267
267
271
271
281
273
269
267
267
267
259
261
275
265
265
261
269
265
267
259
263
265
267
263
265
271
281
275
275
275
281
277
279
279
281
277
273
269
267
273
279
283
285
293
289
295
281
283
275
277
277
283
287
275
267
263
267
275
273
279
273
273
271
271
265
261
263
265
263
263
263
263
253
261
265
269
271
273
283
283
279
283
277
287
295
297
297
305
309
313
305
311
307
309
305
297
303
309
315
309
305
305
307
305
299
293
287
279
283
279
283
285
277
277
269
279
273
269
275
275
271
269
269
269
271
257
263
259
261
257
255
251
245
245
243
239
249
245
241
245
249
249
253
253
249
249
257
267
267
267
265
267
259
261
261
261
259
259
255
249
251
249
253
249
249
249
241
253
257
259
261
263
261
261
251
249
259
253
247
247
239
241
247
245
239
247
253
247
243
243
235
235
235
233
233
231
229
229
221
221
213
205
211
215
217
217
213
203
203
205
205
205
205
195
195
197
201
199
201
203
193
195
193
193
193
187
193
193
193
189
189
181
181
185
187
187
187
177
165
151
143
145
145
151
143
135
129
125
129
125
135
137
137
129
129
117
107
103
107
103
101
103
107
103
101
109
109
105
107
113
107
107
113
111
113
109
103
101
99
103
109
113
113
111
109
109
111
111
105
97
95
95
91
87
89
93
93
97
95
99
93
97
95
93
87
97
91
91
91
85
85
73
73
65
65
65
65
65
65
59
59
57
61
57
57
49
43
53
69
69
73
81
83
87
77
83
83
79
79
85
87
85
87
83
103
103
91
97
95
103
99
101
97
91
85
89
83
83
85
89
87
89
93
97
91
91
83
87
87
95
95
93
89
87
83
81
87
81
83
89
89
99
97
97
97
99
99
101
93
97
89
97
99
101
87
81
81
81
81
85
85
85
89
91
95
87
85
87
87
97
101
103
99
99
103
111
113
103
103
99
109
109
117
115
117
115
123
117
113
105
109
117
115
109
109
109
117
125
123
121
123
125
117
129
121
119
119
125
125
125
123
125
133
129
129
135
133
141
139
129
137
143
143
133
133
139
139
145
141
141
129
129
131
131
137
143
151
149
161
161
155
145
143
143
143
147
161
153
153
159
155
155
157
167
167
175
183
183
175
175
171
169
159
155
155
147
155
157
157
161
161
157
153
149
151
145
135
139
145
147
147
143
151
163
173
163
169
169
163
163
153
143
141
143
151
151
157
151
151
155
165
163
161
159
161
155
159
161
165
167
167
165
165
155
155
153
159
157
157
161
161
161
169
169
163
167
159
163
165
165
167
161
165
171
171
175
175
173
177
181
187
193
187
187
175
181
177
167
163
167
173
173
171
177
171
165
165
169
167
163
155
155
149
153
149
155
157
157
155
153
143
141
143
153
149
149
143
149
147
145
155
155
157
155
163
159
167
157
161
167
177
175
173
171
175
171
171
171
163
167
169
159
165
167
165
171
179
171
169
167
167
157
155
143
145
133
133
123
125
127
119
119
123
115
121
123
115
119
125
127
125
121
121
119
117
119
111
111
109
109
105
105
107
111
113
113
113
115
121
127
119
127
127
127
129
127
123
127
121
125
127
129
137
127
129
129
123
115
119
111
109
99
97
97
97
101
101
99
99
99
101
97
99
105
105
109
107
107
109
109
119
121
115
119
119
119
111
113
109
119
125
119
121
121
119
119
115
109
107
109
111
111
107
109
111
107
117
119
109
109
107
107
107
105
105
113
117
129
123
123
123
125
125
125
131
129
127
129
129
127
137
137
139
131
137
145
147
149
143
143
145
147
147
145
145
139
143
139
153
141
141
153
159
155
157
159
169
165
159
169
177
177
169
165
171
177
175
175
173
161
163
163
167
169
167
167
175
175
183
183
193
179
177
177
177
185
183
183
183
181
181
181
179
177
173
167
175
175
185
189
189
193
193
193
199
203
215
217
211
203
199
197
195
193
193
193
181
185
191
195
199
203
201
201
201
203
199
199
203
205
207
207
217
217
213
213
211
217
227
221
221
221
229
229
225
233
229
231
243
243
241
243
241
245
243
237
237
229
225
229
239
241
245
241
227
225
221
229
227
219
215
219
221
213
211
217
215
219
223
227
227
219
219
219
215
215
213
219
207
213
215
217
219
211
207
209
215
209
215
217
219
221
229
231
227
229
227
231
231
235
239
243
243
235
241
235
241
241
233
229
225
235
227
231
227
229
229
237
239
239
239
235
239
247
249
249
243
231
231
237
233
233
229
219
223
223
219
213
215
219
223
217
213
205
189
187
197
201
195
199
195
193
193
185
185
185
183
191
197
205
205
197
197
191
191
197
195
201
187
193
193
189
193
187
179
189
189
189
189
197
191
189
189
195
193
189
193
193
189
189
189
181
181
173
165
165
167
167
171
165
163
169
171
167
167
167
163
167
161
153
159
165
165
171
167
161
155
155
155
155
155
151
149
149
133
125
125
133
135
137
133
127
119
121
119
125
119
121
117
111
121
121
131
135
143
141
145
145
139
143
143
133
139
147
143
139
145
139
145
131
131
131
131
137
131
121
123
125
135
135
131
141
137
137
137
131
137
137
129
131
137
141
141
141
145
147
139
143
135
141
145
145
147
147
147
139
139
137
147
157
153
153
153
155
161
161
169
169
171
167
169
165
161
153
147
143
149
153
149
149
155
151
153
153
153
153
155
155
149
151
147
151
155
163
155
165
163
157
155
159
157
157
165
169
167
163
151
147
147
147
139
135
135
141
137
131
127
123
123
119
121
125
127
133
135
135
147
147
151
155
157
157
157
163
155
153
155
159
159
157
159
151
147
153
157
155
167
159
157
157
173
173
177
175
167
165
169
169
175
177
181
173
171
177
187
193
189
185
183
191
189
185
181
181
177
173
175
175
169
167
165
159
157
167
171
183
167
167
171
167
171
173
173
175
177
183
179
173
183
189
187
191
185
191
187
187
183
189
189
183
177
183
183
175
167
159
153
153
149
149
149
149
145
145
143
147
151
149
149
149
151
153
155
157
157
161
161
161
169
171
167
171
163
161
157
157
157
155
149
153
157
155
151
151
159
151
143
137
133
127
127
119
121
119
127
129
131
133
135
135
133
125
125
121
125
135
141
141
145
151
151
145
145
147
143
141
135
141
141
151
151
153
153
153
153
161
159
151
145
143
145
151
139
129
129
131
139
137
137
149
157
157
157
145
139
133
137
137
137
147
133
139
141
129
133
133
141
149
151
145
145
141
133
139
133
127
127
135
135
141
135
135
125
123
119
127
131
129
117
121
117
119
121
109
109
107
107
107
111
109
115
119
139
143
145
153
155
153
153
149
149
147
139
143
141
139
135
133
133
125
119
121
123
123
119
121
127
129
125
123
115
117
123
125
129
129
127
127
129
129
125
123
121
123
129
133
137
137
137
141
139
139
143
137
135
123
123
115
117
115
123
115
115
111
111
113
109
111
119
119
121
123
111
113
117
121
121
121
117
113
109
117
117
115
117
117
113
113
117
115
115
111
103
115
117
115
119
113
115
119
119
117
115
115
119
125
127
127
135
133
133
127
127
135
123
123
111
117
117
115
119
119
123
125
117
113
113
113
115
115
107
107
107
121
121
135
129
133
133
139
141
137
137
135
135
139
147
141
145
137
133
133
139
135
131
131
131
131
133
125
125
125
125
133
133
129
133
131
137
143
135
139
127
123
123
113
103
97
97
91
95
97
83
79
83
87
89
91
87
85
93
89
89
91
83
81
83
79
81
87
81
75
69
69
59
51
47
49
57
57
43
41
27
31
39
39
33
35
31
31
31
39
35
31
31
23
27
23
23
23
33
37
35
37
33
27
25
25
21
11
7
7
9
-1
-1
-1
-5
-15
-21
-23
-21
-19
-15
-21
-15
-13
-9
-5
-13
-13
-11
-21
-21
-17
-13
-15
-15
-11
-11
-19
-17
-11
-9
-9
-13
-5
-5
-11
-1
-9
-5
1
11
11
9
13
7
13
25
25
25
25
19
21
21
17
21
31
27
23
23
29
29
27
35
43
41
45
51
63
73
73
83
83
83
83
81
85
91
95
99
99
97
105
99
89
91
87
81
79
75
75
79
83
81
81
81
81
87
87
81
77
79
71
75
65
75
73
73
73
69
67
67
77
83
85
81
75
81
85
83
83
87
79
87
93
95
95
99
89
85
77
67
75
79
79
73
79
85
89
95
89
91
95
97
99
107
105
107
117
115
123
125
125
123
121
129
135
141
141
133
143
129
123
125
129
123
121
121
123
123
117
123
133
123
127
119
117
117
115
105
105
101
101
105
107
107
107
105
105
99
101
93
99
99
99
99
101
107
109
107
109
115
119
119
111
113
119
119
117
117
115
115
117
119
119
121
121
125
121
119
119
121
123
115
123
123
127
121
117
117
117
117
125
125
131
133
133
137
149
147
145
139
135
137
139
133
137
131
131
135
131
139
145
147
145
147
151
159
159
159
163
161
163
167
171
165
161
163
157
155
157
157
153
145
145
149
155
155
159
159
155
155
149
151
147
141
139
137
137
141
143
141
143
149
151
149
149
145
145
149
147
145
145
145
149
151
151
155
151
155
159
163
161
165
167
169
171
165
169
171
167
161
161
157
165
159
171
167
177
171
165
159
155
155
165
169
171
171
175
171
179
183
179
181
179
183
191
183
177
175
171
169
165
171
163
149
137
129
129
129
133
137
141
145
145
139
139
137
133
131
119
111
111
109
97
101
99
97
105
109
103
99
93
89
87
89
95
105
107
113
107
113
117
115
113
119
123
123
123
121
131
141
139
141
139
133
125
131
127
127
127
131
131
133
133
129
133
131
131
127
121
119
127
121
121
123
125
115
115
109
109
105
103
109
113
107
97
91
85
89
97
103
99
93
99
93
87
87
95
101
105
103
95
95
95
107
109
105
105
103
103
99
97
97
91
85
85
87
93
97
95
95
95
97
105
95
95
91
89
89
89
89
81
79
79
69
67
61
69
73
71
71
75
73
69
69
71
75
63
67
67
55
63
55
59
57
67
69
67
65
77
77
75
73
69
71
77
73
69
63
57
63
67
73
67
61
55
61
57
53
53
59
45
45
45
41
51
45
45
41
39
37
37
33
35
33
19
21
27
29
27
29
23
29
35
29
37
37
31
31
39
39
35
35
45
37
33
21
19
19
27
25
33
33
39
35
41
35
37
39
29
25
29
37
37
35
35
35
35
23
25
25
35
37
41
49
49
59
71
65
59
59
59
57
67
67
69
73
69
59
61
61
67
63
59
67
73
67
71
75
71
73
73
73
71
69
69
69
69
65
69
73
81
71
73
75
67
63
69
65
65
63
63
69
71
73
73
77
75
77
77
81
87
87
97
99
105
115
125
129
123
127
125
117
111
103
109
111
115
113
117
117
105
95
99
109
111
109
111
111
111
111
101
99
93
81
83
91
91
97
89
85
79
81
75
69
65
71
71
71
75
77
83
83
83
83
83
85
91
95
99
103
103
111
113
113
115
107
97
105
107
107
103
101
101
99
99
107
105
103
101
101
105
109
107
101
97
93
85
81
85
91
93
95
91
93
99
101
105
103
113
111
105
105
111
107
113
113
113
111
109
117
121
115
119
113
113
117
105
95
89
83
87
87
89
85
81
83
79
79
77
81
81
83
83
89
89
89
87
85
75
75
79
79
83
85
87
93
83
83
85
93
89
85
85
81
77
81
83
81
85
83
91
97
93
95
95
95
93
95
93
93
91
93
105
107
109
103
113
115
121
117
121
123
121
119
123
123
129
141
141
135
145
145
149
149
155
149
151
161
173
171
173
165
165
165
163
161
165
171
175
165
163
165
163
165
169
169
163
169
169
161
167
167
155
159
155
151
155
153
153
153
151
149
149
155
153
161
161
161
153
145
139
133
135
143
143
143
135
127
123
129
139
139
127
123
123
131
137
129
131
131
123
123
123
123
131
141
141
147
149
149
149
155
159
155
161
165
159
159
167
171
181
179
179
179
181
187
193
187
183
187
189
187
187
195
201
195
203
207
207
213
199
201
203
209
211
209
213
213
217
221
217
225
221
227
231
223
219
217
209
213
215
215
223
221
231
225
229
239
237
231
231
231
237
243
241
245
247
247
247
247
247
239
251
255
255
263
257
263
261
263
265
265
259
255
251
255
255
255
253
243
251
243
243
243
243
239
239
245
251
249
249
257
259
267
265
269
269
269
263
265
273
281
285
283
289
297
297
301
297
289
287
281
277
283
279
277
283
277
269
273
271
271
269
265
257
249
239
239
245
245
247
253
249
253
253
247
249
255
255
259
263
263
259
259
269
267
261
259
265
263
253
253
255
265
261
249
249
247
237
243
237
229
229
233
231
221
217
211
211
221
217
217
213
219
223
215
219
219
213
219
219
215
217
217
209
211
207
215
209
205
211
213
213
209
215
223
219
221
229
229
221
217
217
215
227
223
233
233
229
235
235
241
239
239
249
243
237
247
247
245
245
245
243
249
247
241
247
243
233
239
239
241
239
231
221
225
225
225
223
223
227
223
217
223
223
215
211
211
209
205
203
195
199
197
197
185
183
183
179
177
173
173
173
169
167
161
155
151
145
145
149
153
157
155
153
153
155
163
169
169
169
169
169
173
181
183
175
187
187
195
195
201
203
195
193
195
193
185
185
191
183
185
183
177
175
183
183
189
181
185
185
185
181
173
179
181
181
177
179
181
179
179
179
177
181
185
187
193
185
193
195
199
199
211
205
219
217
213
209
207
203
209
203
207
203
203
193
197
197
199
201
199
199
199
203
207
211
209
219
219
213
211
219
215
217
217
225
223
223
225
225
225
225
227
225
225
223
233
229
221
221
223
229
229
219
215
209
209
211
205
211
211
211
209
217
221
215
221
229
221
217
217
221
225
217
209
211
203
199
199
199
207
207
207
201
207
207
201
205
207
193
189
195
201
203
205
205
207
211
211
205
205
205
207
209
205
207
203
205
205
201
199
199
207
203
195
201
195
187
187
187
195
193
193
191
193
193
183
187
185
191
189
179
179
175
185
189
191
197
191
187
183
173
169
173
177
177
175
173
171
175
177
181
177
177
179
179
177
173
171
171
173
163
161
177
171
165
161
155
153
149
155
151
159
157
171
175
173
173
175
179
189
201
207
209
213
201
203
205
219
227
219
225
221
221
223
215
217
219
225
221
223
223
225
227
221
225
223
221
221
227
233
233
237
233
233
231
225
225
233
237
235
239
235
247
257
257
259
255
253
253
253
247
249
251
247
247
249
253
253
253
253
259
253
253
255
257
253
251
241
245
249
247
239
237
245
247
247
247
241
241
239
239
231
233
239
229
223
225
229
221
221
221
217
219
225
215
215
207
205
201
201
195
195
193
185
185
183
189
187
187
187
187
187
187
189
191
197
197
197
195
197
207
211
211
205
199
211
211
215
217
215
219
219
217
215
213
219
215
221
221
223
239
241
233
241
239
249
245
229
229
225
223
219
213
209
209
197
191
193
199
199
189
179
181
175
175
165
159
147
145
145
139
129
133
131
131
131
131
125
133
129
123
121
123
127
127
129
131
125
125
125
121
123
115
111
119
123
119
119
121
117
117
125
129
127
129
125
129
127
121
127
127
137
133
143
129
119
119
119
123
129
135
139
135
133
131
119
115
107
111
117
123
119
113
113
113
107
111
103
95
95
95
85
83
81
71
69
67
67
75
75
69
69
69
69
67
73
83
81
83
83
89
87
87
87
83
83
83
87
85
75
75
79
79
79
79
79
79
79
85
89
93
99
97
95
99
105
111
101
101
101
101
117
113
121
117
115
117
125
127
117
121
119
115
119
129
129
127
125
131
129
127
133
133
139
143
143
139
137
145
145
145
143
141
145
147
143
141
137
141
141
145
145
145
145
145
157
151
147
147
147
147
143
141
143
131
123
125
125
127
139
137
143
139
141
149
151
159
153
159
155
165
165
169
159
161
163
155
159
153
153
153
157
163
167
159
167
175
179
181
183
185
189
187
189
189
191
193
195
193
195
203
201
197
193
193
193
193
197
187
193
201
203
197
191
181
175
183
183
179
183
175
179
175
181
171
167
173
169
171
171
165
161
163
165
165
157
155
149
153
153
155
159
161
165
163
157
161
171
177
175
179
181
177
181
181
179
175
167
171
171
165
175
171
173
173
175
171
171
177
169
169
163
159
171
171
173
173
169
163
169
161
161
171
169
163
163
163
163
171
169
167
167
169
177
173
169
165
173
165
169
161
151
149
151
151
155
165
167
177
179
179
179
173
181
189
183
185
189
191
193
185
181
181
177
171
173
181
181
177
183
185
193
195
199
199
201
199
195
185
185
179
179
177
179
179
177
175
185
185
187
187
187
187
199
199
203
195
191
189
181
171
177
165
169
165
169
171
171
171
175
175
179
181
181
187
187
187
187
195
195
199
197
191
185
175
177
175
177
175
177
175
175
175
161
153
151
145
147
135
143
147
147
135
141
139
133
129
129
125
119
107
105
105
103
107
117
115
115
115
115
127
127
135
141
141
145
147
145
151
147
147
151
151
147
151
151
149
147
153
155
155
159
175
179
181
177
187
185
179
183
185
183
185
183
175
175
183
191
187
189
191
191
197
197
195
195
187
183
187
189
189
173
171
177
179
173
173
163
165
173
173
173
171
167
165
169
165
177
179
179
179
177
183
189
183
183
183
175
177
177
169
163
161
157
155
155
155
163
169
169
171
171
173
165
173
173
179
187
189
187
183
187
189
185
183
185
185
181
181
193
193
189
183
191
191
189
181
187
187
195
203
203
201
195
191
187
181
189
193
185
183
189
183
181
183
181
191
197
199
187
187
183
179
175
181
185
181
185
187
181
179
175
181
179
179
179
181
185
185
185
179
185
177
175
175
167
171
171
177
183
187
185
197
199
195
189
189
189
189
189
199
205
205
201
207
207
203
201
203
207
207
207
209
213
205
205
205
207
215
215
221
219
219
223
219
219
221
225
229
231
235
235
231
227
233
237
239
233
233
233
233
227
221
233
235
231
233
233
239
241
243
239
249
249
249
247
247
247
247
247
245
241
247
245
247
249
247
245
245
245
247
245
243
245
245
249
249
249
251
259
259
251
253
243
239
239
251
251
269
273
265
265
261
267
267
265
259
251
239
245
239
233
237
241
241
249
243
241
251
247
247
253
249
243
251
245
243
243
255
253
259
261
253
251
245
253
263
263
255
251
255
255
255
257
247
255
265
269
271
269
269
267
267
261
263
265
273
277
271
271
271
271
283
281
283
265
257
259
255
253
251
255
247
247
239
241
247
245
255
261
259
263
263
265
267
267
265
267
261
257
257
261
261
271
275
275
277
271
261
265
259
257
251
245
255
251
251
253
255
255
253
241
247
247
247
247
247
247
255
261
263
259
259
259
259
259
263
253
249
251
251
253
249
249
253
249
243
247
253
249
247
251
243
243
237
237
229
225
223
215
209
211
217
213
207
213
217
213
209
197
195
195
191
195
197
197
185
183
183
181
179
179
187
191
191
197
197
199
199
205
197
197
199
197
203
199
