-10472
-10456
-10448
-10444
-10434
-10426
-10422
-10422
-10408
-10406
-10400
-10406
-10408
-10402
-10388
-10382
-10372
-10366
-10354
-10346
-10338
-10328
-10310
-10306
-10294
-10292
-10288
-10280
-10272
-10262
-10248
-10240
-10230
-10226
-10216
-10210
-10206
-10198
-10188
-10182
-10182
-10182
-10172
-10166
-10172
-10162
-10158
-10164
-10154
-10166
-10160
-10152
-10140
-10126
-10112
-10104
-10092
-10080
-10076
-10070
-10064
-10064
-10056
-10054
-10048
-10038
-10036
-10030
-10018
-10004
-9988
-9986
-9974
-9960
-9954
-9948
-9938
-9924
-9920
-9912
-9902
-9890
-9888
-9886
-9872
-9864
-9856
-9846
-9840
-9828
-9820
-9820
-9812
-9798
-9792
-9796
-9790
-9772
-9766
-9758
-9754
-9756
-9752
-9744
-9746
-9732
-9728
-9724
-9716
-9716
-9710
-9696
-9686
-9672
-9668
-9660
-9650
-9646
-9636
-9630
-9624
-9624
-9610
-9600
-9592
-9594
-9590
-9580
-9572
-9562
-9562
-9552
-9544
-9536
-9522
-9520
-9516
-9504
-9492
-9488
-9484
-9482
-9474
-9470
-9468
-9456
-9450
-9444
-9436
-9430
-9416
-9412
-9404
-9400
-9396
-9386
-9376
-9374
-9368
-9360
-9354
-9350
-9348
-9348
-9350
-9344
-9340
-9334
-9328
-9318
-9306
-9296
-9282
-9278
-9274
-9270
-9262
-9256
-9248
-9240
-9232
-9228
-9224
-9212
-9196
-9188
-9182
-9174
-9168
-9162
-9152
-9146
-9138
-9130
-9130
-9128
-9118
-9108
-9096
-9084
-9074
-9074
-9068
-9064
-9058
-9050
-9054
-9044
-9044
-9034
-9032
-9030
-9022
-9014
-9012
-9008
-8996
-8994
-8988
-8986
-8976
-8968
-8956
-8944
-8934
-8928
-8924
-8926
-8918
-8916
-8910
-8914
-8916
-8918
-8910
-8904
-8900
-8896
-8886
-8884
-8878
-8864
-8852
-8848
-8844
-8836
-8830
-8822
-8822
-8812
-8802
-8802
-8792
-8780
-8774
-8776
-8770
-8766
-8756
-8762
-8760
-8750
-8746
-8742
-8738
-8728
-8724
-8732
-8722
-8724
-8712
-8706
-8704
-8698
-8694
-8684
-8680
-8680
-8666
-8658
-8654
-8642
-8630
-8626
-8622
-8618
-8614
-8602
-8598
-8594
-8594
-8588
-8580
-8586
-8572
-8570
-8568
-8566
-8564
-8554
-8550
-8548
-8552
-8540
-8540
-8534
-8524
-8512
-8510
-8494
-8488
-8488
-8484
-8472
-8476
-8468
-8466
-8458
-8448
-8444
-8442
-8438
-8436
-8434
-8430
-8428
-8420
-8420
-8414
-8410
-8406
-8406
-8398
-8390
-8388
-8380
-8378
-8372
-8370
-8366
-8368
-8356
-8360
-8356
-8352
-8352
-8346
-8350
-8346
-8342
-8342
-8332
-8338
-8330
-8332
-8332
-8326
-8322
-8322
-8314
-8312
-8306
-8296
-8290
-8284
-8286
-8284
-8280
-8274
-8272
-8272
-8258
-8256
-8254
-8240
-8240
-8238
-8222
-8220
-8212
-8200
-8186
-8184
-8178
-8178
-8170
-8160
-8162
-8152
-8152
-8148
-8140
-8140
-8132
-8126
-8116
-8112
-8116
-8106
-8104
-8094
-8082
-8080
-8078
-8084
-8084
-8080
-8082
-8074
-8064
-8060
-8048
-8042
-8032
-8028
-8024
-8012
-7998
-7992
-7990
-7988
-7976
-7968
-7958
-7946
-7948
-7938
-7930
-7934
-7928
-7932
-7924
-7916
-7908
-7898
-7892
-7888
-7894
-7882
-7870
-7864
-7856
-7856
-7844
-7834
-7824
-7822
-7816
-7812
-7806
-7796
-7794
-7782
-7774
-7770
-7768
-7768
-7768
-7764
-7758
-7760
-7762
-7758
-7750
-7746
-7740
-7732
-7730
-7732
-7730
-7728
-7716
-7716
-7712
-7712
-7712
-7710
-7706
-7700
-7694
-7694
-7686
-7678
-7670
-7662
-7656
-7656
-7656
-7660
-7652
-7650
-7642
-7634
-7630
-7630
-7622
-7610
-7606
-7606
-7598
-7604
-7602
-7600
-7594
-7582
-7568
-7564
-7548
-7542
-7536
-7528
-7526
-7526
-7520
-7516
-7510
-7504
-7496
-7482
-7478
-7472
-7474
-7472
-7472
-7478
-7482
-7476
-7476
-7468
-7464
-7464
-7458
-7450
-7436
-7434
-7440
-7432
-7430
-7420
-7406
-7408
-7408
-7400
-7390
-7380
-7374
-7368
-7372
-7360
-7356
-7352
-7346
-7346
-7346
-7346
-7340
-7338
-7328
-7330
-7332
-7330
-7328
-7324
-7322
-7326
-7318
-7304
-7302
-7302
-7288
-7288
-7286
-7284
-7278
-7270
-7266
-7258
-7256
-7248
-7240
-7230
-7222
-7212
-7216
-7206
-7202
-7202
-7196
-7190
-7190
-7178
-7168
-7162
-7146
-7142
-7140
-7128
-7122
-7112
-7112
-7106
-7106
-7102
-7102
-7096
-7094
-7088
-7084
-7082
-7080
-7078
-7078
-7082
-7072
-7064
-7064
-7064
-7058
-7054
-7046
-7048
-7046
-7048
-7030
-7030
-7026
-7018
-7016
-7000
-7004
-6992
-6990
-6980
-6978
-6974
-6966
-6956
-6956
-6952
-6946
-6942
-6948
-6934
-6930
-6928
-6918
-6920
-6912
-6902
-6892
-6890
-6874
-6874
-6862
-6864
-6854
-6850
-6846
-6840
-6834
-6830
-6828
-6824
-6820
-6816
-6816
-6814
-6808
-6804
-6810
-6798
-6788
-6780
-6784
-6772
-6766
-6764
-6756
-6744
-6744
-6740
-6736
-6726
-6720
-6714
-6708
-6708
-6708
-6704
-6694
-6698
-6684
-6676
-6662
-6664
-6662
-6652
-6650
-6644
-6636
-6626
-6622
-6614
-6610
-6606
-6602
-6596
-6584
-6576
-6574
-6574
-6570
-6570
-6556
-6552
-6552
-6558
-6556
-6554
-6560
-6550
-6538
-6534
-6538
-6532
-6526
-6522
-6520
-6506
-6502
-6500
-6490
-6498
-6506
-6516
-6522
-6512
-6500
-6492
-6488
-6484
-6488
-6482
-6470
-6462
-6456
-6454
-6444
-6446
-6438
-6428
-6420
-6412
-6406
-6404
-6394
-6382
-6376
-6364
-6360
-6350
-6342
-6340
-6338
-6336
-6340
-6336
-6330
-6330
-6332
-6330
-6328
-6322
-6320
-6314
-6302
-6302
-6300
-6292
-6284
-6278
-6284
-6276
-6272
-6270
-6256
-6252
-6250
-6250
-6234
-6228
-6224
-6220
-6224
-6218
-6208
-6208
-6202
-6198
-6192
-6190
-6186
-6182
-6180
-6180
-6164
-6156
-6146
-6138
-6132
-6126
-6138
-6140
-6126
-6116
-6112
-6108
-6110
-6110
-6106
-6100
-6096
-6096
-6092
-6088
-6082
-6076
-6082
-6072
-6062
-6060
-6054
-6048
-6044
-6032
-6032
-6034
-6020
-6016
-6002
-6002
-5994
-5994
-5990
-5992
-5992
-5988
-5982
-5978
-5978
-5968
-5960
-5960
-5952
-5946
-5940
-5930
-5926
-5916
-5906
-5900
-5898
-5888
-5884
-5880
-5876
-5884
-5884
-5876
-5870
-5862
-5858
-5852
-5852
-5852
-5848
-5844
-5838
-5834
-5818
-5818
-5814
-5800
-5796
-5788
-5786
-5784
-5778
-5778
-5776
-5776
-5772
-5772
-5762
-5762
-5762
-5758
-5758
-5756
-5760
-5764
-5758
-5750
-5742
-5742
-5746
-5732
-5720
-5726
-5726
-5722
-5726
-5722
-5730
-5734
-5730
-5732
-5730
-5722
-5722
-5718
-5718
-5718
-5718
-5718
-5722
-5720
-5724
-5716
-5702
-5694
-5686
-5682
-5676
-5674
-5674
-5676
-5678
-5680
-5674
-5672
-5662
-5658
-5654
-5654
-5650
-5656
-5650
-5644
-5644
-5644
-5642
-5640
-5638
-5636
-5636
-5626
-5622
-5618
-5612
-5614
-5610
-5608
-5608
-5608
-5606
-5606
-5602
-5596
-5592
-5582
-5582
-5582
-5576
-5564
-5566
-5566
-5550
-5550
-5548
-5544
-5550
-5548
-5534
-5534
-5530
-5520
-5522
-5520
-5510
-5506
-5498
-5496
-5496
-5484
-5476
-5468
-5462
-5452
-5444
-5438
-5424
-5426
-5424
-5428
-5416
-5414
-5406
-5406
-5406
-5402
-5396
-5398
-5398
-5394
-5386
-5388
-5384
-5376
-5370
-5366
-5364
-5352
-5348
-5346
-5340
-5342
-5332
-5318
-5318
-5306
-5306
-5310
-5300
-5302
-5302
-5290
-5280
-5278
-5268
-5272
-5264
-5258
-5258
-5252
-5246
-5252
-5246
-5244
-5236
-5226
-5216
-5212
-5212
-5212
-5200
-5196
-5192
-5180
-5170
-5158
-5152
-5152
-5154
-5146
-5140
-5144
-5140
-5134
-5140
-5134
-5128
-5120
-5114
-5102
-5102
-5094
-5096
-5084
-5090
-5084
-5084
-5082
-5082
-5070
-5072
-5064
-5056
-5048
-5046
-5052
-5044
-5048
-5044
-5046
-5054
-5048
-5050
-5050
-5048
-5042
-5038
-5034
-5030
-5028
-5030
-5020
-5020
-5018
-5014
-5018
-5016
-5018
-5014
-5010
-5008
-5010
-5006
-5006
-4994
-4980
-4970
-4960
-4958
-4952
-4952
-4940
-4936
-4928
-4924
-4922
-4920
-4920
-4912
-4904
-4902
-4896
-4892
-4892
-4884
-4878
-4868
-4858
-4854
-4858
-4858
-4856
-4848
-4844
-4842
-4836
-4824
-4826
-4828
-4828
-4832
-4826
-4820
-4820
-4822
-4822
-4820
-4816
-4804
-4792
-4790
-4790
-4786
-4782
-4778
-4774
-4764
-4756
-4764
-4752
-4742
-4742
-4730
-4730
-4724
-4718
-4712
-4706
-4706
-4708
-4710
-4706
-4704
-4700
-4702
-4706
-4704
-4706
-4702
-4696
-4700
-4700
-4696
-4694
-4684
-4688
-4684
-4672
-4666
-4660
-4654
-4650
-4644
-4642
-4642
-4644
-4636
-4632
-4634
-4632
-4628
-4632
-4618
-4628
-4626
-4626
-4622
-4610
-4602
-4592
-4582
-4576
-4566
-4562
-4560
-4566
-4564
-4560
-4556
-4552
-4544
-4550
-4538
-4538
-4534
-4534
-4534
-4534
-4528
-4514
-4508
-4494
-4496
-4496
-4498
-4500
-4500
-4502
-4494
-4484
-4484
-4472
-4470
-4464
-4462
-4472
-4460
-4450
-4448
-4440
-4438
-4428
-4426
-4426
-4416
-4412
-4412
-4412
-4412
-4406
-4402
-4402
-4402
-4406
-4404
-4402
-4412
-4412
-4406
-4398
-4402
-4398
-4396
-4392
-4390
-4386
-4376
-4372
-4368
-4360
-4352
-4350
-4348
-4340
-4340
-4336
-4340
-4328
-4328
-4332
-4332
-4328
-4332
-4336
-4332
-4332
-4334
-4334
-4334
-4322
-4320
-4312
-4312
-4312
-4312
-4304
-4292
-4292
-4294
-4300
-4300
-4298
-4306
-4302
-4294
-4282
-4270
-4268
-4266
-4262
-4262
-4262
-4258
-4250
-4248
-4246
-4248
-4236
-4232
-4220
-4222
-4226
-4216
-4214
-4208
-4204
-4192
-4188
-4180
-4170
-4164
-4168
-4156
-4152
-4146
-4144
-4136
-4126
-4126
-4122
-4122
-4116
-4112
-4108
-4104
-4104
-4102
-4096
-4084
-4082
-4084
-4084
-4078
-4068
-4070
-4062
-4060
-4046
-4044
-4048
-4048
-4036
-4032
-4020
-4022
-4022
-4022
-4014
-4010
-4006
-4010
-4016
-4012
-4014
-4026
-4022
-4024
-4024
-4022
-4010
-4010
-4002
-4002
-3996
-3998
-3994
-3992
-3982
-3990
-3990
-3986
-3982
-3978
-3980
-3974
-3974
-3964
-3964
-3960
-3958
-3950
-3948
-3960
-3970
-3974
-3964
-3968
-3966
-3966
-3958
-3956
-3958
-3954
-3946
-3950
-3950
-3954
-3950
-3944
-3930
-3918
-3914
-3914
-3910
-3910
-3910
-3902
-3902
-3890
-3892
-3894
-3890
-3890
-3898
-3894
-3884
-3886
-3878
-3880
-3880
-3874
-3864
-3870
-3864
-3852
-3844
-3842
-3840
-3838
-3838
-3838
-3838
-3838
-3836
-3826
-3828
-3824
-3824
-3814
-3816
-3816
-3814
-3816
-3820
-3814
-3820
-3818
-3810
-3810
-3802
-3810
-3802
-3802
-3798
-3796
-3786
-3786
-3786
-3786
-3786
-3776
-3774
-3766
-3764
-3752
-3750
-3754
-3750
-3740
-3742
-3742
-3746
-3742
-3740
-3736
-3736
-3738
-3744
-3740
-3742
-3736
-3728
-3724
-3718
-3714
-3708
-3702
-3698
-3688
-3684
-3680
-3678
-3674
-3672
-3664
-3654
-3656
-3650
-3644
-3642
-3642
-3632
-3636
-3636
-3640
-3642
-3646
-3650
-3650
-3650
-3636
-3626
-3624
-3622
-3624
-3630
-3632
-3632
-3628
-3614
-3608
-3610
-3610
-3614
-3602
-3602
-3608
-3598
-3590
-3588
-3584
-3572
-3568
-3568
-3556
-3548
-3544
-3542
-3528
-3522
-3520
-3528
-3528
-3528
-3528
-3522
-3520
-3532
-3520
-3532
-3528
-3524
-3526
-3516
-3522
-3528
-3530
-3536
-3536
-3532
-3524
-3518
-3524
-3508
-3516
-3508
-3508
-3500
-3492
-3486
-3474
-3476
-3478
-3486
-3476
-3466
-3466
-3456
-3452
-3448
-3444
-3446
-3444
-3436
-3432
-3426
-3432
-3436
-3428
-3422
-3422
-3426
-3424
-3426
-3416
-3410
-3398
-3388
-3382
-3382
-3378
-3386
-3376
-3366
-3362
-3356
-3352
-3360
-3352
-3356
-3356
-3348
-3336
-3340
-3334
-3332
-3334
-3330
-3330
-3324
-3318
-3312
-3310
-3316
-3312
-3316
-3320
-3312
-3314
-3312
-3302
-3304
-3306
-3300
-3292
-3292
-3286
-3280
-3268
-3268
-3262
-3262
-3256
-3252
-3248
-3254
-3246
-3240
-3224
-3232
-3238
-3238
-3238
-3244
-3246
-3236
-3228
-3226
-3224
-3212
-3208
-3204
-3192
-3194
-3198
-3196
-3188
-3188
-3192
-3182
-3180
-3180
-3174
-3172
-3178
-3172
-3164
-3156
-3152
-3152
-3158
-3154
-3148
-3144
-3136
-3130
-3122
-3120
-3110
-3106
-3104
-3102
-3096
-3098
-3092
-3090
-3094
-3092
-3100
-3104
-3106
-3100
-3098
-3096
-3096
-3090
-3100
-3096
-3100
-3110
-3108
-3112
-3110
-3108
-3110
-3106
-3104
-3096
-3088
-3088
-3086
-3098
-3098
-3098
-3108
-3112
-3106
-3102
-3110
-3112
-3120
-3110
-3108
-3104
-3102
-3108
-3102
-3104
-3104
-3102
-3104
-3100
-3100
-3100
-3098
-3098
-3104
-3100
-3092
-3086
-3090
-3084
-3076
-3074
-3074
-3072
-3070
-3062
-3056
-3054
-3058
-3058
-3064
-3060
-3070
-3066
-3060
-3062
-3056
-3046
-3040
-3042
-3034
-3032
-3026
-3022
-3014
-3008
-3008
-3000
-3000
-2992
-2986
-2986
-2980
-2970
-2958
-2962
-2962
-2954
-2944
-2946
-2954
-2954
-2946
-2940
-2934
-2938
-2938
-2944
-2950
-2944
-2946
-2942
-2942
-2930
-2920
-2914
-2914
-2908
-2902
-2908
-2900
-2892
-2886
-2884
-2886
-2870
-2876
-2880
-2880
-2884
-2872
-2868
-2860
-2860
-2860
-2852
-2850
-2856
-2862
-2864
-2852
-2848
-2850
-2854
-2862
-2858
-2852
-2854
-2848
-2846
-2842
-2828
-2824
-2822
-2816
-2818
-2818
-2806
-2802
-2794
-2798
-2794
-2796
-2796
-2794
-2790
-2782
-2782
-2786
-2788
-2788
-2778
-2780
-2776
-2772
-2766
-2770
-2774
-2754
-2752
-2752
-2752
-2752
-2750
-2734
-2734
-2734
-2732
-2738
-2724
-2718
-2710
-2702
-2694
-2688
-2678
-2670
-2678
-2688
-2678
-2674
-2668
-2668
-2672
-2672
-2670
-2670
-2664
-2660
-2656
-2652
-2640
-2632
-2636
-2636
-2640
-2636
-2636
-2644
-2636
-2638
-2626
-2630
-2620
-2608
-2600
-2596
-2598
-2598
-2596
-2596
-2594
-2596
-2592
-2590
-2590
-2578
-2574
-2576
-2576
-2576
-2572
-2576
-2588
-2586
-2586
-2578
-2574
-2562
-2562
-2564
-2566
-2558
-2552
-2548
-2550
-2552
-2550
-2558
-2552
-2556
-2550
-2538
-2542
-2532
-2528
-2532
-2536
-2524
-2524
-2516
-2516
-2510
-2506
-2510
-2510
-2502
-2508
-2492
-2484
-2486
-2478
-2474
-2474
-2472
-2466
-2458
-2460
-2456
-2450
-2450
-2444
-2438
-2430
-2432
-2428
-2426
-2422
-2418
-2412
-2404
-2406
-2406
-2406
-2412
-2408
-2408
-2398
-2392
-2384
-2394
-2386
-2384
-2384
-2376
-2370
-2368
-2376
-2370
-2368
-2366
-2366
-2360
-2356
-2358
-2350
-2340
-2344
-2334
-2334
-2332
-2346
-2340
-2338
-2338
-2328
-2328
-2322
-2334
-2334
-2338
-2334
-2326
-2328
-2328
-2330
-2324
-2320
-2324
-2318
-2310
-2304
-2310
-2304
-2304
-2308
-2304
-2300
-2300
-2300
-2294
-2278
-2278
-2268
-2274
-2268
-2256
-2254
-2244
-2244
-2246
-2254
-2254
-2250
-2254
-2262
-2246
-2240
-2234
-2236
-2244
-2236
-2236
-2230
-2218
-2228
-2220
-2228
-2230
-2234
-2234
-2226
-2220
-2220
-2216
-2212
-2214
-2210
-2214
-2216
-2212
-2214
-2210
-2208
-2206
-2206
-2200
-2194
-2190
-2188
-2186
-2190
-2190
-2182
-2178
-2176
-2170
-2170
-2172
-2166
-2158
-2162
-2156
-2156
-2156
-2158
-2158
-2162
-2156
-2148
-2148
-2148
-2148
-2146
-2150
-2162
-2170
-2174
-2166
-2160
-2162
-2166
-2158
-2156
-2152
-2150
-2154
-2150
-2146
-2138
-2138
-2140
-2140
-2140
-2136
-2134
-2124
-2126
-2128
-2128
-2130
-2132
-2126
-2118
-2126
-2118
-2112
-2108
-2102
-2092
-2090
-2084
-2072
-2072
-2068
-2062
-2060
-2066
-2060
-2056
-2060
-2050
-2050
-2046
-2044
-2044
-2038
-2038
-2034
-2038
-2044
-2048
-2046
-2038
-2028
-2026
-2022
-2022
-2022
-2020
-2014
-2010
-2010
-2000
-2002
-1998
-1986
-1988
-1976
-1978
-1972
-1978
-1970
-1970
-1972
-1964
-1976
-1966
-1958
-1944
-1948
-1942
-1936
-1942
-1938
-1936
-1926
-1932
-1938
-1936
-1936
-1924
-1920
-1918
-1910
-1914
-1910
-1914
-1910
-1920
-1914
-1910
-1914
-1914
-1908
-1896
-1894
-1888
-1886
-1880
-1872
-1872
-1876
-1870
-1866
-1862
-1870
-1862
-1856
-1858
-1856
-1856
-1856
-1860
-1868
-1864
-1864
-1860
-1862
-1854
-1844
-1834
-1828
-1832
-1828
-1822
-1828
-1828
-1822
-1816
-1812
-1808
-1814
-1818
-1812
-1812
-1814
-1812
-1812
-1812
-1804
-1796
-1796
-1800
-1798
-1802
-1804
-1812
-1806
-1800
-1808
-1798
-1794
-1792
-1782
-1784
-1786
-1772
-1770
-1774
-1774
-1764
-1768
-1774
-1766
-1764
-1766
-1758
-1772
-1778
-1782
-1776
-1772
-1768
-1776
-1760
-1754
-1754
-1750
-1744
-1742
-1746
-1748
-1748
-1746
-1740
-1730
-1734
-1726
-1718
-1718
-1722
-1724
-1718
-1714
-1710
-1706
-1712
-1714
-1722
-1724
-1724
-1724
-1730
-1738
-1726
-1724
-1714
-1708
-1708
-1706
-1706
-1698
-1704
-1704
-1702
-1698
-1696
-1692
-1688
-1692
-1690
-1688
-1682
-1680
-1678
-1676
-1674
-1670
-1668
-1668
-1666
-1662
-1662
-1662
-1662
-1660
-1650
-1654
-1644
-1638
-1648
-1642
-1632
-1618
-1622
-1620
-1616
-1616
-1614
-1622
-1622
-1620
-1628
-1630
-1634
-1630
-1624
-1614
-1610
-1606
-1606
-1608
-1610
-1604
-1600
-1594
-1600
-1600
-1606
-1606
-1596
-1598
-1604
-1594
-1582
-1578
-1574
-1578
-1578
-1582
-1570
-1570
-1570
-1560
-1560
-1556
-1568
-1568
-1568
-1558
-1548
-1550
-1556
-1554
-1544
-1546
-1544
-1546
-1548
-1546
-1540
-1542
-1542
-1540
-1546
-1542
-1540
-1540
-1542
-1536
-1530
-1536
-1536
-1532
-1530
-1530
-1524
-1524
-1518
-1526
-1526
-1520
-1510
-1524
-1512
-1512
-1516
-1518
-1518
-1526
-1522
-1520
-1518
-1520
-1508
-1504
-1498
-1490
-1496
-1502
-1500
-1498
-1502
-1504
-1510
-1508
-1506
-1508
-1500
-1504
-1504
-1492
-1494
-1486
-1488
-1486
-1472
-1472
-1468
-1468
-1464
-1464
-1464
-1464
-1462
-1458
-1452
-1458
-1460
-1448
-1444
-1440
-1438
-1444
-1444
-1438
-1434
-1438
-1440
-1448
-1448
-1436
-1432
-1434
-1432
-1428
-1426
-1426
-1422
-1412
-1404
-1394
-1396
-1390
-1390
-1396
-1400
-1386
-1392
-1402
-1400
-1404
-1404
-1404
-1404
-1400
-1400
-1400
-1404
-1406
-1412
-1410
-1400
-1400
-1408
-1398
-1394
-1394
-1394
-1390
-1390
-1390
-1394
-1386
-1394
-1386
-1374
-1360
-1364
-1380
-1374
-1384
-1378
-1370
-1366
-1372
-1374
-1376
-1378
-1382
-1376
-1372
-1368
-1370
-1372
-1358
-1354
-1348
-1348
-1348
-1338
-1328
-1322
-1314
-1314
-1314
-1318
-1314
-1308
-1308
-1302
-1290
-1288
-1278
-1290
-1292
-1296
-1298
-1304
-1302
-1298
-1294
-1286
-1290
-1280
-1274
-1278
-1272
-1280
-1282
-1276
-1286
-1288
-1282
-1282
-1276
-1260
-1256
-1252
-1244
-1240
-1240
-1228
-1228
-1228
-1218
-1214
-1208
-1208
-1200
-1200
-1202
-1206
-1200
-1202
-1200
-1202
-1198
-1198
-1200
-1208
-1206
-1216
-1224
-1220
-1226
-1226
-1226
-1220
-1212
-1212
-1206
-1208
-1206
-1216
-1216
-1214
-1208
-1208
-1208
-1208
-1204
-1202
-1194
-1192
-1188
-1184
-1180
-1180
-1174
-1178
-1184
-1184
-1186
-1184
-1184
-1184
-1172
-1172
-1170
-1168
-1162
-1156
-1158
-1158
-1164
-1170
-1162
-1148
-1142
-1140
-1130
-1122
-1120
-1114
-1114
-1114
-1116
-1112
-1114
-1112
-1112
-1108
-1100
-1108
-1116
-1124
-1120
-1120
-1122
-1124
-1130
-1130
-1124
-1122
-1122
-1122
-1122
-1128
-1128
-1140
-1138
-1134
-1130
-1130
-1128
-1116
-1104
-1112
-1106
-1114
-1114
-1116
-1122
-1118
-1120
-1114
-1114
-1124
-1114
-1118
-1104
-1096
-1090
-1092
-1092
-1084
-1090
-1088
-1088
-1096
-1100
-1102
-1100
-1100
-1106
-1100
-1100
-1096
-1106
-1106
-1108
-1104
-1104
-1110
-1112
-1118
-1120
-1114
-1112
-1112
-1112
-1108
-1104
-1102
-1104
-1102
-1098
-1090
-1094
-1092
-1100
-1104
-1100
-1104
-1108
-1116
-1118
-1118
-1116
-1116
-1122
-1126
-1118
-1112
-1112
-1108
-1100
-1096
-1098
-1106
-1098
-1102
-1104
-1096
-1098
-1094
-1094
-1094
-1096
-1090
-1096
-1094
-1094
-1098
-1102
-1094
-1086
-1096
-1096
-1090
-1084
-1080
-1082
-1086
-1086
-1088
-1086
-1076
-1086
-1082
-1076
-1084
-1088
-1088
-1082
-1076
-1072
-1070
-1074
-1072
-1070
-1074
-1074
-1076
-1070
-1074
-1074
-1078
-1082
-1088
-1088
-1092
-1092
-1098
-1092
-1086
-1080
-1074
-1074
-1070
-1062
-1058
-1058
-1064
-1056
-1054
-1050
-1048
-1048
-1042
-1044
-1038
-1038
-1056
-1054
-1052
-1052
-1046
-1032
-1036
-1028
-1026
-1028
-1026
-1022
-1022
-1036
-1044
-1042
-1042
-1040
-1030
-1022
-1010
-1010
-1006
-1006
-994
-998
-1002
-1004
-1000
-1002
-1004
-1002
-1002
-994
-990
-994
-994
-990
-990
-978
-972
-972
-976
-972
-972
-964
-962
-966
-960
-966
-968
-970
-964
-956
-948
-944
-936
-930
-936
-930
-930
-924
-920
-920
-920
-904
-900
-902
-906
-912
-906
-902
-898
-896
-894
-894
-894
-882
-884
-890
-898
-888
-888
-888
-886
-890
-898
-900
-894
-906
-900
-900
-904
-900
-906
-902
-892
-892
-884
-884
-888
-882
-882
-882
-874
-872
-858
-856
-864
-870
-874
-870
-878
-878
-882
-882
-882
-882
-878
-882
-880
-886
-886
-882
-876
-866
-862
-858
-856
-858
-858
-858
-866
-864
-860
-854
-856
-862
-862
-856
-870
-868
-858
-848
-844
-850
-850
-854
-842
-832
-834
-830
-834
-830
-824
-820
-820
-820
-824
-822
-824
-818
-820
-830
-834
-832
-832
-846
-850
-838
-842
-838
-840
-846
-850
-846
-846
-844
-852
-852
-852
-856
-852
-850
-852
-854
-850
-846
-844
-852
-850
-846
-846
-844
-848
-850
-852
-858
-862
-862
-862
-864
-874
-872
-872
-886
-892
-896
-900
-902
-896
-894
-892
-890
-894
-886
-888
-900
-894
-896
-892
-890
-888
-896
-892
-890
-894
-898
-894
-898
-902
-900
-900
-894
-890
-888
-894
-890
-888
-890
-890
-886
-882
-886
-888
-890
-884
-880
-884
-884
-878
-874
-878
-876
-872
-876
-880
-868
-866
-864
-868
-866
-866
-858
-856
-840
-840
-838
-844
-844
-846
-844
-836
-842
-846
-842
-836
-836
-828
-836
-840
-844
-840
-838
-832
-840
-844
-840
-840
-840
-842
-852
-858
-860
-860
-858
-854
-844
-846
-850
-844
-836
-836
-826
-824
-830
-830
-828
-828
-828
-826
-820
-818
-814
-808
-808
-796
-794
-794
-788
-794
-798
-798
-790
-784
-782
-788
-778
-778
-778
-776
-772
-770
-772
-772
-784
-780
-786
-786
-786
-784
-778
-776
-776
-764
-758
-760
-756
-752
-752
-748
-750
-748
-748
-744
-742
-742
-744
-752
-754
-754
-752
-758
-760
-760
-758
-750
-742
-738
-744
-740
-736
-734
-732
-726
-736
-734
-734
-734
-730
-726
-730
-732
-726
-734
-726
-724
-740
-736
-724
-728
-728
-730
-716
-714
-714
-716
-720
-722
-736
-744
-756
-758
-760
-762
-764
-774
-772
-774
-768
-770
-768
-770
-774
-764
-762
-754
-754
-756
-760
-758
-758
-752
-752
-742
-742
-740
-742
-748
-750
-750
-744
-744
-748
-746
-752
-758
-754
-752
-758
-762
-760
-766
-758
-748
-746
-752
-758
-756
-758
-758
-754
-752
-756
-750
-742
-740
-744
-740
-744
-748
-736
-736
-744
-736
-746
-752
-748
-744
-734
-740
-748
-748
-754
-750
-754
-754
-752
-750
-746
-734
-732
-722
-722
-732
-732
-730
-730
-728
-726
-714
-706
-692
-690
-694
-702
-694
-696
-702
-698
-690
-688
-682
-674
-676
-676
-684
-676
-676
-668
-668
-666
-672
-666
-658
-652
-648
-650
-648
-656
-654
-652
-648
-642
-638
-638
-644
-644
-644
-644
-640
-640
-636
-636
-636
-626
-628
-622
-622
-626
-616
-620
-614
-610
-614
-620
-622
-622
-624
-628
-616
-616
-616
-618
-614
-618
-618
-604
-602
-596
-610
-608
-604
-594
-596
-600
-598
-602
-604
-598
-586
-590
-586
-578
-586
-572
-578
-572
-568
-568
-570
-564
-562
-566
-564
-566
-562
-558
-560
-556
-554
-554
-564
-568
-570
-574
-566
-570
-570
-570
-564
-554
-552
-558
-550
-548
-548
-548
-552
-546
-550
-542
-540
-536
-534
-534
-532
-524
-514
-524
-516
-508
-504
-496
-506
-510
-500
-494
-496
-498
-488
-484
-478
-474
-470
-474
-466
-476
-466
-458
-450
-444
-444
-442
-444
-440
-450
-450
-448
-444
-446
-446
-448
-454
-456
-464
-464
-458
-454
-458
-464
-462
-460
-460
-464
-468
-466
-464
-464
-466
-468
-468
-468
-462
-462
-456
-454
-454
-450
-442
-448
-448
-446
-446
-446
-450
-446
-438
-436
-438
-440
-436
-436
-428
-416
-416
-420
-422
-418
-410
-412
-412
-412
-404
-406
-398
-396
-398
-400
-400
-392
-384
-384
-384
-382
-390
-390
-386
-378
-384
-376
-376
-372
-366
-364
-370
-374
-374
-372
-364
-358
-360
-362
-360
-362
-362
-358
-368
-366
-374
-378
-382
-382
-382
-380
-384
-378
-388
-384
-390
-398
-396
-404
-404
-406
-402
-394
-396
-398
-384
-386
-384
-386
-378
-376
-368
-368
-366
-366
-362
-364
-366
-364
-364
-366
-356
-360
-346
-344
-344
-338
-342
-346
-346
-336
-336
-336
-326
-328
-312
-320
-316
-314
-316
-322
-318
-308
-312
-308
-316
-314
-316
-316
-308
-302
-308
-310
-312
-320
-322
-314
-308
-308
-312
-302
-306
-298
-298
-290
-290
-290
-290
-284
-284
-284
-288
-280
-282
-274
-278
-274
-270
-280
-288
-286
-284
-278
-272
-272
-266
-272
-276
-270
-264
-260
-260
-268
-270
-278
-274
-274
-274
-280
-282
-278
-276
-286
-290
-288
-292
-294
-292
-288
-284
-276
-270
-268
-268
-268
-268
-266
-266
-266
-276
-274
-278
-278
-274
-272
-270
-274
-280
-282
-286
-288
-288
-282
-280
-276
-268
-268
-266
-268
-270
-262
-262
-262
-264
-266
-268
-260
-262
-268
-270
-272
-270
-280
-278
-282
-288
-276
-276
-286
-282
-282
-288
-296
-302
-296
-290
-296
-296
-300
-302
-308
-308
-308
-306
-312
-322
-328
-324
-324
-326
-330
-332
-324
-320
-320
-322
-324
-316
-314
-318
-316
-318
-304
-308
-310
-306
-308
-308
-314
-314
-314
-316
-316
-310
-310
-318
-316
-324
-334
-336
-334
-334
-332
-332
-332
-320
-320
-330
-326
-324
-320
-320
-314
-318
-318
-316
-316
-318
-316
-320
-322
-332
-336
-336
-340
-340
-348
-352
-342
-336
-334
-336
-336
-326
-320
-314
-304
-308
-304
-310
-304
-304
-302
-300
-300
-294
-294
-294
-300
-298
-308
-308
-304
-304
-306
-298
-296
-298
-296
-292
-292
-286
-276
-268
-266
-258
-262
-262
-256
-258
-254
-256
-256
-244
-240
-236
-232
-238
-234
-228
-220
-230
-228
-226
-226
-216
-220
-222
-220
-218
-220
-220
-214
-208
-202
-194
-194
-194
-194
-200
-204
-202
-200
-192
-200
-204
-200
-210
-210
-206
-210
-208
-202
-190
-198
-192
-188
-186
-196
-206
-208
-200
-198
-198
-198
-210
-204
-204
-210
-204
-206
-202
-196
-210
-216
-216
-220
-230
-228
-240
-244
-248
-252
-248
-240
-240
-240
-248
-248
-240
-240
-244
-248
-252
-254
-246
-244
-244
-240
-240
-240
-240
-240
-228
-228
-220
-222
-226
-218
-222
-232
-240
-248
-248
-248
-260
-250
-248
-254
-252
-248
-244
-236
-238
-242
-244
-238
-244
-242
-242
-248
-240
-246
-254
-264
-264
-254
-250
-258
-252
-242
-234
-224
-216
-216
-220
-218
-212
-212
-206
-206
-204
-210
-202
-208
-208
-208
-206
-204
-206
-198
-198
-202
-198
-196
-184
-178
-186
-190
-190
-184
-186
-186
-192
-190
-196
-188
-184
-192
-198
-198
-202
-212
-208
-204
-204
-212
-208
-202
-208
-208
-208
-212
-208
-202
-192
-182
-184
-188
-188
-180
-182
-172
-170
-178
-186
-178
-174
-178
-182
-178
-186
-182
-184
-184
-182
-178
-180
-178
-184
-180
-190
-188
-188
-174
-174
-162
-148
-148
-150
-142
-148
-136
-140
-144
-138
-144
-144
-142
-142
-144
-144
-144
-140
-142
-136
-128
-124
-122
-124
-126
-128
-118
-116
-112
-104
-104
-112
-114
-112
-106
-110
-114
-114
-122
-112
-110
-108
-104
-100
-100
-106
-104
-102
-98
-98
-100
-96
-98
-92
-86
-86
-86
-88
-82
-78
-86
-86
-88
-88
-90
-82
-76
-72
-72
-80
-72
-82
-76
-74
-82
-96
-102
-100
-98
-92
-86
-84
-88
-86
-90
-96
-98
-98
-90
-78
-72
-72
-78
-76
-68
-72
-60
-62
-64
-60
-56
-56
-56
-58
-56
-52
-54
-48
-48
-46
-40
-34
-38
-44
-46
-36
-42
-44
-40
-34
-32
-30
-36
-26
-16
-8
-4
-4
-2
-4
-8
4
2
-2
6
4
4
-4
-6
0
4
4
-4
-6
-10
-8
-2
0
-4
-2
-10
-14
-20
-22
-18
-20
-20
-24
-32
-30
-20
-32
-28
-30
-34
-32
-24
-24
-28
-26
-20
-14
-12
-12
-14
-14
-14
-14
-14
-20
-10
0
-2
-12
-12
-10
-4
2
-10
-16
-12
-16
-20
-16
-16
-16
-16
-26
-16
-14
-22
-22
-28
-30
-32
-30
-20
-18
-12
-12
-18
-10
-12
-10
-10
-10
-6
-8
-8
-6
-4
2
10
10
10
4
-2
2
-6
-6
-14
-24
-24
-24
-20
-14
-16
-16
-16
-18
-24
-20
-26
-34
-24
-18
-16
-18
-14
-14
-22
-10
-10
-16
-16
-16
-14
-20
-22
-12
-16
-24
-30
-32
-30
-24
-24
-26
-28
-22
-18
-18
-18
-20
-20
-30
-18
-24
-28
-24
-20
-20
-24
-24
-24
-26
-26
-30
-34
-28
-28
-28
-20
-20
-28
-32
-32
-30
-24
-28
-30
-26
-28
-24
-24
-26
-16
-24
-32
-26
-22
-18
-22
-20
-20
-16
-10
-12
-8
-6
-8
-8
-16
-18
-14
-12
-16
-24
-24
-24
-22
-24
-22
-26
-24
-8
-2
0
-6
-12
-10
-14
-16
-24
-24
-38
-30
-42
-38
-42
-42
-38
-42
-46
-58
-68
-70
-62
-64
-62
-66
-54
-50
-48
-46
-46
-36
-32
-32
-18
-22
-24
-34
-36
-30
-34
-28
-28
-26
-26
-30
-34
-34
-34
-32
-32
-30
-22
-22
-24
-20
-14
-8
-10
-14
-20
-20
-30
-30
-26
-34
-32
-26
-28
-30
-36
-28
-38
-34
-36
-30
-30
-22
-36
-30
-22
-22
-18
-18
-18
-16
-8
-4
-10
-6
-14
-16
-20
-24
-26
-16
-16
-4
-2
-4
-16
-14
-2
-6
-22
-20
-20
-12
-14
-10
-6
-10
-14
-14
-24
-20
-24
-20
-12
-2
-8
-10
-10
0
-6
-10
-4
8
6
4
0
4
8
-2
4
20
20
16
18
22
22
30
28
36
38
28
28
32
32
32
40
40
34
34
38
40
42
32
26
24
22
14
12
6
6
12
2
2
-4
8
12
20
26
24
30
32
40
38
40
42
42
50
48
48
48
50
52
44
40
38
34
36
32
32
36
38
30
24
28
32
28
40
40
42
46
48
50
50
46
38
44
36
42
42
42
36
38
42
48
44
50
50
48
44
46
46
52
52
52
52
52
44
48
50
48
54
52
46
48
46
54
54
60
56
54
52
50
52
44
50
56
60
58
58
66
76
78
74
84
80
92
86
88
92
96
100
104
104
104
104
104
108
102
102
106
108
110
114
106
108
114
112
112
116
118
118
114
120
126
114
112
112
112
110
122
126
118
116
110
110
114
110
116
114
128
130
122
126
124
124
126
138
140
140
140
142
142
142
134
132
134
136
136
136
132
136
136
126
124
132
138
140
146
148
152
150
162
162
164
158
168
170
180
190
186
182
176
176
176
178
182
180
170
178
182
182
182
182
174
172
180
180
186
186
186
188
186
186
184
178
178
176
184
184
180
180
188
188
186
190
190
188
188
188
188
194
194
190
182
182
178
182
184
186
184
184
182
184
182
194
198
208
212
210
214
204
210
218
216
214
216
226
224
226
226
222
226
218
218
218
224
222
222
218
222
228
220
218
218
210
218
216
212
216
224
234
236
228
226
230
234
232
226
228
224
232
236
236
236
238
242
242
254
260
262
270
266
258
262
260
258
254
256
254
258
256
252
252
250
250
256
254
254
252
248
250
250
252
260
258
266
264
264
256
256
254
250
250
248
250
250
248
254
248
258
264
272
268
276
276
280
276
272
268
262
266
262
268
268
266
276
274
274
272
278
282
282
272
268
272
268
268
266
266
266
272
272
276
278
270
266
268
270
272
264
264
258
252
244
236
238
240
240
242
236
238
238
238
232
238
236
236
234
246
238
238
234
238
248
256
246
246
236
228
220
220
226
224
216
224
222
218
210
210
214
214
206
206
198
198
200
202
196
194
196
196
190
188
192
194
204
212
208
200
196
198
198
204
208
212
210
210
210
212
218
216
218
212
210
222
218
220
218
220
222
224
220
234
226
226
230
230
228
234
234
228
224
220
222
220
220
220
220
224
216
218
208
212
216
220
228
224
234
224
230
232
222
216
220
210
200
198
198
208
212
214
212
206
214
212
210
204
204
204
202
200
196
196
204
208
204
202
208
214
216
210
212
218
216
214
216
228
222
222
224
220
222
232
224
224
220
208
200
208
210
210
210
206
208
210
200
194
202
200
198
204
210
224
220
220
222
226
222
214
216
220
220
218
210
214
214
214
214
228
228
224
232
230
242
234
228
232
222
216
220
218
206
210
208
212
210
210
200
200
206
210
212
214
218
218
218
216
214
210
216
224
234
242
236
236
232
232
234
228
240
238
238
238
240
240
240
238
244
252
262
270
270
274
276
276
276
278
288
288
298
298
306
306
306
300
304
298
298
304
302
290
290
286
292
294
302
302
312
316
318
322
326
324
324
326
326
320
314
312
306
312
316
322
324
324
320
316
318
310
312
306
300
300
298
310
314
312
316
320
316
318
316
316
314
314
312
318
310
310
308
308
304
304
300
294
294
286
284
284
286
284
282
286
294
298
296
292
298
294
296
294
294
286
280
292
300
304
308
306
304
300
290
292
288
292
300
314
312
310
318
318
310
306
308
308
308
304
310
308
304
304
308
304
310
310
310
316
322
324
326
326
324
324
330
328
330
328
340
342
338
336
336
342
342
344
350
348
360
364
368
366
362
362
358
362
364
360
366
370
372
376
376
386
392
390
388
388
394
382
386
382
392
392
400
398
388
392
394
400
404
402
398
406
412
418
424
424
424
424
420
412
412
418
414
414
416
424
430
426
426
420
426
434
436
440
446
448
444
444
444
444
454
446
460
464
458
456
456
454
446
442
436
434
436
436
434
432
426
424
420
424
432
428
426
426
422
418
420
414
416
420
416
424
424
424
422
416
410
414
424
422
422
418
414
410
406
398
392
392
392
396
396
396
394
398
402
406
410
412
406
394
396
388
390
394
390
388
382
376
380
372
372
368
376
390
392
398
392
390
384
390
386
390
394
396
388
390
394
402
404
404
406
412
400
402
398
394
398
400
394
400
402
410
414
410
410
404
402
402
406
408
408
414
414
408
414
414
406
410
414
418
424
428
430
434
434
430
438
442
440
436
436
436
438
432
436
434
444
438
436
428
412
414
422
410
418
420
414
412
412
410
412
416
418
418
418
422
420
414
414
414
410
420
418
418
416
432
432
430
438
440
440
436
448
456
452
454
466
462
464
476
468
468
460
462
470
474
466
464
472
472
466
464
468
474
470
474
476
470
470
478
486
492
492
496
486
486
488
488
476
474
472
478
478
474
468
462
464
462
466
456
454
458
460
464
452
452
454
464
462
472
480
480
486
478
484
496
492
490
490
496
496
490
492
502
500
506
508
508
510
520
518
512
514
522
522
526
524
526
530
532
534
530
538
534
528
532
526
526
526
530
534
534
536
538
540
540
540
542
542
550
544
550
550
556
560
550
550
550
552
554
556
548
548
538
548
538
548
544
542
536
536
540
538
532
532
538
544
544
544
546
552
548
532
538
540
532
540
540
538
536
530
522
520
528
530
530
530
544
542
542
542
538
542
542
546
550
556
546
542
542
546
542
538
534
530
530
530
528
536
536
536
540
536
538
544
532
534
534
534
536
532
526
524
524
526
534
530
536
536
542
542
552
556
550
548
548
556
548
546
542
552
550
548
548
554
554
540
540
542
536
530
532
540
536
534
534
544
542
544
548
548
548
562
564
554
548
544
546
544
540
536
526
522
516
526
530
532
536
540
538
532
524
532
528
538
536
530
534
532
532
528
540
540
542
544
550
548
552
558
556
542
540
534
540
536
542
544
540
536
536
544
544
544
536
548
558
558
558
564
566
560
556
560
556
556
554
556
556
556
560
556
556
552
554
552
556
554
552
558
558
552
542
540
540
532
532
528
528
522
520
526
524
526
528
534
534
534
530
530
526
532
540
538
538
536
534
534
534
534
538
538
544
540
534
522
522
528
530
532
522
522
522
510
514
510
510
502
504
506
510
510
512
508
506
522
526
524
518
510
512
508
502
506
500
492
504
496
496
486
494
494
494
494
494
494
486
490
500
502
504
512
514
520
524
514
518
514
524
518
518
514
502
510
512
518
522
526
526
530
524
522
516
512
514
508
500
494
494
490
488
488
488
486
484
488
490
484
484
486
484
484
474
474
472
476
476
476
478
482
488
492
492
494
494
496
496
498
504
504
506
514
514
508
508
506
514
504
500
500
500
500
500
506
504
514
514
512
510
504
502
502
502
496
502
502
506
514
510
510
506
504
492
496
506
506
506
506
508
508
502
496
490
482
486
480
482
482
494
502
496
498
504
514
508
512
512
514
520
518
514
514
504
502
500
492
488
478
482
480
484
488
492
492
492
490
490
502
506
502
502
514
512
520
526
522
510
510
514
520
522
528
532
534
528
526
520
522
526
526
536
536
540
540
542
540
540
540
538
544
542
550
556
558
560
554
558
556
560
562
568
570
570
572
576
586
586
588
588
576
582
584
582
586
584
588
590
600
602
616
620
620
618
620
618
618
624
626
630
630
632
630
630
630
630
630
634
638
636
636
634
638
640
636
636
634
632
640
632
636
626
622
622
618
606
604
594
596
586
588
582
584
582
588
588
592
592
596
606
606
606
608
610
618
612
616
624
624
618
614
620
622
630
634
636
624
624
614
620
626
626
620
622
614
612
610
616
624
628
626
626
632
624
626
622
620
630
632
632
642
638
634
630
620
612
610
610
606
600
596
598
602
610
614
610
612
612
608
608
608
612
616
616
612
606
608
608
606
606
602
600
606
606
590
592
596
594
586
594
600
600
606
620
620
620
618
614
616
612
608
606
604
614
622
622
622
620
616
616
616
626
626
632
622
630
628
628
630
634
634
630
640
634
626
628
630
628
624
616
618
608
614
608
610
610
602
602
602
598
588
588
586
586
592
596
602
594
600
598
598
592
588
594
594
594
598
598
596
592
584
590
588
590
584
584
588
582
586
584
580
576
568
574
580
578
574
562
554
556
556
560
564
560
558
560
564
562
564
562
558
558
562
554
546
544
540
542
554
552
550
552
550
554
558
562
574
572
570
566
568
566
552
556
558
564
560
572
568
568
562
560
548
544
536
540
546
560
560
554
556
548
550
540
534
534
528
528
524
520
530
532
524
530
530
530
526
528
528
534
530
530
524
528
534
534
532
538
546
550
554
550
552
552
544
550
550
554
560
562
560
552
550
552
546
550
554
562
568
562
562
564
564
566
568
566
568
566
570
578
582
582
576
568
562
572
568
570
564
562
560
560
558
552
558
550
544
540
538
542
542
542
550
556
562
566
566
568
562
560
562
562
564
558
560
558
562
562
564
564
562
558
558
552
558
562
568
570
568
564
576
576
568
564
568
568
570
564
562
562
562
570
568
564
560
554
556
556
556
556
554
550
550
550
558
560
548
546
550
546
546
544
540
540
540
536
538
538
532
520
512
512
508
512
524
524
536
536
530
528
530
522
516
514
524
532
530
524
524
522
520
524
518
516
516
522
518
520
522
528
524
528
526
532
534
528
516
516
512
516
514
512
510
508
512
524
530
522
526
524
520
516
522
532
526
528
528
532
530
534
534
530
528
528
536
538
536
536
536
538
538
538
538
528
528
524
528
536
536
542
534
536
542
546
550
558
554
554
554
548
548
550
550
550
550
550
554
564
564
558
564
562
564
556
554
554
554
554
554
558
552
552
554
558
556
556
552
558
550
548
548
550
550
550
550
550
548
548
544
550
550
550
548
540
542
544
548
554
558
548
550
554
550
546
532
532
534
536
546
550
548
554
556
556
554
562
568
572
572
578
586
586
586
578
576
584
586
576
578
580
576
570
566
562
562
550
556
556
558
556
560
562
550
542
542
538
538
538
534
520
530
520
532
532
530
532
530
532
538
544
540
542
534
534
530
540
538
536
534
532
542
548
546
542
540
540
536
546
546
546
546
544
542
552
550
550
554
554
554
558
566
572
568
574
566
566
568
574
584
584
576
582
588
588
592
584
584
584
586
582
568
568
574
586
598
604
596
596
588
586
594
592
590
588
586
586
582
588
586
590
592
592
588
588
578
588
588
586
586
586
586
584
580
584
588
578
584
582
590
586
582
580
578
572
572
570
572
572
568
568
568
574
582
584
580
578
582
584
592
590
590
586
580
588
592
602
608
616
614
608
608
606
604
602
598
594
592
580
580
578
574
582
586
588
590
596
598
592
594
596
602
604
612
614
610
610
604
596
598
598
600
594
586
590
590
600
598
598
596
600
600
602
596
592
586
584
588
584
584
576
576
576
572
578
576
572
578
582
584
584
584
584
578
576
568
554
554
554
554
564
568
570
566
564
570
570
568
570
566
564
568
570
572
568
574
572
576
576
572
576
576
570
578
576
576
580
572
562
566
566
558
562
554
558
562
558
560
566
562
556
550
556
560
560
566
564
566
566
562
554
550
550
550
554
560
562
550
560
560
566
566
570
566
572
588
588
594
590
582
588
590
584
584
578
580
582
584
580
574
574
572
578
584
590
592
590
582
580
580
586
582
580
580
578
572
584
588
588
588
586
584
578
576
572
572
570
572
582
582
588
580
584
584
584
588
580
582
588
590
584
584
580
574
574
572
574
574
572
574
572
580
582
582
580
578
578
572
576
578
584
588
584
578
580
578
588
582
588
588
586
584
584
584
584
592
584
582
580
594
608
606
592
586
588
592
594
584
586
584
586
586
576
576
572
570
570
564
562
562
560
554
552
556
558
556
560
568
560
564
562
558
552
548
554
550
548
554
546
548
558
546
550
560
564
562
560
562
560
558
554
556
560
566
572
576
576
568
560
560
562
566
568
578
576
574
576
582
582
582
578
568
570
570
568
568
566
576
576
574
576
576
580
570
572
564
562
558
550
552
552
556
556
556
552
550
548
546
542
540
538
546
552
546
550
552
550
546
550
554
558
550
540
538
546
542
542
550
544
544
542
532
528
532
542
546
536
530
528
522
514
514
520
520
524
520
524
526
528
530
528
522
528
516
520
520
516
518
518
518
532
532
528
530
530
526
532
536
534
536
552
552
546
550
556
560
550
554
546
546
542
538
546
554
560
558
550
550
546
546
530
528
526
524
522
520
510
510
514
512
522
520
520
520
520
518
526
526
526
526
534
528
528
518
518
524
530
526
518
518
514
508
498
502
502
508
514
520
520
524
524
522
520
518
522
516
518
506
508
506
510
518
522
522
514
514
514
514
514
514
516
522
518
502
508
508
498
492
486
492
496
488
488
490
488
494
500
502
506
502
502
500
506
514
526
522
528
532
532
528
526
530
530
536
544
540
540
550
550
554
548
560
566
564
566
570
570
572
584
578
582
580
586
584
580
590
588
580
574
574
576
582
578
578
572
566
562
570
570
566
566
562
568
566
568
572
562
564
564
560
556
548
548
546
540
534
526
528
526
528
530
528
528
532
532
532
528
540
534
528
530
528
520
520
522
520
512
514
514
522
526
524
524
520
520
512
506
506
504
498
502
500
498
506
494
490
488
472
470
466
466
470
466
466
468
464
466
460
462
468
478
478
480
474
484
482
478
476
476
478
476
486
488
496
490
498
508
508
514
508
522
520
522
520
508
508
506
502
498
502
496
506
510
520
510
512
510
502
502
508
510
508
510
516
516
520
514
512
516
518
520
514
514
520
520
526
532
532
538
534
536
534
540
542
534
526
528
528
532
518
520
524
520
528
530
530
538
546
546
544
530
540
542
534
530
532
532
532
540
536
538
538
540
548
544
548
548
546
546
546
554
546
550
552
556
550
544
550
546
538
534
526
528
528
534
538
532
534
532
536
534
530
534
540
542
544
544
536
534
534
540
544
546
552
552
556
548
552
548
540
544
542
544
542
548
550
548
546
542
548
546
534
532
534
526
532
534
528
528
522
524
528
524
524
528
532
532
532
532
532
532
526
524
532
542
538
542
544
544
556
550
548
544
546
542
542
550
550
556
564
564
570
566
566
568
564
566
572
570
576
580
578
582
592
590
588
588
592
588
590
584
584
584
594
592
592
582
588
588
590
594
594
588
600
596
606
604
598
596
594
598
598
596
596
592
592
600
592
594
602
608
604
598
594
592
580
572
576
574
574
566
576
584
586
582
582
578
574
574
574
568
566
578
580
588
586
590
596
608
610
618
622
624
624
620
610
604
604
604
608
610
608
608
602
604
604
604
604
608
614
610
612
616
622
620
618
614
608
614
614
612
612
614
620
622
622
626
622
618
620
616
620
616
618
616
620
616
626
636
636
636
634
626
638
638
638
626
620
606
606
608
616
610
614
616
622
618
622
620
614
614
610
602
608
606
614
618
616
616
608
612
612
610
618
612
616
614
608
608
604
602
604
602
602
606
606
604
608
598
600
598
600
604
602
606
610
614
614
610
602
602
614
618
622
618
614
606
606
606
610
