-2621
-2611
-2611
-2599
-2591
-2587
-2583
-2581
-2569
-2565
-2555
-2543
-2545
-2541
-2541
-2535
-2525
-2531
-2525
-2515
-2499
-2493
-2493
-2491
-2477
-2471
-2459
-2449
-2447
-2435
-2429
-2421
-2415
-2421
-2415
-2401
-2401
-2401
-2395
-2387
-2379
-2373
-2369
-2361
-2355
-2355
-2349
-2343
-2343
-2333
-2329
-2319
-2311
-2299
-2299
-2293
-2285
-2281
-2271
-2271
-2265
-2251
-2235
-2233
-2225
-2217
-2217
-2213
-2213
-2211
-2207
-2199
-2195
-2195
-2193
-2191
-2183
-2183
-2191
-2187
-2187
-2177
-2171
-2167
-2159
-2161
-2153
-2145
-2133
-2127
-2127
-2113
-2101
-2101
-2099
-2093
-2083
-2091
-2085
-2087
-2075
-2065
-2055
-2051
-2037
-2041
-2039
-2023
-2013
-2001
-1987
-1983
-1987
-1981
-1969
-1969
-1963
-1965
-1963
-1953
-1953
-1945
-1939
-1927
-1923
-1917
-1917
-1911
-1909
-1899
-1907
-1901
-1901
-1887
-1885
-1883
-1879
-1869
-1863
-1863
-1851
-1847
-1845
-1843
-1831
-1825
-1825
-1823
-1823
-1817
-1811
-1809
-1809
-1799
-1801
-1797
-1799
-1789
-1785
-1785
-1785
-1781
-1785
-1785
-1785
-1779
-1767
-1761
-1749
-1749
-1745
-1743
-1733
-1721
-1711
-1721
-1719
-1719
-1719
-1723
-1719
-1719
-1729
-1723
-1707
-1693
-1679
-1677
-1681
-1669
-1669
-1665
-1659
-1655
-1647
-1649
-1645
-1647
-1645
-1641
-1641
-1633
-1637
-1629
-1625
-1623
-1615
-1607
-1601
-1597
-1593
-1585
-1591
-1599
-1599
-1599
-1589
-1593
-1589
-1585
-1573
-1573
-1581
-1571
-1565
-1561
-1559
-1567
-1563
-1553
-1555
-1551
-1543
-1541
-1533
-1527
-1523
-1511
-1497
-1491
-1483
-1475
-1473
-1473
-1465
-1465
-1465
-1465
-1459
-1467
-1469
-1457
-1447
-1445
-1437
-1435
-1425
-1421
-1417
-1411
-1411
-1407
-1403
-1397
-1389
-1383
-1373
-1375
-1375
-1375
-1373
-1379
-1379
-1385
-1389
-1389
-1377
-1369
-1361
-1355
-1349
-1347
-1337
-1333
-1323
-1309
-1305
-1289
-1283
-1285
-1287
-1289
-1291
-1295
-1295
-1289
-1285
-1273
-1273
-1279
-1277
-1273
-1273
-1281
-1281
-1281
-1279
-1271
-1267
-1257
-1253
-1251
-1251
-1243
-1243
-1233
-1225
-1219
-1221
-1217
-1207
-1197
-1195
-1185
-1185
-1179
-1175
-1173
-1177
-1177
-1179
-1183
-1185
-1191
-1179
-1169
-1161
-1153
-1147
-1143
-1137
-1137
-1133
-1139
-1143
-1149
-1145
-1135
-1135
-1121
-1113
-1113
-1111
-1103
-1093
-1085
-1085
-1089
-1089
-1081
-1075
-1077
-1073
-1065
-1055
-1053
-1045
-1043
-1041
-1037
-1045
-1033
-1037
-1039
-1037
-1029
-1029
-1033
-1033
-1035
-1031
-1025
-1029
-1021
-1023
-1017
-1025
-1025
-1021
-1015
-1015
-1013
-1007
-1007
-1003
-993
-995
-999
-993
-989
-979
-971
-963
-963
-951
-951
-937
-935
-925
-925
-921
-925
-921
-909
-903
-891
-885
-871
-863
-863
-855
-847
-843
-837
-829
-823
-821
-815
-817
-817
-809
-797
-791
-791
-783
-783
-773
-769
-765
-761
-753
-745
-745
-743
-745
-751
-743
-749
-743
-743
-741
-745
-743
-733
-737
-737
-733
-733
-727
-723
-713
-711
-717
-721
-713
-705
-711
-719
-709
-709
-709
-709
-709
-705
-697
-691
-687
-681
-685
-693
-689
-685
-681
-671
-663
-655
-669
-665
-669
-661
-661
-657
-663
-661
-653
-655
-657
-645
-643
-635
-631
-623
-619
-615
-613
-619
-619
-613
-607
-599
-589
-591
-589
-595
-585
-583
-585
-591
-587
-573
-563
-563
-569
-577
-575
-579
-581
-577
-567
-567
-559
-565
-563
-571
-569
-565
-565
-565
-565
-553
-551
-555
-543
-535
-529
-523
-511
-513
-525
-525
-531
-523
-521
-535
-531
-529
-525
-519
-517
-511
-511
-517
-517
-509
-507
-501
-497
-493
-493
-493
-495
-495
-487
-483
-491
-493
-499
-509
-515
-519
-515
-521
-517
-509
-517
-517
-511
-513
-511
-509
-509
-511
-511
-513
-513
-519
-517
-513
-507
-505
-503
-507
-503
-503
-499
-495
-495
-495
-489
-479
-483
-479
-479
-481
-483
-477
-467
-467
-467
-463
-451
-447
-441
-441
-443
-441
-435
-429
-419
-419
-419
-411
-407
-399
-401
-397
-389
-389
-389
-389
-397
-391
-389
-383
-383
-391
-391
-393
-399
-407
-399
-403
-405
-413
-411
-415
-413
-413
-413
-405
-397
-395
-391
-387
-381
-383
-385
-391
-389
-383
-381
-371
-373
-367
-363
-357
-373
-371
-365
-349
-359
-357
-355
-349
-353
-353
-353
-367
-367
-359
-353
-351
-353
-351
-351
-349
-333
-323
-327
-319
-311
-305
-293
-293
-297
-299
-293
-295
-295
-283
-285
-287
-281
-281
-275
-285
-285
-277
-275
-277
-269
-277
-275
-281
-275
-265
-267
-273
-267
-271
-269
-267
-269
-259
-255
-247
-239
-241
-235
-225
-221
-219
-219
-209
-205
-197
-207
-207
-203
-199
-195
-197
-197
-189
-193
-191
-187
-183
-183
-181
-187
-183
-183
-183
-193
-187
-175
-171
-181
-185
-185
-177
-173
-171
-169
-163
-159
-169
-169
-165
-161
-165
-167
-167
-169
-177
-175
-169
-155
-157
-159
-155
-151
-147
-149
-145
-139
-139
-143
-147
-145
-147
-147
-147
-153
-155
-155
-161
-159
-161
-161
-169
-167
-165
-163
-159
-165
-173
-179
-169
-171
-161
-155
-155
-163
-155
-159
-157
-161
-161
-161
-157
-153
-157
-157
-151
-155
-153
-151
-155
-157
-151
-155
-161
-157
-151
-157
-151
-145
-145
-145
-145
-145
-145
-153
-143
-145
-143
-137
-131
-127
-137
-133
-125
-127
-127
-131
-135
-125
-115
-125
-117
-113
-111
-105
-101
-99
-101
-99
-97
-97
-93
-87
-81
-93
-95
-89
-87
-77
-83
-73
-77
-79
-77
-79
-79
-81
-79
-79
-83
-73
-83
-79
-85
-89
-85
-85
-83
-71
-63
-65
-63
-65
-71
-75
-75
-65
-59
-55
-51
-43
-47
-51
-61
-63
-63
-59
-57
-59
-59
-61
-61
-51
-51
-53
-39
-39
-51
-45
-33
-31
-27
-27
-25
-37
-43
-31
-41
-39
-41
-43
-47
-45
-39
-45
-41
-37
-39
-43
-43
-45
-45
-51
-51
-49
-43
-35
-33
-31
-23
-15
-11
-15
-11
-15
-15
-23
-15
-19
-17
-19
-15
-13
-1
7
13
9
9
3
11
9
17
25
29
29
25
23
19
19
19
11
19
27
35
29
29
27
27
21
23
21
21
17
23
25
23
15
23
29
31
31
35
45
33
29
39
39
33
29
25
27
21
19
21
19
23
19
11
7
9
11
11
15
15
15
7
11
19
15
17
17
15
9
7
5
-1
5
-1
1
1
7
1
3
-3
-5
-3
3
13
7
7
9
1
5
5
13
7
9
7
3
3
11
7
9
7
5
11
7
7
9
9
9
15
7
7
5
1
1
5
9
5
7
9
13
19
23
13
1
-5
3
15
23
25
27
19
17
13
23
23
23
23
29
29
27
17
19
23
27
29
27
31
25
27
27
21
15
21
21
21
21
21
21
23
21
21
19
25
15
15
15
15
15
13
21
19
27
21
19
7
17
5
13
17
17
17
13
9
5
9
13
23
23
23
23
29
35
39
39
41
47
51
59
61
55
53
53
47
49
47
55
61
63
55
57
51
57
57
49
53
43
55
55
57
61
63
63
65
69
61
71
71
65
69
71
69
77
73
77
79
79
79
81
79
87
97
87
89
93
91
91
95
101
95
95
91
89
85
85
87
89
87
89
91
91
85
87
83
83
83
85
89
89
91
85
99
107
117
117
119
131
129
137
139
129
125
129
125
117
115
113
101
97
97
91
89
91
85
93
89
91
85
85
87
97
89
85
81
77
79
85
93
101
101
101
105
109
113
111
109
115
109
107
105
109
111
105
105
105
105
101
95
95
91
85
91
87
89
87
79
81
81
85
89
83
73
65
63
61
59
61
61
55
61
61
59
63
61
55
55
51
55
51
51
51
57
53
51
49
45
39
33
33
35
43
35
35
33
33
33
29
33
29
29
27
29
23
27
19
17
17
21
17
23
17
25
13
21
15
17
19
23
19
15
21
29
27
21
25
31
27
33
33
33
35
39
41
35
33
35
39
43
47
45
49
37
37
41
35
35
35
45
37
43
51
51
49
53
57
63
59
59
53
53
57
61
57
67
61
61
59
67
69
73
71
71
67
63
63
57
57
57
59
63
61
65
73
71
61
69
65
63
53
57
63
67
67
73
73
73
77
75
67
65
61
63
55
59
51
51
65
67
67
65
65
67
69
75
77
77
77
81
77
81
81
79
91
93
99
101
103
111
111
109
111
115
113
113
113
111
107
107
103
107
105
97
95
105
111
103
101
97
99
97
97
85
83
81
81
73
71
65
65
67
75
75
75
75
83
81
83
83
87
91
89
87
83
85
85
87
93
95
95
83
83
83
77
77
77
75
81
85
95
93
97
103
103
107
105
107
113
117
121
111
111
117
117
107
99
101
101
105
107
105
105
101
107
111
109
123
117
121
121
113
121
125
125
127
135
127
129
123
125
129
127
115
115
113
121
119
119
121
121
117
133
137
131
133
135
135
139
147
143
143
151
147
147
151
147
145
147
153
153
153
157
157
157
151
153
153
161
161
167
165
161
151
153
153
161
159
159
161
161
157
161
157
159
163
165
171
165
169
171
171
169
185
181
183
191
185
185
189
195
197
195
201
203
199
195
197
205
207
209
209
213
215
207
197
193
199
201
205
207
203
203
203
203
195
203
199
211
215
211
211
215
219
211
213
221
217
209
201
207
205
205
201
209
209
209
217
223
225
229
235
239
229
231
223
229
237
243
239
239
241
241
245
247
243
253
253
257
259
261
255
261
261
257
261
253
259
259
259
257
257
263
257
261
269
277
277
279
285
287
287
285
281
289
285
287
291
291
283
273
273
269
271
263
267
273
273
283
287
287
293
297
291
279
283
283
269
273
279
289
291
285
287
285
277
275
267
257
251
251
245
243
247
241
245
247
245
241
235
233
235
235
237
237
233
227
227
219
219
227
229
233
235
235
227
221
221
215
215
225
231
221
235
237
239
245
245
231
227
227
231
231
229
229
229
237
233
229
231
225
229
231
243
241
237
245
241
239
239
243
243
253
257
255
247
239
235
237
229
233
237
229
233
233
243
245
233
233
227
231
231
221
213
217
215
213
215
215
219
215
209
211
209
219
221
229
221
221
223
229
227
227
221
221
221
227
227
235
235
235
237
231
235
235
241
233
231
227
229
237
227
227
227
227
229
229
235
227
225
231
225
215
219
227
227
217
217
221
221
217
211
211
207
197
201
193
195
195
187
195
187
185
185
177
177
171
171
171
177
173
175
175
175
177
181
185
185
183
183
187
189
197
195
187
181
181
181
181
185
195
193
197
195
195
189
181
183
191
201
203
203
203
203
201
197
193
185
181
191
193
191
195
191
189
185
183
177
181
189
189
193
197
197
193
197
199
203
205
203
201
193
193
193
189
177
179
169
175
181
181
175
183
181
175
177
177
183
185
179
179
183
183
183
191
195
195
187
185
195
193
189
197
205
207
209
211
207
207
203
199
207
211
203
207
213
215
225
223
207
209
223
227
223
213
211
209
203
191
201
197
187
187
187
181
177
183
179
183
187
193
193
195
195
205
213
211
211
207
195
191
195
191
183
193
201
205
203
197
193
205
207
207
205
199
201
209
203
191
191
185
179
175
181
181
171
167
165
175
163
165
169
171
167
157
147
149
147
147
153
153
157
159
163
163
157
153
159
167
157
153
149
137
137
135
141
141
151
151
151
155
159
161
161
153
153
161
161
155
167
169
165
165
155
151
155
155
161
157
161
165
171
181
177
173
165
163
163
171
171
181
181
183
183
179
179
177
183
179
181
177
169
167
167
161
155
155
155
157
157
153
157
157
159
169
159
159
169
173
171
171
171
165
173
179
177
187
189
189
185
183
179
179
177
171
167
169
171
165
159
161
169
167
165
171
159
153
165
171
167
167
165
167
161
151
157
155
153
147
149
149
151
145
153
151
161
163
155
153
151
145
147
147
147
153
157
153
151
145
149
159
159
161
163
161
165
167
171
161
165
163
167
171
171
173
169
169
171
173
169
169
163
169
167
157
151
149
141
137
131
133
135
131
121
121
131
135
135
133
133
141
137
141
151
141
149
157
165
159
163
161
155
157
153
157
161
165
177
179
181
181
181
177
177
189
199
193
191
189
183
183
185
185
183
185
193
189
181
185
185
181
179
175
177
173
173
173
177
177
169
177
173
175
179
175
173
171
171
163
161
171
163
153
161
161
153
153
147
153
153
151
151
157
153
153
157
153
145
149
149
155
157
157
165
161
165
169
173
177
181
181
183
183
187
179
173
173
183
179
181
177
179
177
173
177
171
167
169
177
175
171
177
175
167
167
165
171
163
165
159
157
157
157
159
155
155
151
147
147
157
153
151
147
143
135
145
151
145
145
145
157
151
153
145
139
137
145
143
147
147
149
153
157
167
163
161
153
153
155
151
151
155
159
165
163
163
157
163
165
159
161
153
153
153
149
153
153
147
157
153
155
157
145
141
143
145
143
135
137
137
141
147
139
133
133
143
139
143
143
149
143
141
151
157
163
159
157
157
169
169
169
167
163
173
179
181
181
181
183
175
177
179
169
177
177
177
183
187
177
183
181
183
185
187
187
189
193
193
197
203
197
191
191
197
199
201
203
211
209
209
221
217
213
217
217
221
219
221
227
225
219
223
219
219
209
201
201
195
187
191
185
185
187
191
187
191
181
175
171
169
169
165
157
163
159
159
161
163
165
163
165
173
181
181
191
189
179
181
181
181
185
185
185
181
183
187
187
193
201
207
203
211
219
221
221
225
225
227
225
229
225
227
221
217
215
207
205
201
193
191
203
207
207
207
207
203
211
213
221
221
219
219
227
227
229
217
217
217
211
207
211
211
205
195
195
187
195
195
195
189
185
183
187
183
187
191
197
201
201
201
197
197
197
193
191
187
191
189
185
193
197
205
205
203
195
191
187
181
185
191
193
189
193
191
183
177
171
169
169
173
185
181
195
197
197
193
191
189
193
199
203
205
205
211
205
205
207
213
217
231
235
227
237
235
243
241
239
247
249
249
259
259
253
249
257
255
257
263
259
253
251
255
259
271
275
267
267
261
257
263
263
265
269
271
267
273
271
275
281
265
265
261
257
247
247
249
255
257
255
249
251
243
251
255
259
259
269
269
273
275
265
253
261
263
263
269
273
267
275
281
279
279
281
285
295
295
307
311
313
315
319
319
317
311
305
299
299
303
299
299
301
295
293
297
297
291
289
281
271
271
265
273
275
271
277
271
275
275
285
285
287
285
285
289
297
301
293
293
297
293
291
291
293
301
289
287
297
299
297
299
295
285
285
291
285
285
279
285
287
283
275
279
271
271
271
265
263
261
267
263
271
275
275
273
269
263
261
265
267
271
271
267
273
265
273
287
287
291
287
291
287
291
291
283
289
293
287
285
283
281
285
289
283
289
299
295
297
303
305
301
307
315
313
301
313
317
317
321
319
311
303
299
301
305
307
317
317
313
315
305
295
297
293
289
289
279
279
283
291
291
293
297
297
297
309
303
303
305
307
301
295
303
299
313
307
303
301
293
289
291
293
297
309
309
319
307
299
301
297
289
283
287
289
285
285
293
293
301
297
295
295
287
285
293
307
305
303
303
303
295
283
273
273
277
287
293
297
289
289
289
299
307
307
309
307
301
305
311
317
315
307
307
309
305
313
319
323
317
313
317
315
315
315
321
325
327
321
313
311
319
319
319
315
321
317
317
311
313
313
325
319
321
319
317
317
319
321
321
323
321
337
341
341
339
343
351
349
339
347
339
341
347
349
355
347
347
347
353
359
365
361
367
357
359
367
373
371
375
379
377
371
365
377
367
373
385
387
385
375
375
375
373
367
363
369
367
367
371
379
375
379
379
391
389
385
383
377
377
379
377
383
381
385
377
367
367
373
373
373
373
379
373
373
371
373
369
367
367
369
359
351
361
363
363
367
363
367
365
373
375
379
377
385
385
391
391
397
401
395
389
397
401
395
407
407
403
391
391
385
391
385
385
383
383
375
371
371
389
397
401
395
399
403
409
407
399
397
397
397
407
411
407
409
409
409
409
405
409
413
413
415
415
407
405
413
413
409
397
399
399
397
397
399
389
383
381
387
379
379
379
391
389
389
387
377
361
359
363
361
361
359
353
353
355
349
345
345
339
339
329
325
315
317
309
315
317
307
307
309
305
307
303
305
303
301
307
293
285
289
287
283
279
287
281
277
275
279
279
275
273
269
265
265
267
269
267
269
275
277
269
267
259
265
257
257
247
237
243
241
241
241
231
239
237
245
245
245
249
251
261
267
265
269
267
269
267
263
255
261
251
247
253
257
247
245
245
251
253
243
247
247
241
239
233
245
247
251
255
255
257
261
255
261
267
261
257
257
263
263
255
255
247
249
251
249
245
231
235
237
243
237
237
239
243
241
245
247
243
245
251
263
261
265
269
263
263
263
271
271
277
271
269
269
275
275
279
281
285
281
289
293
297
295
299
291
299
295
297
291
293
293
293
289
281
281
275
275
275
267
269
277
281
279
289
293
285
287
295
295
301
303
305
297
303
305
299
299
303
303
299
303
299
297
295
295
293
297
297
301
305
307
311
311
305
307
307
301
309
305
309
303
305
307
307
301
295
293
295
293
289
287
285
291
287
297
287
283
293
285
281
279
277
267
269
269
273
269
267
265
263
259
257
263
265
269
263
267
257
251
253
249
245
241
249
249
247
235
235
225
225
225
233
231
221
219
219
227
229
229
231
223
215
223
229
231
241
245
241
241
233
225
223
235
237
237
227
223
221
219
215
211
213
223
215
207
205
203
197
189
193
191
197
187
191
189
189
181
175
165
167
159
155
153
161
171
165
165
155
153
155
159
163
171
165
165
163
163
163
171
173
165
169
167
177
179
179
175
169
173
167
161
169
161
163
155
155
153
153
157
157
157
155
153
153
155
151
147
137
147
141
133
141
135
135
143
149
155
159
149
147
149
139
137
127
135
129
129
123
119
115
113
101
101
105
111
113
115
111
109
103
107
111
119
117
121
117
123
121
127
113
109
105
97
95
93
95
99
97
89
91
85
89
91
91
83
93
93
93
91
97
95
101
101
109
107
103
101
107
101
97
99
101
101
109
97
95
89
89
89
89
87
95
95
95
87
95
105
109
111
99
95
97
95
99
101
91
95
91
91
85
79
89
91
81
81
75
79
79
83
87
83
87
89
91
91
89
83
85
83
77
77
85
83
77
77
77
75
85
87
93
95
99
99
97
107
101
103
105
103
109
113
117
115
115
117
113
125
117
123
133
133
129
137
145
135
141
139
131
129
131
137
131
135
135
129
137
137
135
131
133
127
129
125
121
125
131
139
129
129
133
137
129
119
119
125
131
135
125
131
131
123
115
107
101
101
93
97
93
85
99
97
99
97
109
105
107
105
111
115
113
113
129
135
133
141
145
147
147
153
153
151
151
151
159
171
179
177
173
175
183
191
191
191
197
195
195
195
195
193
191
181
185
175
169
173
169
167
165
167
161
163
157
159
159
165
153
155
157
167
169
173
175
173
165
173
171
177
175
169
169
167
165
163
155
147
141
143
147
141
141
145
139
135
135
137
137
125
131
125
131
137
141
151
147
139
143
135
137
125
119
123
121
119
127
119
113
113
105
109
103
105
101
103
109
111
107
107
99
91
89
93
89
95
99
103
107
109
115
105
105
103
107
107
111
97
91
87
93
87
95
87
87
79
75
89
99
99
95
81
81
91
105
101
111
105
107
111
109
107
103
105
115
117
111
113
113
111
111
119
127
119
115
107
115
117
127
135
153
149
149
153
149
153
145
141
147
143
143
145
145
149
155
157
161
149
151
153
147
155
155
163
163
165
177
175
175
171
171
179
183
181
181
183
181
191
195
203
203
205
201
201
193
193
201
193
195
197
195
183
183
189
199
195
201
199
203
201
193
179
177
185
185
185
185
185
199
199
199
189
189
187
199
189
177
179
169
159
153
151
153
141
139
143
141
151
149
155
151
151
151
135
129
129
129
127
137
133
135
137
131
129
127
125
129
123
121
119
105
111
113
109
107
107
111
113
109
111
109
117
109
113
105
111
117
111
115
115
117
121
123
125
127
129
129
127
123
125
129
129
135
135
127
133
135
133
127
125
123
131
135
131
127
131
129
121
131
131
129
127
115
113
111
113
113
113
123
119
111
109
113
107
109
119
113
111
115
113
109
107
107
109
111
117
117
117
123
125
127
125
119
123
121
129
135
137
141
151
153
155
159
153
153
153
149
135
137
141
143
151
149
149
151
145
149
147
143
137
131
137
137
143
157
159
161
151
153
149
153
145
147
151
159
155
155
149
147
141
137
129
137
141
141
137
135
127
123
127
135
135
135
139
137
141
137
125
127
129
137
141
143
143
141
139
129
133
129
125
119
113
109
113
117
119
115
115
109
115
115
113
117
119
119
119
119
119
129
135
125
119
123
123
123
127
127
129
125
131
127
129
133
127
127
127
131
135
129
121
121
123
125
121
111
121
109
113
121
123
119
123
127
121
129
123
127
131
129
139
139
147
145
143
147
143
137
143
137
129
131
133
139
143
143
145
139
143
141
149
149
157
153
151
153
159
169
177
173
161
159
153
151
145
149
159
171
171
167
171
169
159
157
155
153
163
169
163
163
165
161
157
157
161
147
143
135
131
131
131
135
133
127
125
137
149
147
143
153
145
145
137
135
133
137
137
129
123
125
127
115
111
123
131
129
129
129
125
123
119
115
119
123
127
123
129
137
139
143
133
139
141
147
145
145
153
151
153
159
153
159
163
175
173
181
187
179
171
171
167
159
165
161
155
155
147
149
149
147
153
157
163
157
159
155
151
143
143
147
153
157
151
153
155
151
155
153
157
157
153
153
153
153
153
153
145
151
149
153
149
155
161
161
161
161
163
169
177
169
169
169
169
183
187
187
177
179
193
199
195
199
205
199
199
195
195
203
199
193
203
195
195
195
205
207
207
205
205
197
197
203
193
191
183
181
183
183
199
195
189
189
197
185
181
177
173
173
179
189
185
191
191
185
181
181
185
189
187
183
175
179
173
177
181
189
193
191
183
187
201
197
193
185
191
191
187
187
187
189
187
181
173
175
177
185
179
181
181
179
181
189
191
201
197
197
191
199
193
193
189
189
191
187
189
191
179
177
179
183
185
179
169
163
165
165
165
165
169
165
165
173
169
169
169
169
165
167
165
163
167
167
167
167
161
163
161
169
177
175
177
175
183
199
189
189
189
183
185
181
181
185
183
193
199
199
203
209
217
209
211
221
235
249
247
235
245
243
237
233
231
227
225
219
213
215
211
209
209
211
207
207
215
203
199
201
193
199
193
195
201
207
205
193
185
189
185
177
177
191
187
189
189
189
201
201
195
195
203
207
201
195
197
187
191
187
177
163
167
167
167
167
159
167
163
165
161
159
167
171
167
157
155
155
151
151
157
157
157
153
151
151
153
159
171
161
169
171
169
181
175
163
153
151
155
153
159
159
163
159
155
153
147
143
149
147
149
149
145
155
151
151
155
157
163
169
173
173
163
163
167
171
159
167
165
169
169
175
175
177
177
183
185
173
169
165
171
171
169
167
173
167
175
177
177
179
183
183
185
185
193
189
191
189
201
205
199
205
195
195
193
197
197
199
201
201
193
191
191
195
191
187
187
189
189
189
191
191
191
195
201
195
187
181
181
181
187
175
169
177
179
185
189
193
187
179
177
181
191
191
183
179
173
175
173
173
173
177
179
179
181
185
191
193
185
191
187
185
181
175
169
167
165
177
179
181
181
187
185
185
187
189
183
187
195
193
199
189
191
189
199
209
201
199
193
193
193
201
199
189
189
199
199
199
199
203
207
197
199
201
201
199
207
207
209
219
219
215
223
233
217
219
225
231
223
221
225
215
211
211
201
205
207
207
213
211
211
217
219
215
219
233
229
227
231
231
235
235
227
227
231
235
235
231
235
239
229
237
233
233
247
249
261
259
257
251
255
257
263
271
265
265
255
253
249
251
247
251
263
267
277
275
275
287
287
297
299
299
303
297
297
289
285
285
281
289
293
291
285
279
277
273
265
255
253
257
245
259
267
267
271
273
281
277
283
275
279
275
277
273
273
285
281
287
287
285
289
279
275
277
279
281
275
275
275
275
273
273
273
273
275
259
253
247
243
245
251
249
261
259
259
267
263
257
249
255
251
253
251
253
245
249
251
241
243
237
233
231
231
221
215
219
207
207
203
201
203
203
203
207
209
209
209
213
211
213
203
201
207
205
203
203
203
205
203
199
207
211
211
219
211
215
211
211
207
209
213
219
227
227
231
227
235
235
233
237
237
241
247
243
255
261
263
253
255
253
245
241
239
243
243
243
243
239
227
227
219
217
217
219
215
207
203
199
191
191
199
205
201
191
189
185
177
171
171
167
171
169
171
177
171
167
165
167
159
155
157
159
155
155
155
161
155
159
163
165
163
151
153
149
155
157
159
165
169
171
165
157
157
149
153
151
153
161
155
155
161
155
159
163
161
161
163
159
159
149
141
143
141
151
147
157
151
147
153
151
151
145
137
123
123
125
131
123
119
121
127
131
135
145
139
137
131
129
131
131
131
137
139
145
141
137
135
131
139
147
149
157
147
151
145
145
139
147
149
141
145
137
137
137
135
135
131
141
143
135
145
139
147
149
155
157
157
171
171
169
167
171
163
163
163
165
165
169
167
163
167
173
173
181
177
181
185
193
193
195
195
203
201
199
191
185
189
193
189
183
183
187
189
195
197
189
195
205
205
205
197
193
199
201
201
197
197
199
213
217
219
217
215
215
207
207
207
207
211
223
223
219
213
219
205
197
195
199
195
197
197
201
209
211
207
213
215
211
213
211
213
213
217
217
231
221
229
219
227
227
225
241
249
247
247
239
225
223
231
229
221
221
221
229
229
227
229
231
237
243
247
249
253
253
259
255
257
249
253
261
265
269
261
253
251
257
253
253
257
257
257
251
251
239
233
225
223
221
223
215
223
221
223
227
231
231
235
231
225
225
233
225
225
219
213
205
211
213
207
209
203
213
221
215
225
231
227
229
237
231
221
231
239
243
247
237
239
235
237
235
233
229
233
231
229
229
229
221
221
209
211
213
217
215
203
199
207
215
215
221
229
225
225
221
217
219
215
213
213
213
213
217
217
219
221
221
225
227
219
219
207
203
207
209
215
225
219
217
219
211
209
209
205
209
211
205
205
201
197
199
197
205
201
203
211
203
195
193
189
199
207
201
195
193
193
195
203
205
195
197
201
203
201
199
191
191
193
197
193
191
181
197
197
195
197
201
205
203
205
199
203
211
211
209
211
213
213
217
215
217
219
209
211
215
209
205
207
209
207
215
217
227
221
225
219
219
223
223
215
215
215
219
221
217
223
221
215
207
201
201
197
203
203
199
197
197
193
201
199
195
197
203
205
211
207
207
207
207
203
199
193
189
183
175
181
181
171
177
177
177
177
167
171
171
161
167
155
145
145
147
141
141
151
159
169
177
179
177
177
169
169
173
169
167
167
161
159
157
145
143
145
139
135
131
127
133
137
139
145
155
163
165
167
163
159
169
169
167
175
175
171
169
179
185
185
183
179
181
179
183
187
191
203
203
203
193
191
193
193
189
189
175
169
171
171
169
165
171
175
169
169
173
165
161
153
151
159
155
161
165
157
139
135
133
127
125
129
127
123
123
131
123
123
121
131
131
127
125
129
139
145
135
131
131
125
127
133
133
135
135
139
141
127
123
121
129
135
125
119
125
127
131
131
127
121
117
119
113
123
127
131
131
131
125
131
131
131
123
125
131
131
127
131
141
139
139
137
137
143
145
141
135
135
135
135
133
131
127
127
125
115
121
121
129
133
135
125
133
139
141
141
141
145
151
151
149
147
155
153
155
167
173
169
159
163
165
161
163
157
157
163
161
155
153
155
155
139
133
121
127
127
127
121
121
133
135
135
145
147
147
145
145
145
141
137
133
145
137
139
143
139
139
141
143
139
133
131
125
111
113
123
131
135
133
135
139
127
129
129
121
119
117
111
113
105
105
101
101
91
91
91
85
87
85
87
87
89
89
93
95
97
97
103
107
115
119
119
115
119
109
117
117
105
103
103
107
99
99
97
101
109
101
95
101
103
105
109
101
95
99
105
113
107
111
107
107
105
107
117
127
135
139
131
127
121
113
121
125
119
131
131
127
129
127
121
123
111
101
101
95
99
107
99
103
95
91
93
89
87
89
81
89
81
77
75
69
71
69
81
79
85
93
93
95
97
95
99
101
97
107
99
101
101
93
91
95
101
103
103
105
101
101
97
93
93
91
89
83
73
71
75
91
89
91
85
81
75
75
75
61
55
45
45
45
55
55
55
55
59
61
59
59
51
43
45
41
41
33
39
35
23
17
17
23
25
19
21
29
27
19
23
27
27
31
31
27
25
35
39
39
47
47
39
33
29
29
41
25
23
13
9
11
5
15
9
13
23
25
35
45
43
41
35
37
25
29
29
23
33
27
29
23
25
25
25
23
21
25
29
29
29
29
17
23
23
23
25
17
19
25
27
27
33
27
35
39
39
39
43
45
43
35
31
33
41
39
39
35
33
39
41
45
41
51
51
45
45
51
61
59
53
63
55
57
63
59
59
53
51
53
57
55
55
55
53
53
57
57
53
49
51
43
39
39
41
37
39
39
37
31
35
35
31
39
39
39
45
49
41
39
39
37
35
39
31
27
23
21
29
29
31
33
31
33
29
35
29
29
29
29
25
23
27
31
27
17
19
15
19
19
11
13
11
25
35
31
35
35
31
39
31
37
43
37
45
47
43
41
27
23
29
29
31
37
29
29
35
39
39
41
39
43
47
47
53
61
67
65
71
71
65
73
71
81
83
87
77
71
81
71
67
61
65
61
69
69
61
53
51
55
47
49
51
53
63
69
61
61
67
73
81
85
85
85
91
91
91
95
101
97
109
105
101
103
109
103
97
89
83
79
85
93
87
89
91
85
85
87
87
91
87
87
89
91
97
97
93
89
97
101
103
107
105
109
103
95
93
87
87
97
95
103
107
109
105
105
97
101
101
113
109
103
103
101
97
97
95
107
107
107
107
125
117
117
115
109
121
119
119
115
121
125
131
125
131
119
121
123
125
127
119
131
127
135
141
141
139
143
151
155
147
137
149
149
155
141
143
147
145
149
149
151
149
155
159
161
159
161
163
163
165
161
159
155
155
153
153
155
155
161
165
167
177
167
169
181
169
173
173
177
177
173
173
179
181
189
199
207
213
215
215
219
217
217
219
223
231
235
231
229
229
231
231
231
221
223
217
223
227
219
227
221
221
225
233
233
237
245
245
239
235
243
243
237
239
241
247
249
259
263
259
261
253
255
261
259
265
263
279
283
285
279
281
281
275
275
275
275
283
279
279
287
291
291
289
287
283
289
277
277
279
285
289
283
277
265
257
255
245
253
263
261
269
269
263
261
259
255
265
259
253
259
257
261
259
261
261
265
265
261
271
259
261
249
255
263
255
251
261
261
255
255
253
253
253
245
237
235
235
227
227
219
219
221
215
223
227
225
225
225
227
239
241
251
243
245
245
257
261
261
249
241
231
229
233
229
229
231
235
231
231
233
235
237
225
225
223
221
221
221
229
235
239
231
233
239
237
235
235
233
241
239
249
249
241
235
235
245
253
257
251
251
249
255
259
275
271
273
275
271
271
265
279
281
283
269
277
277
283
289
289
295
305
305
299
297
305
305
307
303
297
285
289
295
293
293
289
283
265
267
267
265
267
265
273
271
261
259
253
253
253
257
259
259
263
267
273
279
277
285
281
281
277
273
265
259
261
267
265
257
265
267
279
275
285
287
283
283
283
285
285
287
281
281
289
283
281
281
285
283
289
295
297
301
301
289
289
295
291
281
287
283
285
283
289
295
295
299
303
301
297
305
315
321
327
329
323
335
327
327
335
341
347
351
349
345
341
341
345
343
341
327
321
329
323
335
327
327
331
335
321
335
335
341
339
331
327
325
315
305
303
307
309
303
289
289
283
291
285
285
281
273
273
287
289
283
285
289
273
275
283
283
279
279
273
267
271
279
277
281
273
275
281
275
273
275
281
283
285
287
283
283
281
285
277
285
283
275
271
269
265
263
265
263
273
273
277
279
279
283
289
293
289
291
283
285
285
285
285
289
287
295
291
299
295
291
291
291
297
291
285
285
293
303
303
293
297
293
303
303
309
301
301
297
291
289
291
285
285
289
291
291
297
297
303
299
307
311
309
313
317
315
317
323
313
313
313
317
313
307
307
311
309
309
313
305
317
317
317
315
315
321
323
323
321
325
315
323
325
315
323
321
331
335
327
323
319
311
313
303
289
289
279
287
285
291
299
297
293
293
287
279
275
265
261
253
257
253
259
259
263
261
259
269
261
267
267
269
273
269
269
267
263
255
247
245
245
237
235
241
239
235
245
253
251
249
247
239
239
245
241
237
245
249
241
249
253
253
253
257
247
245
239
247
249
245
251
245
255
261
261
249
253
243
237
241
249
251
249
245
249
235
231
235
241
233
225
219
221
225
231
221
215
217
225
227
229
231
231
231
233
229
223
223
221
217
215
209
221
229
227
229
231
229
221
225
229
227
229
227
231
233
229
237
233
233
229
229
223
231
231
231
229
231
231
229
239
243
239
239
237
239
243
239
233
231
225
213
217
209
209
207
199
197
189
191
189
187
179
167
171
179
183
187
185
185
191
191
193
205
205
209
203
203
197
195
197
195
193
193
191
187
179
191
185
189
181
175
183
187
183
177
185
187
189
183
185
191
193
185
183
187
185
191
189
207
209
209
211
205
201
203
197
195
191
185
183
179
183
181
187
191
199
207
211
211
211
211
205
209
211
213
227
233
235
239
235
229
233
229
231
233
237
239
247
243
241
247
249
245
249
249
249
249
241
241
241
245
249
243
239
235
235
229
225
217
215
217
209
211
211
207
207
205
213
213
205
213
205
211
217
219
227
219
223
223
225
225
229
229
231
233
229
223
217
223
227
227
217
217
213
213
213
215
215
225
229
235
229
221
221
221
231
231
229
233
223
223
225
217
213
201
207
197
203
211
213
215
221
221
227
231
227
227
225
231
223
217
219
221
215
205
207
211
213
215
221
233
235
229
223
233
233
225
231
227
215
219
219
211
219
219
219
227
221
221
225
229
225
233
233
229
225
219
217
215
223
223
229
237
237
235
235
243
243
239
229
235
239
243
241
233
231
243
245
235
229
227
221
227
225
225
223
235
233
237
229
229
223
223
223
229
233
239
237
247
249
249
249
249
249
255
251
249
247
247
255
247
243
249
247
247
237
237
245
245
245
239
241
253
255
251
245
245
243
241
245
243
229
225
221
211
211
199
191
187
183
191
185
193
191
191
197
193
197
189
189
179
183
167
165
161
149
145
155
155
155
159
175
169
173
173
167
169
165
175
167
165
163
167
167
167
159
157
153
141
141
141
149
141
131
141
145
145
147
137
137
135
141
141
135
141
137
139
135
131
131
131
117
113
107
103
99
95
91
79
75
73
77
75
87
87
95
97
95
93
95
89
89
95
107
107
111
111
121
119
119
127
123
111
105
103
107
101
111
111
121
121
117
123
129
123
131
121
117
117
119
109
103
103
109
113
115
109
103
103
113
121
125
125
123
121
123
123
113
119
123
127
127
125
131
133
129
131
137
145
141
141
143
139
139
131
129
125
133
137
133
131
139
137
135
137
135
139
143
137
139
143
139
133
133
129
129
123
117
121
127
121
123
111
123
129
139
145
145
143
145
145
149
147
139
141
143
141
143
149
145
153
147
147
143
143
137
143
151
151
153
153
151
145
143
143
135
137
141
135
129
129
123
127
115
115
121
121
117
113
119
125
125
121
123
123
111
111
105
103
107
103
97
105
105
99
95
95
97
95
89
89
89
97
99
109
109
105
105
111
107
101
103
101
103
97
91
83
87
85
79
77
81
77
87
89
89
89
93
97
101
103
97
101
105
111
115
119
117
115
107
109
105
105
101
105
101
105
113
111
107
107
99
99
101
103
119
117
121
123
119
111
111
117
115
121
119
115
115
117
121
121
131
133
129
123
123
123
127
143
145
139
143
143
149
147
151
151
151
159
153
155
155
161
155
145
147
139
139
141
141
129
131
121
121
121
125
119
125
123
127
135
139
127
129
129
137
143
147
153
157
159
167
171
175
171
173
175
175
175
169
161
161
163
167
169
159
161
159
161
151
151
161
159
157
161
159
159
159
173
173
177
177
179
171
177
185
187
197
195
201
209
205
209
199
199
191
185
185
195
193
195
199
199
211
205
199
199
195
199
197
195
195
193
195
201
201
197
185
187
191
197
197
197
197
193
189
191
195
199
201
201
207
207
199
197
199
195
193
193
187
181
183
185
175
163
159
159
161
171
165
159
159
165
161
155
157
161
161
163
163
169
181
175
171
169
173
171
175
179
173
177
175
175
177
177
169
167
163
167
167
173
163
173
163
173
169
167
173
173
181
181
181
181
179
187
183
179
173
171
163
179
171
171
183
173
177
175
177
177
175
175
167
155
157
159
161
161
161
157
149
149
155
163
167
163
163
159
161
163
167
161
161
167
173
165
167
177
177
171
171
171
175
167
173
173
171
175
179
187
187
187
183
185
185
197
187
181
171
169
171
161
171
165
169
173
175
169
167
169
169
165
169
167
163
157
161
169
169
175
177
173
175
175
175
177
169
167
165
165
161
165
155
155
157
159
163
161
169
165
165
153
163
157
159
165
163
165
165
163
163
153
155
163
167
165
167
173
177
181
177
187
183
183
179
181
179
189
183
191
193
197
201
203
201
207
215
221
219
213
209
211
221
221
223
227
217
219
215
207
213
215
