-2627
-2619
-2605
-2609
-2609
-2609
-2609
-2603
-2603
-2603
-2599
-2599
-2595
-2589
-2589
-2589
-2589
-2589
-2589
-2589
-2583
-2583
-2571
-2569
-2557
-2547
-2547
-2547
-2545
-2529
-2529
-2517
-2517
-2517
-2511
-2501
-2495
-2495
-2495
-2495
-2495
-2487
-2487
-2479
-2479
-2467
-2467
-2467
-2467
-2467
-2467
-2465
-2463
-2463
-2463
-2463
-2463
-2453
-2453
-2453
-2453
-2453
-2447
-2447
-2447
-2447
-2443
-2443
-2437
-2423
-2423
-2423
-2423
-2413
-2413
-2413
-2405
-2401
-2385
-2377
-2365
-2359
-2359
-2347
-2347
-2347
-2333
-2317
-2317
-2305
-2297
-2297
-2289
-2289
-2285
-2277
-2269
-2263
-2263
-2257
-2257
-2243
-2243
-2245
-2245
-2247
-2235
-2235
-2235
-2235
-2235
-2225
-2225
-2219
-2209
-2209
-2209
-2201
-2187
-2187
-2183
-2177
-2177
-2169
-2169
-2169
-2163
-2163
-2163
-2157
-2157
-2155
-2149
-2141
-2129
-2121
-2121
-2111
-2105
-2097
-2093
-2093
-2093
-2087
-2087
-2089
-2085
-2079
-2079
-2079
-2079
-2079
-2079
-2079
-2079
-2075
-2069
-2069
-2057
-2051
-2051
-2045
-2045
-2049
-2043
-2033
-2033
-2023
-2019
-2011
-1999
-1999
-1999
-1987
-1983
-1973
-1973
-1961
-1951
-1943
-1951
-1939
-1933
-1925
-1921
-1921
-1911
-1911
-1907
-1891
-1881
-1881
-1873
-1863
-1863
-1863
-1863
-1863
-1867
-1867
-1867
-1863
-1863
-1863
-1863
-1855
-1857
-1861
-1849
-1849
-1837
-1837
-1825
-1825
-1825
-1821
-1821
-1821
-1817
-1817
-1813
-1809
-1805
-1793
-1793
-1787
-1785
-1779
-1779
-1775
-1775
-1767
-1759
-1759
-1769
-1769
-1769
-1757
-1757
-1753
-1741
-1731
-1731
-1725
-1725
-1715
-1713
-1703
-1703
-1703
-1699
-1693
-1693
-1693
-1687
-1687
-1685
-1685
-1679
-1679
-1679
-1667
-1661
-1653
-1653
-1653
-1653
-1659
-1655
-1647
-1647
-1647
-1647
-1647
-1641
-1641
-1643
-1643
-1639
-1635
-1635
-1635
-1635
-1631
-1625
-1621
-1617
-1617
-1605
-1599
-1597
-1597
-1585
-1585
-1587
-1587
-1587
-1587
-1585
-1581
-1571
-1565
-1569
-1561
-1555
-1559
-1557
-1557
-1557
-1555
-1551
-1545
-1551
-1541
-1541
-1541
-1541
-1541
-1537
-1537
-1537
-1535
-1529
-1529
-1529
-1529
-1523
-1523
-1521
-1521
-1523
-1523
-1521
-1521
-1515
-1515
-1519
-1509
-1509
-1507
-1507
-1507
-1495
-1489
-1485
-1473
-1473
-1473
-1479
-1465
-1455
-1445
-1437
-1437
-1435
-1435
-1427
-1423
-1415
-1415
-1415
-1413
-1411
-1411
-1411
-1417
-1417
-1417
-1411
-1411
-1411
-1419
-1429
-1423
-1421
-1423
-1423
-1415
-1415
-1407
-1411
-1413
-1409
-1401
-1407
-1407
-1401
-1401
-1401
-1401
-1395
-1385
-1383
-1383
-1383
-1377
-1377
-1373
-1373
-1373
-1373
-1373
-1367
-1359
-1357
-1357
-1357
-1357
-1357
-1345
-1333
-1339
-1339
-1339
-1339
-1341
-1341
-1333
-1333
-1333
-1333
-1331
-1331
-1331
-1323
-1323
-1337
-1337
-1337
-1337
-1333
-1333
-1333
-1333
-1333
-1333
-1333
-1323
-1323
-1323
-1323
-1317
-1319
-1319
-1317
-1315
-1309
-1309
-1309
-1299
-1299
-1295
-1287
-1283
-1279
-1279
-1279
-1275
-1275
-1271
-1271
-1265
-1265
-1265
-1265
-1263
-1257
-1251
-1243
-1243
-1243
-1241
-1241
-1241
-1241
-1241
-1229
-1229
-1229
-1221
-1221
-1211
-1205
-1207
-1207
-1195
-1195
-1197
-1193
-1193
-1193
-1193
-1193
-1193
-1193
-1193
-1179
-1183
-1183
-1181
-1179
-1167
-1155
-1155
-1153
-1155
-1155
-1155
-1155
-1153
-1153
-1153
-1161
-1149
-1147
-1147
-1141
-1139
-1139
-1139
-1139
-1135
-1127
-1129
-1129
-1129
-1125
-1121
-1115
-1115
-1115
-1109
-1109
-1109
-1105
-1105
-1105
-1105
-1105
-1109
-1115
-1115
-1111
-1111
-1101
-1101
-1093
-1093
-1093
-1093
-1097
-1097
-1097
-1097
-1097
-1087
-1079
-1073
-1075
-1075
-1075
-1075
-1057
-1055
-1057
-1057
-1057
-1047
-1047
-1047
-1051
-1053
-1049
-1049
-1043
-1035
-1031
-1031
-1035
-1033
-1033
-1023
-1023
-1023
-1017
-1017
-1017
-1017
-1017
-1017
-1019
-1025
-1025
-1019
-1019
-1011
-1013
-1013
-1013
-1007
-997
-999
-999
-999
-987
-987
-987
-979
-979
-973
-973
-973
-973
-973
-973
-973
-973
-973
-977
-973
-967
-965
-961
-961
-961
-961
-961
-961
-961
-961
-961
-961
-961
-961
-963
-963
-959
-959
-963
-967
-963
-963
-963
-963
-961
-959
-957
-955
-955
-955
-953
-953
-947
-947
-939
-939
-939
-935
-935
-935
-935
-935
-935
-931
-931
-931
-931
-933
-935
-933
-925
-925
-921
-935
-935
-935
-931
-933
-927
-927
-917
-917
-911
-911
-913
-915
-903
-901
-911
-911
-911
-915
-917
-917
-905
-905
-905
-891
-891
-897
-897
-897
-893
-893
-893
-893
-885
-885
-885
-885
-885
-883
-883
-883
-871
-871
-871
-871
-859
-859
-855
-855
-847
-851
-851
-851
-839
-831
-831
-829
-829
-829
-829
-829
-829
-829
-829
-825
-825
-819
-819
-819
-819
-819
-815
-811
-811
-807
-807
-811
-809
-809
-805
-793
-797
-781
-781
-771
-767
-767
-759
-759
-759
-759
-759
-755
-755
-747
-739
-735
-735
-735
-739
-739
-739
-735
-735
-735
-727
-727
-723
-723
-723
-723
-721
-721
-721
-719
-709
-701
-701
-699
-699
-697
-701
-701
-701
-701
-705
-705
-705
-705
-705
-715
-715
-715
-721
-717
-717
-727
-721
-715
-715
-723
-723
-723
-721
-715
-715
-715
-703
-707
-707
-707
-707
-707
-707
-707
-699
-693
-693
-695
-695
-695
-695
-695
-695
-695
-687
-687
-687
-681
-681
-681
-681
-681
-685
-685
-685
-685
-685
-685
-685
-677
-677
-671
-671
-671
-667
-667
-667
-665
-659
-669
-669
-669
-677
-677
-683
-683
-683
-693
-681
-681
-681
-681
-683
-683
-679
-685
-677
-683
-677
-671
-669
-671
-671
-671
-673
-669
-669
-669
-673
-677
-677
-677
-671
-671
-665
-659
-657
-651
-651
-659
-651
-649
-649
-649
-649
-647
-647
-647
-647
-643
-649
-649
-649
-653
-645
-645
-643
-643
-643
-643
-643
-641
-637
-639
-639
-637
-637
-637
-633
-633
-627
-627
-635
-635
-635
-633
-631
-631
-641
-655
-643
-643
-645
-645
-645
-645
-645
-645
-645
-645
-645
-645
-645
-643
-643
-643
-643
-643
-643
-633
-631
-627
-627
-627
-625
-623
-625
-627
-619
-619
-619
-613
-611
-607
-613
-611
-595
-589
-589
-587
-579
-577
-577
-577
-577
-579
-579
-581
-581
-579
-579
-579
-579
-581
-581
-589
-579
-579
-587
-587
-591
-595
-587
-587
-587
-587
-587
-587
-587
-587
-587
-587
-583
-577
-571
-571
-571
-571
-575
-579
-581
-581
-581
-573
-573
-573
-573
-571
-565
-563
-563
-563
-569
-569
-569
-569
-569
-565
-565
-551
-551
-551
-551
-551
-551
-547
-547
-547
-547
-547
-547
-547
-547
-539
-529
-529
-529
-529
-533
-533
-533
-535
-535
-535
-535
-535
-535
-531
-523
-513
-515
-517
-517
-517
-513
-515
-517
-517
-517
-517
-517
-513
-513
-515
-515
-515
-515
-509
-503
-507
-499
-493
-497
-493
-493
-495
-495
-495
-491
-489
-489
-489
-487
-487
-477
-463
-457
-457
-457
-457
-457
-451
-453
-453
-451
-445
-445
-445
-445
-445
-445
-445
-445
-447
-447
-447
-453
-457
-457
-457
-457
-453
-453
-455
-455
-455
-455
-455
-455
-441
-441
-441
-435
-435
-435
-427
-423
-423
-423
-419
-419
-419
-409
-405
-407
-411
-411
-403
-403
-395
-387
-385
-385
-377
-375
-375
-371
-375
-369
-369
-365
-365
-365
-357
-355
-355
-355
-351
-351
-351
-351
-341
-343
-343
-349
-343
-343
-341
-339
-339
-339
-335
-333
-333
-331
-323
-313
-313
-299
-299
-297
-297
-293
-293
-293
-293
-299
-299
-299
-299
-299
-299
-299
-315
-319
-323
-327
-333
-333
-323
-327
-327
-335
-335
-335
-341
-341
-343
-333
-333
-333
-325
-321
-321
-321
-321
-323
-321
-321
-321
-321
-327
-327
-325
-325
-325
-331
-329
-337
-337
-337
-337
-337
-337
-337
-335
-335
-335
-335
-335
-331
-329
-331
-337
-335
-335
-335
-335
-325
-323
-325
-325
-321
-321
-319
-319
-319
-319
-319
-319
-319
-317
-317
-317
-317
-315
-315
-315
-311
-311
-311
-317
-317
-321
-321
-321
-321
-309
-309
-309
-305
-301
-309
-309
-309
-309
-307
-301
-301
-297
-299
-299
-303
-303
-303
-303
-303
-303
-303
-297
-297
-297
-299
-299
-299
-303
-303
-297
-297
-293
-293
-297
-297
-297
-301
-303
-303
-301
-299
-293
-291
-289
-289
-295
-301
-305
-301
-301
-301
-309
-309
-323
-323
-323
-323
-317
-317
-313
-315
-311
-311
-317
-317
-315
-315
-315
-315
-315
-319
-317
-313
-311
-311
-311
-307
-307
-303
-303
-303
-303
-307
-305
-305
-305
-305
-295
-295
-295
-295
-297
-291
-291
-291
-283
-283
-283
-285
-285
-285
-285
-281
-281
-279
-271
-269
-269
-273
-269
-271
-271
-263
-263
-263
-263
-259
-259
-259
-253
-249
-249
-243
-243
-237
-229
-229
-231
-237
-231
-227
-227
-225
-223
-231
-231
-231
-231
-229
-229
-225
-225
-225
-217
-217
-217
-219
-219
-219
-219
-221
-221
-221
-223
-225
-223
-223
-223
-221
-221
-221
-219
-213
-213
-209
-209
-209
-215
-217
-217
-217
-223
-219
-223
-227
-221
-221
-211
-217
-215
-201
-201
-201
-201
-203
-203
-203
-205
-203
-201
-213
-221
-219
-223
-223
-227
-227
-235
-235
-235
-235
-235
-235
-235
-225
-225
-221
-223
-223
-223
-225
-221
-219
-227
-221
-221
-221
-217
-217
-217
-215
-217
-217
-215
-215
-207
-205
-207
-207
-205
-205
-205
-201
-197
-197
-205
-201
-205
-199
-193
-193
-201
-201
-201
-193
-193
-193
-193
-193
-193
-193
-193
-193
-191
-191
-191
-191
-191
-193
-187
-187
-187
-187
-187
-187
-187
-183
-187
-187
-187
-201
-201
-199
-199
-199
-197
-197
-203
-203
-195
-195
-191
-197
-191
-181
-181
-183
-183
-183
-183
-183
-177
-179
-179
-181
-181
-181
-181
-189
-189
-181
-181
-181
-181
-177
-175
-175
-179
-179
-169
-169
-169
-163
-163
-163
-171
-171
-173
-173
-175
-169
-169
-167
-167
-167
-167
-167
-165
-165
-165
-165
-165
-165
-161
-173
-173
-173
-173
-173
-173
-173
-173
-173
-173
-167
-165
-165
-157
-157
-161
-163
-165
-161
-161
-161
-161
-161
-161
-161
-163
-163
-163
-163
-153
-153
-157
-161
-161
-169
-175
-171
-171
-171
-171
-171
-171
-171
-179
-179
-179
-179
-179
-175
-175
-173
-173
-175
-175
-175
-177
-171
-171
-171
-171
-167
-167
-165
-165
-165
-169
-169
-169
-169
-181
-181
-183
-185
-179
-173
-175
-179
-179
-177
-177
-177
-181
-181
-181
-181
-175
-175
-181
-181
-185
-185
-181
-181
-177
-177
-177
-171
-171
-171
-179
-179
-181
-181
-181
-181
-181
-181
-175
-173
-161
-167
-167
-167
-167
-171
-169
-165
-165
-165
-165
-161
-157
-157
-157
-157
-153
-143
-147
-147
-147
-133
-139
-141
-139
-141
-141
-141
-141
-147
-147
-147
-147
-143
-137
-129
-141
-141
-139
-139
-139
-139
-133
-137
-137
-145
-149
-149
-149
-141
-139
-139
-139
-141
-141
-135
-129
-125
-125
-123
-123
-119
-119
-119
-119
-127
-127
-137
-137
-137
-137
-137
-137
-137
-131
-141
-141
-141
-131
-131
-139
-141
-141
-141
-137
-145
-145
-147
-145
-145
-143
-143
-143
-141
-139
-133
-135
-135
-135
-125
-131
-129
-129
-129
-129
-127
-127
-127
-133
-137
-137
-139
-139
-143
-137
-131
-131
-131
-131
-125
-125
-125
-125
-125
-125
-125
-125
-125
-129
-129
-129
-121
-123
-123
-123
-123
-123
-117
-117
-121
-119
-107
-107
-99
-99
-91
-87
-87
-87
-87
-87
-87
-95
-95
-93
-93
-95
-87
-81
-81
-79
-79
-75
-75
-77
-75
-75
-69
-59
-59
-59
-59
-55
-55
-45
-45
-45
-53
-55
-55
-55
-55
-61
-61
-61
-61
-61
-61
-67
-67
-67
-73
-75
-75
-75
-75
-75
-75
-75
-73
-73
-65
-71
-75
-75
-75
-75
-71
-67
-67
-67
-67
-67
-71
-67
-61
-55
-61
-61
-59
-59
-59
-59
-59
-57
-57
-53
-53
-57
-49
-47
-47
-47
-47
-47
-51
-51
-47
-47
-47
-43
-43
-41
-51
-51
-41
-39
-47
-47
-47
-45
-43
-39
-39
-39
-39
-45
-45
-45
-43
-43
-43
-41
-37
-37
-37
-37
-37
-41
-39
-39
-27
-27
-27
-27
-35
-35
-35
-33
-25
-25
-31
-31
-31
-45
-45
-45
-45
-49
-49
-53
-53
-53
-51
-51
-51
-51
-51
-47
-47
-47
-47
-47
-47
-45
-45
-51
-51
-51
-51
-51
-51
-51
-51
-51
-43
-43
-33
-27
-27
-29
-29
-37
-31
-27
-27
-23
-25
-31
-27
-35
-33
-39
-39
-37
-37
-35
-35
-35
-35
-35
-37
-49
-61
-59
-59
-59
-59
-59
-55
-55
-55
-55
-55
-53
-57
-57
-57
-57
-57
-57
-49
-49
-49
-45
-45
-35
-35
-35
-35
-37
-37
-33
-29
-29
-25
-21
-19
-19
-19
-19
-19
-19
-19
-21
-17
-17
-17
-21
-21
-21
-9
-9
-9
-1
-1
-1
-5
-5
-5
-5
-5
-5
-5
-5
-5
-5
1
5
5
5
3
3
5
3
13
17
17
17
17
17
17
19
19
19
17
17
17
15
15
7
7
7
11
11
15
15
17
9
9
17
17
23
23
23
23
29
29
29
21
25
29
29
29
23
23
23
23
27
23
23
23
23
23
19
19
23
23
23
23
23
21
21
21
21
19
27
35
35
35
35
33
33
37
37
37
41
41
51
51
51
55
55
55
67
59
67
71
67
69
65
65
63
63
63
63
75
75
75
67
67
67
69
69
77
81
85
85
85
85
89
83
77
77
79
83
87
89
89
89
87
87
93
87
85
85
85
83
83
83
83
83
83
83
83
85
85
89
89
89
87
87
87
89
89
89
89
91
91
103
103
103
103
99
99
97
99
99
99
105
109
109
109
107
107
103
103
103
99
95
97
97
99
99
99
99
99
99
99
103
107
103
93
97
97
97
97
85
95
95
95
99
99
99
99
99
95
95
99
107
111
111
111
111
111
115
107
107
107
107
107
107
107
103
101
101
99
97
97
97
103
103
103
103
103
97
97
97
97
97
97
97
103
99
87
93
81
83
89
91
97
97
109
109
109
103
97
97
97
97
91
91
91
91
93
95
95
95
95
95
95
89
89
95
95
95
99
99
99
91
91
91
91
91
91
93
93
91
93
91
99
99
105
105
105
105
105
105
105
105
97
97
109
109
109
109
109
109
109
109
109
107
107
107
113
113
113
109
109
111
111
103
101
101
101
111
111
113
119
119
111
109
117
121
111
115
115
115
125
125
125
125
125
125
127
127
135
135
127
135
131
137
137
137
137
143
153
147
145
141
145
145
147
147
147
145
145
145
145
145
145
153
153
153
161
161
161
161
161
155
153
139
143
143
149
147
147
143
143
141
139
143
153
153
153
153
147
147
139
139
139
139
131
131
131
131
127
129
137
137
137
137
137
137
139
139
141
141
141
141
151
151
155
157
157
161
161
155
153
153
149
149
147
147
147
147
147
147
147
153
147
147
139
139
129
129
129
135
135
131
129
129
129
131
135
135
145
145
145
155
155
155
155
155
155
161
159
159
159
159
159
159
159
159
151
151
145
141
141
141
129
129
133
135
135
135
135
135
141
141
141
139
137
137
141
149
147
137
137
137
137
137
137
137
137
137
137
137
137
131
133
133
143
141
141
141
139
139
139
139
139
139
139
139
139
131
131
125
125
125
127
127
121
121
121
125
123
125
125
119
115
115
115
115
115
117
119
119
121
121
121
119
119
119
119
119
123
123
123
123
127
115
115
115
121
121
129
125
135
135
135
133
133
133
133
133
123
123
119
115
117
117
117
119
115
115
115
117
111
103
103
107
107
107
111
105
105
105
109
109
109
109
109
109
119
119
121
121
121
121
121
129
129
121
121
115
115
115
115
115
115
115
115
119
119
129
129
129
129
129
135
133
135
137
139
153
155
155
155
159
159
159
155
155
155
155
163
163
163
163
163
163
163
163
163
155
161
161
161
161
161
161
173
173
177
177
175
167
167
163
163
163
163
163
163
159
161
161
167
171
167
167
167
175
175
177
177
171
173
167
161
153
153
153
153
151
153
157
157
157
157
157
151
157
157
155
157
157
157
167
171
171
171
175
175
175
175
175
169
169
171
173
179
179
183
173
173
173
173
181
181
181
181
181
181
189
199
199
199
199
199
199
195
199
199
209
209
209
213
213
213
215
215
211
211
209
209
209
209
211
211
215
215
215
215
211
211
205
211
211
213
213
213
213
213
213
219
221
225
225
225
225
227
227
227
227
227
231
235
235
235
235
237
237
235
235
231
231
231
231
239
235
235
231
231
231
231
229
229
237
237
237
235
235
235
237
245
245
247
247
249
253
243
247
253
253
249
253
251
251
249
249
251
251
251
251
257
257
263
267
267
267
267
267
267
267
267
261
267
267
271
265
265
265
265
265
265
265
265
265
277
277
275
275
275
275
275
271
271
269
265
263
261
261
257
257
257
257
267
267
275
275
275
273
273
273
275
275
275
275
275
275
275
275
269
275
275
275
275
275
273
275
275
275
271
269
271
271
275
275
275
275
275
275
275
275
281
281
281
279
279
279
279
279
279
279
283
283
283
283
283
285
285
281
281
279
279
279
281
281
271
271
271
257
255
253
257
257
253
259
259
259
263
271
271
267
265
267
257
259
259
257
261
273
275
275
275
275
277
277
277
277
277
277
277
277
267
267
267
267
265
265
265
269
277
277
277
273
279
279
279
285
275
275
275
275
269
267
267
267
263
263
263
263
263
263
265
265
265
265
265
265
257
261
265
279
277
277
283
285
285
285
291
291
285
277
277
277
277
269
271
275
275
275
271
271
265
265
267
267
265
265
265
265
265
265
265
265
265
265
265
267
267
267
275
275
277
283
275
275
275
275
265
273
269
269
269
267
261
261
267
267
269
259
257
257
249
249
249
253
253
251
251
251
251
251
251
255
253
253
253
253
253
247
247
245
245
245
245
241
241
241
255
255
253
253
257
257
257
257
257
255
255
251
251
253
253
251
253
253
253
253
253
253
253
253
253
251
255
255
253
253
263
263
249
249
249
251
249
251
247
247
257
257
257
257
257
257
257
251
247
247
241
235
235
239
237
237
233
233
233
233
233
233
235
235
235
235
235
235
235
235
229
231
231
231
231
231
231
231
231
231
231
239
233
233
233
233
237
231
231
231
231
231
231
229
229
229
229
229
231
231
231
231
231
231
233
233
237
237
237
233
227
237
237
237
237
237
237
229
229
235
229
229
229
235
241
241
241
247
247
249
249
247
249
251
251
251
249
249
249
249
239
241
241
237
239
249
249
249
249
241
241
241
241
243
245
245
241
241
235
235
235
239
237
237
237
243
233
231
229
229
221
221
217
213
201
207
205
209
209
209
211
209
209
209
209
213
201
201
201
201
201
201
201
205
205
197
197
197
195
195
195
195
195
203
203
203
203
203
211
211
211
211
211
211
211
211
211
211
209
209
209
215
219
211
211
211
211
211
215
221
221
221
221
221
217
217
215
215
215
215
215
221
221
221
213
211
203
203
199
197
197
197
189
187
187
191
191
191
183
191
191
191
191
195
207
211
211
213
213
213
213
205
205
205
203
207
207
207
207
207
207
207
205
211
211
221
215
217
217
213
205
205
205
205
207
207
205
205
205
205
205
205
199
203
205
205
217
217
217
215
215
215
217
221
221
221
231
233
225
225
225
225
225
225
225
225
225
225
225
225
225
225
221
221
221
225
225
225
223
223
225
225
223
213
213
211
211
211
221
221
221
221
221
231
231
231
235
235
235
235
239
239
239
239
239
239
239
239
239
239
239
239
243
243
235
235
235
235
235
235
235
235
235
235
235
239
239
243
243
245
245
245
245
237
237
237
233
235
235
235
235
229
229
233
233
237
235
243
243
243
241
241
229
229
229
225
225
225
221
221
221
221
221
221
221
221
215
215
209
203
201
205
195
195
195
189
189
189
183
177
177
177
179
179
179
171
173
167
167
167
167
167
167
167
171
177
177
177
181
189
193
193
181
185
181
181
181
181
175
169
169
169
175
169
169
167
167
167
169
169
169
169
167
167
163
163
165
165
165
165
165
165
159
157
157
157
165
165
165
163
163
163
159
159
157
157
157
155
157
163
165
165
165
165
165
165
165
163
163
163
165
165
165
171
173
173
173
173
173
181
181
175
171
175
177
177
173
173
171
171
175
175
175
175
175
175
185
185
185
181
175
175
175
175
175
173
163
163
173
165
165
165
167
167
167
167
173
173
167
171
175
171
171
173
169
169
169
183
191
189
189
189
189
189
189
189
175
167
161
165
165
165
161
161
165
167
167
165
163
163
169
165
167
167
173
173
181
173
161
163
163
169
169
163
155
157
153
153
153
159
159
161
155
155
155
155
155
155
155
157
157
159
159
151
151
151
155
153
153
151
149
149
149
149
149
149
149
149
151
151
153
153
153
155
155
155
155
155
155
155
155
155
155
153
153
153
153
153
153
151
147
147
147
143
143
143
143
135
135
135
135
139
145
141
141
141
153
155
155
155
157
147
151
151
151
151
151
151
151
151
151
147
141
141
141
141
141
131
125
121
125
129
129
129
129
133
133
133
133
129
133
133
133
133
137
139
139
145
143
143
143
137
139
139
139
129
135
139
133
133
135
135
135
147
147
141
141
141
141
141
141
143
137
131
133
133
127
119
121
121
127
127
127
127
123
127
125
127
137
133
129
135
129
129
121
127
129
139
139
139
139
139
141
141
141
141
141
145
151
151
147
155
155
155
157
159
159
159
165
159
159
167
167
167
167
167
167
167
167
165
165
165
165
165
167
155
155
155
157
153
151
147
143
137
133
123
123
125
125
125
121
123
127
127
127
125
125
123
123
123
125
125
133
133
133
133
133
137
139
139
139
139
139
139
147
147
147
153
151
149
145
141
133
133
147
145
145
153
153
153
149
151
145
145
145
145
145
139
137
137
137
139
139
139
137
141
141
143
147
147
147
147
147
147
147
147
149
155
155
155
155
155
155
147
151
151
151
151
149
149
149
145
141
139
141
141
141
139
139
139
139
139
139
131
135
139
139
139
133
133
133
133
133
131
131
139
149
157
157
157
149
151
151
151
151
151
151
151
157
157
159
159
159
159
159
157
159
159
161
151
147
147
141
143
143
147
147
147
145
145
145
145
145
145
145
145
145
147
147
133
133
135
145
151
157
159
161
161
159
159
159
159
159
159
167
167
167
167
167
161
161
161
167
157
157
157
159
159
159
159
159
159
169
171
175
175
175
177
179
179
187
181
175
187
185
185
189
189
199
199
199
199
199
201
201
201
201
207
207
207
203
203
203
199
199
199
199
199
199
199
215
215
215
215
215
215
215
225
225
225
225
213
213
213
213
213
213
213
213
213
213
213
213
213
215
215
217
217
217
219
219
213
211
211
211
219
215
215
215
223
223
223
223
231
227
233
229
237
237
241
245
245
245
239
239
239
237
237
237
237
237
241
241
239
235
235
235
227
225
225
229
229
229
229
229
229
221
225
225
225
225
225
229
225
233
233
233
229
229
229
229
229
231
231
223
223
223
223
233
231
231
231
235
245
247
239
235
247
247
249
249
249
249
255
251
251
249
263
263
269
281
281
281
281
277
281
281
281
281
291
291
293
289
301
291
291
291
291
291
291
291
291
285
287
287
287
287
287
287
287
287
297
297
289
289
293
299
301
301
301
301
301
301
301
293
289
285
289
289
289
289
289
293
291
289
295
291
291
291
291
291
291
295
295
295
295
297
297
295
295
295
295
309
307
303
303
297
289
293
293
283
283
291
285
293
293
293
293
295
295
295
295
289
287
289
289
285
291
299
299
307
307
307
307
307
303
295
295
295
295
295
295
295
295
295
295
295
297
297
297
301
297
299
299
297
293
291
293
293
295
295
295
295
299
297
295
295
287
287
287
279
279
279
279
279
281
275
289
291
295
295
295
297
305
309
319
325
321
321
321
321
325
325
325
325
319
319
319
317
317
323
323
323
323
317
317
325
327
327
331
321
319
319
319
319
315
315
315
319
313
315
307
307
307
307
307
307
311
315
315
315
323
323
323
323
323
323
313
313
309
319
319
319
319
323
323
323
315
323
323
327
329
329
335
335
335
335
345
345
341
349
349
349
349
353
353
353
353
353
353
353
353
353
353
353
349
343
343
337
341
339
339
339
339
339
341
335
335
335
339
339
339
339
339
341
345
345
345
345
341
341
341
341
341
331
331
331
315
315
319
319
319
325
325
335
337
343
343
347
345
345
343
343
345
343
343
343
343
345
353
353
349
357
357
367
367
371
371
371
373
373
365
363
363
351
345
345
345
345
345
345
335
335
341
339
341
345
345
345
345
345
345
341
341
345
345
341
341
343
349
355
357
365
371
375
377
379
379
379
379
379
383
383
389
389
389
391
391
389
389
389
391
391
385
385
385
385
381
381
375
375
369
369
367
369
369
363
357
355
361
361
357
357
357
353
349
349
349
349
347
345
345
347
343
343
343
343
343
343
335
335
335
341
333
331
343
347
347
347
347
347
349
349
349
343
343
343
341
341
339
335
335
335
335
335
335
335
339
339
343
343
343
343
341
341
341
339
339
339
339
339
339
339
343
343
343
339
343
343
343
343
343
343
339
333
333
331
333
333
323
329
329
329
329
329
329
329
329
329
329
329
329
325
325
329
329
329
327
327
327
327
327
321
315
315
315
309
309
309
315
315
311
311
317
317
317
317
317
317
319
319
317
309
309
309
305
307
307
307
309
309
309
309
309
305
301
303
303
303
305
305
305
301
295
287
281
281
281
267
271
271
267
265
265
265
271
271
271
271
273
279
281
281
289
289
295
287
287
287
287
287
287
287
287
287
291
285
285
285
285
287
287
285
295
295
295
289
289
289
289
289
287
287
295
291
291
293
285
285
283
283
283
281
287
287
287
289
289
291
287
287
291
295
295
295
289
303
309
309
311
315
319
313
311
311
311
315
315
315
315
317
317
327
327
321
325
323
323
325
325
333
333
333
333
333
333
325
335
335
341
341
341
351
347
347
347
345
347
347
347
347
349
349
355
355
355
355
355
355
351
351
359
359
349
349
353
353
353
353
353
353
345
357
357
357
357
357
357
357
357
347
347
345
345
345
345
345
339
345
345
337
331
327
333
333
331
331
331
331
327
327
331
335
327
327
327
333
327
327
335
335
331
325
325
325
325
317
317
317
331
331
331
329
329
329
325
325
329
329
331
337
337
343
343
345
339
339
339
339
339
339
335
335
331
325
325
317
317
311
313
313
313
313
313
313
315
309
303
303
303
303
309
313
313
307
301
295
297
297
291
297
303
303
303
313
321
327
327
331
331
331
331
331
331
331
327
327
327
325
325
321
327
327
327
327
325
325
331
331
329
329
319
313
313
311
311
319
319
319
315
315
317
317
317
317
317
311
311
311
299
293
291
291
291
289
283
283
277
277
277
271
271
269
265
275
275
275
275
275
275
271
271
271
273
267
267
273
273
273
281
285
279
279
285
285
289
291
287
295
295
295
293
293
299
301
301
295
295
295
295
299
301
301
289
295
295
295
295
295
295
293
293
301
289
289
289
291
291
295
295
295
295
295
295
299
293
291
301
301
301
301
301
301
301
301
301
297
307
307
307
299
301
301
301
299
299
309
301
303
295
297
303
303
309
313
313
313
317
319
319
317
327
319
325
325
325
325
319
319
307
309
303
303
303
303
301
301
305
311
309
315
315
315
315
315
315
311
321
321
321
321
321
317
323
327
327
327
333
333
329
325
329
329
329
327
327
323
323
323
323
323
323
323
323
317
317
311
309
307
313
313
313
325
321
321
321
321
321
321
321
333
333
333
333
331
331
339
339
339
339
327
327
327
327
327
327
319
319
319
319
319
313
313
319
319
319
315
309
309
309
305
307
313
313
313
309
309
309
309
309
309
305
305
311
311
303
293
293
295
295
295
295
295
295
297
293
297
299
299
299
305
311
311
311
315
315
315
323
327
327
329
319
319
319
319
319
317
319
319
319
321
321
321
327
329
325
327
327
329
329
315
311
311
319
319
319
323
323
323
323
329
329
323
327
327
327
327
327
329
333
337
337
333
341
341
341
337
337
337
337
341
341
341
341
341
339
339
343
335
331
331
331
319
317
321
321
321
321
321
313
313
313
307
307
301
301
311
307
311
311
311
311
311
311
301
301
301
301
303
303
303
301
309
305
305
305
309
309
309
299
299
295
297
301
305
305
305
303
303
305
305
305
309
309
311
311
311
311
311
311
311
311
309
309
309
309
309
309
309
309
299
301
307
307
307
305
305
305
305
295
295
295
293
287
287
287
289
289
289
285
291
287
285
285
285
285
287
287
273
273
271
271
265
265
265
265
265
265
259
259
259
259
259
257
257
257
257
257
257
257
257
259
259
253
253
251
249
249
249
249
249
261
253
253
253
253
251
249
249
249
243
245
249
247
247
235
235
239
241
241
241
241
241
243
237
237
235
237
227
233
233
235
235
237
239
239
247
247
243
239
239
239
239
237
237
233
233
231
221
221
233
233
233
235
227
227
227
227
227
227
221
223
233
233
229
229
229
225
235
235
235
231
243
243
245
245
241
241
241
241
241
243
245
245
245
245
249
249
253
241
239
243
247
247
253
251
249
251
251
251
251
251
251
251
251
253
253
253
253
253
251
251
251
251
251
251
243
241
241
241
241
237
237
239
235
235
251
253
253
251
251
251
251
251
251
243
247
245
251
251
259
259
259
259
259
255
255
249
247
247
247
247
247
247
247
247
247
245
245
249
249
253
253
255
263
263
263
269
267
267
251
253
249
255
255
251
251
251
251
251
259
259
259
259
255
249
251
251
251
245
245
241
241
247
247
239
239
229
229
225
225
225
225
225
225
225
229
225
225
225
221
213
213
219
217
211
211
211
219
219
219
223
227
227
233
233
233
233
225
223
223
229
229
229
229
229
229
229
235
235
233
227
219
231
223
219
225
217
215
217
209
213
217
217
219
219
219
219
213
213
213
213
215
215
211
209
215
223
227
221
221
221
221
211
211
211
217
217
209
211
211
209
209
217
217
219
227
227
227
229
235
235
235
235
229
229
229
229
229
229
229
229
229
229
221
221
221
231
231
229
229
229
229
229
217
227
227
227
227
221
219
219
219
219
219
225
225
229
229
227
233
233
233
229
235
229
221
223
223
223
223
223
223
221
231
231
231
231
231
235
231
225
221
221
211
209
197
197
197
191
191
191
191
193
193
193
185
185
181
181
193
191
197
197
197
197
197
195
195
195
195
193
193
191
183
185
185
179
179
185
179
179
179
173
173
169
169
163
161
161
161
159
161
163
163
177
175
175
175
169
169
169
167
167
167
165
165
165
167
163
163
163
159
159
153
153
153
159
159
159
159
163
163
163
163
163
163
159
159
163
163
163
163
169
173
179
175
175
175
175
177
177
185
195
195
193
197
197
197
203
203
199
199
199
199
199
199
205
205
205
205
215
215
211
223
223
223
223
217
217
213
213
209
209
219
219
215
215
219
219
219
219
219
211
207
207
207
203
199
191
185
185
189
189
179
179
167
157
159
159
165
163
157
153
153
155
155
155
171
171
167
165
165
171
175
175
167
167
167
169
173
169
169
165
167
161
151
153
151
151
153
151
145
141
141
149
141
137
125
125
125
125
129
121
121
121
121
129
133
133
133
127
127
127
127
129
139
135
135
135
135
135
135
135
135
135
129
123
125
125
119
119
111
109
109
103
105
103
103
105
105
107
121
121
117
119
119
117
117
117
103
103
103
103
117
117
117
127
127
127
131
131
133
141
141
141
145
143
143
147
149
161
161
161
165
165
153
153
153
153
153
155
159
159
159
159
171
171
171
165
157
157
157
157
157
157
157
157
157
157
155
149
149
149
149
149
147
143
143
143
143
143
141
139
151
145
145
147
153
153
141
141
141
145
153
149
149
149
147
147
147
145
143
149
149
149
149
143
147
151
143
143
143
143
143
145
145
145
151
149
149
159
159
159
159
153
153
153
153
153
161
161
149
161
161
161
159
161
161
161
167
167
167
167
167
167
173
173
173
173
179
179
179
179
179
179
177
177
179
179
179
179
189
189
189
189
193
193
185
185
185
185
185
185
187
187
185
185
185
181
185
185
191
191
191
197
197
205
201
197
197
197
199
199
199
199
205
199
199
199
199
199
199
199
199
193
197
203
203
207
203
203
203
203
201
199
191
191
191
199
199
199
207
203
199
199
199
203
207
209
209
209
215
211
213
213
213
213
213
213
201
193
193
195
185
181
183
183
183
179
185
179
187
187
187
187
183
183
183
183
183
169
169
169
169
179
175
175
175
171
171
171
171
177
175
173
173
177
183
193
193
201
207
207
207
211
211
211
211
209
209
209
209
207
209
209
213
213
213
229
239
239
237
239
239
239
245
245
241
243
243
247
241
241
241
245
245
249
249
247
247
243
237
237
237
245
239
239
239
251
251
253
263
263
263
271
271
271
271
281
287
287
291
279
285
297
297
297
301
301
301
297
297
297
305
305
305
307
303
311
311
311
313
313
313
313
307
309
307
307
307
307
307
313
305
307
305
305
301
301
295
295
293
293
293
293
293
291
291
291
291
281
281
273
271
271
269
269
269
273
273
273
273
273
273
267
267
277
271
271
269
269
269
273
275
275
275
275
275
275
275
279
279
279
279
283
283
283
281
285
285
281
287
287
287
287
287
287
293
293
293
285
285
285
285
275
275
273
265
265
265
265
265
265
257
257
257
257
257
257
255
255
261
261
263
257
257
251
251
259
255
247
243
243
243
243
243
243
251
249
241
241
241
241
247
255
253
253
253
253
245
245
241
245
245
241
243
251
243
243
237
235
235
235
235
235
237
241
241
241
241
239
241
245
239
237
237
233
237
237
237
239
239
239
225
223
223
223
223
223
211
221
221
227
227
227
227
231
229
229
229
231
233
233
249
249
245
241
241
239
243
243
247
247
241
241
245
245
245
245
245
241
251
251
255
255
259
253
253
253
253
253
253
255
255
255
255
247
251
251
255
247
243
243
235
235
227
217
217
217
213
219
219
219
219
219
219
209
203
205
199
199
205
209
209
209
201
197
197
203
215
217
221
221
209
209
197
205
215
215
215
215
215
217
215
219
219
219
215
209
209
205
199
199
207
207
203
203
203
211
211
211
211
211
203
203
203
203
215
213
213
213
213
219
223
223
223
225
225
225
219
219
221
229
225
225
219
219
213
213
223
223
223
213
215
215
215
215
211
211
211
211
211
211
203
203
203
203
203
203
203
205
205
203
203
187
187
197
197
197
197
205
205
209
209
203
201
201
201
201
201
199
199
203
203
197
197
205
207
207
213
205
211
215
215
215
215
213
213
207
207
211
211
225
225
223
223
223
221
221
219
219
229
231
237
233
235
237
237
237
227
227
227
235
239
239
239
237
237
243
243
243
243
235
241
239
239
239
239
235
235
235
235
235
235
227
227
227
231
223
223
223
217
217
217
215
215
215
225
225
229
229
229
229
233
233
233
239
239
245
243
243
243
239
243
239
243
245
245
245
247
247
251
251
251
251
249
247
243
237
237
237
245
239
229
225
225
225
225
223
223
215
215
215
217
217
217
223
235
231
231
235
239
239
239
237
237
237
233
233
233
233
235
235
235
233
227
227
227
233
239
247
251
251
251
251
253
251
251
251
253
243
249
253
265
269
269
269
259
259
257
247
247
247
247
245
245
237
241
241
245
251
251
255
251
259
259
259
259
253
251
245
249
249
249
249
241
241
231
237
237
237
229
229
227
225
225
225
225
219
217
215
209
209
201
203
201
199
209
209
203
203
203
199
199
199
209
215
215
215
211
209
209
213
215
213
211
215
213
213
217
217
217
217
217
231
225
227
227
227
221
227
227
227
223
223
225
225
221
219
219
219
219
223
221
221
221
221
225
229
229
229
229
229
223
225
229
235
235
235
245
249
251
251
251
243
247
247
249
253
251
251
251
251
253
253
253
253
253
253
255
255
255
257
259
259
253
253
253
253
253
251
253
253
261
261
261
261
261
261
261
261
255
255
255
255
243
237
237
237
237
239
233
233
233
233
233
233
235
229
229
229
229
229
229
219
219
225
227
233
235
235
235
235
235
235
235
235
225
225
225
225
225
225
217
217
217
221
229
229
229
229
229
225
225
225
225
217
233
233
233
233
233
233
233
239
239
239
243
239
245
237
237
239
243
243
243
243
243
243
243
237
237
237
237
237
237
245
245
245
245
245
253
253
257
257
257
257
257
259
259
259
259
259
265
265
255
255
255
255
259
255
263
255
255
259
253
263
259
263
263
261
261
261
261
267
269
269
271
277
277
277
277
277
277
277
277
275
275
273
273
285
285
293
287
287
287
289
281
281
281
283
283
285
285
285
273
267
267
267
267
267
267
263
263
263
265
273
277
277
279
279
269
269
267
267
267
267
267
273
273
273
267
267
267
267
259
259
257
257
263
263
267
267
267
269
275
277
265
265
269
269
269
267
263
267
273
277
273
273
273
273
273
273
269
271
261
261
255
263
257
257
257
255
255
261
259
259
259
259
259
261
261
269
269
269
269
267
267
273
273
271
271
269
273
273
273
273
273
273
273
273
273
271
277
277
277
279
279
279
279
279
271
257
257
257
247
247
247
247
247
247
241
253
253
255
247
243
243
241
249
265
265
263
271
275
275
275
275
285
285
289
285
285
285
285
285
295
295
295
295
299
303
305
305
313
313
313
301
305
311
317
317
317
313
313
299
313
313
313
313
313
309
305
313
311
311
313
319
321
321
321
321
317
305
305
307
307
311
311
311
311
311
311
311
311
311
311
311
311
307
307
299
299
303
303
303
303
303
303
315
309
303
303
299
305
305
303
303
303
301
301
301
301
301
305
305
303
293
293
293
297
297
297
297
295
295
295
287
287
287
283
283
285
277
277
281
281
277
277
279
279
279
283
283
283
293
293
293
293
289
289
289
305
305
305
305
311
311
311
311
311
305
305
311
311
311
313
313
313
307
311
319
315
315
323
323
321
321
321
329
329
329
329
325
323
323
321
321
321
319
309
319
313
317
315
315
305
305
301
301
301
301
293
293
293
295
291
291
291
291
291
291
293
293
293
293
293
293
295
295
297
297
291
291
293
293
293
293
293
293
293
293
293
287
287
287
287
289
289
287
287
287
287
287
287
283
285
285
285
281
273
273
273
271
271
269
273
273
273
261
261
261
261
259
259
259
259
247
247
247
243
243
239
243
239
245
239
231
235
235
235
237
237
237
233
243
243
243
237
237
235
235
235
235
235
233
239
239
239
239
245
245
245
249
249
243
251
251
251
247
247
247
247
247
247
247
247
245
245
245
239
245
249
249
255
255
255
255
265
267
267
263
263
263
263
259
259
259
259
259
259
259
253
253
255
249
247
247
247
257
257
267
267
267
261
261
261
261
251
251
251
249
253
253
253
257
255
255
255
249
251
243
243
243
243
245
247
247
247
247
241
241
237
237
237
243
237
237
237
237
235
239
247
247
247
249
243
243
243
249
249
245
257
257
257
259
257
257
257
257
257
261
261
261
261
255
257
249
249
251
253
253
255
257
257
251
251
247
247
243
243
243
233
235
235
229
237
237
229
231
231
231
233
243
243
249
249
249
249
241
231
235
235
235
233
233
233
239
245
245
245
243
