-2621
-2613
-2609
-2603
-2597
-2589
-2579
-2577
-2571
-2561
-2553
-2539
-2537
-2531
-2525
-2517
-2515
-2511
-2505
-2499
-2493
-2483
-2479
-2471
-2461
-2457
-2457
-2447
-2443
-2437
-2443
-2441
-2425
-2421
-2415
-2405
-2401
-2395
-2389
-2379
-2369
-2351
-2347
-2341
-2337
-2329
-2325
-2323
-2315
-2301
-2291
-2283
-2283
-2279
-2273
-2259
-2245
-2241
-2245
-2231
-2229
-2227
-2225
-2217
-2213
-2213
-2215
-2207
-2197
-2195
-2201
-2193
-2195
-2185
-2173
-2163
-2157
-2149
-2133
-2125
-2121
-2113
-2109
-2107
-2099
-2093
-2089
-2093
-2087
-2087
-2083
-2077
-2077
-2075
-2063
-2053
-2047
-2041
-2037
-2025
-2013
-2003
-1993
-1987
-1979
-1967
-1963
-1949
-1935
-1931
-1933
-1925
-1911
-1911
-1907
-1905
-1905
-1897
-1895
-1893
-1889
-1881
-1879
-1871
-1863
-1851
-1845
-1843
-1827
-1821
-1813
-1813
-1811
-1809
-1807
-1803
-1795
-1785
-1775
-1771
-1769
-1769
-1763
-1765
-1759
-1747
-1741
-1735
-1725
-1723
-1727
-1725
-1725
-1731
-1723
-1713
-1701
-1695
-1697
-1689
-1685
-1683
-1679
-1679
-1681
-1679
-1671
-1675
-1671
-1661
-1657
-1649
-1647
-1637
-1627
-1627
-1623
-1619
-1611
-1605
-1605
-1603
-1605
-1597
-1609
-1609
-1609
-1605
-1595
-1589
-1591
-1577
-1569
-1573
-1575
-1569
-1559
-1555
-1539
-1529
-1525
-1523
-1517
-1507
-1503
-1495
-1493
-1479
-1473
-1469
-1457
-1451
-1455
-1457
-1449
-1459
-1459
-1459
-1451
-1439
-1437
-1439
-1425
-1429
-1419
-1413
-1415
-1413
-1413
-1407
-1395
-1397
-1407
-1401
-1401
-1399
-1389
-1385
-1381
-1373
-1369
-1369
-1361
-1361
-1369
-1377
-1377
-1383
-1371
-1363
-1359
-1359
-1353
-1347
-1339
-1343
-1337
-1337
-1321
-1315
-1303
-1303
-1307
-1305
-1303
-1293
-1289
-1283
-1283
-1271
-1275
-1275
-1275
-1273
-1275
-1273
-1265
-1267
-1257
-1257
-1259
-1261
-1261
-1265
-1269
-1265
-1267
-1261
-1257
-1259
-1259
-1255
-1259
-1249
-1249
-1237
-1233
-1231
-1233
-1225
-1211
-1205
-1189
-1189
-1179
-1169
-1171
-1165
-1159
-1155
-1145
-1137
-1131
-1127
-1123
-1127
-1129
-1121
-1117
-1119
-1121
-1121
-1123
-1115
-1115
-1113
-1111
-1105
-1101
-1113
-1099
-1103
-1099
-1097
-1099
-1103
-1095
-1091
-1095
-1091
-1083
-1079
-1071
-1071
-1073
-1071
-1079
-1061
-1061
-1057
-1067
-1059
-1055
-1049
-1049
-1051
-1049
-1043
-1035
-1025
-1017
-1009
-1005
-1005
-1003
-1001
-1007
-1015
-1007
-1005
-1003
-999
-991
-997
-991
-981
-973
-981
-967
-951
-947
-951
-947
-955
-949
-951
-949
-935
-937
-925
-917
-917
-917
-921
-911
-903
-903
-909
-903
-895
-899
-891
-883
-885
-887
-881
-883
-879
-885
-883
-883
-887
-887
-891
-891
-887
-875
-869
-863
-853
-849
-849
-849
-841
-841
-841
-843
-839
-839
-845
-845
-861
-857
-857
-851
-843
-845
-847
-843
-839
-835
-827
-833
-829
-821
-815
-813
-811
-813
-813
-813
-815
-815
-815
-807
-805
-793
-793
-797
-789
-781
-769
-771
-755
-759
-757
-761
-763
-759
-763
-761
-757
-745
-741
-735
-739
-741
-737
-739
-733
-729
-723
-723
-721
-707
-693
-691
-691
-687
-679
-671
-673
-673
-669
-667
-667
-659
-653
-645
-643
-655
-647
-651
-653
-649
-639
-643
-639
-645
-651
-655
-659
-657
-655
-651
-653
-645
-643
-633
-631
-635
-625
-615
-609
-607
-597
-593
-587
-593
-599
-603
-601
-605
-611
-613
-607
-599
-587
-589
-581
-585
-595
-605
-599
-601
-601
-599
-595
-597
-595
-597
-587
-583
-589
-587
-591
-585
-589
-589
-577
-575
-573
-571
-563
-563
-555
-555
-557
-565
-565
-563
-559
-559
-563
-571
-569
-567
-567
-567
-569
-569
-571
-567
-563
-565
-557
-563
-551
-543
-539
-539
-545
-541
-535
-529
-523
-527
-525
-523
-515
-521
-527
-519
-511
-505
-503
-503
-501
-497
-495
-493
-495
-489
-483
-483
-483
-483
-485
-489
-491
-487
-491
-495
-495
-485
-481
-475
-471
-471
-477
-469
-477
-477
-469
-463
-449
-443
-437
-437
-433
-435
-437
-433
-437
-439
-427
-431
-427
-419
-425
-413
-415
-413
-413
-407
-413
-413
-407
-411
-413
-411
-413
-421
-415
-411
-411
-407
-393
-389
-391
-387
-387
-395
-391
-377
-385
-381
-381
-387
-387
-389
-379
-377
-375
-373
-377
-381
-371
-369
-359
-355
-363
-355
-359
-355
-347
-343
-349
-349
-355
-357
-355
-351
-351
-351
-351
-355
-355
-361
-359
-355
-357
-357
-351
-359
-357
-359
-357
-353
-359
-367
-359
-357
-359
-357
-351
-343
-337
-335
-341
-351
-339
-341
-343
-341
-331
-335
-323
-327
-333
-329
-329
-323
-319
-317
-317
-305
-295
-303
-301
-303
-299
-305
-309
-303
-309
-309
-311
-307
-301
-293
-291
-289
-297
-293
-295
-297
-299
-291
-291
-291
-285
-275
-275
-273
-277
-283
-273
-283
-281
-279
-279
-283
-283
-277
-281
-281
-283
-289
-295
-299
-293
-293
-289
-293
-289
-291
-291
-291
-301
-293
-281
-279
-273
-269
-265
-255
-243
-243
-241
-229
-231
-229
-231
-227
-223
-221
-209
-213
-213
-207
-203
-197
-195
-195
-197
-203
-203
-199
-195
-189
-193
-187
-185
-185
-185
-187
-183
-179
-175
-171
-163
-157
-161
-161
-149
-149
-159
-151
-151
-149
-143
-131
-119
-115
-119
-111
-105
-103
-99
-99
-97
-87
-85
-81
-79
-79
-87
-89
-81
-83
-75
-81
-75
-75
-71
-73
-73
-67
-65
-65
-71
-77
-75
-83
-83
-87
-81
-73
-73
-73
-73
-69
-69
-75
-69
-61
-65
-53
-49
-47
-47
-51
-53
-61
-53
-47
-39
-27
-27
-25
-23
-21
-31
-31
-27
-23
-25
-33
-31
-27
-27
-29
-29
-27
-25
-29
-25
-33
-23
-23
-25
-31
-27
-21
-19
-13
-5
5
-5
-7
-9
-5
-5
-1
7
11
7
7
11
3
-1
-7
-21
-25
-15
-11
-11
-13
-3
3
1
9
9
11
9
11
3
1
7
7
5
7
19
19
27
23
19
17
19
13
3
-3
-5
-13
-23
-21
-21
-27
-17
-21
-27
-23
-11
-21
-19
-15
-11
-7
-13
-13
-21
-29
-29
-15
-15
-17
-11
1
7
9
19
17
17
7
7
15
21
35
37
31
27
21
23
31
29
21
29
33
37
35
29
15
15
5
3
-11
-3
7
13
27
31
31
31
37
25
27
25
31
35
51
41
43
39
41
35
31
27
25
33
35
41
37
31
31
21
15
15
13
21
23
21
21
13
9
7
1
-3
-7
-5
-7
-9
7
9
7
7
5
-3
7
3
-5
-9
-15
-17
-17
-21
-25
-29
-27
-23
-19
-17
-17
-19
-17
-23
-27
-25
-25
-29
-23
-27
-27
-33
-43
-49
-53
-49
-47
-45
-43
-45
-53
-51
-53
-45
-43
-49
-53
-49
-49
-37
-33
-27
-19
-17
-15
-13
-15
-23
-25
-33
-33
-39
-43
-43
-43
-45
-43
-51
-49
-55
-63
-61
-61
-65
-67
-67
-73
-75
-81
-77
-79
-85
-85
-89
-79
-79
-87
-87
-91
-87
-85
-93
-89
-87
-73
-73
-75
-71
-73
-63
-67
-63
-67
-69
-67
-65
-65
-59
-57
-55
-61
-61
-57
-51
-51
-47
-47
-47
-41
-41
-41
-45
-45
-47
-41
-31
-25
-19
-27
-31
-27
-27
-23
-13
-7
-13
-25
-21
-21
-29
-27
-27
-31
-31
-35
-35
-29
-39
-39
-35
-29
-23
-31
-33
-41
-49
-41
-39
-29
-33
-27
-23
-23
-27
-27
-29
-25
-25
-27
-23
-23
-25
-29
-25
-27
-31
-33
-45
-47
-37
-45
-41
-43
-45
-35
-49
-47
-53
-47
-45
-43
-43
-47
-45
-53
-49
-53
-43
-51
-41
-39
-47
-49
-47
-43
-51
-57
-55
-51
-45
-45
-37
-31
-39
-37
-33
-29
-27
-19
-23
-31
-29
-37
-37
-31
-31
-39
-39
-43
-43
-45
-49
-53
-49
-55
-51
-41
-35
-31
-39
-39
-25
-33
-25
-37
-33
-23
-21
-17
-15
-17
-19
-27
-25
-25
-27
-27
-27
-27
-23
-15
-5
-9
-13
-3
-3
-1
7
11
11
13
21
15
15
13
19
21
15
19
15
21
23
27
29
29
21
25
25
29
21
23
29
21
15
9
17
21
7
19
27
19
25
23
21
19
17
15
17
19
21
27
39
39
35
39
51
49
57
65
61
63
59
51
35
41
55
61
67
55
59
59
53
61
67
67
65
61
61
63
55
47
51
53
41
39
37
33
29
33
43
41
41
47
51
47
61
59
63
61
67
65
65
73
69
71
67
61
65
71
65
61
59
53
59
65
63
59
57
57
53
59
55
57
57
51
51
55
53
59
59
53
63
69
69
77
77
77
77
71
71
59
53
45
43
31
37
47
51
53
53
53
53
53
47
49
51
53
53
59
53
51
49
43
41
41
49
45
45
53
61
63
67
65
67
73
65
61
65
67
65
73
65
75
85
89
93
87
77
81
85
89
93
87
87
87
89
85
89
89
95
95
85
83
87
85
85
79
75
85
85
93
97
95
105
97
89
91
97
103
99
95
103
99
105
105
113
101
91
93
97
95
97
101
93
97
87
85
77
81
77
79
65
63
67
55
53
55
57
57
61
59
53
49
51
51
49
57
55
51
61
57
51
43
45
39
41
37
39
31
31
25
23
33
25
37
37
43
39
41
43
45
51
57
57
51
51
61
59
57
65
69
67
63
55
49
49
47
45
51
51
39
29
25
29
25
21
13
9
5
5
9
11
11
17
19
17
7
7
5
11
11
3
7
5
-3
7
11
15
17
15
13
17
17
23
19
19
19
21
9
11
13
3
5
11
11
17
17
11
15
21
21
15
13
7
11
-5
-7
-9
-1
-3
-3
-17
-3
7
3
3
1
9
13
21
21
23
23
29
25
27
31
29
25
25
37
47
39
37
33
29
33
27
25
21
21
17
11
7
11
9
11
9
5
5
1
3
9
11
1
3
7
19
23
27
23
21
19
11
19
19
19
25
25
29
27
25
21
25
33
35
29
27
25
27
39
33
35
31
27
23
25
25
23
25
27
13
13
11
5
3
-1
-9
-9
-13
-11
-3
7
15
19
27
27
29
31
35
33
35
35
33
31
17
17
15
9
11
11
15
15
11
3
13
7
-9
-7
-9
-5
3
-3
-3
-1
9
3
-5
3
-3
1
3
9
3
7
15
11
19
13
11
21
25
23
27
29
33
39
41
39
39
29
27
25
33
39
45
45
47
53
53
51
53
57
55
43
35
33
29
23
27
27
19
11
15
13
19
19
17
13
13
7
7
-3
-5
-17
-13
-11
-11
-1
-7
-1
-9
-11
-17
-15
-11
-5
-3
-17
-19
-19
-21
-19
-13
-15
-3
-7
-9
-9
-7
-5
-15
-13
-19
-9
-15
-15
-27
-27
-19
-19
-25
-29
-23
-13
-15
-19
-19
-19
-21
-25
-19
-21
-27
-27
-19
-21
-17
-21
-25
-23
-17
-23
-13
-21
-15
-13
-11
-13
-9
-9
-13
-15
-17
-11
-13
-13
-19
-15
-7
-17
-11
-13
-23
-27
-25
-25
-27
-23
-21
-23
-27
-33
-23
-21
-29
-33
-33
-35
-27
-27
-31
-35
-29
-29
-23
-9
-9
-1
-1
1
-5
-17
-7
-3
1
-3
-7
-17
-11
-11
-7
-5
-3
-13
-19
-25
-17
-19
-13
-7
-11
-17
-13
-9
-9
-7
-5
1
5
7
17
15
13
9
11
11
7
7
7
-3
-5
-3
1
11
11
1
-3
-1
1
1
-1
13
11
5
-1
-1
-5
-19
-29
-29
-33
-31
-27
-29
-25
-25
-11
-5
3
-1
1
3
-3
-1
-13
-25
-17
-15
-15
-19
-23
-29
-23
-19
-21
-17
-11
-9
3
3
-1
-7
-9
-11
-15
-23
-25
-29
-19
-13
-13
-11
-19
-11
-7
-9
-11
-9
-11
-9
-5
-11
-11
-9
-1
7
13
-3
1
-3
-5
-7
-3
-3
-3
-1
-7
-1
3
5
19
11
21
19
17
15
5
5
5
5
5
7
11
13
3
-3
-7
-5
-5
-1
1
5
9
17
13
15
19
17
21
23
23
25
27
31
33
43
47
47
45
47
51
49
45
39
45
37
29
35
27
27
37
45
39
33
23
15
21
33
25
31
25
31
25
33
29
31
27
29
27
13
13
17
17
15
11
9
1
3
9
15
9
5
-1
-5
-5
-9
-7
1
9
13
19
23
17
19
11
13
7
7
7
1
9
13
9
11
17
9
9
17
17
15
27
25
33
35
27
21
19
19
25
11
15
19
27
25
23
15
13
19
19
27
29
31
29
29
37
35
33
31
37
41
53
57
65
69
65
69
67
63
65
73
73
73
87
97
95
93
101
109
115
115
121
117
109
113
109
101
99
97
83
81
87
79
83
79
73
81
77
89
91
99
103
89
93
85
85
77
77
77
91
91
89
89
79
83
81
81
77
73
79
83
83
87
85
91
91
103
95
95
89
89
79
79
79
71
73
77
69
75
81
77
77
77
81
93
83
89
89
91
95
91
97
93
89
89
97
99
99
101
101
103
105
99
95
103
91
87
81
77
77
77
81
81
83
95
91
105
105
109
99
99
103
99
89
81
79
81
85
89
89
95
99
93
97
91
97
95
95
95
95
95
101
109
107
109
119
117
125
131
129
141
141
143
145
147
139
137
137
147
155
169
167
163
169
183
187
193
189
191
199
199
193
191
195
193
197
191
187
187
183
179
169
165
169
179
185
189
183
171
165
157
157
161
171
171
179
173
173
175
185
179
177
179
175
175
177
185
183
183
175
173
169
167
171
175
173
183
181
179
179
171
167
165
171
171
179
177
183
187
183
183
177
181
193
189
201
193
195
199
201
203
203
203
201
195
197
195
195
197
203
211
217
205
203
205
197
193
189
191
195
199
191
189
199
195
201
189
197
195
203
199
203
213
211
209
217
229
227
223
237
235
237
241
247
249
249
253
255
255
261
257
259
255
251
251
247
245
243
241
251
249
245
247
251
247
245
243
243
245
243
239
245
257
261
255
253
243
239
229
227
231
231
243
243
243
251
253
243
249
241
251
253
255
253
257
263
265
265
271
263
271
283
283
291
287
287
283
283
275
279
279
293
289
303
311
311
315
321
313
309
315
313
309
313
317
319
315
311
305
313
307
301
297
293
289
301
301
309
299
305
303
299
307
311
307
303
307
307
307
313
307
307
303
301
303
315
321
309
317
315
315
311
309
315
315
309
303
297
299
299
287
295
297
303
295
301
309
311
311
301
297
297
287
291
285
285
277
273
281
279
279
279
275
281
281
287
283
291
289
293
287
289
285
287
293
295
301
301
301
305
303
309
319
331
327
333
323
329
327
331
323
321
327
319
323
329
329
327
335
335
329
337
321
317
307
301
311
303
297
289
293
283
287
293
295
285
289
295
291
293
295
295
303
303
309
307
317
319
319
317
315
309
309
307
299
299
301
303
303
301
297
295
299
305
293
295
299
307
303
305
311
311
317
311
315
315
319
313
313
309
313
313
313
317
321
325
321
315
317
319
317
323
329
329
329
331
325
327
325
325
319
323
317
315
313
311
305
311
309
313
319
321
315
313
319
319
319
307
317
323
313
303
291
281
289
287
289
297
301
297
293
285
289
291
295
293
291
295
301
303
309
319
319
313
315
311
315
319
331
337
337
343
341
327
313
317
307
309
311
313
319
325
325
325
335
325
331
329
329
335
339
337
331
331
331
333
329
323
331
327
325
325
331
325
325
333
333
329
331
331
335
337
333
333
327
345
341
339
351
355
365
359
375
375
385
385
387
385
393
393
395
397
393
393
387
379
381
389
381
379
385
383
387
387
391
403
405
403
395
393
395
385
379
387
387
383
377
373
371
357
357
357
351
355
359
359
363
367
361
357
349
349
339
337
335
329
329
331
335
341
347
347
353
353
359
361
367
377
375
381
383
385
387
385
383
393
387
391
383
389
383
375
377
375
373
373
381
385
381
373
361
365
383
375
375
385
383
385
391
387
387
381
375
377
369
361
359
353
357
361
355
349
355
351
345
343
343
345
345
337
331
339
345
349
349
345
337
337
335
329
323
325
327
335
339
345
349
347
341
335
347
335
329
329
331
331
337
345
343
341
341
345
339
345
339
341
337
335
341
337
335
339
339
341
349
347
355
363
367
369
371
371
367
371
367
359
359
365
359
355
357
365
365
365
365
361
355
359
355
359
361
351
353
351
361
363
369
365
367
357
355
355
359
359
367
361
359
357
361
365
363
351
349
349
343
341
331
317
313
315
311
309
307
307
309
313
319
313
307
313
319
321
319
315
327
323
323
331
323
319
317
319
315
315
313
311
319
321
329
323
325
333
333
337
341
337
335
339
345
341
339
339
335
327
325
323
317
317
315
319
315
315
311
319
319
315
309
311
311
313
311
315
309
315
317
313
315
323
327
329
331
325
323
319
325
323
325
325
327
331
333
333
337
343
347
343
339
349
353
355
361
369
367
361
353
349
349
353
353
355
349
349
359
365
377
383
375
379
383
375
373
371
371
377
367
365
359
347
343
341
351
351
355
357
349
351
351
357
353
353
341
341
341
341
337
343
349
345
341
339
337
337
343
339
335
339
333
333
335
327
325
331
327
327
333
327
327
327
327
321
325
321
321
307
301
301
311
311
309
303
303
303
309
317
313
313
311
305
305
309
305
311
303
307
305
303
301
297
299
297
297
301
301
295
281
293
287
285
287
295
295
297
309
303
309
311
309
317
317
315
321
321
321
323
327
321
325
327
321
305
303
299
305
293
295
303
297
295
303
311
303
297
301
295
309
303
307
301
299
301
297
299
297
305
307
307
313
325
325
325
323
313
309
307
299
297
295
303
303
305
303
297
301
299
305
305
299
299
305
303
305
299
303
297
297
299
289
289
289
293
301
307
297
299
303
299
299
295
293
293
287
285
275
275
275
271
273
279
283
285
277
273
273
269
273
269
265
263
265
269
263
259
261
253
253
253
253
255
265
269
271
275
269
273
265
255
251
249
243
239
239
239
241
247
243
247
237
227
229
235
241
239
235
243
245
241
245
249
249
253
267
273
273
267
269
261
261
261
261
259
255
245
251
243
235
237
233
237
237
243
245
241
243
243
245
245
241
237
237
251
251
251
247
249
239
245
237
235
227
227
225
223
229
233
225
227
219
207
207
205
199
193
191
189
185
189
189
187
191
189
181
181
169
169
159
155
149
155
153
159
155
157
155
157
153
153
155
157
151
155
153
147
141
141
145
147
145
145
141
133
143
143
153
157
163
155
155
155
161
163
163
157
157
161
157
157
163
159
165
159
155
159
159
155
161
157
153
155
145
153
149
149
157
147
159
155
149
151
153
141
137
133
129
127
119
125
125
127
131
139
143
145
143
145
135
135
135
121
105
103
97
89
85
81
81
89
93
97
95
97
97
87
85
89
91
93
93
83
93
85
77
85
85
91
87
85
81
75
67
65
69
65
65
67
81
85
79
79
81
85
77
73
83
83
83
75
81
81
79
75
71
69
59
63
63
69
69
67
75
75
77
81
81
81
81
85
89
89
89
91
91
91
87
83
85
89
85
81
87
83
73
83
85
89
87
95
93
97
83
83
81
77
83
89
89
91
83
87
93
95
99
95
95
101
101
101
95
91
99
101
101
89
79
83
87
95
99
101
99
97
99
97
99
105
105
109
109
111
109
109
99
105
107
107
111
121
123
119
113
113
109
107
109
113
115
123
127
131
121
113
119
119
113
105
93
93
91
87
85
73
77
77
75
79
81
85
91
91
101
105
103
103
107
105
113
113
113
105
103
105
113
113
111
117
119
115
109
103
103
103
101
99
95
101
103
101
103
107
115
107
105
97
99
99
93
107
111
105
99
107
105
107
107
101
97
95
95
91
95
89
91
95
97
105
107
115
105
105
107
103
107
105
101
103
101
99
107
107
107
107
113
103
97
97
101
97
97
95
91
91
89
79
81
77
79
77
81
73
67
79
79
67
61
61
61
55
63
73
79
71
65
63
63
57
63
59
69
75
75
75
71
71
73
75
83
87
85
83
81
91
87
93
87
81
81
85
85
95
87
87
89
83
93
97
105
107
107
107
105
105
111
113
107
109
119
107
107
117
125
117
113
121
121
119
123
129
129
127
117
117
119
111
103
99
95
87
91
99
99
107
107
113
115
111
123
125
123
135
121
123
123
125
121
121
121
121
107
105
103
111
119
107
113
117
125
123
123
135
129
127
121
123
127
137
131
137
141
139
137
135
139
139
139
129
129
131
129
131
129
121
123
127
121
121
121
127
127
133
135
135
133
133
133
133
127
133
135
131
127
123
117
123
125
125
127
123
127
137
133
139
125
131
131
135
141
141
137
131
127
125
123
111
113
101
95
89
85
83
85
79
83
87
89
89
87
91
91
99
99
95
97
89
91
99
91
93
85
91
101
103
91
79
79
85
87
95
93
89
97
103
105
103
111
117
113
111
115
129
127
127
129
123
123
125
125
127
125
131
127
131
135
127
129
129
129
125
119
127
121
111
111
117
121
119
111
111
115
115
117
115
109
111
105
97
101
91
89
89
87
91
85
89
89
95
87
95
99
93
85
75
77
75
75
81
83
91
93
93
93
99
107
107
103
105
111
115
109
119
127
125
125
133
133
133
129
135
141
137
135
135
141
149
157
161
169
171
167
175
185
187
191
193
199
193
187
189
181
185
195
197
207
207
205
211
205
209
215
207
207
209
209
209
215
221
221
219
219
211
219
211
215
211
201
203
195
197
193
203
199
203
199
199
191
195
183
189
193
189
201
205
211
211
217
213
211
209
213
209
213
205
203
185
179
181
177
175
173
173
169
169
185
179
183
185
175
179
181
177
175
171
171
177
187
185
187
187
177
181
173
181
179
177
183
189
189
195
199
207
211
217
225
227
221
229
227
227
233
243
249
243
243
233
231
231
237
241
243
249
249
253
247
251
249
247
249
251
247
249
247
247
247
251
255
257
259
269
275
289
287
287
293
297
305
299
301
303
297
299
295
297
287
283
279
279
275
269
271
265
261
261
259
263
271
273
277
275
265
269
273
279
277
283
277
279
275
273
277
277
277
279
285
287
289
281
285
285
291
291
297
289
285
283
285
281
279
279
283
273
283
283
291
293
291
289
289
295
299
303
303
311
303
307
313
309
309
305
303
309
319
321
321
319
319
325
327
313
317
313
317
315
313
317
317
329
319
319
325
323
317
317
317
323
323
317
317
303
301
305
305
301
303
297
297
297
295
293
297
295
289
287
297
301
313
301
305
311
311
311
313
305
305
307
311
311
303
303
303
305
303
313
313
311
317
313
303
303
305
315
321
315
311
309
307
311
307
303
303
301
299
299
293
291
287
279
283
277
275
275
267
265
265
265
269
269
275
283
279
295
295
287
297
297
291
291
297
287
289
299
297
301
303
303
307
305
315
315
319
315
313
317
319
323
313
319
319
315
311
313
315
319
327
319
313
313
307
307
315
303
307
301
307
305
305
303
305
303
301
307
315
317
317
323
327
331
331
333
329
331
327
323
325
323
325
325
327
321
323
321
327
329
335
331
329
337
327
323
327
327
327
337
343
339
337
343
341
335
321
321
317
315
313
313
317
317
317
319
315
317
313
319
309
309
313
305
307
307
311
315
305
295
295
299
307
305
309
321
319
319
309
303
309
301
297
297
299
303
299
299
301
291
293
293
297
299
301
295
299
301
313
321
321
315
313
309
307
311
313
311
313
309
303
309
315
311
313
309
309
309
307
307
319
333
347
351
355
363
367
365
365
367
363
361
351
355
355
353
343
343
343
349
345
343
347
351
353
353
345
353
339
341
339
343
343
343
331
327
325
319
325
331
327
339
343
335
335
333
343
335
339
335
329
339
339
335
327
325
337
337
341
351
347
347
353
355
357
361
357
359
351
343
343
349
351
347
345
341
335
331
327
319
317
317
313
317
325
327
325
325
319
331
331
321
315
319
327
329
321
321
317
311
311
301
297
289
287
291
301
303
295
297
289
293
297
297
307
313
309
299
305
303
309
311
303
297
307
307
309
307
311
305
301
295
301
297
299
295
303
295
293
297
305
315
321
317
317
321
323
323
331
323
317
313
311
307
309
303
303
307
311
311
309
313
321
311
317
313
315
323
321
321
323
331
327
335
335
339
333
333
335
335
329
321
321
327
331
335
337
343
337
335
343
339
329
337
337
347
343
339
343
349
349
353
345
349
341
343
349
343
343
337
333
329
321
321
327
327
335
337
335
327
327
325
323
327
329
327
325
323
325
331
325
329
329
333
331
327
321
323
321
321
315
311
315
315
319
321
323
325
323
321
311
317
321
321
327
333
329
319
321
329
325
333
333
335
337
333
333
333
331
321
323
323
321
315
313
315
313
313
313
307
307
291
295
303
307
305
305
303
299
297
305
301
295
289
293
293
285
289
283
283
287
283
283
279
283
281
281
279
283
281
275
283
281
279
279
277
271
269
259
255
253
253
261
257
261
257
257
257
247
235
239
239
239
241
241
231
233
229
239
241
243
247
253
247
241
249
253
257
253
253
249
241
239
239
233
231
221
227
223
223
223
219
227
225
225
231
225
219
223
219
213
213
203
203
209
203
205
205
207
209
211
205
205
207
209
207
207
213
223
223
229
225
223
229
227
235
231
235
243
239
233
233
231
235
235
235
237
235
231
235
235
239
233
231
239
243
253
253
239
239
237
233
233
225
227
225
235
233
223
213
211
217
221
221
231
219
219
215
211
211
211
211
209
207
209
221
227
231
229
239
235
229
235
241
243
247
247
243
245
245
243
243
243
249
253
253
253
253
249
249
253
255
241
241
243
245
237
237
237
237
241
247
253
253
249
245
245
245
243
247
245
241
231
227
233
235
243
247
243
243
247
247
253
243
247
245
247
235
241
249
243
247
247
259
255
257
253
261
251
251
259
259
257
257
241
235
225
231
225
229
227
229
229
231
233
243
249
251
247
251
253
255
261
261
255
261
265
257
247
249
245
251
251
251
249
253
257
249
253
259
257
253
249
249
249
255
249
243
245
249
255
255
255
245
247
241
241
245
245
241
229
221
219
219
217
217
221
221
217
227
237
237
235
239
247
247
245
253
245
247
243
237
239
229
225
221
223
217
225
219
217
215
217
217
217
221
225
233
231
223
221
221
213
213
209
209
209
207
213
209
207
211
209
201
201
205
197
197
203
205
211
209
207
211
209
211
205
205
201
199
207
209
205
189
191
195
197
199
195
183
179
165
155
149
137
141
143
145
153
151
151
161
159
165
165
163
163
165
165
169
173
173
177
183
187
181
181
181
181
175
177
177
175
181
183
185
183
171
175
185
193
205
203
211
215
219
223
229
229
227
233
237
241
237
241
241
243
245
245
249
239
239
237
247
247
251
255
259
257
257
261
247
243
239
239
235
233
227
229
239
239
237
245
243
241
245
245
249
243
249
245
251
247
259
253
253
257
253
257
263
263
261
269
267
259
263
269
273
269
267
267
263
267
263
261
269
269
271
267
263
263
259
265
273
277
277
285
285
285
289
289
289
283
277
283
279
277
279
287
297
309
307
309
315
315
315
317
311
303
301
293
293
291
287
285
283
277
277
271
271
271
277
277
277
275
281
271
263
263
267
267
269
271
267
265
263
265
267
257
257
259
255
261
261
261
257
253
241
231
233
221
219
221
219
221
217
225
223
223
225
223
223
223
223
221
213
211
219
223
215
221
221
221
227
233
239
237
229
233
235
229
241
245
239
243
251
261
263
271
275
285
283
293
297
299
301
295
293
307
321
331
331
329
323
317
315
307
307
307
305
295
291
289
291
291
289
279
277
273
271
271
273
279
279
283
279
277
283
271
267
277
285
289
289
289
295
293
289
285
285
295
297
297
295
287
283
279
273
273
273
269
265
269
255
257
255
253
249
243
251
247
255
257
255
247
245
241
243
245
245
241
243
243
237
233
241
243
253
247
249
249
253
259
267
267
265
253
249
243
235
235
239
253
251
253
257
249
247
259
255
265
257
263
255
255
255
263
275
285
277
281
289
287
285
289
289
281
275
269
265
273
269
275
275
265
271
267
263
257
247
249
251
255
257
253
247
251
255
255
255
259
259
263
257
247
261
251
245
249
249
249
259
259
253
251
253
261
249
257
267
259
265
259
261
265
263
255
257
257
263
269
273
285
285
285
285
281
291
299
305
305
301
303
313
309
293
293
293
295
299
301
299
301
295
293
279
277
267
267
263
257
249
245
257
247
253
265
259
267
267
271
269
277
275
267
269
265
271
269
275
273
277
281
279
277
277
283
291
289
287
283
291
295
291
285
281
275
271
267
265
273
281
285
293
297
297
287
287
287
285
283
293
289
287
285
279
279
281
287
289
279
271
277
275
275
263
271
273
281
279
277
271
277
281
283
283
275
273
277
283
279
281
281
273
271
275
285
287
285
285
287
291
299
299
297
295
291
281
281
281
275
283
287
287
289
293
289
285
285
285
279
275
281
285
289
291
289
279
283
287
275
273
267
273
267
265
255
255
259
257
257
255
257
255
255
255
255
251
249
253
251
247
243
241
247
237
239
241
241
245
247
245
245
245
241
239
239
233
233
231
237
235
233
225
225
227
237
233
235
231
231
235
235
235
227
227
221
223
219
223
219
215
209
201
203
207
201
207
203
205
199
205
205
203
203
207
207
203
209
205
197
197
191
185
187
181
179
181
183
175
181
173
189
191
185
193
195
201
207
207
203
205
205
201
201
201
195
197
199
195
191
187
189
185
185
189
181
179
177
177
191
197
201
203
203
203
201
209
211
215
227
223
221
233
227
227
235
237
235
235
229
223
239
245
233
231
229
241
237
237
237
235
239
243
251
247
245
249
249
249
245
249
245
249
239
239
243
243
237
235
243
251
253
245
249
245
257
255
249
245
239
243
243
247
255
259
259
265
271
277
281
277
279
283
273
279
289
289
289
285
287
287
283
283
289
289
279
281
271
271
263
271
267
279
275
281
283
275
277
271
269
265
269
269
265
255
245
249
253
259
251
247
251
249
247
243
249
249
247
243
241
247
247
251
259
261
259
251
255
251
253
263
255
253
249
255
255
247
249
245
249
245
241
243
247
245
247
251
257
259
257
263
263
255
257
261
265
261
263
263
263
263
259
253
245
249
245
245
249
255
257
265
265
269
271
273
271
263
261
263
251
251
243
251
257
257
247
257
255
263
251
243
231
235
229
237
251
247
241
243
247
249
247
251
263
269
265
263
261
259
255
251
257
253
251
245
241
235
239
241
243
243
249
249
249
249
243
243
247
245
239
235
235
231
227
231
233
233
233
237
245
249
241
239
239
237
233
239
239
247
247
243
247
251
251
255
257
251
255
251
239
237
235
245
245
247
255
249
245
249
253
255
253
251
247
243
239
237
239
243
247
261
259
251
253
253
251
255
261
259
263
271
269
267
271
271
263
263
271
271
279
287
285
281
281
263
255
255
253
249
249
251
247
231
235
245
245
245
251
247
239
237
237
227
219
217
213
217
225
231
231
231
227
223
225
231
233
229
235
233
229
237
245
247
241
239
229
233
241
247
241
247
239
245
243
243
253
253
255
249
247
255
255
255
251
249
253
265
277
287
273
275
271
279
279
271
273
273
273
273
281
285
277
275
275
281
295
297
299
293
285
293
307
315
325
329
321
327
325
325
329
325
313
313
315
315
311
313
309
305
291
295
301
297
295
285
287
283
289
281
277
273
265
267
271
267
273
273
273
279
281
287
283
281
281
269
271
279
283
289
291
289
283
295
289
289
289
295
301
301
291
287
273
271
271
273
275
269
267
267
275
275
263
271
257
251
261
255
257
263
265
265
269
275
269
265
261
259
267
259
257
263
265
257
267
271
275
279
287
287
275
283
281
275
263
257
255
255
255
253
249
241
235
239
241
237
231
227
223
217
203
203
197
195
191
181
185
185
193
185
177
175
183
183
183
187
195
201
205
213
217
203
199
193
195
193
193
195
205
207
205
205
209
205
209
199
193
199
197
199
209
215
219
217
217
209
211
207
199
195
199
207
191
193
191
187
185
189
185
183
191
195
197
203
193
199
197
211
215
205
189
187
185
189
191
189
193
195
187
197
191
203
197
195
189
193
193
193
189
191
189
187
185
185
175
183
183
181
179
181
185
195
197
203
207
213
215
215
209
201
189
189
195
193
195
195
191
195
195
187
197
199
197
193
197
189
187
181
185
181
183
177
177
175
175
173
177
181
177
175
175
173
167
165
167
173
179
183
187
187
193
191
187
185
179
189
193
195
199
203
203
213
215
221
211
213
217
217
215
217
219
229
235
239
237
237
243
249
253
261
265
271
277
277
273
271
277
285
281
297
297
289
293
299
297
293
297
285
283
279
279
275
269
277
275
275
265
259
249
253
249
247
233
231
233
247
249
255
257
257
265
275
263
263
265
267
267
265
267
273
265
265
257
261
267
267
269
275
281
281
287
287
281
279
275
277
283
281
281
277
269
259
257
259
261
257
255
257
257
271
267
281
281
279
287
285
283
281
285
281
273
267
273
271
277
281
275
273
273
265
257
255
253
257
267
265
261
261
261
261
263
251
255
253
249
241
233
233
227
237
233
223
223
225
221
221
223
215
219
225
223
215
215
219
219
223
223
225
215
211
215
217
215
209
205
207
205
203
199
199
193
195
201
207
207
205
211
205
203
211
215
229
227
237
233
227
227
237
237
237
235
227
227
217
221
229
231
231
231
223
213
221
219
219
221
221
223
227
223
223
229
229
227
227
219
221
221
219
221
227
229
235
223
223
223
223
229
243
241
251
239
235
237
249
257
257
257
255
249
241
247
245
245
237
243
243
243
243
247
243
239
237
237
237
233
227
227
221
215
217
213
217
217
221
217
225
221
227
215
221
215
223
215
219
219
223
217
211
199
205
213
211
211
209
219
219
219
215
225
219
225
237
237
237
239
233
233
223
229
231
229
225
231
227
227
219
221
223
231
227
223
215
227
221
219
215
213
207
207
213
217
223
227
225
225
233
231
237
231
235
223
219
205
205
203
203
197
199
193
189
189
189
197
193
195
199
195
187
187
179
179
177
181
185
187
179
179
177
171
167
171
169
175
175
179
177
173
173
175
173
169
171
177
169
173
181
185
193
189
189
197
193
191
189
191
197
191
191
195
197
193
193
181
173
179
179
175
171
167
169
165
169
175
175
173
171
171
163
159
155
157
167
165
161
169
167
169
161
153
151
155
155
151
151
149
147
149
153
157
161
157
155
157
153
153
155
149
157
157
155
155
153
157
159
165
159
159
155
155
163
163
165
167
163
173
179
183
173
177
173
183
183
193
193
197
203
197
207
211
215
221
223
223
229
237
229
225
223
217
225
229
227
227
227
225
231
231
243
233
223
219
213
217
217
219
219
221
225
225
227
221
221
221
225
223
227
223
211
211
205
207
207
207
205
199
201
189
195
203
205
211
217
217
211
207
195
187
183
177
171
169
165
169
171
173
185
189
187
185
179
175
171
177
183
187
189
181
189
193
197
189
183
183
181
183
185
187
189
195
203
207
213
207
195
189
189
189
185
183
183
177
173
175
177
177
187
183
179
185
181
175
177
179
175
175
173
167
167
165
157
153
151
151
147
145
143
147
147
149
143
149
153
155
167
163
161
165
161
153
159
157
155
149
143
149
157
151
147
141
143
145
157
161
153
157
159
149
151
159
159
159
157
155
143
147
149
143
147
145
151
155
163
161
157
151
157
163
161
163
169
169
167
169
169
173
165
173
171
169
169
183
187
187
189
185
177
177
181
187
185
183
179
179
189
183
189
187
187
187
183
179
181
175
161
161
165
161
165
161
161
161
159
157
151
151
151
155
155
151
153
155
153
149
153
157
167
165
167
161
169
169
165
163
159
173
173
165
159
159
149
149
147
155
151
147
153
153
151
157
163
157
153
157
161
165
153
159
165
165
155
159
157
157
157
153
157
159
159
163
163
167
165
165
169
157
163
159
161
157
161
159
157
155
147
145
145
149
149
143
133
129
123
127
131
127
125
121
119
111
111
113
115
119
115
123
131
131
139
139
145
137
139
131
123
135
139
143
145
145
149
151
151
155
155
163
163
167
175
171
171
163
163
155
153
165
163
161
165
157
159
153
151
149
149
149
153
151
153
153
159
157
143
141
141
147
153
145
141
143
141
141
135
137
135
145
137
139
145
141
135
135
135
135
143
145
137
131
133
137
133
135
135
129
129
133
131
129
127
133
133
123
119
119
125
131
133
131
131
131
129
131
135
123
125
125
131
127
131
129
133
141
141
147
147
147
153
157
151
157
157
169
165
159
159
169
173
165
173
175
167
161
157
149
149
157
149
141
135
145
149
145
141
141
135
131
143
145
147
149
149
151
151
147
149
153
165
157
157
151
151
143
135
139
141
139
137
137
131
129
123
117
107
93
95
87
93
99
93
99
107
115
103
107
109
107
103
97
103
103
101
107
111
107
105
97
103
101
95
91
91
99
105
97
95
105
101
115
117
127
131
133
139
137
137
133
133
133
133
135
131
133
139
129
133
129
133
131
131
129
141
151
145
137
139
143
143
141
139
137
133
127
133
129
133
135
135
129
131
137
131
137
141
133
129
133
129
123
117
121
119
121
119
125
121
115
115
119
111
105
101
109
105
105
103
97
103
109
113
115
113
111
111
107
101
107
103
103
95
95
99
91
93
97
91
83
97
101
101
101
103
105
105
107
105
107
103
97
105
99
91
87
91
93
95
97
103
97
97
95
93
101
107
107
105
109
107
105
115
111
111
113
111
119
123
117
119
117
121
123
125
115
111
105
109
109
97
95
91
93
87
91
93
103
103
107
111
119
119
117
113
115
121
129
115
107
107
105
107
107
107
97
97
95
85
85
91
91
83
75
77
73
77
79
73
75
75
77
73
73
73
75
69
71
71
69
81
81
73
71
71
67
63
63
63
71
71
77
79
79
77
77
77
81
81
79
89
83
71
73
67
61
71
71
73
75
79
79
85
87
87
79
85
91
91
93
101
99
97
95
105
113
113
107
107
109
105
99
101
109
109
113
117
123
125
133
121
121
123
115
117
123
111
119
115
123
125
127
135
139
139
147
155
159
159
153
153
149
137
135
139
135
143
135
141
145
147
155
145
141
133
133
139
147
149
153
141
141
139
145
139
135
133
133
137
137
139
139
127
127
121
121
127
121
127
115
113
107
115
113
111
115
119
117
119
113
119
115
127
