-2627
-2621
-2621
-2617
-2613
-2605
-2597
-2589
-2579
-2579
-2571
-2567
-2559
-2559
-2547
-2543
-2537
-2535
-2535
-2529
-2529
-2519
-2513
-2513
-2503
-2491
-2475
-2463
-2463
-2453
-2457
-2459
-2453
-2445
-2439
-2437
-2431
-2431
-2421
-2407
-2399
-2395
-2385
-2377
-2373
-2363
-2351
-2345
-2335
-2323
-2313
-2299
-2285
-2285
-2283
-2275
-2269
-2263
-2253
-2253
-2251
-2251
-2251
-2241
-2235
-2227
-2227
-2227
-2227
-2227
-2223
-2223
-2223
-2223
-2221
-2215
-2209
-2209
-2209
-2197
-2197
-2189
-2189
-2189
-2189
-2189
-2177
-2167
-2165
-2153
-2149
-2149
-2145
-2145
-2137
-2131
-2127
-2127
-2127
-2127
-2127
-2123
-2115
-2107
-2103
-2103
-2103
-2093
-2091
-2083
-2075
-2071
-2075
-2075
-2077
-2079
-2069
-2069
-2057
-2045
-2049
-2049
-2049
-2049
-2049
-2047
-2047
-2037
-2033
-2027
-2021
-2021
-2021
-2017
-2009
-2003
-2001
-2001
-1997
-1989
-1981
-1979
-1979
-1985
-1985
-1977
-1975
-1963
-1963
-1957
-1963
-1963
-1947
-1943
-1931
-1925
-1925
-1921
-1921
-1921
-1921
-1913
-1913
-1911
-1905
-1893
-1897
-1897
-1889
-1897
-1897
-1887
-1887
-1885
-1877
-1885
-1885
-1877
-1867
-1861
-1853
-1845
-1845
-1847
-1837
-1837
-1829
-1829
-1827
-1827
-1827
-1825
-1813
-1813
-1801
-1791
-1779
-1773
-1763
-1747
-1741
-1731
-1731
-1721
-1717
-1717
-1711
-1719
-1709
-1701
-1701
-1707
-1699
-1691
-1679
-1673
-1669
-1669
-1667
-1659
-1659
-1653
-1647
-1637
-1637
-1637
-1629
-1623
-1613
-1603
-1595
-1591
-1585
-1573
-1569
-1569
-1577
-1577
-1577
-1573
-1579
-1571
-1563
-1563
-1567
-1565
-1551
-1551
-1547
-1547
-1547
-1547
-1539
-1539
-1535
-1537
-1527
-1523
-1523
-1523
-1521
-1513
-1499
-1495
-1491
-1489
-1495
-1499
-1499
-1499
-1497
-1481
-1477
-1475
-1467
-1467
-1465
-1465
-1465
-1457
-1457
-1455
-1451
-1453
-1453
-1447
-1439
-1439
-1435
-1429
-1429
-1427
-1421
-1413
-1415
-1415
-1411
-1403
-1413
-1413
-1401
-1399
-1391
-1393
-1393
-1393
-1389
-1379
-1383
-1387
-1387
-1391
-1395
-1395
-1395
-1387
-1383
-1383
-1383
-1375
-1375
-1373
-1359
-1347
-1357
-1357
-1349
-1349
-1341
-1331
-1331
-1331
-1327
-1327
-1323
-1323
-1323
-1319
-1319
-1311
-1317
-1305
-1311
-1311
-1305
-1305
-1305
-1299
-1299
-1299
-1299
-1293
-1283
-1283
-1279
-1265
-1271
-1271
-1271
-1257
-1251
-1235
-1237
-1237
-1229
-1221
-1219
-1215
-1203
-1203
-1185
-1189
-1195
-1187
-1179
-1179
-1187
-1189
-1187
-1187
-1185
-1185
-1185
-1179
-1179
-1175
-1175
-1167
-1167
-1163
-1175
-1177
-1179
-1175
-1175
-1181
-1169
-1163
-1159
-1165
-1173
-1173
-1173
-1161
-1161
-1165
-1163
-1169
-1173
-1173
-1169
-1169
-1169
-1165
-1159
-1159
-1153
-1159
-1151
-1151
-1135
-1135
-1127
-1119
-1109
-1109
-1115
-1123
-1123
-1115
-1111
-1105
-1105
-1107
-1097
-1093
-1083
-1073
-1067
-1077
-1085
-1073
-1073
-1073
-1073
-1065
-1065
-1059
-1053
-1049
-1045
-1049
-1039
-1039
-1033
-1033
-1033
-1029
-1027
-1027
-1027
-1023
-1023
-1015
-1011
-1013
-1015
-1017
-1017
-1017
-1015
-1015
-1015
-1015
-1015
-1011
-1013
-1019
-1023
-1025
-1031
-1031
-1031
-1033
-1029
-1037
-1037
-1041
-1039
-1037
-1037
-1033
-1049
-1041
-1041
-1033
-1025
-1019
-1011
-1011
-1007
-1005
-1007
-1003
-997
-999
-987
-975
-971
-969
-965
-957
-953
-945
-937
-937
-937
-937
-937
-937
-937
-935
-941
-939
-927
-927
-923
-917
-917
-911
-909
-909
-907
-907
-903
-897
-897
-895
-899
-899
-901
-899
-889
-887
-887
-879
-879
-879
-879
-891
-899
-883
-883
-883
-883
-875
-875
-867
-861
-851
-841
-837
-837
-835
-835
-835
-827
-837
-833
-837
-833
-833
-823
-829
-825
-815
-805
-795
-791
-791
-799
-799
-797
-797
-793
-787
-779
-783
-779
-773
-773
-773
-769
-773
-773
-781
-783
-791
-801
-795
-795
-795
-795
-789
-791
-791
-785
-787
-785
-789
-779
-779
-779
-775
-775
-775
-773
-765
-763
-761
-759
-759
-759
-759
-751
-743
-741
-737
-729
-723
-721
-715
-727
-733
-727
-717
-717
-715
-711
-711
-711
-715
-717
-719
-723
-723
-719
-719
-723
-715
-711
-709
-711
-707
-713
-705
-705
-697
-699
-703
-703
-701
-701
-701
-705
-693
-693
-689
-689
-689
-679
-681
-679
-683
-677
-677
-673
-673
-671
-669
-665
-671
-671
-667
-663
-669
-663
-659
-657
-653
-653
-651
-649
-645
-641
-633
-627
-633
-627
-627
-635
-635
-627
-611
-611
-611
-597
-597
-591
-583
-585
-577
-585
-593
-591
-591
-589
-587
-587
-587
-589
-587
-587
-589
-589
-595
-591
-593
-591
-599
-599
-599
-597
-603
-603
-603
-603
-603
-603
-603
-607
-601
-599
-593
-593
-593
-591
-597
-597
-601
-599
-595
-599
-601
-601
-601
-601
-605
-605
-605
-605
-605
-605
-609
-603
-595
-597
-593
-589
-589
-585
-587
-585
-573
-573
-571
-573
-579
-579
-569
-571
-571
-567
-561
-561
-551
-551
-551
-549
-549
-549
-549
-543
-543
-543
-549
-549
-543
-543
-545
-545
-551
-547
-549
-551
-551
-551
-551
-551
-557
-567
-567
-567
-565
-565
-565
-565
-557
-557
-557
-553
-555
-551
-551
-551
-549
-549
-549
-545
-549
-545
-545
-537
-543
-543
-541
-531
-523
-523
-523
-521
-525
-523
-523
-521
-521
-507
-497
-491
-485
-485
-485
-483
-471
-471
-471
-465
-457
-457
-457
-447
-445
-445
-445
-449
-445
-445
-445
-441
-439
-437
-437
-437
-441
-435
-435
-435
-435
-435
-437
-421
-411
-411
-407
-415
-415
-423
-433
-433
-431
-427
-427
-425
-425
-425
-433
-429
-425
-413
-405
-399
-399
-393
-389
-381
-391
-379
-379
-379
-375
-377
-383
-383
-377
-375
-375
-375
-375
-375
-367
-367
-357
-369
-375
-367
-367
-357
-359
-361
-355
-359
-351
-351
-351
-355
-351
-353
-349
-351
-351
-343
-349
-343
-345
-337
-335
-339
-335
-339
-335
-337
-343
-341
-343
-345
-337
-337
-339
-341
-341
-329
-329
-325
-317
-325
-325
-325
-331
-327
-327
-327
-321
-315
-309
-307
-313
-315
-315
-315
-311
-311
-319
-319
-321
-321
-321
-315
-315
-319
-319
-321
-317
-313
-303
-299
-297
-289
-289
-289
-291
-285
-285
-285
-287
-293
-305
-305
-307
-307
-309
-311
-327
-329
-325
-325
-333
-339
-339
-339
-339
-339
-343
-333
-325
-325
-325
-325
-317
-311
-311
-303
-303
-301
-303
-303
-303
-301
-301
-301
-301
-301
-301
-301
-293
-285
-281
-279
-279
-275
-269
-269
-269
-263
-263
-263
-255
-255
-261
-261
-261
-251
-245
-243
-243
-247
-247
-237
-237
-237
-241
-239
-247
-249
-247
-247
-241
-241
-237
-233
-231
-227
-225
-221
-207
-205
-197
-197
-195
-193
-197
-191
-199
-207
-209
-209
-207
-207
-205
-207
-207
-207
-209
-207
-207
-207
-199
-199
-201
-205
-201
-201
-201
-193
-193
-193
-183
-191
-185
-183
-187
-191
-191
-199
-199
-199
-199
-193
-193
-195
-191
-183
-183
-185
-183
-183
-177
-185
-179
-179
-177
-171
-175
-175
-177
-179
-181
-181
-185
-185
-177
-175
-179
-177
-177
-177
-185
-181
-177
-165
-163
-161
-157
-161
-151
-151
-151
-149
-141
-141
-137
-127
-119
-119
-123
-121
-121
-117
-109
-105
-105
-101
-101
-95
-97
-91
-89
-89
-99
-101
-95
-103
-103
-97
-95
-99
-97
-87
-77
-77
-61
-55
-45
-45
-45
-45
-45
-41
-41
-43
-47
-47
-47
-47
-55
-55
-51
-51
-51
-43
-51
-41
-41
-41
-41
-27
-25
-29
-29
-27
-37
-39
-39
-47
-55
-53
-55
-55
-55
-49
-49
-41
-43
-49
-47
-47
-41
-45
-45
-45
-45
-49
-55
-49
-49
-49
-45
-45
-41
-43
-43
-35
-37
-41
-31
-37
-37
-37
-33
-33
-37
-37
-31
-31
-27
-21
-21
-25
-29
-23
-21
-23
-23
-31
-21
-21
-19
-3
-11
-11
-7
-15
-15
-17
-23
-23
-17
-21
-21
-17
-21
-21
-19
-25
-21
-31
-35
-33
-33
-25
-29
-23
-23
-11
-17
-13
-19
-15
-23
-33
-33
-33
-33
-35
-35
-35
-37
-39
-35
-43
-33
-35
-17
-19
-21
-21
-21
-27
-33
-27
-25
-25
-25
-25
-29
-31
-31
-31
-25
-17
-17
-11
-13
-11
-11
-11
-9
-1
5
1
9
15
9
23
19
15
21
19
17
17
23
23
23
19
19
13
11
19
25
21
21
21
17
13
7
3
3
3
3
9
11
11
13
15
3
-3
-9
-19
-19
-13
-13
-11
-11
-11
-11
-7
-7
-7
-7
-13
-9
-11
-3
-9
-9
-9
-9
-3
-3
1
5
13
17
15
9
3
1
3
-3
-7
-15
-19
-25
-25
-31
-35
-33
-27
-27
-23
-15
-17
-21
-17
-17
-23
-19
-19
-15
-15
-17
-17
-17
-17
-17
-17
-17
-17
-21
-21
-19
-21
-11
-19
-23
-23
-35
-35
-39
-39
-45
-47
-47
-43
-47
-45
-45
-47
-43
-41
-41
-39
-39
-39
-37
-33
-33
-33
-29
-25
-29
-39
-31
-29
-31
-33
-33
-39
-43
-43
-47
-47
-47
-49
-49
-49
-49
-41
-45
-49
-47
-57
-55
-55
-55
-53
-57
-57
-57
-55
-47
-47
-55
-53
-53
-55
-59
-59
-65
-51
-53
-53
-57
-47
-47
-43
-43
-43
-55
-53
-43
-41
-41
-47
-37
-33
-33
-33
-29
-31
-25
-25
-23
-23
-21
-13
-5
-5
-5
-7
1
9
9
11
13
5
-1
-1
3
9
5
5
9
11
3
7
3
3
-1
-1
-1
1
1
9
11
11
11
11
13
11
7
7
3
3
5
5
5
7
3
3
3
-3
-1
5
3
3
-1
-1
9
7
7
5
7
7
17
17
17
19
27
31
39
37
47
49
43
55
65
69
69
73
71
73
73
65
67
63
65
65
55
55
53
49
45
45
47
47
59
57
53
53
53
57
65
67
79
83
89
97
101
99
97
95
91
91
87
89
89
89
81
73
75
79
79
79
79
75
75
75
75
73
77
69
69
75
75
85
85
87
93
85
81
83
83
91
101
97
97
93
95
97
97
97
97
93
91
83
85
85
85
87
85
95
95
99
93
93
99
101
101
103
107
117
125
117
117
113
117
123
119
119
119
115
115
117
125
125
119
119
119
119
125
121
117
119
119
111
115
127
127
129
125
133
135
143
145
151
151
151
149
155
149
151
153
151
151
149
149
149
149
143
149
151
151
141
141
133
133
127
127
131
127
127
125
131
131
131
127
127
127
127
123
123
127
127
129
135
135
133
133
139
145
145
149
155
147
145
145
147
147
147
137
137
137
131
131
131
131
131
131
131
131
131
135
137
151
143
143
143
143
139
137
133
139
137
141
141
141
145
147
145
145
137
137
133
131
125
127
127
129
125
125
117
123
117
125
127
137
139
149
151
155
151
151
151
151
143
143
147
139
141
135
131
143
141
141
139
137
139
129
125
123
127
113
113
107
113
115
119
125
121
121
115
113
113
119
119
119
123
123
125
121
119
121
127
127
127
125
117
111
107
107
111
111
107
109
113
117
109
109
113
109
107
103
109
109
99
99
107
113
111
111
113
111
111
109
113
119
117
119
121
121
127
127
125
115
131
135
139
139
137
141
139
141
147
147
149
141
145
147
145
147
145
139
131
125
121
115
123
123
129
129
135
135
141
137
139
139
143
145
149
149
159
159
161
167
171
177
183
183
177
177
169
165
161
161
165
165
165
157
157
157
155
149
149
161
159
161
161
153
155
155
155
151
151
155
155
151
155
159
157
159
159
165
165
157
153
153
151
151
151
143
143
143
145
151
153
151
149
151
145
145
145
145
141
147
151
151
145
145
143
135
143
141
141
145
143
145
141
143
143
137
133
133
129
129
139
139
135
135
137
137
137
133
133
125
125
125
133
145
145
145
149
149
149
149
157
157
161
163
163
163
163
155
153
155
155
161
161
155
147
147
147
139
139
143
141
129
129
131
127
127
119
113
121
121
115
111
109
109
109
107
101
97
97
97
97
103
103
111
113
113
115
115
113
111
111
111
109
111
103
103
103
103
103
105
105
105
105
109
109
109
113
113
125
123
117
123
121
123
125
125
125
135
131
133
137
133
133
129
125
125
135
131
135
135
135
137
135
137
139
137
137
139
139
141
141
141
141
141
141
143
147
155
157
147
147
141
141
139
139
139
141
151
149
157
161
165
167
163
163
173
173
173
175
171
171
171
171
171
177
181
189
191
191
191
199
201
201
205
205
193
201
205
205
213
213
215
215
215
215
215
211
211
211
207
207
207
207
201
201
201
199
187
181
181
185
191
187
191
195
195
193
193
193
189
189
193
203
209
211
215
215
215
215
215
211
215
211
219
219
217
213
213
211
207
207
207
207
207
211
211
217
209
219
223
221
211
215
217
217
213
209
209
211
211
217
221
221
213
209
203
203
203
203
203
207
205
201
213
215
211
213
213
203
201
201
201
203
191
195
197
197
193
199
191
191
187
189
191
195
191
197
197
197
191
191
191
195
193
199
199
183
183
183
195
197
197
201
197
191
195
189
193
201
207
207
207
207
207
219
219
215
215
215
211
213
215
213
213
213
211
215
215
209
203
193
203
211
211
211
209
207
213
217
215
217
211
211
211
201
187
197
197
193
197
191
191
191
193
185
185
183
183
185
185
185
189
189
193
193
193
197
197
195
205
199
211
211
211
203
213
207
209
209
207
201
201
201
201
205
205
205
207
203
209
203
211
217
223
223
223
225
225
229
239
231
223
229
227
219
219
205
205
203
203
203
193
193
193
189
189
187
187
183
193
191
187
185
185
185
189
191
195
195
189
195
201
201
205
201
201
197
191
199
203
203
209
217
221
227
237
229
229
233
229
223
221
221
221
213
213
209
209
209
215
217
223
223
223
223
217
223
223
231
231
231
233
241
243
249
243
243
235
235
233
233
231
225
225
233
221
219
223
223
223
219
219
219
229
225
221
221
215
211
213
215
221
213
211
211
211
219
227
227
235
237
235
247
247
247
239
235
235
233
235
235
237
237
229
229
233
233
233
235
227
217
225
227
235
243
243
243
241
243
243
239
229
229
227
225
221
221
221
221
221
221
221
223
223
217
217
223
221
221
219
221
215
215
211
213
211
211
203
203
199
199
199
203
205
205
203
205
203
205
197
201
201
203
201
205
205
205
199
209
213
209
217
215
207
201
203
201
201
191
203
203
199
193
195
195
189
185
193
195
203
203
199
187
185
185
185
185
189
189
189
189
189
179
171
171
169
169
165
161
161
175
171
165
173
173
173
173
177
177
175
179
175
175
177
177
177
177
179
179
183
177
175
175
175
173
173
167
167
161
159
161
161
161
161
165
165
165
169
169
165
165
167
171
173
173
177
183
183
183
187
185
185
183
183
181
181
179
175
169
173
171
171
171
177
183
187
183
185
179
183
185
185
193
189
189
179
179
179
177
179
175
181
189
189
189
189
181
181
185
185
193
189
199
195
199
199
203
209
209
219
217
223
215
219
219
219
219
219
219
219
215
215
213
211
211
205
203
207
213
213
215
215
221
221
217
215
219
229
231
233
233
229
227
227
211
209
209
211
213
213
211
211
213
213
213
227
223
217
225
223
229
225
223
217
221
219
223
223
223
227
235
245
245
249
243
247
251
251
251
261
265
271
271
269
265
267
261
261
269
271
273
273
269
265
265
263
271
273
263
263
263
261
261
261
257
249
247
233
237
237
237
243
239
239
245
245
243
241
241
245
241
247
249
257
257
267
269
275
275
275
287
289
289
295
289
291
291
291
297
297
295
295
299
309
311
303
303
303
297
297
293
291
291
291
295
295
295
295
295
295
299
299
299
301
299
303
307
309
301
301
287
291
293
289
289
283
285
295
295
295
295
295
295
297
299
299
297
297
295
287
297
297
301
301
299
299
293
295
295
291
295
297
301
293
297
299
291
297
299
291
293
291
297
305
295
295
285
277
277
275
275
281
281
283
283
289
289
291
287
289
283
281
287
295
299
299
303
301
297
303
305
303
309
311
313
319
319
321
321
315
317
317
309
317
317
317
319
317
319
319
319
323
327
327
325
319
319
313
311
317
317
317
317
323
329
329
331
329
323
321
325
325
321
321
315
315
313
313
309
305
305
299
303
303
291
295
295
295
293
291
281
281
291
283
295
307
313
313
317
319
309
305
305
305
301
303
303
299
305
305
303
303
291
303
309
307
305
295
295
301
297
295
295
295
291
295
293
285
285
281
281
271
273
269
281
287
279
281
281
277
267
267
261
261
265
267
267
267
267
271
269
269
259
259
259
259
259
259
265
265
263
269
267
265
275
273
271
275
273
269
269
271
271
275
277
275
277
277
277
277
277
277
277
277
281
281
283
283
289
285
283
283
283
283
285
285
287
287
287
285
289
281
289
289
291
295
295
291
295
293
293
287
279
267
267
267
269
273
273
271
273
277
275
275
275
269
269
279
279
283
279
277
283
289
281
277
277
277
279
291
279
275
277
277
265
265
271
273
265
257
255
259
257
257
257
257
255
255
257
247
245
243
249
249
257
257
261
251
251
251
259
259
257
255
263
257
263
267
265
263
263
265
269
269
269
267
273
271
263
271
271
263
265
265
265
265
281
279
279
279
273
273
273
273
267
261
251
253
245
239
235
245
245
241
237
237
243
241
233
239
239
245
245
235
235
233
233
225
221
217
211
211
213
213
207
195
195
195
183
187
189
189
189
189
195
187
191
191
195
195
193
201
195
205
215
215
215
215
203
199
197
191
183
183
183
183
183
179
183
183
177
169
177
177
181
181
177
177
169
163
171
171
171
167
173
167
167
167
171
163
157
157
155
155
147
147
147
147
147
147
151
151
137
143
147
143
143
137
129
129
131
131
131
131
131
137
137
129
129
129
131
125
135
135
139
139
139
139
139
145
145
145
145
143
145
143
143
137
135
139
151
151
151
149
149
149
145
145
141
133
127
137
135
133
137
135
135
135
141
139
137
149
147
147
147
147
147
147
131
125
119
119
127
129
131
135
135
139
139
139
141
149
141
147
137
135
131
137
129
127
137
143
145
135
135
135
139
141
147
141
147
147
147
147
145
161
169
167
163
165
171
171
173
173
175
175
179
177
179
183
183
183
185
193
193
195
197
203
203
203
203
203
205
205
209
215
227
219
219
229
225
223
227
227
231
233
233
247
249
249
245
247
249
249
251
247
239
239
239
243
243
243
247
257
257
263
263
255
255
259
259
259
259
259
259
257
259
251
241
231
231
231
231
229
225
219
221
209
223
223
225
225
229
229
229
229
227
225
225
225
223
217
217
213
211
209
209
207
203
203
207
205
209
219
219
223
215
209
213
213
225
217
217
209
205
205
211
211
211
215
213
213
219
223
223
219
219
219
219
211
207
211
205
205
199
207
207
211
203
199
193
183
187
183
183
185
189
189
187
187
193
193
197
201
211
211
209
211
213
213
205
205
205
207
209
215
225
223
227
225
223
231
231
233
233
235
235
235
231
231
231
227
229
229
227
225
221
221
221
211
213
217
217
211
213
217
217
215
215
215
217
221
221
227
229
225
231
233
227
231
223
223
217
209
219
215
215
215
221
213
211
213
213
197
195
195
195
195
195
199
193
197
197
197
193
193
191
199
207
207
201
199
201
201
205
201
199
207
213
209
211
211
205
203
205
205
205
201
201
203
205
197
195
195
195
199
209
203
203
191
187
187
191
191
185
185
183
193
193
195
195
201
201
201
203
203
205
205
195
195
193
193
193
193
195
197
195
199
201
199
199
199
203
209
199
199
209
209
209
209
205
205
215
215
215
213
213
207
199
197
199
211
207
207
209
211
217
221
229
231
225
225
223
223
223
223
219
213
211
211
213
221
207
211
217
217
217
231
235
235
235
237
237
247
241
249
249
249
249
249
245
247
247
253
253
253
245
247
247
253
253
255
255
249
249
257
257
255
255
263
267
269
267
267
265
265
255
263
263
263
271
271
271
269
275
269
275
275
273
273
273
273
273
273
275
279
279
279
279
291
287
287
289
293
285
281
281
285
285
285
285
293
293
289
289
289
289
287
289
291
291
291
287
287
287
283
283
283
283
283
283
293
291
283
271
277
261
261
263
263
269
269
263
263
259
259
249
243
247
247
251
243
241
245
245
241
239
237
243
243
249
251
251
253
259
259
259
265
255
255
259
259
263
263
263
271
267
267
267
267
271
267
265
265
261
261
267
271
277
281
281
277
277
283
283
287
283
291
291
295
281
271
271
277
279
279
277
273
275
271
269
269
269
269
269
269
269
267
265
271
261
261
261
263
263
261
261
261
269
273
273
267
269
269
269
263
255
251
251
259
253
249
245
237
237
235
235
241
237
239
235
235
229
221
219
215
217
215
223
227
221
217
217
217
215
209
211
211
209
209
213
215
215
213
213
211
209
199
199
193
201
197
201
201
201
195
193
193
193
195
195
191
191
191
179
179
183
187
183
187
187
177
183
173
171
169
167
169
177
177
169
165
171
171
171
171
167
167
171
171
169
173
177
173
165
163
161
167
161
157
157
157
159
159
159
163
151
151
141
141
141
139
141
139
139
143
143
135
133
135
135
135
133
129
133
139
147
149
149
155
157
161
161
161
165
155
155
145
145
139
143
141
143
143
143
149
155
155
159
163
167
171
171
171
171
171
167
165
159
167
171
171
163
155
155
157
157
147
151
167
167
165
165
169
169
169
171
171
159
159
149
157
157
151
137
133
139
139
133
129
129
139
135
137
135
127
133
133
139
139
139
143
149
149
149
151
151
145
135
133
133
135
135
135
135
135
129
137
137
133
133
133
129
135
133
129
129
135
137
133
127
127
127
129
129
135
121
125
131
137
145
145
149
157
157
159
165
173
173
169
169
167
169
173
173
171
175
171
159
159
159
151
147
143
135
129
129
127
127
127
129
121
121
127
127
117
117
107
99
99
99
101
101
113
105
105
105
109
113
113
115
111
111
99
99
93
105
109
117
115
111
111
111
111
111
103
99
99
89
89
91
91
95
91
95
93
101
99
101
105
107
111
107
107
107
105
113
119
125
127
127
127
129
129
127
127
133
133
133
137
137
137
145
141
141
141
145
141
137
137
139
137
137
127
129
121
133
139
137
137
133
129
129
125
131
131
135
129
131
127
127
133
127
129
129
123
129
121
117
117
109
109
109
117
117
127
129
129
135
131
127
123
123
127
117
115
115
117
121
121
121
115
121
121
121
125
121
125
121
113
113
107
105
101
105
105
103
105
105
103
95
97
95
95
101
101
101
111
111
105
107
121
117
127
129
137
147
147
153
149
145
143
141
145
139
139
139
135
145
147
147
143
141
135
135
135
139
139
141
141
143
143
145
147
139
143
141
133
121
121
121
115
107
107
113
113
115
105
105
101
105
103
103
103
113
113
113
115
111
111
101
101
103
103
109
109
115
111
115
117
111
111
113
125
125
125
125
123
121
133
133
133
125
125
125
125
135
137
133
133
133
135
131
131
133
127
127
129
133
141
141
141
153
143
143
143
147
149
145
141
141
139
139
133
133
133
133
143
141
137
147
149
145
145
139
139
133
133
135
135
135
133
129
129
129
131
127
129
141
143
147
145
149
149
147
149
151
151
139
137
137
131
123
127
127
127
127
133
135
129
129
133
145
145
137
135
129
129
129
133
133
141
147
147
155
155
155
151
149
155
149
149
153
155
157
155
145
145
149
159
159
159
169
159
151
151
151
143
139
139
147
147
147
145
145
145
133
145
153
155
155
157
157
153
153
141
139
135
137
149
149
155
161
153
153
143
149
149
149
145
145
155
153
155
155
153
151
151
151
143
143
149
149
149
159
159
159
159
153
153
153
153
161
161
163
163
161
169
167
167
177
183
183
189
179
171
173
171
169
165
161
165
165
155
153
153
153
153
157
157
157
155
161
161
161
159
155
155
145
143
147
149
149
157
157
157
169
169
161
161
161
173
173
169
171
171
161
165
165
159
159
159
147
147
147
151
143
143
143
141
135
135
131
131
123
127
133
133
133
125
125
121
123
119
115
117
125
125
119
129
135
145
137
133
147
147
153
153
153
161
167
161
163
163
163
163
163
163
161
161
167
167
167
167
167
165
181
173
173
175
167
167
163
163
161
169
177
177
177
177
183
185
181
181
175
169
169
171
171
171
171
171
171
183
183
175
171
163
169
163
161
161
157
157
167
159
159
161
163
159
161
157
159
161
165
159
159
161
155
155
145
137
137
131
127
123
119
121
121
121
111
111
111
111
111
119
119
123
123
131
131
127
135
139
145
153
153
151
137
137
133
133
133
127
129
131
131
125
133
133
125
121
125
123
123
119
119
119
119
119
125
125
121
129
129
131
127
131
131
127
127
129
137
131
131
127
127
125
125
133
127
123
121
119
127
137
137
143
143
143
145
137
133
133
139
149
145
139
139
139
145
149
149
151
151
147
149
149
157
157
157
147
143
141
141
135
135
135
139
137
137
133
133
133
127
135
133
133
135
135
117
109
115
123
127
121
125
125
125
115
115
111
113
113
119
115
115
115
115
117
117
117
117
111
111
113
123
127
123
127
111
111
113
113
109
103
111
113
125
125
117
121
119
125
121
113
121
121
123
123
127
133
139
137
135
135
135
141
141
143
159
167
167
163
157
157
157
159
159
159
155
147
149
149
141
139
135
135
131
125
129
127
123
115
123
117
117
117
111
111
117
117
111
111
111
111
123
123
121
121
113
113
119
121
123
123
123
123
123
113
117
111
109
117
123
125
125
125
125
127
121
117
111
111
115
121
121
121
121
121
121
121
121
127
133
133
141
133
137
141
149
159
159
171
169
163
165
165
165
161
163
163
163
171
167
159
159
159
159
163
159
159
159
169
169
169
165
169
179
175
173
173
173
173
173
169
169
171
171
173
173
189
189
189
189
187
197
201
193
199
201
209
207
207
207
207
207
203
203
203
211
211
215
219
221
209
207
211
217
219
225
225
227
225
225
229
225
231
245
245
243
243
243
243
243
243
245
245
245
245
243
243
247
241
251
261
263
267
267
273
271
271
273
275
269
267
277
267
261
261
261
261
259
267
261
255
251
255
253
261
261
265
265
265
263
265
265
261
267
259
259
253
255
257
259
267
261
261
259
261
261
267
267
267
267
263
263
261
277
277
277
277
279
281
271
255
255
251
237
223
223
223
217
221
233
233
233
233
233
227
229
231
237
237
237
237
243
243
239
239
241
243
239
239
235
237
231
221
223
219
219
215
221
235
235
235
235
233
233
243
239
243
243
251
255
255
261
253
247
243
243
243
243
249
247
239
233
233
233
227
233
231
221
221
221
223
211
211
211
211
211
215
205
205
205
219
217
211
209
209
213
215
225
227
229
235
235
223
235
235
235
247
247
249
249
249
239
239
243
237
231
239
239
239
235
227
231
231
233
243
243
243
245
247
243
243
243
243
243
245
237
237
239
231
231
235
235
229
229
229
225
235
235
235
227
227
227
233
241
247
247
247
257
257
257
245
243
235
235
235
235
227
231
229
239
253
253
253
251
253
251
251
245
247
243
245
245
245
247
257
253
251
251
243
249
249
253
253
259
259
257
257
259
259
259
261
265
271
273
273
275
281
285
285
285
285
293
293
285
285
285
289
289
289
285
283
279
271
275
281
281
281
277
277
285
291
295
293
295
295
295
295
295
295
289
289
289
289
287
293
303
297
285
287
279
275
269
273
273
273
277
271
271
269
271
271
279
265
265
265
269
273
273
279
279
281
269
271
271
267
269
281
281
291
291
291
289
287
287
291
285
285
287
285
285
289
289
279
293
293
289
295
295
297
287
291
291
291
291
287
289
291
299
299
297
297
305
305
305
301
313
321
319
323
329
331
323
319
313
305
305
301
301
301
301
295
303
301
301
301
299
299
295
303
295
291
287
287
293
295
289
293
293
295
293
293
293
293
293
293
289
289
285
289
289
289
295
297
293
301
301
297
293
301
305
305
305
305
309
313
313
315
315
313
311
303
297
299
297
295
295
295
295
295
289
279
275
275
275
277
269
263
255
255
247
247
251
251
253
253
259
257
261
263
277
273
271
259
259
255
251
251
247
243
233
229
223
221
223
217
221
217
221
231
239
243
247
245
249
241
233
237
247
241
247
247
239
241
231
237
239
243
237
233
235
237
235
233
235
239
247
257
249
261
263
265
271
265
265
265
261
261
261
261
253
243
239
239
235
241
241
241
253
257
259
251
251
249
253
243
243
239
237
225
225
225
221
217
219
225
225
225
227
235
239
245
255
253
265
265
253
253
257
257
257
263
265
271
275
275
283
279
281
279
279
281
279
271
275
277
283
283
281
273
273
263
263
251
251
245
255
253
267
261
261
257
259
259
249
249
249
249
255
259
263
263
259
269
269
269
271
259
259
257
257
259
263
257
269
271
281
281
277
275
275
275
267
279
273
277
277
287
283
289
289
293
291
291
285
277
271
273
281
283
289
281
279
285
285
293
287
281
285
289
287
285
285
285
285
295
295
297
311
309
307
299
301
305
307
307
307
307
307
317
317
313
317
321
329
329
325
327
325
329
323
323
317
317
321
323
323
323
319
319
313
313
305
295
295
293
293
291
287
287
287
289
289
289
281
279
279
283
277
277
283
281
273
283
277
271
271
273
273
265
265
259
263
263
263
269
265
265
265
273
271
273
285
283
287
287
287
275
273
275
277
277
271
277
277
265
261
261
261
265
265
253
253
251
247
239
233
249
241
245
245
235
251
239
241
241
239
241
241
235
235
227
219
219
219
219
221
221
227
221
225
227
227
237
231
227
223
217
217
217
219
219
213
211
205
195
191
177
181
177
185
193
197
193
197
193
185
181
181
179
179
179
179
179
179
181
175
175
179
169
169
177
177
179
179
165
167
171
171
171
171
171
165
165
165
163
157
157
157
157
153
153
151
151
157
157
153
157
157
159
159
163
169
167
167
167
163
153
149
149
149
149
149
155
151
159
155
155
157
157
157
161
157
161
159
159
147
139
131
131
129
129
133
131
123
123
123
125
121
123
129
117
125
125
125
127
125
127
119
119
131
121
117
115
125
125
125
125
127
117
115
115
111
107
107
103
97
97
99
93
83
83
81
79
79
79
77
77
75
81
81
73
73
73
81
85
87
87
91
83
75
75
75
77
81
87
87
85
85
83
87
91
89
89
89
77
75
79
79
79
79
77
71
69
65
69
61
61
61
61
65
65
65
63
67
71
71
71
67
61
59
53
61
65
71
77
77
83
77
77
77
79
83
83
85
85
89
101
97
97
101
101
97
97
103
105
105
101
105
107
105
105
105
105
105
107
101
113
111
107
117
117
115
111
121
121
121
121
123
111
107
111
107
107
107
99
99
99
101
105
111
107
107
105
105
115
115
113
111
109
109
109
105
105
105
105
109
107
107
117
105
105
105
105
101
101
101
109
109
109
107
107
107
105
107
107
107
101
105
99
95
99
99
99
99
103
103
99
93
91
85
79
79
79
81
75
67
71
71
67
73
67
69
69
75
75
75
81
85
85
83
89
87
85
73
83
85
95
89
89
85
85
85
83
79
85
85
85
87
97
95
87
87
87
91
81
79
79
73
73
71
71
71
71
67
73
65
69
65
65
65
75
75
85
85
89
89
77
81
75
79
81
83
77
79
81
89
89
85
85
79
85
85
85
85
91
91
91
97
89
91
103
109
109
107
107
105
107
113
113
119
117
117
115
105
107
115
111
101
101
103
103
105
111
109
113
115
111
111
111
111
109
109
105
105
101
97
97
97
95
95
95
93
99
99
105
91
91
93
97
107
107
115
117
119
131
129
135
131
131
133
131
119
117
125
131
131
131
131
121
115
113
119
123
123
123
113
121
121
115
119
111
105
85
83
77
81
81
75
75
79
81
77
77
75
79
77
87
87
87
83
81
81
93
93
89
89
89
93
99
103
103
103
103
101
107
107
99
101
109
113
113
119
119
111
109
111
111
111
111
107
103
95
105
101
99
103
101
107
103
107
103
99
99
99
93
93
93
93
93
93
97
97
97
97
105
105
109
103
109
113
113
113
123
117
117
115
117
117
119
119
119
125
125
125
121
125
121
113
121
123
123
123
115
123
123
125
121
117
117
117
119
119
127
125
125
125
127
127
127
131
135
135
141
131
139
141
137
141
141
137
133
125
127
131
131
133
133
131
127
137
133
145
149
149
149
157
165
159
169
169
177
177
171
179
179
179
183
179
179
177
167
171
171
167
165
165
165
171
167
165
171
171
175
175
177
177
177
173
167
167
163
163
169
159
159
163
147
147
151
153
153
147
163
157
163
175
167
157
155
145
145
143
143
137
137
145
147
147
149
145
145
135
133
133
129
127
123
119
119
119
121
127
135
133
127
129
133
133
133
131
133
143
143
141
139
139
135
135
139
139
131
129
135
139
139
139
139
137
143
143
147
147
153
155
149
149
141
147
147
145
149
149
147
149
149
139
139
133
131
135
131
123
127
119
117
117
115
115
119
133
133
129
133
131
131
125
123
123
123
123
123
119
117
107
109
115
115
115
115
111
111
109
105
103
103
109
109
117
121
121
119
119
119
127
127
123
123
127
129
123
133
133
133
129
133
133
133
131
143
143
143
147
147
147
149
145
151
151
153
157
153
149
143
143
143
153
145
145
153
147
163
163
171
167
167
177
173
165
161
163
155
159
159
163
171
177
169
169
169
161
165
169
179
173
173
167
165
161
173
171
171
171
177
177
177
183
187
181
181
181
187
189
195
195
193
187
187
189
185
181
185
185
195
183
183
179
183
187
187
199
197
193
193
197
203
215
207
213
213
217
217
215
215
215
215
209
209
209
205
205
203
197
199
203
201
201
207
211
219
215
209
209
209
209
209
209
209
211
209
209
209
209
211
205
207
207
213
219
233
233
233
233
233
231
231
231
233
241
249
249
249
249
259
269
267
267
267
261
261
267
267
267
267
267
267
265
265
269
269
273
273
273
273
271
275
273
267
269
275
275
281
281
279
275
275
275
279
279
283
289
279
279
279
279
279
279
279
275
281
281
279
269
285
285
293
289
287
283
285
285
285
285
285
287
287
285
285
281
281
295
295
303
303
307
305
299
295
299
299
299
299
293
293
299
297
301
303
307
311
323
321
321
325
321
321
325
327
333
337
333
333
333
327
321
321
317
323
323
321
321
323
331
329
331
329
329
329
329
327
327
323
331
339
337
337
333
331
327
329
329
331
331
333
327
327
327
329
325
327
327
337
333
335
337
325
319
319
323
323
323
331
325
319
315
313
319
311
311
305
305
301
293
293
293
289
281
281
277
281
283
285
285
285
287
287
287
291
295
287
285
283
281
281
279
277
277
277
273
269
273
265
265
259
261
269
257
247
233
237
249
249
255
255
255
249
243
237
227
213
209
209
209
205
205
205
199
199
199
203
211
203
203
197
191
201
195
195
207
207
203
199
201
209
211
215
213
213
211
211
221
219
221
221
225
217
221
219
219
219
219
219
225
229
227
229
235
223
223
223
231
231
227
225
225
227
223
223
219
219
227
227
225
225
225
225
233
229
217
209
217
217
217
223
221
217
217
217
219
219
223
217
213
213
217
225
231
233
243
247
251
251
251
251
245
241
245
245
245
237
237
237
249
233
237
241
245
237
235
241
245
241
239
239
239
239
241
243
231
237
227
235
235
245
235
235
233
233
229
223
223
219
213
213
213
221
221
225
213
213
221
225
217
213
225
231
231
237
241
239
251
253
257
253
257
255
255
255
247
245
245
245
245
239
249
253
259
269
271
275
277
271
275
265
263
273
275
285
285
293
293
297
297
297
293
295
295
295
293
289
295
295
295
293
293
295
301
309
311
311
319
319
325
331
335
335
335
335
329
319
313
307
309
307
297
307
309
311
311
309
305
301
297
297
297
293
293
293
293
293
303
307
307
301
303
295
289
289
283
287
287
287
283
275
273
267
263
269
267
263
257
259
261
261
263
263
255
251
253
259
257
257
251
251
251
251
243
243
241
245
245
253
261
259
253
249
251
251
255
267
269
267
273
267
265
269
269
265
277
275
277
273
267
267
273
273
271
275
269
269
257
261
261
265
257
257
257
253
253
253
259
259
261
265
259
259
253
249
243
247
249
243
239
243
243
255
253
253
257
257
255
255
243
249
249
247
247
247
249
259
263
269
275
273
263
263
255
255
255
263
265
267
267
261
265
265
261
261
273
273
273
265
265
265
265
267
279
281
281
281
281
281
281
277
285
285
285
285
279
279
281
283
283
293
293
295
295
303
301
301
305
301
291
285
279
279
271
271
279
277
287
285
289
289
289
289
283
281
283
273
273
273
273
281
283
291
291
291
291
297
297
295
295
287
287
289
287
287
289
283
281
277
271
267
261
265
267
271
279
279
283
285
291
287
287
281
279
279
279
275
275
277
281
271
279
265
265
265
261
261
255
249
249
251
257
257
257
257
249
255
255
249
249
245
247
243
251
251
249
249
255
263
263
271
269
271
279
283
279
279
281
279
279
273
271
271
271
273
269
267
267
271
271
277
287
287
291
287
281
287
293
299
301
305
303
309
307
307
311
303
301
299
303
303
287
289
293
285
289
289
287
289
285
293
299
301
301
295
301
301
305
309
309
307
307
311
307
313
313
305
307
315
317
313
315
315
323
323
317
317
325
327
333
329
329
329
331
337
339
339
341
345
339
339
339
339
343
343
347
347
347
341
341
353
349
341
335
329
325
325
323
323
325
327
329
337
337
343
341
337
337
333
333
335
333
321
321
329
329
329
329
339
339
341
341
341
339
339
337
349
349
343
335
335
331
331
329
329
333
333
331
325
327
319
309
315
311
315
311
317
327
327
331
339
339
339
335
333
333
329
333
329
325
331
331
331
331
325
325
333
329
333
339
327
325
325
329
333
333
335
333
333
323
329
329
329
325
313
313
313
307
305
303
299
293
291
289
289
289
289
289
283
289
297
307
301
297
303
305
299
295
285
289
289
291
291
293
283
283
277
277
273
273
273
269
265
265
251
251
247
247
261
263
259
271
271
269
269
265
263
255
253
257
259
257
261
263
259
259
265
265
261
261
261
269
277
267
263
269
279
279
283
283
293
301
301
299
293
293
303
301
303
305
309
309
311
309
305
313
313
313
319
309
303
303
303
297
307
301
305
305
311
311
303
303
307
303
315
311
311
309
309
315
315
315
323
323
321
321
331
333
333
327
331
331
329
329
329
325
325
329
327
337
337
337
339
335
339
347
341
345
345
