-10474
-10462
-10450
-10444
-10444
-10444
-10436
-10430
-10432
-10424
-10418
-10418
-10416
-10404
-10404
-10404
-10404
-10404
-10400
-10396
-10390
-10382
-10370
-10354
-10354
-10348
-10340
-10338
-10330
-10316
-10308
-10312
-10306
-10302
-10294
-10294
-10292
-10282
-10282
-10274
-10270
-10264
-10258
-10244
-10244
-10238
-10234
-10234
-10228
-10220
-10210
-10196
-10188
-10180
-10176
-10168
-10168
-10168
-10172
-10172
-10166
-10152
-10152
-10142
-10142
-10134
-10134
-10124
-10116
-10108
-10104
-10096
-10078
-10064
-10072
-10072
-10066
-10062
-10062
-10062
-10056
-10050
-10042
-10034
-10028
-10022
-10012
-10006
-9992
-9992
-9988
-9978
-9974
-9962
-9962
-9952
-9942
-9946
-9936
-9926
-9922
-9914
-9908
-9900
-9892
-9880
-9872
-9870
-9870
-9862
-9850
-9844
-9844
-9844
-9840
-9840
-9838
-9838
-9828
-9834
-9832
-9824
-9820
-9818
-9810
-9802
-9794
-9778
-9782
-9772
-9772
-9762
-9760
-9760
-9756
-9752
-9744
-9744
-9738
-9738
-9738
-9740
-9734
-9730
-9722
-9714
-9702
-9698
-9692
-9688
-9674
-9664
-9660
-9656
-9642
-9636
-9626
-9622
-9616
-9608
-9600
-9596
-9588
-9582
-9582
-9572
-9562
-9552
-9554
-9550
-9548
-9540
-9538
-9538
-9536
-9532
-9534
-9528
-9526
-9522
-9522
-9524
-9516
-9516
-9510
-9506
-9500
-9496
-9478
-9466
-9456
-9456
-9458
-9452
-9446
-9446
-9442
-9442
-9432
-9426
-9418
-9408
-9398
-9386
-9376
-9372
-9358
-9340
-9338
-9336
-9336
-9324
-9320
-9310
-9310
-9308
-9296
-9292
-9286
-9276
-9272
-9272
-9266
-9254
-9250
-9244
-9244
-9232
-9226
-9222
-9226
-9226
-9218
-9222
-9222
-9224
-9220
-9208
-9216
-9212
-9212
-9202
-9202
-9200
-9192
-9186
-9188
-9182
-9168
-9152
-9150
-9150
-9150
-9142
-9136
-9130
-9120
-9112
-9102
-9086
-9080
-9068
-9058
-9046
-9038
-9038
-9038
-9034
-9030
-9024
-9020
-9018
-9018
-9014
-9014
-9002
-8998
-8988
-8988
-8974
-8966
-8966
-8966
-8964
-8970
-8960
-8956
-8946
-8936
-8920
-8914
-8914
-8904
-8898
-8890
-8890
-8892
-8886
-8874
-8872
-8870
-8866
-8860
-8848
-8848
-8848
-8842
-8842
-8828
-8828
-8828
-8830
-8838
-8838
-8832
-8826
-8818
-8812
-8812
-8812
-8812
-8812
-8808
-8806
-8802
-8802
-8804
-8800
-8792
-8782
-8780
-8774
-8772
-8778
-8768
-8762
-8752
-8752
-8752
-8752
-8742
-8742
-8732
-8732
-8718
-8714
-8714
-8702
-8694
-8694
-8678
-8676
-8676
-8668
-8662
-8654
-8646
-8642
-8640
-8638
-8638
-8634
-8622
-8612
-8612
-8600
-8590
-8592
-8586
-8574
-8572
-8568
-8558
-8556
-8554
-8546
-8542
-8542
-8538
-8524
-8516
-8516
-8508
-8508
-8502
-8498
-8488
-8474
-8464
-8472
-8472
-8472
-8462
-8450
-8442
-8442
-8438
-8424
-8416
-8416
-8416
-8420
-8422
-8420
-8412
-8402
-8408
-8400
-8400
-8396
-8396
-8396
-8392
-8378
-8364
-8360
-8360
-8358
-8358
-8352
-8348
-8336
-8322
-8320
-8322
-8318
-8308
-8306
-8290
-8276
-8276
-8266
-8254
-8256
-8256
-8250
-8250
-8238
-8228
-8232
-8234
-8236
-8232
-8232
-8232
-8230
-8230
-8230
-8222
-8214
-8210
-8210
-8210
-8200
-8198
-8186
-8186
-8184
-8174
-8162
-8158
-8150
-8142
-8138
-8132
-8124
-8124
-8114
-8114
-8112
-8102
-8094
-8086
-8086
-8086
-8076
-8072
-8074
-8070
-8062
-8058
-8056
-8052
-8052
-8044
-8036
-8036
-8036
-8036
-8036
-8036
-8028
-8028
-8024
-8020
-8010
-8000
-7994
-7994
-7988
-7974
-7966
-7966
-7960
-7958
-7948
-7942
-7942
-7934
-7934
-7924
-7920
-7912
-7908
-7908
-7900
-7884
-7882
-7882
-7882
-7876
-7874
-7866
-7866
-7856
-7850
-7846
-7842
-7840
-7846
-7842
-7836
-7828
-7828
-7818
-7806
-7806
-7802
-7798
-7786
-7778
-7774
-7766
-7758
-7752
-7748
-7736
-7736
-7732
-7726
-7728
-7722
-7712
-7716
-7714
-7704
-7690
-7676
-7676
-7664
-7660
-7660
-7650
-7652
-7656
-7642
-7646
-7634
-7630
-7622
-7618
-7610
-7604
-7600
-7590
-7590
-7580
-7576
-7570
-7566
-7552
-7546
-7540
-7538
-7530
-7530
-7530
-7520
-7516
-7522
-7518
-7518
-7518
-7512
-7512
-7508
-7508
-7498
-7490
-7494
-7494
-7494
-7480
-7468
-7460
-7464
-7464
-7464
-7452
-7450
-7438
-7434
-7434
-7420
-7418
-7414
-7406
-7414
-7408
-7408
-7400
-7392
-7386
-7384
-7378
-7366
-7370
-7370
-7370
-7364
-7360
-7356
-7354
-7354
-7354
-7354
-7346
-7342
-7336
-7320
-7308
-7304
-7288
-7284
-7282
-7282
-7274
-7262
-7262
-7258
-7262
-7262
-7256
-7250
-7236
-7230
-7230
-7228
-7224
-7224
-7214
-7210
-7206
-7196
-7198
-7190
-7194
-7186
-7192
-7190
-7198
-7196
-7184
-7176
-7172
-7172
-7170
-7170
-7170
-7154
-7152
-7148
-7140
-7142
-7130
-7128
-7114
-7110
-7106
-7100
-7098
-7090
-7088
-7088
-7078
-7078
-7066
-7058
-7058
-7048
-7054
-7044
-7040
-7040
-7042
-7042
-7042
-7040
-7032
-7020
-7028
-7028
-7018
-7012
-7012
-7008
-7010
-7000
-7002
-7000
-6992
-6994
-6984
-6984
-6980
-6972
-6958
-6950
-6950
-6942
-6938
-6940
-6942
-6940
-6930
-6918
-6916
-6914
-6902
-6890
-6880
-6874
-6874
-6868
-6854
-6846
-6844
-6838
-6842
-6830
-6822
-6812
-6816
-6812
-6812
-6802
-6796
-6798
-6792
-6790
-6788
-6788
-6788
-6788
-6792
-6790
-6790
-6778
-6782
-6786
-6778
-6772
-6770
-6772
-6780
-6780
-6774
-6766
-6754
-6744
-6734
-6734
-6726
-6716
-6702
-6690
-6684
-6680
-6680
-6680
-6680
-6680
-6670
-6660
-6648
-6640
-6636
-6634
-6630
-6620
-6606
-6606
-6590
-6582
-6582
-6572
-6562
-6566
-6560
-6546
-6540
-6540
-6540
-6538
-6526
-6526
-6518
-6516
-6516
-6506
-6506
-6506
-6496
-6486
-6488
-6488
-6488
-6480
-6472
-6474
-6454
-6444
-6440
-6434
-6434
-6432
-6432
-6428
-6418
-6410
-6404
-6406
-6404
-6404
-6398
-6398
-6394
-6398
-6398
-6392
-6384
-6384
-6384
-6378
-6374
-6372
-6368
-6368
-6362
-6354
-6340
-6334
-6330
-6334
-6328
-6330
-6318
-6308
-6310
-6310
-6302
-6302
-6310
-6298
-6292
-6290
-6290
-6290
-6290
-6286
-6288
-6282
-6280
-6280
-6278
-6280
-6280
-6274
-6270
-6262
-6256
-6252
-6260
-6256
-6240
-6230
-6228
-6232
-6232
-6224
-6220
-6220
-6224
-6220
-6220
-6220
-6216
-6200
-6194
-6190
-6190
-6184
-6172
-6162
-6162
-6162
-6158
-6154
-6148
-6140
-6140
-6134
-6122
-6108
-6100
-6100
-6096
-6094
-6082
-6082
-6074
-6072
-6056
-6054
-6054
-6040
-6028
-6024
-6020
-6020
-6018
-6026
-6026
-6024
-6022
-6012
-6014
-6002
-6002
-5996
-5998
-5998
-5998
-5992
-5978
-5974
-5974
-5958
-5946
-5946
-5940
-5940
-5944
-5940
-5940
-5938
-5938
-5934
-5934
-5930
-5934
-5934
-5926
-5924
-5924
-5908
-5898
-5898
-5888
-5882
-5878
-5878
-5866
-5862
-5854
-5846
-5836
-5836
-5832
-5832
-5832
-5832
-5828
-5828
-5818
-5810
-5814
-5806
-5808
-5802
-5802
-5796
-5794
-5794
-5794
-5792
-5786
-5772
-5766
-5766
-5770
-5764
-5762
-5762
-5758
-5758
-5752
-5746
-5738
-5730
-5738
-5722
-5722
-5718
-5710
-5706
-5704
-5702
-5706
-5706
-5704
-5704
-5704
-5696
-5702
-5692
-5692
-5698
-5698
-5688
-5682
-5680
-5680
-5674
-5670
-5664
-5668
-5654
-5652
-5648
-5646
-5646
-5638
-5632
-5630
-5630
-5626
-5624
-5624
-5614
-5602
-5600
-5594
-5598
-5600
-5604
-5596
-5584
-5576
-5578
-5564
-5560
-5560
-5558
-5548
-5544
-5544
-5540
-5534
-5536
-5536
-5536
-5536
-5536
-5528
-5528
-5520
-5510
-5496
-5498
-5496
-5492
-5488
-5482
-5474
-5468
-5468
-5460
-5460
-5450
-5442
-5432
-5428
-5424
-5418
-5418
-5414
-5414
-5408
-5406
-5404
-5402
-5406
-5406
-5410
-5406
-5404
-5404
-5404
-5404
-5404
-5406
-5400
-5392
-5392
-5384
-5382
-5384
-5380
-5380
-5382
-5374
-5374
-5378
-5374
-5370
-5366
-5358
-5352
-5338
-5324
-5330
-5330
-5324
-5318
-5324
-5316
-5316
-5312
-5316
-5318
-5314
-5308
-5298
-5290
-5282
-5282
-5286
-5278
-5264
-5264
-5252
-5248
-5250
-5242
-5230
-5224
-5224
-5224
-5218
-5216
-5220
-5212
-5222
-5218
-5210
-5210
-5206
-5202
-5210
-5194
-5194
-5194
-5194
-5196
-5190
-5192
-5186
-5186
-5184
-5184
-5198
-5196
-5196
-5192
-5192
-5186
-5182
-5178
-5176
-5176
-5176
-5174
-5170
-5174
-5170
-5154
-5152
-5146
-5146
-5140
-5130
-5124
-5122
-5118
-5110
-5104
-5106
-5106
-5106
-5100
-5096
-5096
-5098
-5092
-5092
-5092
-5092
-5088
-5080
-5072
-5066
-5062
-5050
-5044
-5054
-5056
-5050
-5050
-5048
-5048
-5048
-5056
-5042
-5026
-5022
-5018
-5020
-5020
-5012
-5016
-5010
-5006
-5004
-4996
-4998
-4988
-4988
-4982
-4972
-4968
-4966
-4966
-4966
-4956
-4960
-4954
-4954
-4946
-4932
-4916
-4916
-4900
-4890
-4884
-4870
-4876
-4874
-4868
-4864
-4864
-4868
-4868
-4868
-4860
-4856
-4846
-4834
-4826
-4820
-4820
-4820
-4822
-4816
-4818
-4816
-4822
-4822
-4812
-4810
-4802
-4794
-4786
-4778
-4776
-4762
-4758
-4754
-4742
-4732
-4738
-4738
-4734
-4720
-4724
-4712
-4712
-4706
-4710
-4708
-4708
-4708
-4708
-4708
-4702
-4696
-4688
-4690
-4684
-4678
-4672
-4668
-4668
-4668
-4662
-4662
-4648
-4646
-4646
-4646
-4642
-4644
-4642
-4638
-4638
-4632
-4632
-4632
-4628
-4618
-4614
-4614
-4614
-4612
-4610
-4602
-4602
-4602
-4590
-4580
-4574
-4576
-4568
-4566
-4556
-4538
-4534
-4534
-4526
-4514
-4502
-4488
-4496
-4496
-4488
-4482
-4482
-4476
-4468
-4462
-4454
-4450
-4450
-4450
-4450
-4458
-4452
-4444
-4450
-4452
-4450
-4450
-4446
-4436
-4426
-4422
-4420
-4412
-4408
-4406
-4398
-4398
-4400
-4398
-4398
-4398
-4398
-4392
-4380
-4378
-4378
-4370
-4360
-4362
-4354
-4352
-4350
-4348
-4352
-4352
-4348
-4348
-4348
-4350
-4338
-4332
-4324
-4324
-4324
-4314
-4308
-4300
-4294
-4284
-4278
-4270
-4268
-4274
-4272
-4264
-4260
-4258
-4250
-4244
-4232
-4220
-4220
-4220
-4220
-4226
-4226
-4226
-4234
-4234
-4228
-4222
-4222
-4224
-4216
-4210
-4218
-4222
-4218
-4210
-4210
-4210
-4210
-4210
-4216
-4214
-4216
-4212
-4204
-4198
-4198
-4192
-4192
-4192
-4192
-4190
-4182
-4176
-4176
-4170
-4182
-4182
-4184
-4184
-4180
-4178
-4184
-4190
-4186
-4186
-4186
-4188
-4188
-4184
-4178
-4178
-4180
-4176
-4176
-4172
-4166
-4166
-4162
-4164
-4158
-4158
-4152
-4150
-4148
-4146
-4142
-4138
-4126
-4128
-4124
-4124
-4114
-4108
-4102
-4100
-4094
-4090
-4084
-4076
-4078
-4078
-4078
-4078
-4064
-4064
-4060
-4066
-4068
-4072
-4064
-4070
-4070
-4068
-4068
-4058
-4058
-4056
-4054
-4054
-4050
-4050
-4050
-4058
-4044
-4042
-4032
-4030
-4032
-4024
-4024
-4016
-4016
-4010
-4012
-4008
-4004
-4002
-4002
-4002
-3996
-3996
-4002
-3996
-3990
-3990
-3990
-3982
-3980
-3980
-3980
-3980
-3978
-3978
-3978
-3970
-3976
-3982
-3982
-3974
-3972
-3968
-3968
-3960
-3966
-3968
-3958
-3954
-3948
-3946
-3944
-3934
-3924
-3918
-3918
-3918
-3916
-3906
-3898
-3894
-3890
-3882
-3882
-3878
-3878
-3878
-3880
-3882
-3882
-3876
-3870
-3870
-3860
-3854
-3848
-3850
-3848
-3850
-3844
-3848
-3840
-3834
-3830
-3826
-3820
-3812
-3808
-3808
-3794
-3788
-3784
-3782
-3782
-3778
-3776
-3758
-3748
-3746
-3742
-3736
-3732
-3716
-3708
-3706
-3708
-3700
-3694
-3694
-3694
-3684
-3690
-3690
-3686
-3678
-3678
-3686
-3678
-3670
-3678
-3678
-3674
-3676
-3676
-3676
-3676
-3676
-3680
-3682
-3678
-3670
-3678
-3674
-3670
-3662
-3670
-3670
-3672
-3660
-3662
-3664
-3654
-3654
-3646
-3640
-3638
-3642
-3634
-3628
-3628
-3628
-3630
-3630
-3630
-3638
-3642
-3636
-3636
-3636
-3632
-3626
-3624
-3624
-3622
-3616
-3612
-3612
-3612
-3610
-3606
-3606
-3604
-3606
-3598
-3594
-3592
-3586
-3576
-3566
-3562
-3552
-3554
-3550
-3540
-3552
-3546
-3548
-3538
-3534
-3534
-3540
-3530
-3528
-3518
-3518
-3508
-3494
-3478
-3478
-3478
-3472
-3474
-3466
-3472
-3466
-3456
-3456
-3450
-3450
-3444
-3434
-3424
-3418
-3410
-3406
-3394
-3392
-3386
-3388
-3392
-3384
-3390
-3388
-3388
-3390
-3390
-3374
-3380
-3372
-3372
-3374
-3374
-3374
-3372
-3372
-3376
-3380
-3374
-3368
-3364
-3362
-3352
-3342
-3352
-3356
-3356
-3356
-3356
-3356
-3362
-3362
-3366
-3370
-3362
-3362
-3352
-3354
-3348
-3344
-3338
-3334
-3334
-3336
-3328
-3342
-3330
-3322
-3322
-3322
-3330
-3324
-3326
-3326
-3312
-3298
-3294
-3284
-3286
-3286
-3286
-3288
-3284
-3278
-3278
-3272
-3272
-3272
-3262
-3266
-3264
-3264
-3262
-3262
-3264
-3256
-3248
-3250
-3250
-3252
-3242
-3246
-3246
-3248
-3240
-3232
-3232
-3232
-3232
-3234
-3230
-3220
-3214
-3216
-3208
-3204
-3200
-3198
-3190
-3194
-3206
-3214
-3200
-3200
-3188
-3184
-3180
-3180
-3180
-3178
-3184
-3184
-3188
-3176
-3182
-3176
-3176
-3174
-3176
-3178
-3176
-3176
-3180
-3176
-3174
-3174
-3178
-3176
-3170
-3172
-3168
-3158
-3146
-3146
-3146
-3150
-3158
-3158
-3158
-3156
-3166
-3166
-3166
-3166
-3156
-3158
-3156
-3150
-3150
-3138
-3136
-3126
-3126
-3142
-3144
-3148
-3138
-3138
-3146
-3150
-3152
-3144
-3138
-3138
-3138
-3142
-3146
-3146
-3150
-3144
-3140
-3140
-3134
-3130
-3140
-3136
-3132
-3130
-3128
-3124
-3118
-3124
-3132
-3132
-3132
-3130
-3130
-3130
-3114
-3118
-3116
-3116
-3118
-3122
-3122
-3122
-3124
-3124
-3124
-3126
-3132
-3128
-3128
-3130
-3130
-3130
-3126
-3126
-3128
-3128
-3128
-3128
-3122
-3116
-3118
-3118
-3114
-3114
-3110
-3112
-3116
-3118
-3122
-3118
-3116
-3112
-3116
-3116
-3118
-3118
-3120
-3120
-3110
-3104
-3106
-3092
-3088
-3084
-3084
-3082
-3084
-3080
-3080
-3072
-3068
-3074
-3076
-3078
-3086
-3080
-3084
-3084
-3076
-3068
-3068
-3068
-3066
-3064
-3066
-3066
-3062
-3064
-3068
-3074
-3072
-3086
-3088
-3090
-3078
-3078
-3078
-3080
-3072
-3070
-3066
-3070
-3070
-3070
-3062
-3064
-3062
-3066
-3066
-3066
-3068
-3070
-3066
-3068
-3068
-3066
-3064
-3064
-3068
-3060
-3060
-3062
-3062
-3068
-3058
-3058
-3056
-3054
-3044
-3036
-3040
-3040
-3040
-3042
-3036
-3036
-3036
-3036
-3032
-3032
-3026
-3026
-3032
-3032
-3032
-3030
-3032
-3028
-3026
-3026
-3022
-3026
-3026
-3020
-3014
-3010
-3010
-3016
-3010
-3008
-3024
-3024
-3018
-3012
-3014
-3010
-3002
-2994
-2986
-2986
-2986
-2986
-2978
-2972
-2968
-2968
-2968
-2974
-2966
-2966
-2970
-2966
-2966
-2970
-2970
-2968
-2968
-2968
-2966
-2972
-2966
-2966
-2966
-2966
-2966
-2954
-2958
-2954
-2954
-2954
-2958
-2958
-2954
-2954
-2954
-2948
-2940
-2944
-2934
-2944
-2930
-2926
-2922
-2922
-2918
-2918
-2926
-2932
-2932
-2924
-2916
-2912
-2918
-2908
-2896
-2890
-2898
-2894
-2892
-2894
-2892
-2890
-2882
-2886
-2898
-2892
-2894
-2890
-2886
-2878
-2872
-2874
-2876
-2870
-2874
-2874
-2874
-2880
-2880
-2882
-2884
-2874
-2868
-2868
-2862
-2862
-2870
-2864
-2870
-2870
-2862
-2862
-2858
-2862
-2858
-2856
-2856
-2860
-2846
-2850
-2848
-2840
-2836
-2834
-2834
-2826
-2822
-2820
-2814
-2814
-2812
-2816
-2804
-2804
-2804
-2804
-2802
-2802
-2810
-2812
-2812
-2812
-2810
-2812
-2818
-2808
-2808
-2804
-2798
-2798
-2784
-2788
-2776
-2768
-2768
-2764
-2768
-2770
-2774
-2772
-2782
-2786
-2778
-2782
-2788
-2792
-2784
-2784
-2786
-2788
-2794
-2780
-2784
-2790
-2784
-2786
-2774
-2776
-2766
-2766
-2770
-2764
-2768
-2770
-2776
-2776
-2772
-2760
-2752
-2754
-2754
-2742
-2734
-2736
-2740
-2740
-2742
-2742
-2750
-2754
-2756
-2754
-2756
-2754
-2748
-2750
-2750
-2744
-2744
-2744
-2740
-2744
-2742
-2748
-2744
-2750
-2756
-2768
-2760
-2768
-2772
-2774
-2774
-2770
-2772
-2764
-2768
-2768
-2768
-2764
-2766
-2766
-2774
-2774
-2764
-2766
-2764
-2766
-2766
-2764
-2764
-2756
-2750
-2740
-2730
-2730
-2724
-2724
-2726
-2722
-2714
-2730
-2730
-2744
-2744
-2748
-2738
-2736
-2738
-2738
-2740
-2744
-2748
-2752
-2746
-2746
-2736
-2732
-2742
-2742
-2742
-2752
-2740
-2740
-2736
-2734
-2724
-2722
-2728
-2714
-2720
-2714
-2714
-2720
-2716
-2706
-2706
-2706
-2696
-2688
-2678
-2676
-2676
-2676
-2674
-2664
-2660
-2660
-2660
-2658
-2654
-2658
-2660
-2656
-2656
-2656
-2662
-2662
-2662
-2670
-2672
-2672
-2672
-2664
-2656
-2656
-2650
-2646
-2644
-2644
-2646
-2646
-2646
-2650
-2650
-2644
-2640
-2642
-2632
-2628
-2622
-2614
-2614
-2610
-2606
-2606
-2604
-2596
-2596
-2590
-2590
-2594
-2588
-2598
-2596
-2596
-2590
-2584
-2576
-2572
-2566
-2558
-2556
-2556
-2552
-2552
-2550
-2554
-2552
-2552
-2554
-2552
-2550
-2550
-2542
-2532
-2528
-2526
-2512
-2496
-2492
-2494
-2490
-2490
-2502
-2502
-2502
-2502
-2496
-2496
-2494
-2496
-2490
-2486
-2486
-2486
-2480
-2476
-2472
-2478
-2472
-2474
-2474
-2472
-2478
-2474
-2468
-2470
-2474
-2474
-2480
-2484
-2486
-2488
-2492
-2500
-2500
-2498
-2490
-2488
-2488
-2486
-2486
-2480
-2484
-2474
-2468
-2480
-2482
-2482
-2486
-2476
-2474
-2476
-2476
-2476
-2468
-2464
-2464
-2460
-2458
-2462
-2450
-2444
-2442
-2442
-2442
-2438
-2434
-2434
-2438
-2438
-2434
-2432
-2436
-2436
-2428
-2434
-2436
-2442
-2436
-2436
-2436
-2436
-2440
-2440
-2436
-2438
-2436
-2434
-2434
-2434
-2428
-2432
-2438
-2426
-2418
-2412
-2412
-2416
-2420
-2422
-2422
-2422
-2424
-2422
-2422
-2410
-2414
-2414
-2404
-2400
-2396
-2398
-2404
-2410
-2416
-2416
-2416
-2410
-2410
-2410
-2410
-2402
-2398
-2398
-2396
-2396
-2384
-2384
-2382
-2382
-2382
-2378
-2374
-2372
-2370
-2370
-2370
-2370
-2370
-2370
-2370
-2368
-2370
-2372
-2372
-2374
-2364
-2364
-2370
-2368
-2364
-2364
-2360
-2360
-2358
-2358
-2350
-2348
-2348
-2346
-2358
-2354
-2342
-2354
-2346
-2338
-2344
-2344
-2344
-2344
-2348
-2348
-2342
-2342
-2334
-2338
-2334
-2328
-2320
-2316
-2320
-2322
-2322
-2326
-2326
-2320
-2318
-2324
-2318
-2316
-2310
-2306
-2306
-2306
-2306
-2306
-2306
-2306
-2310
-2310
-2306
-2306
-2308
-2302
-2300
-2298
-2292
-2280
-2280
-2276
-2278
-2282
-2278
-2278
-2278
-2278
-2274
-2272
-2258
-2252
-2244
-2244
-2250
-2244
-2248
-2240
-2240
-2240
-2240
-2230
-2222
-2228
-2224
-2208
-2204
-2210
-2208
-2210
-2210
-2200
-2192
-2194
-2184
-2176
-2166
-2160
-2160
-2160
-2154
-2154
-2150
-2150
-2150
-2150
-2154
-2158
-2156
-2156
-2146
-2154
-2144
-2142
-2138
-2136
-2136
-2132
-2132
-2134
-2132
-2114
-2110
-2114
-2110
-2106
-2102
-2102
-2098
-2098
-2088
-2096
-2096
-2088
-2086
-2086
-2084
-2072
-2074
-2066
-2064
-2054
-2056
-2046
-2050
-2046
-2044
-2038
-2038
-2038
-2038
-2034
-2028
-2024
-2018
-2012
-2012
-2008
-2008
-2004
-2000
-1998
-1998
-1994
-1994
-1988
-1978
-1982
-1984
-1970
-1968
-1960
-1960
-1956
-1954
-1944
-1936
-1940
-1932
-1928
-1924
-1930
-1930
-1922
-1916
-1916
-1928
-1932
-1932
-1924
-1930
-1924
-1918
-1918
-1908
-1904
-1910
-1910
-1906
-1900
-1892
-1880
-1880
-1880
-1890
-1894
-1888
-1888
-1886
-1882
-1884
-1878
-1878
-1878
-1868
-1856
-1862
-1854
-1858
-1864
-1864
-1868
-1868
-1872
-1870
-1870
-1864
-1854
-1846
-1848
-1844
-1840
-1846
-1852
-1838
-1828
-1828
-1830
-1830
-1818
-1820
-1814
-1808
-1802
-1800
-1794
-1788
-1788
-1784
-1784
-1784
-1778
-1774
-1764
-1762
-1760
-1760
-1758
-1756
-1746
-1744
-1740
-1744
-1744
-1740
-1746
-1746
-1748
-1744
-1738
-1738
-1730
-1734
-1728
-1742
-1744
-1732
-1732
-1736
-1736
-1724
-1718
-1712
-1710
-1708
-1714
-1714
-1704
-1704
-1704
-1694
-1692
-1694
-1698
-1696
-1696
-1686
-1684
-1678
-1676
-1676
-1676
-1676
-1676
-1674
-1670
-1670
-1678
-1678
-1680
-1684
-1684
-1684
-1670
-1660
-1660
-1658
-1666
-1666
-1656
-1650
-1650
-1646
-1652
-1650
-1646
-1638
-1644
-1644
-1642
-1642
-1652
-1656
-1646
-1646
-1652
-1646
-1644
-1644
-1650
-1646
-1648
-1644
-1644
-1642
-1642
-1642
-1642
-1642
-1634
-1630
-1626
-1612
-1608
-1612
-1612
-1612
-1622
-1620
-1620
-1620
-1618
-1620
-1622
-1616
-1616
-1616
-1616
-1616
-1614
-1622
-1622
-1620
-1620
-1608
-1606
-1598
-1598
-1602
-1600
-1590
-1594
-1600
-1600
-1600
-1602
-1586
-1580
-1580
-1576
-1580
-1574
-1568
-1564
-1554
-1562
-1562
-1556
-1556
-1554
-1546
-1540
-1544
-1544
-1544
-1544
-1536
-1532
-1542
-1538
-1538
-1544
-1532
-1534
-1534
-1532
-1532
-1536
-1528
-1526
-1526
-1536
-1540
-1536
-1526
-1526
-1526
-1514
-1514
-1506
-1506
-1502
-1490
-1488
-1492
-1492
-1488
-1490
-1494
-1496
-1486
-1480
-1482
-1482
-1470
-1470
-1464
-1464
-1468
-1468
-1472
-1476
-1474
-1462
-1464
-1454
-1452
-1452
-1442
-1434
-1440
-1430
-1430
-1428
-1428
-1428
-1428
-1430
-1416
-1420
-1420
-1420
-1426
-1428
-1420
-1420
-1420
-1422
-1416
-1412
-1414
-1408
-1408
-1406
-1402
-1412
-1422
-1406
-1410
-1418
-1418
-1418
-1418
-1418
-1408
-1404
-1412
-1414
-1420
-1416
-1412
-1412
-1410
-1412
-1412
-1416
-1416
-1414
-1414
-1412
-1422
-1424
-1418
-1408
-1408
-1408
-1400
-1402
-1402
-1410
-1404
-1410
-1396
-1392
-1388
-1382
-1388
-1394
-1398
-1406
-1396
-1402
-1410
-1410
-1420
-1426
-1418
-1412
-1412
-1404
-1396
-1406
-1416
-1404
-1402
-1402
-1406
-1398
-1392
-1390
-1394
-1396
-1396
-1400
-1406
-1406
-1400
-1406
-1404
-1404
-1408
-1414
-1408
-1412
-1412
-1414
-1410
-1416
-1414
-1408
-1406
-1406
-1416
-1410
-1406
-1396
-1390
-1386
-1394
-1390
-1386
-1392
-1380
-1380
-1380
-1382
-1382
-1374
-1368
-1362
-1362
-1364
-1368
-1370
-1370
-1358
-1352
-1350
-1350
-1352
-1342
-1338
-1338
-1342
-1342
-1342
-1346
-1346
-1346
-1344
-1348
-1338
-1330
-1340
-1344
-1342
-1342
-1340
-1336
-1326
-1318
-1316
-1316
-1316
-1308
-1314
-1314
-1306
-1300
-1300
-1296
-1288
-1284
-1276
-1276
-1272
-1278
-1280
-1278
-1272
-1272
-1258
-1250
-1254
-1256
-1256
-1254
-1258
-1258
-1250
-1254
-1246
-1246
-1246
-1240
-1238
-1238
-1232
-1224
-1224
-1222
-1214
-1214
-1214
-1214
-1220
-1218
-1208
-1210
-1210
-1226
-1228
-1222
-1222
-1218
-1220
-1218
-1212
-1210
-1204
-1204
-1200
-1216
-1216
-1214
-1214
-1216
-1218
-1218
-1210
-1210
-1202
-1196
-1194
-1188
-1186
-1182
-1182
-1178
-1172
-1172
-1172
-1172
-1162
-1164
-1172
-1172
-1176
-1174
-1170
-1172
-1168
-1160
-1162
-1164
-1164
-1164
-1164
-1172
-1182
-1180
-1180
-1178
-1178
-1182
-1174
-1170
-1172
-1178
-1176
-1186
-1182
-1190
-1192
-1200
-1196
-1194
-1194
-1200
-1196
-1194
-1192
-1198
-1190
-1194
-1192
-1184
-1186
-1184
-1184
-1180
-1176
-1176
-1176
-1176
-1172
-1172
-1172
-1172
-1172
-1172
-1172
-1172
-1176
-1166
-1158
-1158
-1166
-1172
-1174
-1174
-1172
-1170
-1170
-1166
-1160
-1160
-1156
-1156
-1156
-1154
-1154
-1140
-1128
-1136
-1138
-1138
-1134
-1134
-1132
-1132
-1128
-1120
-1126
-1120
-1118
-1120
-1126
-1134
-1122
-1120
-1120
-1114
-1114
-1108
-1108
-1110
-1102
-1112
-1116
-1116
-1106
-1110
-1116
-1100
-1100
-1098
-1088
-1096
-1094
-1094
-1094
-1086
-1082
-1074
-1074
-1072
-1072
-1082
-1078
-1084
-1076
-1084
-1078
-1072
-1064
-1062
-1062
-1062
-1056
-1058
-1042
-1046
-1050
-1054
-1054
-1054
-1048
-1046
-1042
-1038
-1040
-1040
-1034
-1034
-1034
-1038
-1042
-1042
-1046
-1046
-1048
-1038
-1042
-1038
-1036
-1040
-1042
-1036
-1032
-1024
-1028
-1028
-1026
-1022
-1026
-1022
-1032
-1030
-1022
-1022
-1022
-1014
-1010
-1018
-1016
-1016
-1022
-1022
-1024
-1022
-1022
-1014
-1010
-1010
-1018
-1016
-1014
-1008
-996
-992
-982
-974
-970
-968
-962
-956
-956
-956
-958
-952
-952
-956
-956
-954
-956
-956
-956
-966
-966
-960
-958
-958
-966
-960
-952
-958
-950
-950
-950
-950
-942
-938
-938
-926
-922
-920
-916
-920
-920
-920
-922
-924
-920
-930
-930
-926
-926
-926
-920
-920
-906
-904
-906
-908
-908
-900
-892
-894
-896
-896
-898
-904
-904
-904
-894
-898
-898
-898
-900
-898
-900
-896
-894
-892
-894
-886
-886
-882
-890
-886
-886
-888
-884
-882
-882
-876
-874
-874
-874
-870
-862
-852
-852
-858
-852
-846
-846
-844
-846
-848
-842
-844
-844
-848
-842
-832
-834
-836
-844
-858
-854
-860
-862
-866
-866
-866
-860
-856
-854
-852
-848
-844
-844
-848
-840
-844
-848
-856
-844
-844
-844
-838
-838
-830
-830
-836
-826
-826
-824
-824
-824
-832
-838
-838
-848
-846
-842
-840
-832
-832
-834
-818
-820
-814
-812
-804
-802
-804
-800
-800
-800
-792
-790
-800
-798
-798
-788
-786
-794
-794
-788
-788
-784
-786
-790
-780
-778
-786
-790
-792
-782
-778
-770
-770
-770
-778
-782
-774
-772
-766
-770
-766
-758
-756
-756
-758
-760
-760
-758
-752
-754
-758
-770
-766
-774
-774
-772
-766
-760
-762
-762
-762
-758
-754
-748
-740
-732
-728
-724
-724
-722
-726
-718
-722
-726
-724
-724
-726
-728
-734
-732
-732
-732
-732
-728
-738
-730
-730
-730
-728
-724
-726
-722
-726
-720
-732
-732
-730
-718
-714
-710
-712
-714
-714
-720
-716
-712
-712
-712
-712
-710
-698
-698
-690
-684
-688
-690
-696
-698
-698
-692
-694
-688
-686
-698
-682
-676
-682
-686
-696
-694
-706
-722
-720
-714
-706
-710
-708
-708
-712
-712
-712
-720
-724
-722
-722
-726
-736
-738
-734
-728
-722
-718
-718
-720
-726
-722
-726
-718
-718
-722
-714
-720
-718
-710
-710
-710
-720
-722
-710
-712
-708
-702
-704
-704
-704
-704
-694
-694
-694
-682
-672
-682
-680
-672
-674
-678
-684
-680
-680
-682
-688
-688
-688
-684
-684
-682
-680
-672
-674
-678
-674
-662
-662
-654
-642
-642
-632
-646
-642
-648
-648
-644
-644
-632
-640
-642
-638
-642
-638
-646
-652
-648
-652
-654
-654
-654
-654
-652
-664
-652
-652
-646
-648
-638
-638
-640
-640
-638
-634
-630
-642
-638
-638
-634
-632
-638
-638
-642
-638
-640
-648
-648
-648
-640
-630
-628
-630
-624
-610
-620
-610
-602
-604
-608
-610
-602
-602
-604
-604
-600
-590
-588
-590
-590
-592
-590
-584
-586
-584
-586
-578
-578
-568
-568
-568
-560
-552
-554
-552
-562
-556
-554
-552
-552
-554
-548
-542
-544
-544
-546
-548
-544
-552
-550
-554
-556
-554
-558
-556
-554
-548
-544
-552
-552
-556
-560
-572
-572
-574
-574
-574
-566
-560
-566
-572
-578
-574
-564
-560
-560
-560
-564
-568
-568
-572
-572
-572
-570
-570
-566
-570
-554
-556
-554
-556
-554
-546
-548
-550
-550
-556
-550
-536
-538
-538
-536
-536
-536
-534
-530
-530
-530
-534
-532
-538
-536
-526
-522
-516
-522
-534
-540
-548
-550
-544
-542
-538
-532
-534
-544
-542
-542
-542
-542
-544
-546
-546
-540
-548
-548
-544
-540
-538
-532
-532
-532
-536
-536
-534
-534
-534
-528
-530
-530
-524
-518
-518
-506
-504
-504
-504
-498
-496
-496
-500
-500
-498
-498
-482
-476
-476
-470
-466
-464
-464
-458
-458
-454
-448
-444
-444
-442
-442
-444
-444
-438
-426
-418
-420
-428
-424
-422
-420
-420
-420
-428
-440
-440
-448
-452
-450
-442
-432
-428
-434
-440
-438
-432
-438
-448
-460
-456
-450
-442
-442
-442
-442
-438
-428
-424
-428
-426
-428
-436
-434
-428
-424
-424
-426
-426
-436
-436
-434
-436
-436
-436
-436
-442
-440
-432
-432
-422
-422
-422
-426
-428
-430
-418
-412
-414
-404
-404
-412
-414
-408
-406
-398
-400
-404
-394
-394
-396
-396
-400
-396
-396
-386
-386
-386
-390
-392
-388
-382
-388
-384
-388
-384
-386
-388
-384
-376
-368
-374
-380
-378
-384
-386
-390
-388
-388
-376
-376
-382
-378
-376
-370
-372
-368
-364
-356
-360
-364
-366
-362
-356
-354
-356
-356
-350
-350
-354
-354
-354
-354
-346
-338
-338
-338
-342
-340
-346
-350
-354
-350
-348
-340
-340
-340
-338
-332
-334
-326
-326
-328
-328
-328
-334
-336
-336
-342
-338
-340
-340
-336
-344
-344
-344
-344
-344
-342
-344
-342
-350
-354
-350
-352
-352
-350
-356
-370
-370
-362
-360
-366
-370
-374
-374
-376
-378
-378
-374
-376
-374
-368
-366
-362
-362
-358
-356
-356
-352
-356
-356
-360
-374
-378
-372
-372
-372
-376
-378
-378
-378
-378
-376
-376
-370
-370
-366
-360
-356
-356
-348
-348
-348
-344
-350
-350
-348
-348
-354
-348
-346
-344
-340
-340
-342
-336
-348
-344
-344
-344
-340
-334
-336
-338
-338
-334
-336
-348
-342
-338
-336
-340
-336
-336
-344
-344
-346
-346
-352
-348
-348
-354
-358
-358
-356
-356
-356
-364
-370
-370
-374
-368
-368
-360
-358
-354
-352
-352
-352
-354
-350
-346
-344
-338
-346
-348
-340
-344
-358
-358
-352
-354
-360
-352
-344
-344
-348
-346
-338
-348
-344
-350
-346
-342
-332
-332
-332
-328
-326
-322
-328
-324
-328
-322
-326
-320
-320
-320
-320
-320
-312
-302
-302
-302
-310
-312
-304
-314
-306
-308
-302
-302
-302
-306
-306
-290
-282
-284
-284
-284
-282
-284
-278
-270
-270
-264
-266
-264
-262
-262
-270
-270
-264
-264
-262
-264
-276
-272
-272
-274
-274
-280
-288
-282
-282
-286
-288
-282
-272
-274
-274
-276
-278
-280
-286
-278
-276
-270
-264
-260
-260
-246
-236
-238
-238
-240
-240
-242
-230
-230
-236
-236
-236
-242
-240
-236
-246
-250
-260
-258
-250
-250
-240
-240
-242
-236
-234
-234
-230
-236
-234
-228
-216
-220
-222
-224
-214
-216
-204
-212
-218
-218
-212
-210
-204
-198
-204
-200
-202
-202
-202
-210
-212
-214
-214
-218
-216
-212
-206
-206
-198
-202
-210
-210
-224
-228
-216
-224
-224
-220
-224
-220
-218
-212
-210
-206
-198
-194
-202
-208
-212
-216
-222
-222
-224
-224
-224
-224
-222
-224
-228
-222
-222
-206
-206
-196
-194
-198
-184
-182
-184
-184
-184
-192
-196
-194
-194
-194
-192
-194
-198
-202
-200
-210
-210
-210
-218
-216
-210
-210
-210
-214
-222
-222
-224
-224
-218
-220
-222
-228
-226
-224
-224
-232
-238
-236
-242
-250
-242
-242
-248
-248
-238
-236
-236
-232
-226
-226
-226
-224
-222
-220
-222
-232
-230
-236
-230
-228
-220
-234
-234
-226
-224
-226
-218
-218
-220
-214
-216
-218
-218
-212
-208
-196
-188
-190
-180
-180
-176
-176
-180
-182
-182
-182
-182
-186
-186
-186
-184
-186
-186
-180
-186
-184
-190
-182
-178
-166
-162
-156
-152
-150
-148
-148
-148
-148
-158
-166
-164
-160
-158
-158
-158
-158
-158
-160
-162
-168
-168
-168
-160
-178
-182
-180
-180
-180
-172
-170
-168
-164
-168
-160
-156
-158
-152
-152
-142
-142
-146
-136
-140
-142
-136
-146
-148
-150
-150
-152
-152
-150
-150
-146
-142
-142
-138
-138
-138
-140
-140
-142
-132
-130
-126
-130
-132
-136
-138
-148
-148
-148
-140
-140
-142
-142
-142
-136
-132
-130
-130
-126
-126
-120
-120
-114
-114
-118
-128
-128
-128
-130
-116
-116
-122
-124
-118
-128
-120
-118
-124
-124
-124
-118
-118
-124
-126
-128
-134
-130
-124
-120
-120
-112
-106
-106
-108
-114
-114
-110
-106
-118
-114
-120
-126
-114
-112
-106
-108
-112
-112
-114
-110
-108
-110
-110
-114
-108
-108
-104
-104
-96
-96
-96
-94
-98
-106
-106
-106
-96
-96
-88
-84
-82
-90
-88
-80
-76
-74
-64
-52
-52
-54
-60
-52
-38
-28
-32
-32
-42
-36
-32
-32
-32
-36
-32
-30
-36
-36
-48
-50
-50
-50
-48
-56
-56
-52
-52
-52
-50
-54
-54
-54
-56
-58
-60
-62
-56
-56
-58
-66
-76
-70
-68
-68
-62
-58
-54
-46
-40
-42
-48
-44
-46
-46
-40
-36
-42
-42
-40
-40
-38
-38
-26
-26
-34
-26
-26
-22
-22
-20
-20
-18
-10
-14
-12
-10
-16
-18
-18
-10
-4
-12
-6
0
10
20
24
26
26
40
34
42
34
40
44
40
42
38
44
44
46
48
50
50
54
60
52
48
44
44
48
48
44
44
38
34
32
26
26
20
10
8
4
4
-2
0
2
2
6
10
16
12
12
6
10
4
4
8
6
18
16
26
30
22
22
24
16
24
30
40
36
48
44
40
40
40
44
48
50
50
56
62
52
52
60
60
58
56
56
56
60
62
72
72
76
84
86
86
88
86
76
78
80
78
80
84
84
84
94
94
86
80
80
82
94
100
94
94
86
74
74
78
82
82
80
82
78
82
90
90
90
94
92
90
96
96
90
88
82
76
74
80
84
74
74
80
88
90
94
94
90
90
88
94
90
86
80
92
94
98
96
94
94
94
92
92
104
104
98
92
84
86
86
90
94
92
90
96
100
98
98
94
94
94
94
106
108
104
104
110
116
122
120
118
116
128
128
120
120
118
114
108
98
100
106
102
88
88
96
96
90
90
90
90
90
88
94
94
94
94
94
86
84
90
102
106
114
126
126
124
120
118
118
122
116
112
116
110
120
124
118
122
118
118
114
112
112
112
108
114
120
122
118
122
128
130
132
140
144
142
150
138
142
132
132
136
140
144
142
138
142
132
132
134
128
128
136
138
142
142
144
146
142
152
146
148
154
152
156
166
162
158
158
156
158
164
158
162
168
168
168
164
160
160
154
154
154
150
150
144
142
146
148
144
150
150
154
150
146
142
146
144
140
140
144
142
136
136
140
136
144
142
134
140
140
148
156
158
154
154
148
152
160
158
158
170
170
182
178
178
178
180
174
178
172
172
176
176
182
182
178
178
176
176
176
176
176
176
178
180
170
168
168
168
166
174
174
186
186
190
196
202
202
194
192
196
192
200
208
214
216
212
206
200
200
202
202
202
206
206
198
198
198
198
200
204
204
206
212
220
230
230
234
242
244
254
270
276
280
280
274
276
272
282
280
270
268
260
258
264
262
262
256
262
262
260
260
264
268
276
282
282
290
290
288
284
286
292
292
298
308
312
314
314
302
298
304
300
306
306
312
304
298
292
292
294
302
302
292
292
292
304
304
306
310
320
322
318
314
324
324
324
324
324
318
316
320
314
314
314
310
308
302
302
310
308
320
320
320
324
328
328
334
336
334
326
332
332
332
332
332
332
324
322
328
330
330
330
330
338
338
332
334
336
340
342
342
340
342
346
344
342
340
348
348
350
360
360
348
356
352
358
360
360
360
350
350
342
338
338
344
338
338
344
336
336
336
336
336
336
338
336
338
340
340
334
330
320
324
328
328
320
324
318
326
322
316
306
300
304
312
316
306
306
308
310
304
304
304
300
300
300
288
298
292
292
294
292
292
302
306
300
302
310
304
304
302
302
316
316
316
316
314
314
314
322
334
338
340
334
348
348
348
340
340
334
342
342
344
348
352
344
342
346
342
336
334
330
330
330
332
338
350
358
352
344
346
346
362
360
354
348
348
344
344
344
354
356
360
356
354
364
370
372
368
368
374
374
378
374
370
370
366
364
368
358
360
366
366
374
372
372
372
366
368
368
368
374
372
372
360
360
360
364
364
364
362
362
350
342
338
338
328
328
328
338
340
340
336
338
342
342
342
338
328
326
326
332
334
334
326
328
330
326
328
334
324
324
314
312
322
318
314
306
314
308
308
308
310
310
300
300
298
304
304
306
316
318
324
320
320
320
322
322
326
326
326
324
326
316
314
322
324
336
344
348
348
346
354
354
358
356
360
364
360
360
348
350
352
352
360
356
356
356
348
348
348
356
356
350
350
350
350
362
364
352
352
348
352
352
352
346
350
344
340
352
352
352
344
348
346
346
340
346
340
338
344
338
338
336
340
350
356
354
350
344
344
336
326
316
316
318
316
318
310
324
328
324
324
328
336
336
334
342
340
344
350
350
348
342
338
338
338
330
330
330
332
342
344
340
344
344
346
352
356
352
348
358
358
360
364
368
366
370
378
366
366
362
362
360
360
362
360
370
376
382
378
384
384
392
392
392
394
396
392
380
380
372
366
356
372
374
374
374
370
374
374
358
362
362
366
366
366
372
362
358
358
370
376
376
374
380
370
376
376
376
382
382
382
386
388
386
388
384
384
378
378
384
388
388
390
400
402
402
398
398
396
402
402
398
398
390
394
390
386
384
388
388
388
390
394
392
400
388
390
390
396
398
398
404
402
402
394
404
404
402
398
408
416
410
410
414
420
422
422
414
410
400
398
402
398
388
380
384
378
376
382
372
360
360
364
364
364
366
374
376
376
376
362
362
364
360
358
358
356
346
348
350
348
348
348
348
348
344
350
342
336
330
328
322
330
326
322
328
324
332
332
338
328
326
330
326
326
334
340
340
352
344
332
328
328
322
324
314
314
314
306
306
314
310
312
308
298
304
302
298
306
314
314
314
314
314
312
316
302
302
308
302
300
298
292
292
296
292
296
296
294
296
294
294
294
298
292
300
314
312
300
306
310
300
296
308
308
310
306
306
304
300
300
304
298
294
288
284
288
292
300
296
298
298
284
284
288
284
284
286
290
300
290
290
290
286
286
286
290
282
284
284
280
274
274
274
274
278
272
276
272
260
262
262
268
276
270
262
258
262
266
270
266
264
266
258
258
254
258
256
256
258
256
256
262
262
262
264
264
264
262
256
250
258
262
262
274
274
280
280
280
280
278
268
268
268
274
288
284
292
308
308
314
320
316
320
320
326
330
330
332
336
334
328
330
330
340
334
332
332
332
328
324
330
330
330
330
326
324
326
320
320
318
316
308
300
298
302
308
308
302
308
314
310
310
296
284
290
292
286
276
280
290
290
292
298
286
298
298
296
302
302
302
302
290
286
278
278
286
294
290
290
288
288
288
288
282
286
276
272
266
272
272
280
268
270
266
266
274
276
272
276
272
284
282
288
288
290
298
306
306
312
310
312
312
312
310
310
318
320
314
314
312
304
306
306
312
310
316
316
312
310
312
316
316
316
320
314
310
304
300
306
304
296
300
296
302
298
304
298
296
298
298
300
304
302
302
302
302
314
318
318
322
328
324
322
318
308
318
324
324
330
338
344
344
344
348
356
358
348
348
348
344
344
332
328
328
330
330
330
330
326
326
326
334
336
342
342
336
336
336
346
350
358
358
364
364
364
362
354
350
354
346
348
352
342
338
338
348
344
344
348
358
348
352
352
358
364
370
368
370
368
364
364
364
370
364
364
356
360
360
366
370
376
376
376
376
376
388
382
382
382
382
386
392
390
390
390
388
390
384
388
392
392
392
390
398
412
402
398
396
404
408
414
414
414
416
418
428
428
430
432
442
436
448
444
434
434
434
438
432
432
434
434
434
434
430
430
434
440
438
442
440
438
434
434
436
436
434
434
434
440
440
440
438
432
432
438
442
440
440
444
440
444
446
450
462
460
460
458
462
462
462
466
464
468
456
456
454
442
442
446
446
446
444
452
452
454
458
462
454
442
442
440
452
452
450
450
444
454
464
468
470
462
464
464
470
472
476
470
478
476
472
462
468
462
458
464
470
480
472
472
474
472
480
478
476
484
482
482
490
498
502
498
494
494
492
494
500
490
488
488
488
482
482
480
480
480
472
476
476
476
476
476
482
480
478
486
488
486
486
484
492
488
486
488
478
476
476
464
458
462
460
460
454
446
448
448
446
440
446
456
460
466
456
468
484
482
474
476
486
486
496
494
496
494
492
498
508
504
504
512
512
526
526
522
522
532
526
524
532
532
532
540
540
538
544
546
546
546
546
546
548
544
544
534
536
526
540
542
548
548
548
548
550
548
548
550
552
556
562
554
554
554
554
560
560
556
552
552
554
556
558
556
562
562
576
572
572
574
574
570
570
576
576
586
580
572
580
582
578
578
582
590
592
592
586
598
590
594
594
602
606
606
606
606
606
612
612
608
598
598
604
604
604
600
604
600
600
606
608
608
608
606
610
610
594
594
598
602
600
602
606
602
602
602
600
600
598
616
620
624
618
618
614
612
612
616
622
622
626
626
622
614
614
624
634
634
634
630
644
636
630
628
628
628
636
636
632
628
618
630
618
616
616
624
624
618
628
626
626
626
632
632
628
628
630
626
626
622
622
622
620
620
624
626
632
624
622
620
620
620
620
626
620
620
632
636
632
636
636
640
644
648
654
652
664
660
654
652
644
652
650
644
640
640
652
650
656
656
656
660
660
660
664
664
664
664
660
652
650
650
656
660
654
650
652
656
656
654
652
660
674
672
678
674
674
674
680
686
686
674
672
672
672
664
660
668
668
656
660
658
658
654
650
646
638
636
636
630
630
630
626
636
630
630
630
630
624
628
628
628
620
620
618
614
616
620
624
624
618
628
620
632
632
630
630
630
638
634
630
628
634
624
624
630
626
626
630
636
634
636
632
636
640
634
636
630
614
618
622
620
610
610
614
620
624
620
620
620
620
628
632
628
634
642
640
638
634
628
622
622
624
624
628
634
630
630
626
630
638
650
650
652
652
660
660
664
656
656
652
650
648
642
648
648
648
652
648
648
648
656
652
644
648
654
654
664
668
662
660
654
658
654
644
644
638
648
648
648
650
652
652
660
660
656
656
652
646
640
630
628
628
638
644
634
634
640
644
630
616
616
622
634
630
630
634
636
634
636
632
628
628
628
634
636
640
638
644
644
638
644
642
650
650
648
654
654
654
654
654
660
662
658
656
654
658
654
652
650
656
646
652
648
646
650
656
660
660
662
662
668
668
668
666
666
666
672
672
672
680
680
686
682
674
674
678
690
700
694
690
680
690
690
682
686
686
684
682
682
678
678
688
690
684
684
682
686
694
694
702
710
708
714
714
714
712
712
710
712
712
712
720
722
716
708
708
698
702
702
694
694
698
704
702
704
698
690
694
692
698
692
692
696
688
694
698
694
692
692
690
692
686
700
702
702
704
700
700
700
704
694
702
702
704
700
692
692
698
706
698
692
686
676
676
678
678
680
686
686
688
692
694
694
696
700
702
694
692
692
684
684
684
684
692
706
706
710
702
698
694
694
698
700
706
698
700
702
706
706
702
708
708
704
700
702
708
708
712
718
722
726
726
728
726
714
716
716
716
716
720
724
714
708
708
696
704
710
710
716
714
714
708
708
704
698
704
698
700
704
704
696
688
684
676
670
670
662
664
664
652
658
654
650
656
660
656
652
650
652
666
668
670
666
666
674
666
672
670
676
676
688
690
694
704
710
710
710
702
700
706
714
710
712
714
710
708
710
708
716
722
726
722
716
706
704
694
684
686
676
674
666
666
666
666
670
666
656
662
662
662
662
670
664
664
662
664
674
670
666
670
674
674
670
664
662
662
648
648
656
656
656
656
662
658
656
650
650
664
666
672
668
668
668
662
656
662
660
660
668
664
664
668
666
678
688
688
688
680
680
676
670
666
666
660
652
656
668
674
666
664
664
666
666
664
664
662
662
662
662
672
664
660
660
660
662
658
664
658
666
666
668
670
672
670
664
670
674
684
684
684
678
680
674
680
690
690
690
684
684
682
690
684
682
684
684
690
690
690
688
696
696
688
688
690
680
680
684
692
698
700
708
704
704
714
710
716
716
722
722
718
720
712
720
722
718
724
730
730
736
738
738
736
742
736
736
736
728
728
728
728
728
726
726
712
710
710
716
712
712
716
720
712
704
704
708
712
708
704
706
702
706
694
694
686
688
688
686
688
692
698
694
698
698
698
696
692
692
694
698
700
696
690
690
690
688
690
700
702
708
716
710
708
696
696
692
692
692
686
688
692
698
698
698
698
694
686
700
698
704
704
694
696
702
706
706
708
708
700
704
702
706
700
696
698
686
684
682
682
686
686
684
686
686
684
684
680
680
672
672
666
662
656
654
664
668
668
668
668
662
662
662
660
664
658
646
650
654
648
648
652
658
654
640
630
636
636
646
656
658
662
662
668
668
666
660
648
648
646
648
648
640
644
646
648
642
642
634
630
630
634
632
630
630
630
626
626
620
618
628
628
624
626
636
630
628
626
624
628
622
628
628
630
628
622
622
624
622
622
624
622
628
626
628
620
622
626
636
632
630
636
648
646
650
640
636
630
630
632
628
628
630
630
634
636
646
646
648
652
648
642
630
636
636
644
656
666
668
666
672
674
670
666
666
658
656
668
668
668
674
678
684
686
692
686
674
672
678
674
680
686
684
694
694
694
696
690
686
692
694
696
696
696
694
692
690
690
696
692
690
686
696
696
700
702
698
702
702
702
696
712
708
712
720
720
722
716
718
718
720
720
718
722
718
726
730
736
732
734
738
744
740
740
742
750
746
754
766
766
770
770
772
774
782
782
782
782
778
788
788
788
784
792
792
792
788
792
790
790
782
792
792
792
794
794
788
792
794
786
788
784
786
784
780
780
776
780
780
780
776
782
778
778
784
778
778
774
778
778
776
778
788
788
792
792
790
788
776
770
770
778
778
778
772
772
770
772
776
776
776
776
766
766
774
778
780
776
772
768
768
770
768
772
772
772
776
784
788
778
780
792
788
782
778
780
780
776
776
776
782
780
780
784
784
790
790
786
786
788
788
788
784
782
776
774
774
778
776
784
786
782
786
790
790
786
782
782
786
786
792
790
788
792
788
792
792
792
798
796
800
804
804
804
804
804
794
790
804
800
802
806
810
816
818
818
828
820
824
824
820
820
822
820
822
820
818
824
822
818
824
822
830
834
834
840
844
834
834
834
832
830
818
818
826
826
818
818
818
818
818
814
822
822
826
826
832
838
834
832
834
840
848
840
848
846
844
844
850
850
850
846
836
836
836
832
822
812
812
814
814
814
814
814
814
816
822
818
816
818
820
822
824
824
826
826
822
814
818
816
814
814
808
802
802
806
812
806
810
808
808
806
802
806
806
796
796
796
796
802
802
802
802
796
792
798
810
808
814
816
802
802
812
812
812
808
808
804
804
796
788
788
798
800
806
810
810
810
802
804
818
820
