-2623
-2617
-2617
-2609
-2609
-2603
-2603
-2593
-2593
-2597
-2597
-2597
-2597
-2597
-2597
-2597
-2597
-2597
-2597
-2585
-2581
-2581
-2581
-2577
-2577
-2577
-2577
-2573
-2569
-2567
-2555
-2543
-2543
-2543
-2537
-2537
-2537
-2529
-2529
-2529
-2529
-2529
-2521
-2517
-2507
-2507
-2507
-2499
-2493
-2493
-2483
-2483
-2483
-2481
-2479
-2479
-2479
-2479
-2479
-2475
-2461
-2461
-2461
-2453
-2439
-2439
-2431
-2431
-2425
-2425
-2421
-2413
-2415
-2415
-2407
-2403
-2403
-2393
-2383
-2377
-2377
-2381
-2381
-2379
-2383
-2381
-2379
-2377
-2375
-2369
-2369
-2369
-2365
-2357
-2349
-2339
-2339
-2339
-2339
-2331
-2323
-2325
-2325
-2317
-2317
-2319
-2319
-2319
-2323
-2323
-2313
-2313
-2295
-2299
-2293
-2293
-2293
-2293
-2293
-2293
-2293
-2293
-2293
-2293
-2293
-2279
-2279
-2275
-2271
-2273
-2273
-2273
-2273
-2273
-2261
-2255
-2249
-2245
-2237
-2237
-2231
-2231
-2231
-2225
-2225
-2225
-2219
-2219
-2213
-2213
-2215
-2215
-2213
-2213
-2213
-2205
-2205
-2195
-2195
-2187
-2177
-2163
-2163
-2159
-2149
-2145
-2145
-2145
-2129
-2129
-2121
-2121
-2111
-2101
-2101
-2101
-2101
-2101
-2095
-2095
-2095
-2097
-2091
-2091
-2091
-2089
-2081
-2081
-2081
-2081
-2077
-2067
-2059
-2059
-2055
-2049
-2039
-2039
-2031
-2031
-2025
-2023
-2011
-2011
-2001
-2001
-1989
-1989
-1987
-1987
-1971
-1971
-1971
-1971
-1971
-1979
-1975
-1975
-1975
-1973
-1973
-1965
-1955
-1955
-1947
-1941
-1941
-1941
-1941
-1939
-1939
-1939
-1935
-1935
-1927
-1927
-1921
-1909
-1899
-1899
-1899
-1899
-1901
-1901
-1899
-1889
-1893
-1881
-1875
-1867
-1863
-1859
-1859
-1851
-1851
-1839
-1833
-1833
-1819
-1819
-1819
-1815
-1805
-1793
-1797
-1797
-1785
-1785
-1789
-1777
-1783
-1769
-1771
-1769
-1765
-1765
-1763
-1763
-1763
-1763
-1749
-1749
-1747
-1745
-1745
-1745
-1745
-1745
-1745
-1745
-1745
-1745
-1745
-1741
-1737
-1737
-1731
-1731
-1731
-1731
-1737
-1737
-1737
-1737
-1737
-1737
-1737
-1737
-1737
-1729
-1721
-1721
-1713
-1703
-1703
-1703
-1699
-1709
-1709
-1709
-1703
-1703
-1701
-1701
-1695
-1695
-1697
-1689
-1689
-1683
-1683
-1683
-1679
-1669
-1659
-1659
-1659
-1659
-1645
-1645
-1641
-1641
-1637
-1629
-1629
-1627
-1627
-1627
-1627
-1627
-1625
-1625
-1617
-1617
-1617
-1613
-1613
-1613
-1613
-1617
-1617
-1617
-1617
-1617
-1617
-1617
-1609
-1603
-1603
-1603
-1603
-1595
-1587
-1581
-1581
-1581
-1581
-1581
-1573
-1575
-1575
-1575
-1571
-1565
-1565
-1565
-1559
-1551
-1551
-1543
-1551
-1553
-1551
-1547
-1547
-1547
-1537
-1537
-1537
-1541
-1541
-1541
-1539
-1527
-1527
-1527
-1527
-1521
-1513
-1513
-1513
-1501
-1501
-1501
-1501
-1501
-1493
-1493
-1493
-1491
-1493
-1493
-1489
-1477
-1477
-1467
-1467
-1457
-1457
-1457
-1457
-1457
-1445
-1445
-1445
-1443
-1443
-1443
-1453
-1447
-1447
-1445
-1439
-1437
-1437
-1429
-1427
-1427
-1427
-1427
-1427
-1427
-1423
-1423
-1419
-1419
-1419
-1417
-1417
-1415
-1415
-1407
-1393
-1381
-1387
-1383
-1381
-1377
-1377
-1375
-1375
-1373
-1371
-1367
-1367
-1367
-1367
-1369
-1367
-1367
-1367
-1363
-1363
-1363
-1353
-1353
-1353
-1353
-1359
-1357
-1357
-1357
-1357
-1357
-1357
-1361
-1357
-1361
-1361
-1345
-1345
-1349
-1343
-1343
-1343
-1343
-1341
-1341
-1337
-1337
-1337
-1329
-1317
-1317
-1313
-1315
-1315
-1315
-1315
-1315
-1315
-1309
-1303
-1293
-1293
-1289
-1289
-1295
-1293
-1285
-1285
-1273
-1265
-1255
-1251
-1251
-1241
-1237
-1241
-1241
-1241
-1241
-1235
-1237
-1237
-1237
-1237
-1227
-1227
-1233
-1223
-1223
-1221
-1221
-1215
-1215
-1215
-1207
-1207
-1199
-1193
-1193
-1183
-1183
-1183
-1183
-1183
-1183
-1183
-1173
-1173
-1173
-1173
-1173
-1173
-1173
-1155
-1151
-1151
-1151
-1151
-1151
-1151
-1151
-1157
-1155
-1155
-1145
-1145
-1145
-1145
-1143
-1143
-1143
-1143
-1143
-1145
-1133
-1125
-1115
-1115
-1115
-1115
-1115
-1125
-1131
-1131
-1127
-1127
-1127
-1127
-1123
-1123
-1123
-1117
-1113
-1113
-1113
-1113
-1123
-1119
-1119
-1119
-1119
-1119
-1109
-1109
-1109
-1109
-1109
-1109
-1103
-1103
-1103
-1103
-1103
-1103
-1103
-1103
-1103
-1103
-1099
-1099
-1093
-1093
-1093
-1093
-1093
-1093
-1093
-1083
-1079
-1081
-1073
-1069
-1069
-1069
-1063
-1065
-1065
-1065
-1065
-1059
-1057
-1057
-1059
-1053
-1053
-1059
-1059
-1059
-1059
-1055
-1057
-1057
-1057
-1057
-1057
-1049
-1051
-1051
-1051
-1053
-1053
-1053
-1049
-1037
-1037
-1037
-1037
-1035
-1035
-1031
-1021
-1019
-1009
-1009
-1009
-1001
-999
-991
-981
-973
-973
-979
-979
-975
-971
-983
-983
-985
-985
-977
-977
-977
-967
-967
-967
-967
-959
-953
-953
-949
-955
-961
-961
-961
-955
-955
-961
-963
-961
-951
-951
-943
-943
-943
-933
-933
-933
-937
-937
-929
-929
-927
-925
-925
-925
-925
-925
-923
-923
-923
-923
-915
-907
-907
-907
-907
-907
-907
-907
-909
-909
-909
-909
-909
-897
-899
-897
-891
-891
-891
-893
-889
-889
-881
-871
-871
-863
-863
-863
-871
-867
-859
-861
-861
-855
-849
-855
-855
-851
-851
-841
-849
-849
-845
-845
-845
-833
-835
-835
-835
-835
-833
-833
-831
-837
-837
-831
-823
-823
-823
-821
-821
-823
-823
-823
-823
-823
-825
-825
-819
-817
-817
-817
-807
-807
-793
-793
-793
-793
-787
-787
-787
-783
-787
-787
-789
-783
-785
-783
-783
-783
-783
-783
-783
-783
-785
-783
-779
-779
-779
-779
-779
-781
-781
-777
-777
-779
-779
-779
-785
-777
-779
-779
-779
-777
-783
-783
-779
-767
-767
-753
-759
-759
-759
-759
-753
-753
-753
-749
-749
-749
-749
-749
-749
-749
-747
-745
-743
-739
-735
-741
-741
-743
-737
-737
-733
-737
-737
-731
-729
-729
-729
-729
-731
-731
-727
-737
-737
-737
-731
-731
-731
-735
-727
-721
-721
-719
-711
-711
-711
-695
-687
-687
-679
-679
-679
-679
-679
-673
-663
-665
-665
-661
-661
-653
-653
-653
-647
-635
-641
-639
-635
-635
-635
-633
-633
-633
-633
-623
-623
-621
-625
-625
-625
-625
-623
-623
-615
-615
-615
-615
-615
-615
-623
-623
-623
-621
-619
-621
-621
-621
-621
-621
-613
-615
-615
-617
-617
-611
-611
-611
-605
-603
-603
-609
-603
-601
-597
-593
-603
-603
-603
-601
-601
-601
-595
-595
-595
-595
-595
-595
-595
-595
-589
-589
-597
-597
-597
-597
-597
-597
-603
-603
-603
-603
-603
-603
-601
-599
-599
-599
-599
-593
-587
-587
-573
-567
-571
-571
-575
-573
-573
-579
-575
-573
-573
-573
-575
-577
-577
-575
-575
-575
-571
-571
-571
-569
-569
-571
-571
-579
-587
-587
-585
-575
-575
-575
-575
-565
-567
-567
-567
-561
-561
-557
-557
-557
-557
-557
-557
-557
-557
-547
-547
-543
-545
-545
-545
-545
-553
-555
-561
-561
-555
-555
-555
-555
-559
-559
-553
-555
-559
-559
-559
-565
-565
-565
-567
-567
-567
-565
-565
-557
-557
-557
-557
-557
-557
-557
-557
-557
-557
-551
-553
-553
-559
-561
-561
-555
-549
-549
-545
-549
-549
-555
-555
-555
-555
-555
-555
-555
-555
-551
-549
-549
-549
-559
-551
-549
-549
-545
-537
-537
-537
-529
-515
-515
-515
-517
-517
-509
-509
-509
-505
-505
-505
-501
-489
-479
-481
-475
-475
-473
-481
-481
-483
-487
-487
-487
-481
-481
-481
-481
-481
-481
-481
-481
-475
-475
-487
-487
-487
-487
-487
-483
-483
-483
-483
-483
-483
-469
-469
-471
-471
-461
-455
-455
-455
-453
-453
-449
-447
-447
-447
-447
-447
-441
-441
-441
-441
-439
-439
-439
-441
-435
-429
-423
-421
-419
-407
-407
-405
-399
-399
-399
-391
-391
-393
-393
-389
-389
-389
-389
-385
-385
-385
-385
-385
-385
-385
-385
-391
-391
-391
-391
-391
-391
-389
-385
-387
-387
-387
-387
-387
-385
-379
-379
-379
-379
-379
-379
-377
-377
-379
-379
-385
-385
-385
-381
-381
-381
-379
-363
-363
-363
-363
-361
-359
-359
-371
-371
-373
-373
-367
-361
-361
-355
-355
-341
-341
-339
-331
-337
-337
-339
-339
-339
-339
-339
-339
-339
-337
-337
-337
-341
-339
-339
-339
-339
-339
-333
-333
-325
-325
-313
-313
-307
-305
-301
-301
-301
-301
-297
-295
-289
-289
-293
-293
-293
-291
-291
-289
-287
-287
-287
-287
-287
-277
-279
-281
-281
-281
-285
-283
-277
-277
-277
-277
-277
-277
-281
-281
-293
-297
-297
-297
-297
-297
-293
-291
-291
-291
-283
-283
-283
-283
-283
-285
-285
-285
-285
-285
-291
-291
-303
-303
-303
-303
-303
-303
-299
-299
-299
-301
-295
-295
-295
-295
-297
-297
-297
-293
-293
-293
-293
-299
-295
-295
-295
-289
-291
-283
-283
-283
-283
-283
-285
-285
-285
-285
-285
-285
-289
-289
-277
-273
-269
-269
-269
-269
-259
-251
-251
-251
-251
-251
-251
-251
-241
-241
-237
-237
-241
-241
-243
-243
-241
-243
-243
-243
-243
-241
-241
-241
-241
-241
-241
-233
-233
-233
-233
-233
-233
-227
-227
-227
-227
-227
-227
-227
-219
-219
-219
-219
-225
-225
-221
-221
-221
-221
-223
-219
-217
-223
-223
-219
-219
-219
-219
-217
-217
-217
-215
-207
-217
-217
-219
-211
-211
-211
-213
-213
-213
-213
-213
-211
-203
-203
-203
-207
-207
-203
-209
-201
-201
-201
-201
-203
-203
-213
-213
-213
-213
-213
-213
-213
-213
-213
-213
-213
-215
-205
-207
-205
-205
-211
-211
-211
-211
-205
-205
-207
-215
-215
-215
-215
-209
-205
-205
-201
-201
-201
-205
-203
-213
-199
-199
-189
-189
-189
-205
-203
-203
-207
-197
-195
-195
-185
-189
-189
-191
-181
-181
-181
-183
-183
-183
-183
-183
-183
-183
-183
-183
-183
-183
-183
-181
-181
-171
-171
-171
-171
-171
-171
-171
-175
-175
-177
-169
-163
-173
-183
-183
-177
-179
-179
-181
-175
-169
-169
-171
-171
-163
-155
-155
-155
-155
-155
-155
-155
-145
-141
-153
-149
-149
-149
-149
-149
-149
-149
-153
-157
-157
-155
-155
-153
-169
-169
-169
-169
-165
-163
-163
-167
-167
-167
-159
-159
-159
-155
-155
-153
-153
-151
-151
-151
-151
-153
-155
-155
-159
-159
-159
-159
-161
-161
-167
-171
-171
-171
-171
-171
-171
-171
-171
-171
-173
-169
-169
-169
-169
-167
-167
-163
-163
-163
-155
-161
-163
-163
-163
-163
-151
-145
-145
-151
-151
-151
-151
-151
-147
-139
-133
-133
-133
-135
-135
-147
-147
-149
-159
-159
-159
-165
-163
-163
-163
-163
-175
-169
-167
-177
-177
-177
-177
-177
-177
-173
-173
-175
-175
-175
-175
-179
-179
-177
-169
-169
-169
-165
-165
-167
-159
-159
-147
-147
-139
-137
-145
-145
-147
-147
-151
-151
-151
-151
-155
-155
-149
-145
-145
-153
-149
-149
-143
-139
-139
-139
-139
-139
-139
-139
-139
-137
-137
-141
-145
-147
-143
-141
-137
-137
-137
-135
-135
-135
-135
-121
-121
-127
-135
-139
-139
-139
-139
-139
-139
-131
-131
-131
-131
-131
-127
-127
-127
-127
-119
-119
-119
-119
-119
-119
-119
-113
-113
-113
-111
-99
-99
-103
-103
-103
-103
-105
-103
-103
-103
-103
-103
-97
-97
-101
-89
-89
-89
-83
-91
-85
-85
-85
-79
-65
-61
-61
-61
-57
-59
-59
-59
-59
-51
-47
-47
-41
-41
-41
-39
-39
-39
-39
-39
-39
-35
-41
-41
-41
-53
-53
-45
-37
-37
-31
-31
-23
-21
-19
-19
-19
-27
-27
-27
-27
-33
-33
-33
-33
-33
-33
-33
-37
-37
-33
-33
-31
-39
-39
-39
-37
-37
-45
-45
-45
-45
-51
-55
-55
-55
-55
-55
-59
-61
-61
-63
-67
-67
-61
-61
-63
-63
-63
-65
-59
-67
-63
-63
-67
-65
-65
-63
-63
-63
-63
-61
-55
-51
-47
-47
-45
-39
-39
-39
-43
-37
-37
-45
-47
-47
-51
-45
-45
-51
-47
-47
-49
-47
-37
-39
-29
-33
-39
-37
-45
-45
-49
-49
-51
-55
-55
-55
-55
-55
-55
-59
-59
-59
-59
-55
-57
-57
-57
-57
-57
-57
-57
-49
-51
-51
-45
-47
-47
-41
-45
-45
-45
-45
-45
-45
-47
-47
-49
-43
-43
-43
-43
-47
-31
-43
-39
-39
-37
-37
-37
-37
-39
-39
-37
-29
-29
-25
-25
-25
-13
-13
-11
-11
-11
-9
-9
-9
-7
-1
-1
-1
-1
-1
7
9
9
9
7
1
3
-1
-1
-3
-11
-11
-11
-11
-15
-11
-11
-7
-7
-15
-15
-21
-27
-33
-33
-41
-47
-43
-37
-37
-27
-27
-33
-39
-39
-39
-39
-39
-39
-35
-31
-31
-21
-21
-33
-39
-43
-47
-45
-45
-45
-49
-47
-47
-47
-47
-47
-43
-41
-41
-31
-31
-39
-39
-35
-35
-35
-35
-35
-31
-25
-25
-25
-7
-7
-7
-7
-7
-7
-7
-7
-7
-7
-7
-1
-1
7
1
1
1
1
-1
-1
-1
-1
-1
-1
-1
-1
-1
-1
-1
3
7
7
17
17
9
9
9
11
11
11
15
15
15
25
23
23
29
31
31
33
39
39
39
33
33
39
39
39
37
37
41
39
39
39
39
39
39
39
39
33
33
33
33
41
41
45
45
45
43
43
51
51
51
51
45
39
49
49
49
49
49
51
51
51
51
53
53
53
53
51
51
51
51
47
51
59
59
57
57
57
57
57
57
57
55
55
55
55
57
57
61
63
63
61
67
63
69
69
69
61
61
61
63
63
61
67
73
79
73
73
73
73
73
81
81
91
91
91
97
93
95
95
103
91
91
91
91
97
97
97
97
97
95
95
95
95
101
115
119
107
105
105
105
105
105
97
105
105
97
97
99
95
89
97
101
87
87
87
83
85
85
83
91
95
95
93
93
97
97
97
97
97
97
93
95
103
105
105
105
113
113
113
113
113
113
113
113
113
113
121
121
121
127
135
135
135
149
157
159
159
159
159
159
153
153
153
147
155
163
157
157
157
157
157
157
153
155
155
155
151
151
151
151
153
153
151
151
159
163
163
157
157
165
165
169
169
169
173
165
163
165
165
165
165
159
159
159
159
159
159
157
157
157
151
151
151
151
151
147
147
157
157
157
159
159
159
159
159
159
159
165
167
167
175
161
161
161
161
175
175
173
173
167
169
169
169
169
171
171
171
171
171
171
171
171
171
165
165
169
169
171
171
171
171
171
173
173
177
179
179
179
173
179
173
175
175
179
179
183
183
185
185
187
185
193
193
185
191
191
191
191
193
193
193
193
193
193
193
195
197
201
201
201
201
209
213
209
209
209
209
209
209
209
209
209
209
209
209
209
209
215
215
215
215
215
215
207
215
215
215
215
215
215
213
213
213
213
203
203
203
195
195
195
195
191
191
197
197
197
197
193
193
193
193
197
197
197
197
197
205
221
229
229
219
219
219
213
213
213
213
213
213
215
215
211
219
215
215
215
215
217
217
213
213
213
217
213
205
213
225
225
225
225
225
225
229
229
225
225
225
225
217
217
217
217
217
217
217
217
217
217
217
221
221
221
223
223
223
225
225
225
223
223
223
221
213
213
213
213
213
213
209
205
207
209
209
209
213
213
209
205
205
201
201
201
201
201
193
187
187
199
199
199
199
199
199
199
199
199
197
195
195
195
195
187
187
187
187
187
187
187
193
187
187
187
193
197
197
195
195
195
203
203
203
203
205
205
213
217
217
213
213
213
223
227
229
229
227
231
231
231
239
237
237
231
229
227
227
239
239
239
235
223
223
223
223
215
215
215
215
209
209
209
209
209
201
201
199
199
199
199
197
197
197
197
197
197
195
199
207
207
207
207
201
201
201
201
209
209
205
205
205
211
215
219
219
219
217
221
219
219
219
217
219
215
215
215
215
211
221
221
223
223
223
223
223
223
221
227
229
235
235
227
217
225
225
225
227
231
233
245
245
241
237
235
235
227
223
229
225
229
229
229
223
223
223
229
231
231
231
231
225
225
219
213
213
211
211
203
203
203
201
201
195
193
193
193
191
191
195
205
205
205
205
207
207
207
207
199
199
209
211
211
211
195
199
199
199
197
203
203
205
205
205
201
201
197
197
209
207
207
207
207
207
207
211
211
223
223
223
223
223
223
223
225
225
217
217
221
221
217
217
217
217
229
223
223
211
211
213
213
213
213
213
217
215
227
227
231
231
231
231
231
233
229
229
229
231
243
243
243
243
243
243
235
235
227
227
233
243
243
243
243
243
243
243
249
249
247
247
235
235
235
233
233
233
233
233
237
237
237
237
237
233
229
229
229
241
239
239
237
245
249
249
249
251
243
243
243
243
243
243
239
239
231
231
235
247
251
249
247
247
239
247
247
247
247
239
239
239
239
227
227
225
229
229
229
229
229
229
229
229
217
211
211
213
213
213
207
207
213
207
207
207
207
205
213
209
209
209
209
209
201
193
193
193
193
189
199
203
205
205
205
191
191
191
193
193
193
193
189
187
187
189
199
199
201
197
205
205
207
207
207
207
207
207
205
205
205
211
211
209
205
205
199
201
199
199
203
203
213
213
211
207
205
201
205
205
201
201
203
195
207
199
205
205
205
197
199
199
211
211
211
219
219
219
219
219
219
219
219
219
227
227
227
223
215
221
221
221
211
211
211
205
197
197
197
197
191
191
191
191
191
191
191
191
191
183
183
183
177
177
173
173
173
181
185
183
183
181
181
187
187
181
191
193
199
209
209
209
209
209
213
213
213
207
207
203
207
213
213
213
213
213
213
213
213
213
213
213
207
207
207
207
207
207
207
211
211
211
227
221
215
217
213
215
215
209
213
201
203
201
201
201
197
197
187
185
185
181
181
181
179
179
179
179
179
179
189
189
193
193
193
203
203
203
203
207
205
193
185
185
185
185
189
189
199
199
199
201
201
201
191
191
203
203
203
203
203
203
203
203
203
207
209
207
195
201
209
205
203
203
207
211
219
225
225
227
227
219
223
223
225
225
225
231
231
229
217
215
215
215
219
213
211
207
207
207
207
207
211
219
227
227
227
229
227
221
221
221
221
221
225
225
219
219
231
229
229
227
227
227
227
231
237
237
237
239
239
241
241
247
247
255
255
245
243
243
241
241
247
247
247
243
245
241
241
247
243
243
239
239
239
239
239
239
235
235
239
237
237
229
229
229
225
215
215
215
215
215
217
219
209
209
209
209
209
209
209
205
205
205
203
203
209
207
207
207
215
217
217
227
227
227
227
227
227
217
207
203
203
189
191
191
199
205
205
205
205
205
197
197
197
197
197
197
197
203
207
201
201
201
201
201
197
197
201
201
201
205
217
221
221
211
213
217
223
223
223
229
229
223
223
223
223
211
201
201
201
201
197
193
193
193
197
197
195
207
207
207
207
207
201
201
201
209
209
219
225
227
227
221
219
219
217
217
217
217
221
217
217
217
215
215
213
213
207
203
203
203
201
201
201
193
195
193
197
197
197
197
199
199
197
199
197
193
193
193
193
201
201
189
189
189
189
185
185
183
183
169
169
169
165
159
161
149
143
143
137
137
137
137
137
139
145
145
145
145
145
145
145
151
151
153
153
153
145
141
141
141
141
141
145
145
145
145
145
143
143
141
141
141
133
125
125
125
125
123
119
119
119
119
117
117
117
117
117
111
111
111
103
105
105
97
93
93
97
97
97
91
91
103
103
103
103
103
109
115
115
115
117
117
109
111
111
111
111
103
105
105
105
95
101
101
101
109
109
109
109
107
107
107
113
113
119
119
115
113
127
127
127
137
137
137
125
125
125
127
127
125
131
131
121
121
121
123
123
123
115
115
117
117
109
109
107
105
115
105
105
99
99
97
99
93
87
87
79
71
79
79
67
73
73
73
77
77
69
69
69
69
69
69
69
69
69
69
63
63
63
63
63
55
55
57
55
55
55
55
55
63
63
61
55
55
55
55
55
55
55
57
65
65
65
65
69
69
69
79
79
71
71
71
71
71
71
71
71
71
57
57
57
63
69
69
69
69
69
69
69
69
63
63
57
59
59
59
59
59
61
61
61
73
73
73
73
73
73
73
73
73
71
79
79
79
79
81
81
81
81
83
89
87
87
87
95
95
95
93
93
93
93
87
87
87
87
87
87
87
87
89
79
81
81
81
81
83
83
83
83
73
73
79
79
81
81
73
79
79
79
75
75
75
75
75
69
69
69
71
73
73
71
65
65
59
59
59
57
51
51
51
51
51
51
51
51
51
51
51
51
55
63
63
75
75
75
79
79
83
83
89
89
95
83
77
83
81
75
75
75
87
87
97
105
105
105
105
105
113
113
113
113
117
127
127
129
137
143
143
137
137
137
131
131
131
133
145
145
145
145
143
143
145
147
147
147
147
151
151
151
151
145
145
141
141
139
139
137
139
139
139
135
135
135
135
137
137
143
147
147
153
153
149
149
149
151
151
147
143
143
147
139
139
139
137
135
135
137
139
139
147
153
159
159
155
155
155
147
147
147
139
129
129
141
137
139
135
135
131
133
135
143
143
141
141
141
141
141
141
145
145
155
155
169
169
163
147
143
143
143
147
143
143
143
143
143
143
147
147
147
149
149
149
149
137
137
137
145
145
141
141
145
145
143
143
147
149
149
149
151
151
151
153
157
157
157
157
157
157
157
157
157
157
163
163
163
163
167
173
183
187
187
187
185
185
187
185
187
193
193
193
197
197
199
199
199
195
191
191
191
183
183
191
191
191
191
191
195
195
195
195
197
197
197
203
217
209
203
203
203
203
209
209
209
205
213
213
219
219
219
219
219
219
219
219
225
225
225
213
213
205
205
205
201
191
193
181
181
181
177
177
173
179
187
187
189
189
185
191
187
185
185
185
185
187
187
187
187
181
181
181
185
181
181
181
181
181
181
177
177
177
179
179
185
181
181
183
183
185
185
185
185
185
183
183
181
177
177
173
177
179
177
179
183
183
185
179
181
173
167
165
161
161
161
151
147
139
139
135
135
135
145
153
153
153
147
151
157
157
153
153
149
149
149
149
149
149
149
149
149
153
153
153
161
153
149
153
149
149
147
145
145
153
153
153
145
145
143
143
141
141
137
135
135
141
143
139
139
139
139
143
143
143
143
143
151
161
155
155
155
155
159
163
163
167
175
163
161
165
165
165
159
159
163
159
159
159
159
161
155
149
147
143
137
137
133
129
121
111
111
115
115
115
115
115
115
115
115
115
115
107
107
103
103
103
103
101
103
103
103
115
115
115
119
119
135
141
141
141
141
141
147
147
141
141
141
145
143
143
153
147
145
137
137
137
137
141
135
135
137
137
137
137
133
129
129
129
129
129
129
129
139
139
135
133
133
133
139
139
139
139
137
131
131
131
131
125
125
121
119
119
119
115
115
115
115
115
115
115
121
121
121
123
123
123
125
131
131
131
131
131
133
135
137
137
137
135
139
139
139
139
139
133
139
139
139
139
141
143
143
143
143
145
151
153
153
151
155
161
151
159
153
153
147
153
151
151
151
151
161
157
157
153
147
141
141
141
141
141
141
141
141
141
139
145
145
139
149
151
145
145
145
145
145
151
151
151
151
157
153
153
163
163
163
163
163
173
175
173
173
167
167
167
167
167
179
181
179
179
183
185
175
175
169
169
169
169
179
179
177
177
181
169
165
165
165
165
163
165
165
165
167
179
179
179
187
183
189
185
187
187
193
193
193
193
193
187
187
195
195
195
195
195
199
191
197
189
189
189
189
187
187
187
187
193
193
191
191
181
181
181
187
187
187
187
187
187
183
183
183
177
177
185
185
185
189
193
193
203
203
203
191
191
191
179
171
163
163
163
163
163
153
153
153
147
147
147
147
147
149
151
147
139
139
143
141
135
137
145
143
143
143
143
139
143
143
147
147
151
151
151
147
151
153
157
163
157
161
163
167
161
169
165
163
163
165
173
177
177
177
177
177
177
175
179
177
165
171
173
169
165
165
165
163
163
163
171
171
171
171
171
171
171
175
175
175
179
179
179
179
179
189
189
189
197
197
185
185
185
185
189
189
189
193
193
193
189
191
191
191
191
191
191
191
191
191
191
187
181
183
183
183
181
177
177
177
175
175
183
183
177
177
173
173
173
171
171
167
167
167
167
167
167
165
177
177
179
179
177
177
177
177
177
175
175
161
163
163
159
159
165
165
157
157
157
157
149
149
149
149
149
149
149
141
143
143
143
149
149
149
145
145
137
137
141
141
143
155
155
155
155
155
163
163
155
155
155
163
171
177
183
177
177
185
185
185
193
193
187
191
195
195
187
187
185
185
183
183
183
177
185
181
181
181
191
195
187
187
187
187
203
203
195
195
195
195
197
203
195
195
195
195
197
197
197
197
197
197
197
197
197
191
191
191
191
191
187
187
187
191
191
191
183
177
169
169
169
169
169
177
177
177
173
169
169
169
165
165
157
157
165
175
175
181
187
195
185
197
197
197
201
193
193
197
197
203
203
209
203
203
199
199
199
199
193
193
193
193
193
193
189
187
187
191
183
183
179
179
173
181
181
181
183
183
183
183
179
185
183
183
183
189
189
189
189
195
195
187
187
183
183
183
189
191
191
177
185
185
189
187
187
187
187
187
187
183
189
189
183
183
185
185
185
185
185
191
189
189
189
189
191
197
197
197
201
201
201
201
201
199
203
203
203
197
197
195
191
195
203
203
203
191
191
191
191
191
195
205
203
203
203
207
205
205
205
205
205
205
205
205
205
205
215
211
213
217
227
221
219
217
217
217
209
209
215
223
223
223
223
223
223
221
213
213
203
205
205
211
211
211
211
213
205
207
197
197
197
201
201
203
203
203
203
203
203
203
201
203
201
201
203
205
211
211
215
211
211
211
207
205
205
199
201
201
201
201
207
199
195
191
189
183
183
187
187
187
187
187
187
187
187
187
187
187
187
187
187
187
179
179
183
183
183
179
191
191
191
191
191
181
181
181
181
175
175
175
175
173
177
177
177
177
177
173
173
173
177
177
163
163
153
145
145
145
145
145
145
145
151
151
151
151
151
145
149
149
149
147
143
143
149
149
149
149
145
157
161
161
161
161
161
165
175
175
179
179
177
177
175
175
175
175
177
177
183
183
175
187
187
187
183
183
181
177
177
173
173
177
179
179
179
179
173
173
183
183
183
191
191
197
197
197
197
197
197
197
197
197
193
193
193
193
187
187
187
175
175
177
175
175
175
177
177
177
173
173
173
177
177
177
179
179
173
179
187
189
187
187
195
191
187
187
187
187
187
187
183
187
187
187
187
195
185
185
181
171
171
171
167
163
165
165
165
157
155
155
155
157
157
153
149
149
149
149
149
149
145
145
145
139
139
137
137
137
137
135
135
131
131
131
135
135
135
127
127
127
127
121
121
121
121
121
121
121
121
119
115
109
109
109
109
109
109
113
113
113
113
113
111
111
111
117
117
121
109
109
101
101
103
105
95
95
95
95
95
95
95
95
95
99
99
99
95
95
95
95
95
95
91
89
89
89
89
89
89
97
97
97
95
95
95
95
93
93
93
85
85
75
79
79
81
83
81
83
83
83
83
83
83
87
87
87
85
89
83
83
83
83
71
77
81
81
81
81
81
81
89
95
95
95
91
91
91
93
103
103
107
111
115
115
115
115
115
123
123
123
123
123
127
127
127
127
127
127
127
127
127
127
121
117
117
105
105
105
103
103
103
103
103
105
109
111
111
111
115
111
111
111
119
119
125
137
137
139
139
139
149
151
145
145
145
145
151
159
159
157
167
167
169
167
167
167
167
167
169
169
175
175
175
175
173
165
165
165
175
175
173
173
175
173
177
177
177
177
177
169
169
169
169
167
167
171
163
163
163
163
163
165
167
175
171
179
183
183
187
187
187
187
193
193
187
187
187
187
197
197
197
205
205
205
209
209
209
209
211
211
211
211
211
211
217
217
211
217
217
217
217
227
227
225
225
227
219
211
211
211
211
211
211
211
211
221
217
217
217
219
225
223
223
223
227
231
231
225
223
219
213
221
221
221
215
215
227
233
237
237
237
247
247
247
247
247
247
247
259
259
259
257
251
251
263
263
263
261
261
261
261
261
261
259
255
255
257
261
261
261
257
257
257
257
255
255
255
257
257
257
251
241
249
249
249
259
255
255
263
259
259
259
261
261
267
267
267
265
265
273
281
281
281
277
277
277
275
275
275
275
275
275
275
275
271
265
267
269
269
269
269
269
269
271
269
269
269
269
267
267
267
267
255
253
253
259
255
255
255
255
259
261
251
251
255
261
261
263
263
263
263
263
263
265
265
263
263
263
263
267
267
267
267
259
257
257
253
253
261
271
271
271
271
273
273
277
277
277
277
277
277
277
277
273
273
271
273
275
277
273
263
263
263
265
263
263
263
263
255
255
241
241
239
239
239
239
247
247
247
247
251
251
261
261
261
259
267
267
279
281
281
281
275
273
273
273
277
279
279
291
295
291
291
287
287
279
281
281
281
281
281
281
287
297
297
297
299
299
299
301
301
309
313
313
309
301
301
301
295
295
295
295
295
295
295
287
291
291
291
291
291
291
291
291
289
291
303
303
303
303
303
297
289
289
285
285
285
285
285
285
281
281
279
285
285
285
293
291
293
293
293
289
289
289
285
285
285
285
277
279
271
275
285
281
285
285
285
287
287
291
307
313
313
313
307
305
305
307
307
307
307
307
307
307
297
297
297
297
297
297
305
305
305
309
309
303
297
287
287
287
285
281
281
281
281
279
271
261
265
261
261
261
261
265
269
271
271
269
265
263
263
263
261
263
263
267
267
279
279
275
277
277
265
265
265
259
259
259
251
249
249
253
255
239
239
239
239
239
239
239
235
235
235
235
235
239
233
241
241
243
243
243
251
253
253
253
253
253
251
251
245
243
243
243
243
243
239
239
235
235
235
235
235
237
237
233
235
237
237
237
237
237
229
229
223
223
223
223
223
213
213
213
213
215
215
215
213
199
193
201
201
199
181
181
181
181
181
187
187
187
183
183
193
195
195
195
195
193
195
203
199
199
191
181
181
179
179
181
177
177
177
177
181
175
175
175
175
175
177
177
177
179
179
179
183
183
183
183
183
183
183
179
179
179
179
179
179
179
175
175
179
179
183
183
173
173
173
177
177
185
185
185
181
181
181
181
179
179
179
185
185
185
191
193
193
189
181
173
173
173
173
175
165
161
161
163
163
163
159
163
163
169
165
159
159
159
151
147
143
143
143
143
143
143
143
143
143
143
151
151
151
151
155
157
157
157
153
157
157
161
161
157
167
167
167
177
187
183
183
177
179
171
171
163
163
161
155
155
151
147
151
151
139
139
141
141
139
139
137
137
127
129
127
135
135
125
125
131
131
131
131
141
137
137
139
133
133
129
133
139
139
139
139
139
151
151
151
155
153
145
149
149
149
149
149
149
149
133
133
133
133
137
137
137
139
143
143
143
143
143
143
133
125
129
131
129
125
125
123
125
131
131
131
121
121
121
127
127
127
137
137
137
149
149
147
145
139
139
127
123
129
129
125
119
119
119
123
125
129
137
137
133
133
131
121
123
123
121
121
127
141
141
141
139
137
139
139
135
135
135
135
133
133
135
135
141
141
141
141
145
157
159
159
159
165
165
165
159
153
147
149
153
155
159
159
159
159
159
159
159
159
161
161
161
167
167
161
161
155
159
159
159
159
163
163
163
161
161
167
167
167
167
171
169
173
173
167
167
167
173
165
165
167
167
167
167
153
153
153
153
149
147
147
147
147
153
153
153
159
159
161
161
161
159
165
165
165
165
165
165
169
167
167
167
167
169
165
165
177
179
179
179
181
187
185
185
185
185
181
181
185
185
191
187
187
195
187
181
181
187
187
185
185
185
185
185
179
179
179
179
179
179
183
183
177
183
183
185
191
191
191
193
193
193
193
193
191
191
191
191
191
191
191
191
191
195
195
195
197
197
197
197
197
197
197
201
203
203
203
209
209
215
221
221
221
225
225
225
231
237
239
237
237
237
237
243
243
235
235
235
235
239
243
243
239
239
239
239
235
235
227
227
227
225
225
219
229
229
235
235
235
235
235
229
229
229
227
223
219
219
221
219
215
215
213
215
215
211
211
211
211
211
213
211
217
217
217
221
215
215
215
213
213
213
213
213
213
207
207
207
207
207
207
207
207
207
201
201
201
205
205
193
201
195
201
203
203
201
201
201
197
197
205
205
205
205
207
201
201
201
215
211
211
211
209
207
215
225
225
235
235
237
243
243
251
251
251
249
249
249
249
251
263
263
263
263
263
277
277
273
269
271
259
259
261
261
267
267
267
267
267
267
261
255
255
259
259
251
251
249
249
249
253
253
259
259
259
259
259
245
245
239
239
239
239
239
251
239
239
239
239
243
249
249
249
249
249
251
251
251
247
247
235
235
237
237
237
237
239
231
229
225
225
225
229
229
229
229
229
229
229
229
229
233
225
225
225
217
221
221
227
227
217
217
217
217
223
225
229
229
229
223
215
207
207
199
199
201
207
207
209
205
205
195
195
195
189
193
195
195
195
195
195
195
199
199
199
199
199
199
199
195
191
189
191
191
191
183
185
195
195
193
189
195
195
189
189
189
197
197
209
211
209
209
209
209
209
223
231
231
231
231
231
233
233
233
231
239
239
239
239
247
247
243
247
247
251
251
255
255
249
249
253
259
255
251
251
251
251
251
251
259
259
259
259
259
259
261
261
261
261
261
261
269
269
269
269
279
279
279
279
281
279
279
271
271
271
271
269
269
269
269
261
261
261
263
259
261
261
269
269
269
257
257
257
255
253
251
261
273
273
273
273
269
269
267
269
269
269
269
271
271
271
267
277
277
277
279
279
279
273
273
273
269
269
269
273
267
267
267
257
257
265
253
253
263
269
271
271
269
269
271
277
277
281
281
275
273
261
261
261
261
261
257
257
249
249
249
259
259
261
259
259
255
255
251
257
257
257
255
259
259
259
259
257
261
261
261
261
257
251
251
251
257
257
257
255
255
253
251
251
247
253
251
253
253
247
249
251
251
251
251
251
255
255
255
251
253
259
255
255
257
257
257
257
263
263
263
259
255
255
255
259
259
259
259
261
255
247
249
249
249
249
249
251
253
255
255
263
263
263
263
263
263
263
263
263
257
257
257
247
247
247
247
247
245
251
251
251
251
251
251
251
251
255
251
253
253
243
243
243
243
243
243
243
251
251
247
247
247
247
247
247
253
253
253
253
253
259
259
255
255
253
247
243
243
245
241
241
241
247
243
243
235
237
237
235
235
235
235
239
229
229
229
229
223
223
225
225
229
229
231
231
231
223
223
225
225
225
223
227
227
223
215
207
215
215
215
205
215
221
223
223
219
215
215
215
215
215
207
207
207
205
209
207
209
209
207
217
217
217
207
207
207
207
207
217
217
215
215
215
215
215
213
215
215
211
211
211
211
211
211
211
213
213
213
221
221
227
231
231
235
235
235
235
235
235
229
229
229
229
229
229
229
229
231
237
237
237
237
237
237
237
237
239
245
245
245
245
245
247
253
253
253
261
261
267
261
261
257
267
259
257
261
253
253
251
257
257
253
253
251
251
251
251
245
247
243
243
243
251
255
247
245
249
257
263
267
259
257
257
257
257
257
257
257
257
255
255
255
255
255
259
249
249
249
249
249
249
247
245
251
251
247
251
251
259
253
253
251
241
241
241
241
247
247
251
251
251
251
251
251
249
239
239
239
239
239
239
239
239
239
235
235
235
237
239
239
235
233
233
237
237
233
221
227
227
223
223
223
223
215
211
211
213
213
213
209
203
203
203
201
201
201
201
201
201
197
195
199
199
211
211
227
227
227
237
237
221
223
233
229
229
229
229
229
231
243
243
243
239
239
239
239
239
239
243
237
243
243
243
253
249
249
249
253
253
255
255
257
257
251
249
249
243
243
251
251
255
255
247
253
253
253
253
257
257
257
251
251
259
253
259
249
247
247
247
247
247
249
249
249
233
227
227
227
241
237
245
241
241
241
235
237
229
221
221
221
225
213
213
213
213
213
213
211
217
217
217
209
207
207
207
207
207
195
195
195
195
195
195
195
187
187
195
193
187
187
185
181
191
191
191
191
191
191
193
191
191
191
193
197
197
197
191
183
183
183
181
185
185
185
179
175
175
175
173
173
173
173
177
173
165
165
165
165
165
165
165
165
165
165
163
163
159
161
161
161
167
167
169
169
161
159
159
159
153
147
147
147
147
147
143
149
149
149
159
159
159
157
157
163
163
163
163
163
155
155
157
155
157
157
157
157
167
167
167
167
167
167
167
167
177
173
173
173
173
187
201
201
205
205
205
193
193
195
193
187
185
185
185
185
185
189
193
193
193
193
187
187
187
187
187
187
185
185
185
187
183
183
189
189
189
183
187
193
195
195
195
193
193
197
191
187
187
187
193
193
193
193
193
193
193
197
197
197
195
195
183
183
177
177
177
177
177
177
177
171
171
165
165
165
165
165
165
165
165
165
165
165
173
173
175
175
185
185
189
183
177
177
177
177
185
185
185
185
175
175
175
175
175
185
185
183
183
183
181
187
193
193
193
193
193
203
207
207
213
223
225
229
221
223
227
235
235
233
233
233
233
233
223
219
219
219
217
211
213
213
213
213
213
219
221
225
231
233
223
223
223
223
221
221
221
221
221
221
223
223
229
229
229
229
229
229
229
233
233
233
235
231
229
229
231
231
231
229
237
239
239
239
239
239
241
237
241
241
245
245
245
245
253
257
257
257
259
259
259
259
257
253
253
241
241
241
241
241
241
241
241
241
241
249
241
241
239
249
249
249
249
249
253
257
253
243
243
241
241
241
241
241
241
237
243
245
241
241
247
247
241
241
241
241
235
235
243
243
243
243
243
243
243
243
237
241
247
243
235
229
229
229
229
233
233
233
233
225
231
235
235
235
235
231
237
235
235
235
235
235
235
235
235
245
245
245
245
245
243
243
245
245
245
245
249
255
255
255
255
255
255
255
257
255
255
255
257
257
257
257
253
251
251
251
251
251
253
261
255
255
255
267
267
265
261
253
253
253
251
251
253
251
251
251
243
243
247
247
245
245
241
241
241
241
241
241
241
251
247
243
243
243
255
255
259
259
263
263
263
259
259
259
259
259
269
269
273
275
275
277
279
279
271
279
275
275
281
281
281
281
287
287
283
283
283
283
283
277
283
279
275
275
275
269
263
263
275
283
287
287
287
287
287
287
287
287
287
289
291
299
299
303
305
313
313
313
325
327
327
327
319
319
319
319
305
301
301
301
301
309
309
305
303
303
305
305
305
305
301
301
301
301
301
299
299
299
299
299
299
299
299
297
297
283
283
283
283
287
285
291
291
291
291
291
291
291
291
291
293
295
295
299
299
299
299
293
293
293
293
287
289
277
277
277
273
279
279
279
275
275
267
267
273
273
281
279
279
275
275
275
275
281
287
287
283
283
283
269
265
265
269
269
261
267
257
249
249
249
255
255
255
257
259
259
259
259
259
255
255
255
255
253
253
249
249
253
257
257
257
253
253
253
259
259
261
269
271
271
271
271
273
273
269
275
275
265
265
265
265
265
265
263
263
261
261
251
255
263
263
269
269
269
269
269
261
261
265
265
263
263
263
263
271
271
271
271
281
277
277
277
277
277
277
283
283
285
287
287
287
289
287
287
295
295
293
293
285
289
293
293
293
291
291
291
291
291
293
295
295
295
293
293
293
297
297
297
297
297
297
297
299
295
295
295
295
289
289
287
291
291
287
289
299
299
299
297
