-10478
-10478
-10478
-10478
-10466
-10458
-10458
-10452
-10438
-10422
-10422
-10422
-10414
-10406
-10404
-10398
-10398
-10392
-10390
-10388
-10388
-10388
-10380
-10380
-10380
-10380
-10372
-10364
-10350
-10350
-10350
-10350
-10342
-10342
-10342
-10342
-10338
-10338
-10338
-10326
-10324
-10320
-10320
-10312
-10312
-10302
-10302
-10296
-10296
-10296
-10296
-10280
-10280
-10280
-10268
-10258
-10244
-10234
-10232
-10220
-10226
-10214
-10204
-10204
-10202
-10202
-10198
-10186
-10184
-10184
-10184
-10184
-10184
-10180
-10180
-10178
-10166
-10160
-10160
-10148
-10148
-10148
-10148
-10138
-10138
-10132
-10118
-10118
-10118
-10110
-10112
-10112
-10112
-10112
-10112
-10104
-10104
-10104
-10104
-10092
-10088
-10088
-10074
-10074
-10074
-10066
-10066
-10066
-10058
-10058
-10046
-10046
-10046
-10040
-10040
-10034
-10028
-10028
-10028
-10028
-10022
-10022
-10022
-10022
-10022
-10012
-9998
-9998
-9996
-9996
-9986
-9984
-9980
-9978
-9978
-9978
-9966
-9966
-9966
-9970
-9962
-9950
-9950
-9938
-9938
-9938
-9938
-9926
-9920
-9920
-9920
-9920
-9916
-9916
-9916
-9916
-9906
-9900
-9900
-9892
-9892
-9888
-9872
-9862
-9862
-9862
-9862
-9854
-9854
-9842
-9838
-9826
-9826
-9826
-9812
-9812
-9814
-9812
-9812
-9812
-9808
-9808
-9802
-9802
-9798
-9792
-9792
-9788
-9788
-9780
-9780
-9780
-9780
-9780
-9772
-9772
-9772
-9768
-9760
-9752
-9752
-9752
-9746
-9746
-9742
-9744
-9744
-9744
-9736
-9736
-9736
-9738
-9738
-9734
-9728
-9728
-9728
-9720
-9712
-9708
-9708
-9706
-9702
-9702
-9694
-9694
-9694
-9688
-9688
-9688
-9688
-9678
-9674
-9674
-9674
-9666
-9650
-9640
-9634
-9634
-9634
-9626
-9626
-9624
-9624
-9624
-9618
-9618
-9618
-9610
-9610
-9610
-9608
-9608
-9608
-9608
-9608
-9598
-9598
-9594
-9594
-9594
-9594
-9594
-9594
-9594
-9594
-9584
-9572
-9572
-9564
-9564
-9564
-9562
-9562
-9558
-9558
-9558
-9558
-9558
-9558
-9548
-9544
-9538
-9538
-9538
-9538
-9530
-9530
-9530
-9518
-9518
-9510
-9510
-9510
-9500
-9500
-9498
-9498
-9490
-9488
-9480
-9478
-9474
-9474
-9478
-9478
-9478
-9478
-9478
-9478
-9478
-9472
-9472
-9468
-9468
-9456
-9456
-9446
-9446
-9446
-9446
-9444
-9444
-9436
-9436
-9428
-9428
-9428
-9432
-9432
-9432
-9424
-9408
-9406
-9406
-9406
-9398
-9394
-9392
-9388
-9388
-9388
-9388
-9388
-9388
-9380
-9380
-9380
-9384
-9384
-9384
-9382
-9382
-9382
-9382
-9382
-9372
-9368
-9362
-9354
-9342
-9332
-9332
-9326
-9320
-9320
-9320
-9310
-9306
-9302
-9302
-9302
-9302
-9302
-9298
-9298
-9298
-9298
-9298
-9298
-9298
-9298
-9298
-9298
-9298
-9298
-9286
-9286
-9286
-9282
-9282
-9270
-9270
-9270
-9270
-9270
-9270
-9270
-9266
-9266
-9254
-9250
-9242
-9242
-9242
-9242
-9242
-9240
-9242
-9242
-9242
-9230
-9216
-9216
-9216
-9216
-9216
-9210
-9210
-9204
-9204
-9204
-9204
-9190
-9190
-9190
-9186
-9186
-9190
-9178
-9176
-9176
-9168
-9156
-9146
-9146
-9146
-9140
-9140
-9128
-9128
-9122
-9122
-9122
-9122
-9114
-9114
-9114
-9104
-9104
-9100
-9090
-9082
-9082
-9074
-9062
-9056
-9048
-9048
-9048
-9040
-9040
-9040
-9040
-9040
-9040
-9034
-9024
-9024
-9020
-9014
-9014
-9014
-9010
-9010
-9010
-9010
-9010
-9002
-9002
-9000
-9000
-9000
-9000
-8990
-8988
-8984
-8984
-8976
-8974
-8966
-8966
-8954
-8942
-8942
-8942
-8942
-8942
-8928
-8924
-8924
-8912
-8908
-8902
-8902
-8902
-8890
-8890
-8880
-8880
-8870
-8858
-8858
-8854
-8846
-8846
-8848
-8848
-8852
-8840
-8830
-8830
-8830
-8828
-8814
-8814
-8814
-8818
-8818
-8818
-8808
-8800
-8798
-8792
-8792
-8786
-8784
-8782
-8772
-8758
-8742
-8742
-8742
-8742
-8730
-8724
-8714
-8714
-8714
-8712
-8710
-8696
-8696
-8688
-8680
-8680
-8680
-8674
-8674
-8674
-8674
-8670
-8676
-8676
-8676
-8660
-8660
-8660
-8652
-8648
-8648
-8642
-8638
-8638
-8638
-8634
-8624
-8616
-8620
-8620
-8608
-8596
-8590
-8590
-8582
-8574
-8574
-8572
-8572
-8572
-8572
-8566
-8566
-8566
-8566
-8560
-8560
-8558
-8550
-8546
-8538
-8538
-8530
-8522
-8522
-8514
-8506
-8494
-8490
-8490
-8486
-8474
-8474
-8480
-8472
-8468
-8456
-8456
-8448
-8448
-8442
-8442
-8442
-8434
-8434
-8420
-8424
-8422
-8418
-8418
-8422
-8420
-8408
-8398
-8406
-8406
-8406
-8398
-8396
-8396
-8396
-8396
-8396
-8396
-8386
-8384
-8380
-8372
-8364
-8352
-8352
-8338
-8338
-8330
-8330
-8330
-8334
-8336
-8334
-8326
-8326
-8326
-8320
-8320
-8314
-8302
-8302
-8302
-8306
-8298
-8298
-8298
-8298
-8298
-8298
-8302
-8298
-8298
-8298
-8298
-8298
-8298
-8298
-8298
-8298
-8298
-8298
-8292
-8292
-8292
-8282
-8282
-8282
-8282
-8282
-8282
-8282
-8282
-8272
-8268
-8268
-8268
-8268
-8268
-8268
-8268
-8262
-8262
-8262
-8262
-8262
-8252
-8250
-8250
-8238
-8234
-8234
-8228
-8218
-8218
-8216
-8216
-8208
-8210
-8210
-8202
-8198
-8186
-8172
-8166
-8166
-8156
-8156
-8156
-8156
-8158
-8152
-8152
-8152
-8152
-8140
-8140
-8140
-8140
-8140
-8140
-8128
-8128
-8128
-8128
-8122
-8118
-8116
-8102
-8100
-8100
-8100
-8096
-8096
-8096
-8096
-8096
-8096
-8096
-8084
-8092
-8092
-8092
-8092
-8086
-8086
-8074
-8074
-8074
-8074
-8066
-8056
-8056
-8058
-8046
-8046
-8036
-8036
-8028
-8028
-8022
-8022
-8010
-8004
-8002
-7996
-7986
-7978
-7968
-7968
-7968
-7968
-7962
-7954
-7954
-7952
-7948
-7942
-7942
-7942
-7942
-7936
-7936
-7932
-7930
-7930
-7922
-7922
-7920
-7920
-7910
-7896
-7894
-7882
-7874
-7874
-7874
-7874
-7874
-7866
-7866
-7866
-7866
-7864
-7864
-7864
-7864
-7854
-7850
-7848
-7852
-7852
-7846
-7836
-7836
-7834
-7830
-7830
-7824
-7824
-7824
-7816
-7816
-7802
-7802
-7802
-7802
-7800
-7792
-7792
-7792
-7788
-7780
-7780
-7772
-7772
-7762
-7762
-7754
-7748
-7748
-7740
-7740
-7730
-7730
-7730
-7730
-7718
-7722
-7714
-7714
-7708
-7708
-7708
-7708
-7708
-7708
-7710
-7704
-7688
-7690
-7690
-7686
-7686
-7686
-7682
-7676
-7666
-7666
-7658
-7658
-7662
-7656
-7652
-7646
-7634
-7620
-7620
-7620
-7620
-7620
-7620
-7616
-7610
-7602
-7604
-7596
-7596
-7592
-7586
-7586
-7582
-7582
-7582
-7582
-7582
-7582
-7582
-7576
-7576
-7576
-7582
-7582
-7582
-7582
-7578
-7578
-7576
-7576
-7576
-7570
-7558
-7558
-7556
-7556
-7554
-7558
-7558
-7558
-7558
-7558
-7548
-7538
-7536
-7532
-7532
-7516
-7516
-7516
-7516
-7510
-7510
-7500
-7500
-7498
-7490
-7490
-7484
-7484
-7486
-7486
-7486
-7482
-7472
-7468
-7468
-7460
-7454
-7454
-7446
-7446
-7448
-7448
-7448
-7448
-7448
-7448
-7448
-7440
-7440
-7436
-7426
-7426
-7418
-7418
-7418
-7418
-7406
-7406
-7410
-7406
-7400
-7400
-7390
-7390
-7382
-7382
-7382
-7382
-7380
-7374
-7374
-7374
-7374
-7374
-7372
-7372
-7372
-7364
-7364
-7356
-7356
-7356
-7348
-7348
-7348
-7340
-7340
-7340
-7346
-7340
-7340
-7332
-7326
-7326
-7326
-7326
-7326
-7318
-7326
-7320
-7320
-7320
-7320
-7314
-7314
-7314
-7308
-7308
-7304
-7304
-7302
-7294
-7284
-7284
-7284
-7282
-7274
-7274
-7264
-7264
-7264
-7266
-7266
-7266
-7254
-7252
-7252
-7252
-7244
-7238
-7238
-7234
-7234
-7228
-7228
-7228
-7228
-7220
-7220
-7220
-7216
-7206
-7192
-7192
-7188
-7178
-7178
-7178
-7178
-7178
-7170
-7170
-7170
-7170
-7170
-7170
-7170
-7160
-7150
-7142
-7136
-7134
-7126
-7126
-7112
-7116
-7118
-7116
-7116
-7116
-7108
-7108
-7104
-7104
-7104
-7096
-7080
-7072
-7072
-7072
-7062
-7062
-7052
-7052
-7052
-7042
-7042
-7042
-7028
-7028
-7028
-7028
-7028
-7026
-7026
-7020
-7022
-7020
-7004
-6998
-6992
-6992
-6992
-6992
-6980
-6978
-6968
-6968
-6966
-6960
-6960
-6954
-6942
-6950
-6952
-6944
-6932
-6932
-6922
-6918
-6906
-6896
-6890
-6880
-6880
-6868
-6860
-6848
-6848
-6848
-6844
-6832
-6824
-6828
-6824
-6818
-6802
-6794
-6794
-6794
-6796
-6796
-6788
-6788
-6788
-6788
-6780
-6776
-6776
-6776
-6776
-6774
-6774
-6774
-6774
-6766
-6762
-6756
-6756
-6756
-6758
-6758
-6758
-6750
-6750
-6750
-6750
-6744
-6740
-6740
-6740
-6744
-6744
-6746
-6746
-6746
-6736
-6732
-6732
-6732
-6732
-6732
-6732
-6732
-6732
-6726
-6716
-6716
-6716
-6714
-6708
-6708
-6708
-6696
-6696
-6696
-6700
-6700
-6694
-6694
-6694
-6694
-6688
-6682
-6670
-6660
-6660
-6660
-6660
-6660
-6658
-6660
-6660
-6660
-6660
-6654
-6654
-6654
-6646
-6646
-6646
-6642
-6636
-6632
-6632
-6620
-6610
-6594
-6586
-6586
-6586
-6580
-6576
-6576
-6576
-6580
-6580
-6578
-6576
-6576
-6576
-6566
-6568
-6568
-6568
-6556
-6544
-6544
-6536
-6534
-6534
-6520
-6520
-6508
-6508
-6506
-6506
-6504
-6502
-6488
-6482
-6482
-6482
-6466
-6458
-6458
-6454
-6458
-6458
-6458
-6464
-6466
-6466
-6462
-6462
-6462
-6454
-6454
-6452
-6446
-6446
-6446
-6446
-6438
-6438
-6430
-6430
-6430
-6434
-6434
-6434
-6434
-6434
-6438
-6434
-6434
-6434
-6428
-6428
-6428
-6424
-6424
-6420
-6412
-6412
-6412
-6408
-6408
-6408
-6410
-6410
-6410
-6410
-6410
-6410
-6410
-6406
-6404
-6404
-6404
-6402
-6402
-6402
-6396
-6390
-6390
-6390
-6386
-6386
-6386
-6388
-6382
-6378
-6372
-6358
-6360
-6360
-6360
-6366
-6354
-6346
-6346
-6334
-6334
-6328
-6328
-6328
-6314
-6310
-6310
-6306
-6306
-6296
-6284
-6284
-6284
-6284
-6278
-6272
-6272
-6272
-6272
-6268
-6258
-6254
-6248
-6236
-6234
-6234
-6234
-6234
-6222
-6216
-6214
-6214
-6210
-6206
-6206
-6206
-6200
-6198
-6190
-6192
-6192
-6194
-6194
-6184
-6184
-6178
-6178
-6178
-6172
-6172
-6166
-6160
-6160
-6160
-6160
-6150
-6150
-6150
-6150
-6150
-6150
-6150
-6144
-6144
-6142
-6142
-6142
-6142
-6142
-6142
-6130
-6130
-6132
-6132
-6132
-6132
-6120
-6120
-6120
-6120
-6116
-6116
-6116
-6102
-6102
-6102
-6102
-6100
-6096
-6096
-6096
-6096
-6094
-6094
-6088
-6076
-6076
-6072
-6072
-6072
-6072
-6066
-6060
-6060
-6048
-6048
-6048
-6048
-6048
-6038
-6038
-6048
-6048
-6048
-6048
-6048
-6046
-6046
-6048
-6046
-6046
-6046
-6046
-6034
-6024
-6024
-6024
-6028
-6028
-6020
-6016
-6016
-6016
-6008
-6008
-6004
-5998
-6000
-6000
-5994
-5994
-5994
-5994
-5994
-5994
-5994
-5994
-5996
-5984
-5970
-5964
-5964
-5956
-5956
-5954
-5958
-5958
-5958
-5954
-5954
-5948
-5948
-5948
-5946
-5938
-5938
-5938
-5926
-5928
-5922
-5914
-5914
-5912
-5906
-5906
-5906
-5898
-5898
-5886
-5880
-5876
-5876
-5870
-5870
-5864
-5864
-5864
-5864
-5864
-5860
-5860
-5860
-5858
-5852
-5856
-5850
-5850
-5844
-5848
-5848
-5848
-5840
-5840
-5832
-5832
-5832
-5832
-5832
-5818
-5810
-5798
-5798
-5798
-5786
-5786
-5780
-5780
-5780
-5774
-5774
-5768
-5770
-5770
-5770
-5764
-5764
-5764
-5756
-5756
-5756
-5742
-5734
-5724
-5724
-5710
-5712
-5712
-5712
-5712
-5710
-5710
-5710
-5710
-5710
-5710
-5708
-5708
-5708
-5708
-5708
-5708
-5708
-5706
-5700
-5700
-5700
-5700
-5696
-5684
-5686
-5686
-5686
-5686
-5682
-5672
-5658
-5660
-5660
-5660
-5660
-5660
-5660
-5660
-5660
-5660
-5658
-5652
-5650
-5650
-5654
-5654
-5654
-5656
-5650
-5650
-5650
-5650
-5646
-5636
-5636
-5628
-5624
-5620
-5620
-5620
-5614
-5614
-5612
-5612
-5608
-5598
-5596
-5598
-5596
-5594
-5584
-5584
-5584
-5586
-5586
-5586
-5580
-5570
-5570
-5560
-5570
-5562
-5562
-5562
-5554
-5554
-5554
-5564
-5564
-5560
-5560
-5560
-5560
-5554
-5550
-5550
-5550
-5544
-5542
-5542
-5532
-5532
-5532
-5532
-5532
-5524
-5514
-5514
-5520
-5516
-5516
-5516
-5512
-5512
-5508
-5500
-5496
-5490
-5490
-5490
-5490
-5490
-5490
-5490
-5490
-5490
-5490
-5490
-5490
-5488
-5488
-5480
-5480
-5480
-5480
-5482
-5482
-5482
-5482
-5482
-5482
-5472
-5472
-5472
-5462
-5462
-5462
-5456
-5460
-5460
-5458
-5458
-5460
-5460
-5460
-5454
-5454
-5442
-5442
-5442
-5442
-5442
-5450
-5446
-5446
-5446
-5446
-5452
-5456
-5464
-5452
-5452
-5452
-5444
-5444
-5444
-5444
-5444
-5438
-5432
-5432
-5432
-5432
-5420
-5416
-5412
-5410
-5410
-5410
-5394
-5394
-5390
-5390
-5382
-5376
-5368
-5368
-5368
-5368
-5362
-5360
-5360
-5360
-5360
-5356
-5344
-5342
-5342
-5330
-5322
-5322
-5314
-5314
-5314
-5300
-5300
-5292
-5292
-5292
-5288
-5276
-5276
-5274
-5274
-5274
-5274
-5270
-5260
-5254
-5254
-5254
-5254
-5254
-5256
-5256
-5256
-5256
-5256
-5246
-5246
-5246
-5242
-5242
-5242
-5234
-5224
-5216
-5214
-5214
-5216
-5216
-5216
-5210
-5210
-5216
-5214
-5216
-5212
-5212
-5218
-5218
-5218
-5218
-5216
-5216
-5216
-5216
-5216
-5214
-5214
-5218
-5218
-5208
-5202
-5198
-5204
-5200
-5198
-5198
-5198
-5198
-5198
-5198
-5198
-5198
-5186
-5186
-5180
-5180
-5180
-5180
-5176
-5168
-5168
-5168
-5168
-5168
-5158
-5154
-5154
-5140
-5128
-5128
-5122
-5128
-5128
-5128
-5128
-5128
-5132
-5122
-5108
-5108
-5092
-5092
-5090
-5090
-5086
-5086
-5078
-5076
-5076
-5070
-5070
-5070
-5070
-5070
-5062
-5054
-5056
-5056
-5056
-5056
-5056
-5056
-5056
-5054
-5052
-5046
-5050
-5050
-5038
-5038
-5038
-5040
-5040
-5040
-5032
-5026
-5026
-5032
-5028
-5028
-5028
-5026
-5026
-5026
-5016
-5016
-5020
-5020
-5020
-5026
-5018
-5010
-5010
-5014
-5014
-5014
-5014
-5014
-5002
-5002
-5002
-5002
-5002
-4998
-4996
-4982
-4974
-4974
-4974
-4970
-4970
-4974
-4968
-4962
-4962
-4952
-4946
-4942
-4936
-4928
-4928
-4928
-4928
-4926
-4924
-4926
-4934
-4928
-4928
-4928
-4926
-4926
-4920
-4920
-4920
-4920
-4920
-4920
-4914
-4910
-4910
-4916
-4916
-4914
-4914
-4910
-4910
-4898
-4900
-4894
-4894
-4894
-4894
-4894
-4894
-4898
-4892
-4884
-4884
-4876
-4870
-4870
-4870
-4870
-4860
-4860
-4860
-4860
-4860
-4862
-4854
-4844
-4844
-4844
-4844
-4844
-4844
-4846
-4844
-4834
-4834
-4828
-4822
-4824
-4810
-4810
-4804
-4800
-4794
-4794
-4784
-4786
-4786
-4778
-4778
-4778
-4780
-4764
-4762
-4762
-4752
-4752
-4752
-4752
-4752
-4752
-4748
-4742
-4734
-4730
-4716
-4722
-4722
-4720
-4720
-4722
-4716
-4716
-4716
-4716
-4710
-4710
-4710
-4710
-4710
-4708
-4704
-4704
-4704
-4704
-4692
-4690
-4690
-4692
-4692
-4684
-4688
-4688
-4692
-4694
-4694
-4688
-4688
-4688
-4686
-4686
-4676
-4676
-4676
-4678
-4674
-4674
-4674
-4674
-4672
-4662
-4662
-4664
-4664
-4664
-4664
-4658
-4652
-4652
-4652
-4644
-4648
-4648
-4648
-4648
-4638
-4634
-4634
-4634
-4624
-4624
-4624
-4624
-4624
-4624
-4624
-4624
-4624
-4620
-4620
-4620
-4620
-4618
-4612
-4618
-4618
-4618
-4622
-4630
-4620
-4608
-4608
-4608
-4604
-4602
-4594
-4594
-4594
-4586
-4586
-4578
-4578
-4578
-4568
-4562
-4562
-4560
-4560
-4558
-4554
-4550
-4562
-4556
-4556
-4560
-4560
-4558
-4558
-4558
-4550
-4550
-4550
-4548
-4546
-4546
-4548
-4548
-4548
-4548
-4552
-4546
-4538
-4538
-4526
-4518
-4510
-4518
-4518
-4520
-4524
-4524
-4532
-4532
-4540
-4552
-4552
-4548
-4548
-4548
-4548
-4542
-4544
-4544
-4544
-4542
-4546
-4538
-4538
-4538
-4538
-4538
-4542
-4542
-4546
-4546
-4546
-4544
-4544
-4534
-4542
-4542
-4542
-4542
-4542
-4538
-4528
-4528
-4524
-4524
-4526
-4524
-4524
-4524
-4524
-4524
-4526
-4526
-4526
-4526
-4522
-4522
-4522
-4522
-4514
-4504
-4496
-4494
-4494
-4482
-4476
-4476
-4464
-4456
-4456
-4450
-4446
-4442
-4442
-4432
-4428
-4424
-4424
-4412
-4412
-4404
-4392
-4386
-4380
-4380
-4380
-4380
-4374
-4370
-4370
-4372
-4372
-4368
-4368
-4372
-4364
-4364
-4358
-4358
-4358
-4352
-4350
-4338
-4330
-4324
-4324
-4324
-4324
-4322
-4318
-4314
-4316
-4308
-4308
-4308
-4304
-4294
-4288
-4286
-4286
-4286
-4286
-4278
-4278
-4278
-4272
-4272
-4272
-4272
-4272
-4262
-4252
-4256
-4258
-4258
-4258
-4246
-4244
-4236
-4236
-4236
-4236
-4224
-4218
-4210
-4212
-4206
-4202
-4202
-4202
-4202
-4192
-4192
-4192
-4192
-4192
-4192
-4190
-4190
-4190
-4190
-4190
-4182
-4182
-4182
-4182
-4182
-4182
-4184
-4182
-4182
-4168
-4168
-4168
-4170
-4170
-4170
-4164
-4168
-4172
-4172
-4172
-4182
-4182
-4182
-4182
-4182
-4182
-4182
-4172
-4172
-4172
-4180
-4182
-4164
-4164
-4164
-4164
-4150
-4146
-4146
-4146
-4146
-4146
-4146
-4146
-4146
-4146
-4146
-4146
-4138
-4138
-4130
-4128
-4128
-4130
-4130
-4130
-4130
-4126
-4124
-4124
-4126
-4126
-4124
-4118
-4122
-4122
-4120
-4120
-4112
-4112
-4112
-4110
-4100
-4088
-4088
-4078
-4078
-4078
-4076
-4076
-4076
-4078
-4072
-4074
-4074
-4074
-4074
-4076
-4066
-4064
-4064
-4064
-4064
-4064
-4064
-4054
-4054
-4044
-4046
-4046
-4046
-4048
-4048
-4044
-4052
-4044
-4044
-4038
-4030
-4024
-4024
-4026
-4026
-4026
-4026
-4026
-4026
-4020
-4014
-4010
-4004
-4002
-3992
-3992
-3986
-3986
-3988
-3978
-3970
-3970
-3970
-3970
-3966
-3966
-3958
-3958
-3952
-3952
-3952
-3952
-3948
-3948
-3952
-3952
-3946
-3946
-3944
-3944
-3932
-3926
-3926
-3926
-3926
-3924
-3924
-3924
-3924
-3918
-3918
-3918
-3918
-3918
-3922
-3922
-3908
-3908
-3906
-3912
-3902
-3902
-3892
-3892
-3892
-3886
-3886
-3886
-3886
-3880
-3880
-3880
-3880
-3880
-3880
-3882
-3876
-3870
-3870
-3870
-3870
-3870
-3870
-3862
-3866
-3860
-3862
-3862
-3854
-3854
-3854
-3854
-3854
-3854
-3854
-3854
-3850
-3850
-3850
-3848
-3854
-3854
-3856
-3850
-3850
-3852
-3856
-3856
-3856
-3854
-3850
-3850
-3850
-3844
-3842
-3838
-3832
-3832
-3832
-3824
-3824
-3824
-3824
-3822
-3822
-3816
-3816
-3816
-3816
-3818
-3818
-3824
-3824
-3826
-3818
-3822
-3822
-3824
-3822
-3822
-3822
-3822
-3822
-3822
-3822
-3814
-3808
-3808
-3808
-3802
-3802
-3802
-3802
-3794
-3792
-3792
-3794
-3796
-3796
-3786
-3786
-3786
-3780
-3776
-3778
-3778
-3774
-3768
-3762
-3772
-3768
-3762
-3760
-3760
-3760
-3752
-3748
-3748
-3738
-3734
-3732
-3732
-3732
-3732
-3732
-3730
-3730
-3730
-3730
-3730
-3732
-3732
-3732
-3732
-3732
-3726
-3726
-3726
-3722
-3722
-3732
-3730
-3730
-3730
-3728
-3728
-3728
-3732
-3728
-3722
-3712
-3706
-3706
-3706
-3706
-3706
-3708
-3710
-3702
-3702
-3702
-3702
-3702
-3698
-3694
-3688
-3678
-3686
-3678
-3674
-3664
-3662
-3662
-3662
-3654
-3650
-3648
-3648
-3650
-3652
-3662
-3656
-3656
-3656
-3668
-3668
-3672
-3670
-3672
-3672
-3672
-3672
-3672
-3672
-3662
-3662
-3664
-3668
-3668
-3668
-3668
-3668
-3668
-3668
-3664
-3658
-3658
-3648
-3648
-3640
-3640
-3642
-3642
-3630
-3622
-3622
-3622
-3622
-3622
-3622
-3616
-3616
-3608
-3608
-3608
-3614
-3612
-3612
-3612
-3602
-3596
-3588
-3588
-3582
-3584
-3584
-3584
-3586
-3586
-3576
-3580
-3580
-3580
-3574
-3574
-3574
-3576
-3568
-3562
-3562
-3556
-3550
-3550
-3544
-3544
-3536
-3534
-3532
-3530
-3530
-3524
-3524
-3528
-3528
-3528
-3514
-3514
-3514
-3518
-3514
-3514
-3498
-3498
-3498
-3500
-3486
-3492
-3478
-3488
-3502
-3492
-3492
-3490
-3490
-3480
-3480
-3480
-3480
-3480
-3476
-3470
-3470
-3470
-3468
-3466
-3474
-3478
-3476
-3476
-3464
-3454
-3454
-3454
-3442
-3442
-3438
-3438
-3440
-3436
-3436
-3432
-3432
-3428
-3428
-3428
-3428
-3426
-3426
-3426
-3426
-3426
-3426
-3426
-3426
-3414
-3418
-3418
-3412
-3412
-3410
-3400
-3396
-3396
-3396
-3398
-3398
-3398
-3398
-3398
-3398
-3392
-3392
-3392
-3392
-3392
-3392
-3392
-3392
-3388
-3388
-3388
-3382
-3382
-3382
-3382
-3382
-3388
-3388
-3388
-3398
-3398
-3394
-3394
-3398
-3398
-3396
-3390
-3390
-3394
-3394
-3392
-3392
-3390
-3390
-3396
-3392
-3384
-3384
-3380
-3380
-3380
-3378
-3378
-3378
-3378
-3378
-3374
-3374
-3374
-3374
-3374
-3366
-3366
-3352
-3352
-3348
-3346
-3346
-3340
-3348
-3348
-3358
-3358
-3364
-3366
-3366
-3360
-3352
-3352
-3352
-3350
-3350
-3350
-3340
-3336
-3328
-3328
-3322
-3322
-3314
-3314
-3314
-3316
-3316
-3318
-3318
-3318
-3318
-3308
-3298
-3298
-3294
-3294
-3294
-3294
-3292
-3292
-3292
-3298
-3298
-3288
-3288
-3288
-3288
-3280
-3272
-3274
-3268
-3268
-3274
-3274
-3274
-3272
-3272
-3272
-3272
-3260
-3260
-3260
-3248
-3240
-3240
-3236
-3236
-3234
-3234
-3234
-3234
-3226
-3236
-3238
-3238
-3238
-3238
-3234
-3228
-3228
-3228
-3220
-3228
-3228
-3228
-3230
-3230
-3228
-3228
-3228
-3228
-3232
-3234
-3246
-3234
-3234
-3238
-3234
-3230
-3226
-3234
-3236
-3240
-3230
-3226
-3220
-3214
-3214
-3214
-3214
-3214
-3212
-3212
-3212
-3212
-3212
-3212
-3212
-3212
-3212
-3212
-3212
-3218
-3220
-3220
-3220
-3214
-3214
-3198
-3198
-3192
-3176
-3176
-3176
-3180
-3176
-3176
-3170
-3170
-3170
-3156
-3160
-3158
-3150
-3156
-3156
-3156
-3142
-3152
-3144
-3136
-3136
-3136
-3136
-3142
-3142
-3142
-3134
-3134
-3134
-3134
-3134
-3128
-3128
-3114
-3114
-3106
-3104
-3098
-3096
-3096
-3090
-3080
-3080
-3080
-3078
-3078
-3076
-3076
-3068
-3052
-3052
-3052
-3058
-3056
-3050
-3050
-3050
-3050
-3050
-3050
-3054
-3040
-3040
-3040
-3026
-3026
-3026
-3026
-3026
-3022
-3022
-3022
-3028
-3028
-3028
-3020
-3020
-3026
-3026
-3030
-3030
-3030
-3030
-3030
-3024
-3016
-3020
-3020
-3020
-3020
-3020
-3024
-3018
-3018
-3012
-3012
-3012
-3012
-3022
-3020
-3020
-3012
-3002
-3004
-3004
-3002
-3002
-2992
-2988
-2994
-2994
-2986
-2970
-2970
-2964
-2954
-2954
-2954
-2954
-2954
-2944
-2940
-2942
-2934
-2934
-2934
-2934
-2934
-2934
-2934
-2938
-2938
-2938
-2938
-2938
-2938
-2938
-2938
-2934
-2934
-2934
-2934
-2928
-2926
-2926
-2926
-2926
-2926
-2926
-2914
-2914
-2910
-2912
-2912
-2898
-2898
-2892
-2892
-2888
-2888
-2880
-2880
-2880
-2874
-2868
-2868
-2864
-2864
-2864
-2860
-2860
-2860
-2848
-2850
-2846
-2846
-2838
-2838
-2838
-2826
-2826
-2814
-2814
-2814
-2814
-2806
-2808
-2808
-2808
-2794
-2794
-2790
-2790
-2790
-2792
-2792
-2786
-2786
-2786
-2790
-2796
-2794
-2794
-2788
-2788
-2788
-2788
-2788
-2788
-2788
-2788
-2788
-2782
-2782
-2786
-2782
-2782
-2774
-2774
-2766
-2766
-2766
-2762
-2762
-2762
-2750
-2750
-2750
-2744
-2744
-2744
-2744
-2744
-2734
-2734
-2734
-2728
-2722
-2722
-2722
-2716
-2716
-2718
-2718
-2716
-2716
-2718
-2714
-2714
-2714
-2708
-2708
-2708
-2710
-2710
-2708
-2700
-2700
-2700
-2700
-2700
-2700
-2700
-2700
-2700
-2700
-2700
-2700
-2700
-2700
-2700
-2700
-2686
-2686
-2686
-2686
-2686
-2682
-2678
-2678
-2678
-2678
-2674
-2674
-2674
-2664
-2656
-2656
-2658
-2654
-2654
-2652
-2652
-2654
-2654
-2652
-2652
-2650
-2650
-2640
-2638
-2640
-2632
-2632
-2620
-2620
-2620
-2612
-2612
-2608
-2602
-2602
-2602
-2592
-2590
-2590
-2590
-2580
-2580
-2580
-2580
-2580
-2580
-2580
-2580
-2580
-2580
-2578
-2568
-2568
-2568
-2556
-2556
-2556
-2556
-2556
-2556
-2560
-2560
-2556
-2550
-2546
-2546
-2546
-2544
-2544
-2546
-2546
-2536
-2538
-2538
-2538
-2538
-2534
-2534
-2534
-2536
-2534
-2534
-2534
-2544
-2544
-2544
-2544
-2544
-2544
-2544
-2544
-2544
-2544
-2544
-2536
-2536
-2536
-2528
-2528
-2524
-2530
-2530
-2540
-2534
-2534
-2534
-2532
-2532
-2532
-2532
-2532
-2534
-2534
-2530
-2530
-2530
-2528
-2530
-2530
-2528
-2528
-2528
-2528
-2522
-2522
-2512
-2512
-2512
-2512
-2512
-2512
-2512
-2512
-2512
-2512
-2512
-2512
-2512
-2518
-2522
-2516
-2516
-2516
-2508
-2514
-2514
-2514
-2514
-2514
-2514
-2518
-2518
-2518
-2516
-2522
-2522
-2522
-2522
-2524
-2528
-2526
-2526
-2526
-2526
-2518
-2518
-2506
-2510
-2504
-2504
-2504
-2500
-2500
-2502
-2502
-2502
-2502
-2502
-2502
-2498
-2498
-2498
-2498
-2502
-2498
-2498
-2506
-2512
-2512
-2512
-2512
-2520
-2508
-2502
-2502
-2502
-2500
-2500
-2500
-2504
-2504
-2504
-2494
-2488
-2486
-2486
-2486
-2486
-2470
-2460
-2460
-2460
-2454
-2456
-2448
-2448
-2446
-2442
-2442
-2440
-2434
-2434
-2434
-2426
-2432
-2432
-2432
-2432
-2432
-2430
-2428
-2428
-2420
-2420
-2422
-2422
-2424
-2424
-2424
-2424
-2424
-2422
-2422
-2422
-2422
-2420
-2420
-2418
-2418
-2420
-2412
-2412
-2406
-2406
-2400
-2398
-2392
-2392
-2392
-2392
-2392
-2392
-2384
-2384
-2384
-2384
-2384
-2384
-2392
-2386
-2382
-2382
-2390
-2388
-2382
-2382
-2382
-2388
-2382
-2384
-2386
-2380
-2374
-2368
-2368
-2368
-2364
-2364
-2368
-2366
-2368
-2364
-2362
-2354
-2354
-2346
-2346
-2336
-2336
-2336
-2336
-2336
-2336
-2336
-2336
-2336
-2330
-2326
-2320
-2324
-2316
-2316
-2316
-2316
-2308
-2308
-2300
-2300
-2302
-2302
-2300
-2300
-2300
-2300
-2300
-2298
-2298
-2292
-2298
-2298
-2298
-2304
-2304
-2304
-2304
-2302
-2294
-2288
-2288
-2288
-2288
-2288
-2288
-2280
-2282
-2282
-2278
-2274
-2274
-2274
-2274
-2274
-2274
-2272
-2272
-2266
-2266
-2266
-2264
-2264
-2262
-2262
-2262
-2264
-2264
-2264
-2264
-2260
-2260
-2260
-2260
-2260
-2260
-2260
-2266
-2266
-2266
-2260
-2258
-2254
-2244
-2244
-2242
-2242
-2254
-2250
-2250
-2250
-2250
-2250
-2248
-2248
-2248
-2246
-2246
-2232
-2232
-2232
-2232
-2222
-2222
-2222
-2224
-2222
-2222
-2216
-2216
-2218
-2220
-2220
-2220
-2218
-2218
-2210
-2198
-2196
-2196
-2196
-2194
-2194
-2194
-2192
-2192
-2192
-2192
-2178
-2178
-2182
-2182
-2182
-2176
-2176
-2176
-2176
-2168
-2168
-2162
-2158
-2158
-2158
-2162
-2148
-2148
-2142
-2142
-2150
-2150
-2150
-2142
-2138
-2146
-2146
-2142
-2142
-2140
-2138
-2138
-2136
-2130
-2122
-2118
-2118
-2118
-2118
-2118
-2132
-2132
-2132
-2124
-2122
-2122
-2118
-2118
-2120
-2126
-2118
-2118
-2118
-2124
-2120
-2120
-2126
-2130
-2130
-2126
-2126
-2126
-2126
-2126
-2116
-2116
-2112
-2112
-2112
-2112
-2112
-2106
-2106
-2106
-2110
-2118
-2118
-2118
-2122
-2126
-2126
-2116
-2110
-2110
-2108
-2098
-2092
-2092
-2092
-2094
-2094
-2092
-2092
-2090
-2090
-2090
-2090
-2088
-2088
-2088
-2088
-2084
-2080
-2086
-2084
-2088
-2086
-2086
-2088
-2088
-2088
-2088
-2092
-2092
-2092
-2102
-2102
-2106
-2106
-2106
-2106
-2106
-2108
-2108
-2116
-2124
-2120
-2120
-2120
-2120
-2124
-2118
-2124
-2120
-2112
-2112
-2106
-2102
-2098
-2102
-2102
-2102
-2102
-2102
-2092
-2102
-2094
-2096
-2102
-2102
-2092
-2092
-2092
-2092
-2092
-2090
-2090
-2086
-2088
-2080
-2080
-2080
-2080
-2080
-2072
-2076
-2076
-2064
-2054
-2046
-2050
-2046
-2054
-2054
-2048
-2048
-2048
-2052
-2052
-2058
-2060
-2056
-2050
-2050
-2050
-2050
-2050
-2054
-2044
-2044
-2044
-2040
-2048
-2048
-2048
-2042
-2042
-2042
-2034
-2036
-2028
-2028
-2028
-2028
-2028
-2022
-2024
-2020
-2020
-2032
-2028
-2034
-2036
-2038
-2030
-2026
-2022
-2022
-2022
-2022
-2022
-2022
-2026
-2034
-2024
-2024
-2024
-2022
-2026
-2026
-2026
-2026
-2024
-2024
-2032
-2018
-2016
-2008
-2004
-2004
-2006
-1998
-1996
-1992
-1990
-1990
-1994
-1994
-1984
-1984
-1984
-1984
-1982
-1982
-1978
-1982
-1982
-1984
-1990
-1990
-1990
-1984
-1984
-1980
-1974
-1966
-1966
-1966
-1960
-1960
-1962
-1962
-1958
-1958
-1952
-1952
-1952
-1954
-1954
-1948
-1934
-1934
-1934
-1936
-1936
-1936
-1924
-1922
-1922
-1914
-1914
-1914
-1914
-1910
-1910
-1904
-1904
-1904
-1904
-1904
-1906
-1898
-1898
-1886
-1886
-1888
-1886
-1886
-1886
-1886
-1886
-1882
-1890
-1890
-1890
-1888
-1888
-1888
-1888
-1884
-1884
-1880
-1870
-1870
-1864
-1866
-1862
-1862
-1854
-1854
-1854
-1864
-1854
-1850
-1856
-1856
-1856
-1856
-1856
-1856
-1852
-1852
-1852
-1852
-1852
-1852
-1852
-1852
-1846
-1852
-1844
-1844
-1846
-1842
-1848
-1840
-1838
-1838
-1838
-1846
-1844
-1838
-1826
-1826
-1826
-1816
-1816
-1814
-1806
-1806
-1800
-1800
-1794
-1794
-1792
-1790
-1792
-1784
-1776
-1776
-1774
-1774
-1774
-1774
-1774
-1776
-1776
-1772
-1762
-1760
-1760
-1752
-1752
-1752
-1752
-1750
-1746
-1750
-1750
-1750
-1750
-1750
-1738
-1740
-1740
-1740
-1740
-1742
-1742
-1742
-1740
-1740
-1740
-1740
-1738
-1734
-1734
-1734
-1734
-1738
-1730
-1730
-1720
-1716
-1722
-1722
-1722
-1722
-1722
-1722
-1722
-1722
-1722
-1722
-1722
-1728
-1728
-1730
-1734
-1730
-1722
-1722
-1724
-1724
-1724
-1724
-1728
-1736
-1736
-1736
-1744
-1742
-1742
-1742
-1742
-1732
-1736
-1736
-1742
-1742
-1742
-1742
-1742
-1736
-1736
-1736
-1736
-1736
-1722
-1714
-1722
-1710
-1710
-1710
-1716
-1716
-1716
-1710
-1722
-1716
-1716
-1710
-1710
-1710
-1710
-1710
-1710
-1710
-1710
-1710
-1710
-1712
-1712
-1712
-1698
-1698
-1698
-1698
-1692
-1692
-1692
-1688
-1676
-1676
-1670
-1670
-1676
-1676
-1668
-1668
-1676
-1670
-1678
-1676
-1676
-1676
-1676
-1672
-1668
-1668
-1668
-1660
-1668
-1668
-1670
-1670
-1670
-1670
-1670
-1676
-1662
-1668
-1652
-1652
-1652
-1650
-1650
-1650
-1650
-1650
-1648
-1646
-1646
-1646
-1646
-1636
-1638
-1638
-1650
-1650
-1650
-1650
-1650
-1658
-1658
-1660
-1660
-1652
-1648
-1648
-1648
-1648
-1648
-1642
-1642
-1642
-1654
-1650
-1642
-1642
-1642
-1642
-1642
-1642
-1642
-1644
-1650
-1650
-1650
-1648
-1648
-1648
-1648
-1652
-1652
-1652
-1652
-1652
-1652
-1652
-1652
-1644
-1644
-1644
-1638
-1638
-1638
-1640
-1640
-1640
-1632
-1632
-1632
-1634
-1634
-1634
-1638
-1638
-1640
-1642
-1632
-1632
-1628
-1628
-1624
-1620
-1614
-1614
-1612
-1612
-1612
-1612
-1612
-1612
-1612
-1618
-1618
-1612
-1612
-1612
-1610
-1610
-1616
-1616
-1610
-1610
-1610
-1610
-1610
-1612
-1612
-1604
-1604
-1592
-1594
-1594
-1588
-1588
-1588
-1588
-1592
-1590
-1590
-1590
-1574
-1574
-1574
-1570
-1570
-1574
-1580
-1582
-1570
-1568
-1568
-1568
-1568
-1568
-1564
-1564
-1566
-1562
-1562
-1560
-1560
-1556
-1548
-1548
-1548
-1534
-1528
-1522
-1522
-1514
-1520
-1520
-1518
-1518
-1518
-1518
-1522
-1528
-1528
-1522
-1520
-1520
-1520
-1520
-1520
-1520
-1520
-1520
-1520
-1520
-1518
-1518
-1518
-1518
-1516
-1512
-1502
-1494
-1494
-1494
-1494
-1494
-1486
-1484
-1482
-1486
-1484
-1484
-1484
-1486
-1486
-1484
-1484
-1474
-1462
-1462
-1466
-1468
-1468
-1456
-1456
-1450
-1450
-1450
-1450
-1450
-1452
-1452
-1452
-1456
-1452
-1452
-1452
-1464
-1460
-1460
-1460
-1460
-1462
-1470
-1472
-1472
-1478
-1484
-1480
-1484
-1484
-1484
-1474
-1474
-1474
-1474
-1470
-1474
-1474
-1482
-1480
-1480
-1480
-1478
-1480
-1480
-1484
-1484
-1482
-1482
-1480
-1480
-1480
-1470
-1472
-1472
-1472
-1472
-1472
-1472
-1466
-1466
-1466
-1468
-1468
-1468
-1468
-1472
-1468
-1468
-1468
-1468
-1460
-1460
-1458
-1462
-1460
-1460
-1460
-1460
-1460
-1444
-1444
-1444
-1440
-1440
-1446
-1438
-1438
-1438
-1438
-1438
-1438
-1438
-1438
-1436
-1436
-1436
-1434
-1434
-1436
-1432
-1434
-1436
-1436
-1432
-1416
-1406
-1406
-1406
-1402
-1400
-1396
-1392
-1384
-1384
-1384
-1384
-1378
-1372
-1372
-1372
-1372
-1372
-1374
-1374
-1374
-1374
-1374
-1370
-1370
-1370
-1370
-1370
-1372
-1364
-1364
-1370
-1370
-1370
-1370
-1370
-1370
-1370
-1370
-1366
-1366
-1366
-1370
-1354
-1354
-1354
-1354
-1354
-1354
-1354
-1354
-1356
-1358
-1362
-1368
-1362
-1368
-1368
-1368
-1362
-1360
-1360
-1360
-1360
-1364
-1364
-1364
-1356
-1356
-1356
-1356
-1348
-1348
-1342
-1342
-1342
-1342
-1342
-1342
-1342
-1338
-1338
-1338
-1338
-1338
-1336
-1334
-1336
-1336
-1338
-1338
-1338
-1338
-1338
-1344
-1344
-1344
-1338
-1342
-1342
-1338
-1322
-1312
-1308
-1306
-1304
-1304
-1304
-1304
-1300
-1300
-1298
-1298
-1304
-1312
-1312
-1312
-1316
-1304
-1300
-1300
-1300
-1300
-1300
-1300
-1300
-1300
-1300
-1300
-1300
-1306
-1306
-1306
-1306
-1302
-1302
-1302
-1300
-1294
-1294
-1300
-1310
-1310
-1296
-1296
-1298
-1294
-1294
-1288
-1288
-1290
-1286
-1286
-1282
-1282
-1282
-1270
-1270
-1260
-1256
-1254
-1254
-1246
-1242
-1242
-1238
-1236
-1234
-1234
-1236
-1238
-1230
-1234
-1238
-1238
-1250
-1250
-1250
-1252
-1252
-1252
-1252
-1252
-1254
-1240
-1238
-1238
-1238
-1240
-1230
-1230
-1238
-1238
-1234
-1234
-1234
-1228
-1222
-1222
-1222
-1220
-1214
-1202
-1204
-1200
-1196
-1192
-1196
-1190
-1190
-1186
-1186
-1186
-1186
-1186
-1194
-1194
-1186
-1182
-1184
-1184
-1184
-1184
-1196
-1190
-1190
-1190
-1190
-1190
-1188
-1188
-1188
-1188
-1190
-1190
-1192
-1192
-1192
-1192
-1198
-1198
-1194
-1194
-1194
-1194
-1196
-1196
-1196
-1204
-1198
-1198
-1202
-1202
-1206
-1206
-1206
-1198
-1198
-1200
-1200
-1202
-1196
-1186
-1182
-1182
-1182
-1186
-1192
-1192
-1186
-1184
-1194
-1194
-1194
-1194
-1194
-1200
-1200
-1190
-1190
-1188
-1184
-1182
-1176
-1176
-1176
-1176
-1174
-1174
-1174
-1174
-1174
-1174
-1174
-1172
-1176
-1176
-1170
-1172
-1170
-1170
-1174
-1176
-1172
-1172
-1172
-1172
-1172
-1172
-1172
-1172
-1172
-1172
-1172
-1170
-1166
-1166
-1160
-1162
-1154
-1154
-1154
-1152
-1148
-1148
-1154
-1152
-1152
-1160
-1158
-1158
-1158
-1164
-1164
-1160
-1160
-1160
-1154
-1154
-1158
-1148
-1142
-1142
-1132
-1132
-1130
-1130
-1130
-1130
-1132
-1132
-1134
-1134
-1134
-1134
-1134
-1134
-1134
-1122
-1122
-1122
-1122
-1128
-1128
-1124
-1116
-1114
-1108
-1108
-1112
-1112
-1112
-1112
-1104
-1104
-1104
-1110
-1110
-1116
-1120
-1126
-1126
-1126
-1126
-1124
-1124
-1124
-1118
-1118
-1118
-1118
-1118
-1118
-1118
-1120
-1122
-1122
-1130
-1122
-1122
-1122
-1112
-1102
-1102
-1102
-1102
-1096
-1100
-1100
-1098
-1094
-1094
-1092
-1078
-1078
-1070
-1070
-1068
-1078
-1078
-1074
-1074
-1068
-1072
-1070
-1066
-1068
-1070
-1072
-1072
-1072
-1066
-1066
-1064
-1064
-1064
-1056
-1056
-1052
-1050
-1046
-1032
-1030
-1030
-1030
-1030
-1032
-1032
-1032
-1038
-1038
-1030
-1026
-1030
-1036
-1036
-1044
-1042
-1026
-1026
-1042
-1046
-1046
-1042
-1040
-1038
-1038
-1038
-1038
-1038
-1038
-1038
-1038
-1038
-1038
-1036
-1030
-1030
-1024
-1026
-1026
-1026
-1026
-1028
-1016
-1014
-1014
-1014
-1008
-1002
-998
-998
-990
-982
-984
-984
-978
-976
-986
-992
-992
-992
-992
-988
-996
-996
-996
-1000
-1006
-1006
-994
-988
-988
-982
-984
-990
-984
-978
-978
-978
-978
-978
-978
-972
-972
-972
-964
-962
-962
-962
-962
-962
-956
-956
-956
-956
-950
-950
-952
-952
-952
-950
-948
-940
-924
-924
-924
-920
-906
-914
-914
-914
-910
-906
-906
-910
-908
-908
-906
-906
-892
-892
-892
-896
-900
-894
-888
-880
-880
-880
-880
-880
-880
-880
-880
-880
-880
-880
-892
-892
-892
-890
-890
-890
-890
-890
-890
-890
-894
-894
-894
-890
-890
-890
-886
-878
-878
-878
-878
-868
-868
-864
-858
-854
-854
-862
-862
-862
-862
-858
-860
-860
-858
-852
-852
-848
-848
-848
-848
-848
-848
-848
-848
-848
-840
-834
-840
-842
-842
-838
-838
-838
-832
-832
-832
-832
-832
-838
-838
-838
-838
-838
-838
-838
-842
-834
-834
-836
-836
-830
-830
-830
-830
-822
-822
-822
-822
-822
-826
-826
-822
-822
-826
-828
-828
-828
-828
-828
-830
-830
-836
-836
-832
-836
-836
-828
-828
-826
-826
-826
-826
-826
-826
-820
-820
-826
-826
-826
-816
-808
-808
-808
-808
-812
-816
-816
-810
-812
-816
-814
-814
-814
-814
-808
-808
-810
-808
-804
-804
-804
-810
-814
-810
-810
-804
-804
-804
-804
-804
-804
-802
-802
-802
-804
-806
-806
-806
-806
-806
-808
-802
-802
-802
-802
-802
-802
-800
-808
-808
-808
-808
-812
-812
-804
-804
-804
-804
-804
-804
-802
-802
-796
-802
-802
-792
-792
-788
-784
-784
-784
-790
-790
-790
-790
-792
-786
-786
-788
-776
-782
-782
-784
-784
-784
-784
-784
-790
-790
-784
-788
-788
-778
-778
-778
-778
-778
-776
-768
-768
-766
-766
-766
-766
-776
-780
-780
-780
-780
-768
-768
-764
-766
-766
-766
-766
-766
-766
-764
-764
-764
-758
-752
-752
-752
-752
-752
-752
-750
-750
-748
-748
-746
-746
-744
-744
-746
-746
-746
-746
-734
-734
-734
-734
-736
-736
-736
-736
-740
-738
-738
-738
-746
-746
-746
-746
-746
-746
-746
-746
-746
-746
-752
-752
-752
-750
-750
-750
-750
-750
-750
-746
-746
-746
-746
-746
-744
-750
-756
-754
-750
-750
-758
-758
-758
-758
-750
-744
-744
-750
-750
-758
-752
-758
-758
-756
-756
-756
-756
-748
-748
-750
-750
-750
-752
-756
-756
-756
-750
-750
-750
-750
-748
-748
-758
-758
-758
-758
-752
-752
-752
-752
-752
-752
-752
-752
-746
-746
-746
-746
-752
-752
-748
-748
-734
-734
-730
-720
-720
-720
-712
-710
-710
-704
-704
-702
-704
-704
-712
-716
-718
-722
-722
-722
-714
-714
-712
-712
-708
-704
-706
-706
-706
-706
-706
-706
-706
-706
-706
-706
-704
-702
-702
-702
-702
-706
-712
-712
-712
-712
-712
-718
-718
-718
-718
-718
-726
-726
-712
-712
-704
-694
-694
-694
-688
-676
-680
-676
-676
-682
-682
-684
-692
-692
-686
-688
-688
-692
-684
-692
-692
-692
-690
-688
-688
-688
-688
-682
-682
-682
-682
-682
-680
-680
-682
-682
-682
-686
-682
-682
-682
-668
-684
-684
-684
-684
-692
-692
-684
-680
-680
-680
-684
-684
-684
-684
-680
-670
-670
-672
-670
-666
-666
-668
-668
-668
-668
-666
-666
-664
-664
-664
-660
-660
-662
-664
-666
-666
-666
-666
-666
-666
-662
-662
-662
-660
-656
-654
-664
-672
-670
-670
-658
-660
-658
-652
-648
-638
-638
-634
-630
-630
-630
-630
-630
-636
-636
-636
-640
-640
-640
-640
-638
-638
-638
-638
-638
-628
-628
-634
-634
-638
-638
-634
-634
-634
-634
-644
-638
-638
-638
-638
-638
-638
-642
-642
-642
-636
-636
-636
-636
-636
-636
-636
-636
-638
-626
-626
-626
-630
-630
-630
-630
-630
-630
-630
-628
-628
-632
-638
-638
-642
-650
-656
-656
-644
-654
-654
-654
-650
-650
-650
-650
-650
-650
-650
-650
-650
-650
-644
-644
-644
-642
-642
-654
-660
-660
-660
-660
-660
-660
-660
-660
-670
-668
-654
-654
-654
-650
-650
-656
-656
-656
-656
-650
-644
-644
-644
-644
-642
-642
-632
-632
-630
-630
-630
-628
-626
-626
-626
-636
-636
-630
-630
-630
-616
-616
-612
-612
-612
-612
-602
-608
-608
-608
-608
-606
-606
-610
-610
-610
-612
-612
-606
-606
-616
-620
-618
-624
-624
-628
-614
-602
-602
-602
-602
-592
-592
-592
-590
-590
-586
-594
-594
-598
-598
-598
-606
-600
-608
-608
-608
-606
-594
-592
-592
-588
-588
-596
-592
-592
-586
-576
-576
-572
-572
-572
-572
-572
-580
-578
-578
-578
-578
-586
-580
-578
-584
-584
-584
-584
-588
-592
-596
-588
-588
-588
-588
-578
-578
-580
-586
-586
-586
-588
-598
-594
-594
-594
-594
-596
-594
-596
-596
-600
-600
-600
-594
-594
-590
-590
-590
-590
-588
-598
-604
-604
-596
-596
-596
-596
-596
-596
-596
-596
-590
-590
-578
-578
-570
-570
-570
-570
-562
-562
-562
-562
-562
-566
-564
-564
-566
-564
-564
-564
-556
-556
-556
-556
-556
-550
-550
-550
-548
-552
-552
-556
-548
-548
-558
-558
-558
-558
-562
-562
-558
-558
-558
-558
-560
-562
-562
-556
-558
-558
-544
-544
-540
-540
-544
-550
-554
-554
-554
-554
-554
-554
-542
-550
-550
-562
-566
-554
-554
-552
-552
-544
-544
-544
-546
-546
-538
-532
-530
-528
-528
-532
-522
-522
-522
-524
-524
-528
-522
-518
-518
-518
-518
-524
-524
-524
-524
-530
-530
-526
-522
-522
-522
-516
-518
-518
-518
-526
-522
-522
-522
-522
-522
-522
-518
-508
-502
-504
-510
-512
-512
-512
-516
-516
-520
-520
-518
-512
-512
-512
-510
-500
-494
-484
-484
-484
-484
-484
-488
-488
-488
-490
-486
-476
-474
-474
-462
-458
-454
-454
-454
-454
-446
-446
-446
-446
-446
-454
-456
-450
-442
-438
-438
-438
-442
-450
-456
-456
-452
-438
-438
-438
-440
-440
-442
-442
-434
-434
-434
-430
-434
-434
-434
-434
-434
-434
-432
-426
-434
-434
-434
-426
-420
-422
-422
-422
-422
-422
-422
-422
-422
-422
-418
-418
-426
-426
-426
-426
-426
-426
-426
-420
-420
-420
-424
-424
-412
-410
-406
-406
-406
-414
-414
-414
-414
-410
-410
-410
-420
-428
-430
-430
-430
-434
-438
-444
-446
-446
-446
-446
-448
-448
-448
-436
-434
-434
-422
-418
-404
-404
-404
-404
-402
-406
-406
-406
-400
-392
-394
-386
-388
-388
-386
-380
-380
-380
-380
-386
-386
-386
-378
-378
-378
-386
-386
-386
-386
-386
-392
-392
-392
-392
-392
-392
-394
-398
-398
-406
-406
-406
-404
-404
-404
-408
-404
-408
-408
-408
-408
-408
-416
-416
-416
-414
-420
-420
-420
-426
-422
-416
-408
-412
-400
-400
-406
-406
-400
-396
-396
-396
-396
-388
-388
-388
-388
-386
-386
-386
-386
-386
-388
-388
-388
-388
-388
-384
-378
-378
-378
-382
-384
-390
-390
-390
-390
-390
-396
-400
-400
-400
-400
-400
-410
-410
-404
-404
-404
-404
-404
-408
-408
-418
-404
-394
-404
-404
-400
-398
-402
-394
-390
-390
-390
-390
-390
-396
-396
-396
-396
-396
-388
-388
-388
-388
-388
-388
-384
-384
-378
-378
-378
-378
-380
-380
-372
-372
-372
-370
-370
-370
-368
-368
-368
-364
-364
-362
-362
-364
-364
-364
-364
-358
-360
-360
-360
-358
-360
-356
-356
-356
-352
-352
-342
-346
-344
-344
-346
-346
-358
-358
-358
-358
-364
-364
-364
-364
-364
-364
-358
-348
-348
-348
-348
-350
-350
-350
-350
-350
-342
-332
-332
-332
-332
-330
-326
-330
-330
-328
-334
-334
-334
-344
-344
-344
-344
-340
-338
-334
-322
-322
-322
-322
-322
-322
-322
-322
-322
-320
-320
-320
-316
-316
-316
-316
-318
-318
-306
-310
-310
-310
-310
-312
-312
-312
-314
-314
-308
-300
-292
-292
-292
-292
-282
-282
-282
-286
-280
-274
-274
-274
-280
-274
-274
-274
-274
-274
-274
-272
-272
-266
-266
-266
-266
-266
-258
-264
-264
-264
-264
-264
-262
-262
-262
-266
-268
-268
-270
-270
-270
-270
-266
-262
-254
-254
-254
-254
-252
-252
-252
-252
-252
-252
-254
-254
-254
-254
-262
-270
-266
-262
-262
-262
-264
-268
-272
-272
-268
-262
-262
-262
-262
-262
-262
-262
-262
-258
-254
-260
-260
-258
-250
-250
-244
-252
-254
-246
-248
-248
-244
-242
-242
-242
-242
-242
-236
-244
-244
-246
-250
-250
-246
-246
-246
-250
-250
-250
-246
-246
-246
-246
-246
-250
-248
-248
-250
-248
-252
-244
-246
-236
-236
-236
-236
-236
-236
-244
-244
-244
-240
-244
-244
-244
-246
-246
-246
-238
-238
-238
-246
-248
-252
-252
-252
-252
-252
-260
-260
-260
-260
-260
-264
-268
-268
-274
-270
-270
-272
-264
-264
-264
-264
-264
-264
-264
-270
-276
-276
-276
-278
-276
-276
-272
-272
-272
-270
-266
-278
-280
-274
-278
-280
-274
-274
-274
-274
-268
-260
-256
-256
-256
-256
-256
-258
-254
-254
-254
-250
-248
-240
-240
-240
-234
-236
-240
-240
-240
-240
-238
-248
-248
-252
-252
-252
-252
-250
-250
-250
-246
-246
-246
-246
-246
-246
-246
-246
-246
-246
-246
-246
-250
-248
-248
-238
-234
-234
-236
-232
-228
-230
-230
-224
-224
-212
-212
-212
-212
-212
-212
-216
-216
-222
-214
-214
-214
-214
-216
-216
-210
-204
-204
-206
-206
-210
-194
-194
-194
-194
-194
-190
-186
-196
-192
-188
-182
-182
-182
-182
-182
-170
-170
-170
-170
-170
-178
-176
-176
-176
-186
-188
-182
-180
-178
-178
-178
-170
-170
-170
-170
-170
-170
-170
-170
-170
-170
-160
-160
-158
-158
-160
-162
-158
-158
-160
-164
-164
-160
-162
-162
-158
-154
-154
-150
-146
-150
-150
-150
-142
-144
-144
-140
-142
-144
-150
-150
-150
-154
-152
-152
-152
-164
-164
-158
-158
-166
-160
-160
-160
-156
-156
-152
-142
-142
-142
-136
-136
-134
-134
-142
-148
-148
-152
-152
-158
-156
-156
-156
-148
-154
-150
-146
-152
-148
-142
-142
-136
-132
-132
-132
-132
-132
-132
-136
-136
-148
-148
-142
-128
-128
-128
-136
-136
-136
-136
-136
-136
-142
-142
-142
-146
-142
-138
-138
-144
-150
-150
-140
-138
-140
-140
-140
-146
-146
-146
-140
-140
-142
-138
-138
-138
-138
-130
-128
-136
-142
-132
-132
-122
-112
-112
-104
-106
-106
-102
-112
-108
-110
-108
-108
-108
-114
-114
-120
-122
-122
-122
-122
-122
-124
-126
-126
-130
-130
-132
-132
-132
-130
-130
-130
-128
-128
-128
-132
-132
-132
-126
-126
-126
-130
-130
-126
-116
-116
-116
-104
-102
-108
-108
-110
-100
-100
-100
-92
-96
-94
-94
-100
-100
-100
-100
-100
-100
-100
-100
-98
-98
-96
-96
-96
-96
-96
-96
-98
-98
-98
-108
-108
-108
-108
-100
-100
-110
-110
-110
-104
-104
-104
-104
-106
-106
-102
-102
-102
-102
-106
-106
-106
-98
-98
-96
-88
-88
-88
-90
-82
-82
-82
-86
-80
-78
-78
-78
-78
-84
-84
-84
-84
-84
-84
-84
-80
-80
-82
-88
-88
-88
-88
-88
-86
-86
-86
-82
-82
-84
-84
-84
-86
-86
-88
-88
-92
-92
-92
-82
-82
-78
-72
-72
-72
-72
-72
-74
-76
-78
-78
-78
-76
-76
-76
-76
-76
-76
-76
-80
-80
-78
-78
-78
-78
-88
-88
-94
-94
-94
-100
-88
-76
-84
-84
-84
-84
-88
-92
-92
-92
-92
-92
-92
-92
-92
-92
-98
-98
-98
-98
-100
-100
-100
-100
-100
-100
-98
-98
-90
-90
-74
-80
-80
-80
-72
-72
-70
-62
-62
-62
-58
-66
-66
-66
-56
-52
-58
-54
-54
-50
-50
-50
-50
-50
-54
-54
-60
-66
-56
-56
-60
-60
-60
-60
-60
-60
-60
-60
-60
-56
-56
-56
-62
-62
-62
-66
-74
-74
-74
-74
-74
-74
-74
-74
-74
-70
-76
-74
-66
-66
-66
-70
-70
-70
-74
-74
-82
-82
-80
-80
-80
-74
-74
-74
-74
-74
-62
-62
-64
-64
-64
-64
-64
-64
-72
-64
-64
-62
-58
-62
-62
-60
-60
-60
-60
-68
-66
-56
-56
-58
-58
-58
-52
-58
-68
-68
-68
-62
-54
-54
-54
-50
-50
-50
-54
-56
-52
-60
-58
-58
-58
-58
-56
-56
-56
-56
-56
-56
-56
-56
-56
-56
-56
-56
-56
-62
-70
-74
-72
-70
-66
-66
-66
-66
-60
-54
-54
-54
-54
-54
-54
-54
-54
-54
-48
-46
-46
-44
-44
-44
-42
-52
-52
-38
-38
-38
-48
-46
-46
-48
-34
-34
-34
-34
-26
-20
-24
-24
-24
-24
-24
-24
-20
-10
-16
-16
-16
-20
-22
-26
-32
-32
-38
-42
-38
-38
-46
-46
-50
-56
-56
-46
-46
-46
-46
-40
-40
-36
-36
-34
-34
-34
-34
-34
-40
-40
-50
-52
-52
-52
-54
-54
-54
-56
-56
-56
-56
-56
-56
-56
-56
-56
-56
-52
-52
-52
-52
-46
-40
-40
-34
-38
-38
-38
-38
-42
-42
-44
-32
-42
-42
-42
-42
-42
-42
-42
-42
-42
-42
-42
-36
-34
-34
-34
-34
-36
-32
-34
-34
-34
-40
-40
-40
-42
-46
-46
-46
-46
-46
-42
-42
-42
-42
-42
-42
-46
-46
-46
-44
-40
-40
-40
-40
-36
-36
-36
-38
-38
-40
-40
-40
-40
-40
-34
-34
-34
-38
-44
-34
-40
-40
-40
-38
-36
-28
-28
-30
-36
-36
-36
-36
-36
-30
-28
-20
-20
-22
-22
-22
-26
-26
-30
-34
-34
-34
-34
-38
-38
-38
-38
-38
-38
-40
-40
-40
-34
-34
-34
-34
-42
-40
-40
-40
-34
-40
-40
-40
-40
-28
-28
-20
-26
-20
-20
-20
-20
-26
-26
-18
-18
-16
-12
-12
-12
-18
-18
-18
-20
-20
-20
-20
-28
-34
-30
-22
-22
-18
-18
-18
-18
-24
-22
-22
-22
-22
-22
-22
-18
-18
-18
-10
-12
-14
-14
-14
-14
-18
-18
-24
-24
-20
-20
-20
-20
-20
-20
-10
-10
-10
-10
-10
-14
-14
-14
-14
-14
-16
-16
-24
-24
-24
-24
-28
-28
-20
-20
-16
-16
-10
-10
-10
-10
-10
-10
-10
-10
-10
-14
-14
-20
-18
-18
-18
-16
-8
2
2
2
-4
4
4
6
2
-4
0
-4
-4
-4
-4
0
-4
-4
-4
2
6
6
6
6
6
6
14
14
6
4
-6
-6
-6
-6
-4
-4
-6
-2
-4
-4
-8
-10
-14
-14
-14
-20
-24
-24
-20
-20
-20
-20
-12
-12
-12
-8
-16
-16
-16
-18
-18
-18
-14
-8
-10
-10
-16
-16
-6
-6
-4
-4
-4
-12
-12
-12
-12
-12
-12
-16
-22
-22
-22
-30
-30
-30
-38
-50
-52
-52
-54
-54
-44
-48
-52
-50
-50
-50
-50
-42
-42
-42
-38
-48
-48
-48
-48
-48
-48
-48
-44
-44
-38
-40
-32
-32
-32
-32
-32
-32
-32
-26
-28
-26
-26
-28
-28
-28
-40
-44
-50
-50
-50
-50
-50
-42
-42
-42
-42
-52
-46
-42
-42
-42
-36
-36
-36
-36
-36
-34
-32
-32
-32
-44
-42
-38
-38
-38
-38
-28
-28
-26
-24
-24
-24
-24
-28
-38
-38
-38
-38
-38
-40
-40
-44
-54
-52
-52
-52
-52
-58
-62
-62
-66
-74
-82
-82
-82
-74
-74
-74
-74
-74
-74
-74
-74
-82
-82
-88
-88
-88
-96
-96
-106
-106
-106
-108
-110
-110
-110
-106
-102
-106
-102
-100
-100
-98
-98
-102
-102
-104
-104
-104
-104
-104
-116
-116
-116
-112
-112
-116
-120
-122
-122
-124
-128
-130
-130
-132
-132
-132
-126
-118
-118
-114
-118
-118
-120
-120
-106
-106
-106
-106
-108
-108
-116
-116
-116
-118
-118
-118
-122
-126
-122
-118
-122
-118
-118
-118
-118
-118
-118
-124
-124
-124
-124
-124
-122
-122
-120
-120
-120
-120
-120
-120
-120
-120
-104
-104
-104
-104
-104
-102
-102
-102
-102
-108
-108
-108
-108
-98
-100
-94
-110
-110
-110
-110
-110
-110
-118
-122
-128
-130
-130
-130
-132
-132
-128
-128
-128
-128
-128
-126
-126
-126
-130
-128
-130
-126
-126
-120
-120
-120
-126
-136
-142
-142
-148
-152
-152
-152
-152
-152
-148
-148
-146
-150
-142
-152
-140
-134
-142
-142
-142
-150
-144
-144
-152
-152
-152
-152
-148
-148
-148
-148
-148
-148
-148
-152
-152
-156
-156
-156
-154
-154
-148
-148
-148
-148
-140
-140
-142
-136
-132
-132
-124
-124
-122
-122
-122
-118
-118
-118
-118
-118
-114
-114
-114
-116
-112
-120
-108
-114
-114
-114
-106
-106
-110
-110
-110
-110
-106
-114
-114
-108
-108
-106
-98
-98
-98
-98
-98
-90
-90
-88
-96
-90
-98
-98
-98
-98
-98
-102
-102
-98
-102
-102
-96
-96
-96
-96
-96
-96
-96
-96
-92
-92
-92
-88
-80
-80
-80
-86
-92
-92
-90
-84
-78
-82
-82
-82
-82
-70
-74
-74
