-2617
-2613
-2605
-2605
-2601
-2589
-2589
-2593
-2583
-2571
-2561
-2555
-2549
-2543
-2531
-2515
-2515
-2511
-2505
-2503
-2491
-2483
-2473
-2469
-2457
-2451
-2449
-2439
-2429
-2423
-2409
-2403
-2403
-2405
-2397
-2387
-2381
-2379
-2373
-2365
-2353
-2347
-2341
-2333
-2323
-2313
-2313
-2305
-2289
-2285
-2275
-2275
-2275
-2269
-2265
-2263
-2253
-2237
-2227
-2231
-2219
-2213
-2201
-2187
-2181
-2175
-2173
-2163
-2151
-2143
-2143
-2139
-2133
-2125
-2109
-2103
-2089
-2079
-2069
-2065
-2059
-2051
-2051
-2043
-2045
-2039
-2035
-2027
-2027
-2017
-2011
-2005
-2003
-1997
-1993
-1983
-1979
-1971
-1963
-1957
-1957
-1947
-1947
-1947
-1947
-1931
-1933
-1923
-1923
-1921
-1905
-1897
-1889
-1881
-1873
-1865
-1865
-1859
-1859
-1857
-1851
-1837
-1827
-1819
-1811
-1805
-1803
-1809
-1801
-1787
-1785
-1785
-1779
-1769
-1763
-1753
-1745
-1737
-1733
-1719
-1707
-1701
-1697
-1683
-1679
-1675
-1669
-1661
-1647
-1639
-1639
-1635
-1639
-1633
-1621
-1621
-1619
-1611
-1603
-1589
-1579
-1579
-1579
-1581
-1577
-1569
-1561
-1559
-1557
-1557
-1549
-1549
-1537
-1541
-1535
-1541
-1545
-1529
-1523
-1515
-1509
-1499
-1495
-1485
-1477
-1461
-1455
-1449
-1451
-1447
-1439
-1441
-1441
-1445
-1433
-1419
-1419
-1419
-1411
-1409
-1415
-1407
-1405
-1407
-1401
-1399
-1397
-1397
-1397
-1393
-1391
-1395
-1385
-1385
-1387
-1379
-1367
-1367
-1355
-1341
-1339
-1331
-1331
-1331
-1331
-1329
-1335
-1337
-1337
-1335
-1325
-1317
-1317
-1323
-1329
-1327
-1327
-1319
-1319
-1319
-1305
-1295
-1285
-1293
-1291
-1285
-1287
-1279
-1277
-1271
-1261
-1253
-1243
-1241
-1235
-1243
-1235
-1243
-1235
-1237
-1233
-1227
-1221
-1211
-1209
-1203
-1207
-1199
-1187
-1183
-1183
-1179
-1179
-1175
-1169
-1165
-1159
-1157
-1151
-1147
-1139
-1143
-1139
-1131
-1135
-1139
-1131
-1127
-1131
-1121
-1119
-1117
-1109
-1109
-1109
-1113
-1117
-1117
-1117
-1117
-1107
-1105
-1101
-1103
-1107
-1105
-1093
-1079
-1073
-1073
-1071
-1069
-1065
-1061
-1057
-1053
-1059
-1057
-1047
-1047
-1039
-1031
-1027
-1017
-1011
-1003
-991
-1001
-995
-987
-989
-989
-983
-987
-979
-979
-983
-983
-983
-983
-977
-981
-989
-983
-987
-983
-977
-989
-981
-989
-987
-987
-983
-981
-983
-971
-963
-965
-963
-963
-951
-951
-937
-937
-945
-937
-937
-935
-935
-923
-919
-929
-935
-931
-933
-929
-929
-935
-929
-929
-937
-937
-935
-935
-941
-939
-939
-947
-939
-937
-929
-929
-923
-919
-915
-915
-917
-911
-909
-903
-897
-897
-893
-895
-881
-877
-879
-873
-867
-877
-871
-869
-865
-855
-857
-853
-851
-843
-843
-841
-827
-821
-819
-811
-805
-803
-799
-807
-811
-805
-805
-807
-805
-795
-795
-797
-789
-795
-791
-799
-797
-789
-795
-799
-801
-801
-801
-801
-797
-791
-783
-773
-783
-779
-773
-769
-763
-765
-773
-769
-771
-777
-777
-769
-763
-755
-755
-757
-749
-753
-755
-757
-761
-757
-755
-749
-743
-741
-749
-743
-747
-739
-733
-733
-737
-743
-743
-743
-751
-763
-763
-761
-761
-757
-749
-749
-753
-753
-739
-733
-731
-731
-723
-721
-723
-717
-725
-725
-731
-735
-737
-731
-723
-717
-729
-721
-721
-719
-715
-717
-717
-719
-719
-721
-723
-719
-713
-717
-711
-709
-709
-709
-715
-711
-703
-705
-711
-703
-697
-699
-705
-695
-685
-681
-673
-679
-669
-669
-663
-673
-671
-671
-673
-663
-665
-667
-661
-659
-659
-651
-645
-653
-655
-649
-643
-643
-647
-647
-643
-649
-657
-663
-669
-667
-677
-687
-687
-689
-691
-701
-705
-703
-715
-711
-711
-715
-715
-709
-707
-713
-713
-727
-719
-719
-707
-711
-709
-701
-693
-693
-687
-689
-681
-681
-685
-683
-683
-673
-675
-675
-675
-673
-661
-663
-671
-663
-667
-665
-661
-649
-655
-669
-673
-667
-665
-665
-657
-649
-659
-649
-647
-647
-645
-639
-647
-653
-661
-661
-661
-661
-657
-657
-653
-649
-647
-653
-653
-653
-647
-653
-655
-655
-645
-639
-631
-625
-615
-619
-611
-605
-589
-579
-573
-571
-575
-575
-567
-561
-553
-553
-549
-549
-557
-565
-571
-577
-575
-571
-567
-573
-559
-565
-557
-557
-555
-547
-535
-537
-537
-539
-537
-535
-537
-533
-529
-539
-545
-537
-529
-531
-527
-523
-525
-519
-523
-523
-527
-525
-521
-521
-531
-531
-523
-517
-507
-503
-505
-503
-489
-493
-495
-489
-479
-479
-479
-475
-475
-473
-475
-471
-467
-467
-475
-473
-485
-481
-475
-471
-467
-467
-463
-465
-461
-469
-451
-457
-459
-459
-453
-457
-453
-447
-447
-451
-453
-451
-445
-441
-437
-433
-429
-417
-429
-435
-435
-435
-425
-419
-419
-419
-415
-403
-397
-399
-393
-393
-387
-389
-381
-387
-389
-383
-393
-387
-387
-379
-379
-371
-363
-357
-353
-343
-347
-335
-325
-325
-323
-323
-319
-323
-323
-327
-327
-333
-335
-333
-325
-325
-323
-321
-319
-319
-321
-317
-319
-317
-309
-305
-299
-299
-311
-305
-305
-305
-299
-303
-301
-301
-295
-295
-301
-303
-309
-297
-291
-287
-285
-271
-271
-267
-259
-263
-259
-249
-251
-245
-241
-237
-237
-241
-241
-239
-239
-233
-233
-225
-215
-219
-211
-213
-213
-205
-193
-185
-183
-179
-171
-173
-181
-181
-191
-189
-191
-183
-181
-179
-177
-175
-175
-183
-183
-187
-183
-183
-189
-177
-171
-171
-167
-171
-165
-165
-161
-161
-163
-161
-175
-177
-169
-181
-177
-177
-181
-181
-189
-183
-173
-173
-175
-163
-175
-173
-179
-179
-187
-183
-181
-183
-175
-173
-171
-169
-159
-159
-159
-155
-155
-159
-159
-159
-153
-153
-153
-147
-141
-133
-127
-133
-123
-123
-117
-115
-119
-117
-117
-123
-121
-121
-119
-121
-115
-119
-121
-121
-123
-129
-127
-125
-121
-115
-109
-109
-115
-115
-111
-111
-105
-107
-115
-111
-107
-105
-97
-87
-75
-83
-83
-79
-75
-67
-65
-61
-53
-49
-41
-49
-37
-37
-43
-39
-41
-33
-37
-37
-37
-37
-37
-33
-27
-27
-17
-19
-19
-17
-7
1
3
-3
-1
-5
-3
-3
-1
-1
-7
-1
-13
-13
-13
-7
3
1
9
3
3
5
-1
3
9
15
15
15
11
17
21
25
31
23
17
5
5
11
13
15
25
29
27
27
9
15
5
5
7
5
7
7
-1
9
7
7
5
5
1
5
-1
3
7
5
9
7
11
7
11
23
17
11
13
11
11
15
17
17
15
25
29
29
33
35
43
45
45
45
47
47
47
51
49
49
49
49
47
45
53
55
67
69
71
71
71
71
79
73
77
77
83
87
87
85
85
77
73
73
73
73
69
67
75
61
71
73
79
89
87
75
67
75
79
65
63
67
75
77
85
85
85
89
97
99
99
101
97
95
95
93
93
87
87
87
77
69
69
59
53
55
55
59
53
57
59
63
63
75
65
63
67
75
73
69
69
69
67
65
53
41
33
33
33
29
27
31
31
33
33
37
33
35
39
47
47
47
43
53
55
55
59
55
57
59
59
59
59
59
51
53
51
51
51
53
51
55
51
53
59
63
69
69
75
77
77
77
73
69
67
63
69
77
73
67
67
67
79
79
83
83
87
89
103
99
101
101
97
93
89
81
79
81
79
75
61
51
61
61
63
63
71
83
89
93
85
87
91
83
75
79
71
73
79
83
83
75
67
59
53
51
51
43
53
49
53
51
53
65
67
73
67
81
83
91
93
87
99
99
93
93
89
87
91
89
87
85
85
85
85
91
91
91
95
95
91
95
91
89
89
77
81
71
71
71
67
77
83
79
75
75
75
81
87
83
87
89
89
81
81
85
85
87
97
97
87
89
91
91
95
99
95
97
95
89
85
93
89
89
83
89
89
87
83
85
81
81
79
79
71
67
59
59
59
59
63
75
77
75
73
69
75
75
71
75
67
67
69
67
73
67
65
63
65
59
63
63
63
73
69
75
83
81
91
101
95
99
99
93
99
93
93
93
103
91
85
87
85
71
65
65
71
77
73
81
85
85
85
89
85
89
89
95
101
101
93
91
81
79
79
81
79
71
63
63
55
61
57
57
51
59
63
55
59
55
47
39
39
39
35
35
39
37
31
35
33
35
39
45
45
33
27
21
25
25
29
35
31
35
35
43
47
47
39
41
39
39
39
37
39
47
51
51
47
45
45
51
51
53
45
45
49
49
37
39
51
57
63
59
53
59
55
53
49
47
49
51
59
67
67
73
73
71
77
69
61
61
49
49
49
37
37
35
31
33
25
25
15
23
25
23
25
29
21
15
13
13
21
19
21
25
25
19
19
21
25
27
19
13
13
11
1
5
3
5
5
5
-1
-7
-7
-7
-1
5
7
7
3
-3
-11
-17
-13
-11
-7
-1
5
13
19
7
3
5
5
3
3
3
3
3
13
15
15
19
19
27
25
29
35
31
33
43
43
37
35
27
29
27
29
27
27
21
17
13
19
19
17
13
9
9
13
13
11
5
5
13
9
19
7
11
5
5
-5
-3
-11
-5
-7
1
-7
-15
-11
-7
-9
-3
1
1
1
5
-1
-1
-3
-1
-9
-7
-9
-3
-3
-1
-5
-9
-5
5
5
1
1
5
17
15
15
9
9
1
-7
-9
-9
-19
-15
-11
-17
-15
-15
-19
-19
-27
-29
-31
-37
-29
-23
-25
-21
-25
-27
-31
-17
-17
-17
-25
-17
-23
-13
-9
-11
-19
-17
-7
-1
-3
-11
-15
-13
-21
-31
-31
-29
-37
-41
-47
-57
-49
-53
-49
-41
-33
-41
-47
-53
-51
-57
-57
-57
-57
-59
-59
-63
-71
-67
-67
-73
-81
-77
-81
-81
-77
-73
-77
-77
-71
-69
-75
-67
-73
-75
-75
-73
-65
-73
-73
-71
-79
-71
-73
-63
-65
-59
-55
-51
-53
-59
-43
-47
-43
-49
-59
-53
-57
-57
-51
-47
-47
-45
-45
-47
-41
-45
-43
-43
-39
-31
-27
-27
-27
-29
-27
-29
-35
-35
-35
-35
-35
-27
-31
-33
-25
-25
-27
-35
-47
-55
-49
-43
-49
-51
-51
-45
-45
-43
-53
-57
-51
-55
-51
-55
-63
-65
-57
-63
-65
-65
-61
-63
-67
-81
-77
-67
-71
-79
-69
-81
-77
-83
-91
-85
-85
-85
-87
-87
-79
-79
-79
-73
-73
-69
-69
-71
-71
-69
-63
-67
-67
-69
-75
-87
-87
-79
-87
-75
-75
-75
-83
-77
-87
-89
-87
-77
-69
-61
-61
-47
-49
-47
-45
-37
-45
-43
-47
-53
-53
-55
-55
-59
-57
-53
-45
-41
-39
-31
-29
-31
-35
-39
-43
-43
-41
-33
-31
-33
-37
-37
-31
-31
-29
-23
-15
-17
-15
-19
-19
-19
-21
-23
-19
-21
-17
-15
-13
-13
-23
-29
-27
-15
-19
-7
1
1
7
3
5
5
1
1
7
15
9
9
11
13
5
13
15
11
3
7
7
11
15
23
23
23
17
25
21
23
23
27
31
33
37
47
51
51
51
53
49
47
47
39
41
41
37
37
37
41
31
27
25
25
25
29
21
23
19
17
15
13
9
17
13
17
5
9
13
9
3
13
19
23
25
21
21
19
21
23
19
15
13
17
17
19
17
17
13
17
9
9
11
23
17
13
13
9
17
25
25
31
35
39
35
41
41
41
47
53
57
63
59
63
63
63
63
67
67
69
77
73
69
71
71
77
77
77
81
79
85
93
101
105
107
111
109
99
101
105
107
105
109
113
121
121
125
125
133
133
125
125
135
135
135
127
131
129
125
123
119
115
113
119
119
119
121
125
127
119
119
127
131
123
137
137
137
141
141
137
121
121
117
117
117
123
125
115
113
113
113
113
113
113
119
133
121
121
115
103
97
99
87
87
93
91
87
91
85
85
85
81
83
79
77
75
81
75
71
69
71
71
71
61
61
65
71
79
69
69
73
69
63
63
57
59
63
65
71
77
77
77
85
85
85
85
89
85
91
85
85
89
89
87
83
85
91
83
83
89
89
87
89
87
93
97
95
95
89
95
95
87
85
89
89
93
85
91
81
93
101
99
101
97
91
91
103
99
103
103
103
113
115
117
117
117
119
113
119
119
117
121
123
123
121
125
127
119
121
119
129
145
145
137
147
149
149
147
147
149
151
151
155
153
157
143
147
147
147
155
171
169
169
163
167
181
169
171
165
167
163
157
157
159
157
157
163
163
159
161
161
161
149
149
141
147
155
151
157
161
171
163
169
179
185
181
181
171
177
183
171
161
157
151
149
149
145
153
147
147
139
143
141
141
141
137
147
153
143
145
155
155
149
149
157
163
165
175
169
167
169
171
171
167
167
173
171
175
181
189
189
195
195
205
205
195
201
199
207
205
197
197
197
197
193
185
187
183
183
179
179
185
189
185
189
189
181
183
183
183
179
185
183
191
193
185
181
173
179
181
183
181
177
177
181
177
175
175
175
169
169
165
165
165
157
159
159
143
139
131
133
127
123
119
129
129
131
137
135
143
141
139
139
145
143
137
145
129
129
123
123
119
117
125
131
131
135
129
121
115
115
115
115
117
121
119
117
113
109
119
107
113
119
113
119
123
127
123
123
117
119
115
113
103
109
113
113
117
115
101
99
91
91
85
93
93
87
87
85
89
89
87
95
93
97
91
91
87
89
85
85
89
83
91
97
103
105
99
99
105
99
99
109
109
103
107
101
101
111
121
119
121
119
121
125
119
121
121
125
129
127
127
123
127
131
137
137
141
151
157
159
161
157
157
157
155
149
147
139
139
133
141
137
141
137
131
133
133
137
131
133
133
125
123
125
123
133
131
123
123
129
139
141
147
139
127
121
117
121
131
131
123
123
129
131
123
131
135
135
131
125
123
129
129
123
129
125
119
123
135
133
141
137
133
149
149
159
153
149
149
147
145
141
143
153
153
149
149
155
163
161
161
155
151
159
157
157
157
149
149
153
157
149
159
161
159
151
149
141
141
151
147
155
155
149
143
147
149
145
145
149
151
153
153
155
163
157
157
161
165
165
167
169
175
175
173
173
173
175
171
171
171
169
167
159
159
159
153
155
155
145
143
149
157
167
167
167
167
175
177
177
173
173
179
173
171
163
165
161
161
167
157
157
165
155
161
167
167
169
159
161
149
153
157
153
155
147
141
143
139
143
151
151
151
153
153
149
159
165
165
161
159
159
155
167
175
173
183
183
183
183
181
179
173
179
181
185
189
183
177
165
163
163
165
165
165
161
163
163
167
167
177
183
183
177
177
185
185
191
201
187
175
173
169
167
173
169
167
167
167
169
169
171
169
165
163
161
171
169
167
163
167
169
177
185
189
183
181
187
181
183
187
187
181
185
185
181
187
185
177
173
177
183
183
187
183
183
185
179
181
187
187
193
199
201
193
189
189
195
195
193
207
211
217
217
213
207
201
205
211
211
209
209
215
205
207
203
201
205
199
195
191
181
181
181
175
177
177
187
183
185
193
199
197
195
197
191
193
197
201
199
195
183
175
181
181
181
179
175
177
181
177
177
169
167
163
163
163
169
169
167
167
169
181
185
187
187
189
181
185
175
173
179
169
169
165
155
159
159
159
157
161
167
169
173
175
181
177
169
165
165
159
151
153
149
153
151
147
149
147
147
147
155
155
157
155
147
141
147
143
147
147
139
139
139
139
139
135
129
127
117
123
123
127
127
121
123
125
113
117
117
117
121
115
113
111
109
113
117
119
119
119
115
111
117
119
113
111
121
121
129
139
147
141
139
139
143
153
151
149
147
147
145
147
153
159
161
161
161
155
155
159
167
171
177
185
185
191
191
193
191
193
197
207
211
199
197
205
205
211
207
205
213
223
237
247
247
241
241
243
239
243
245
241
241
241
243
247
241
245
237
223
229
229
235
231
221
215
217
229
233
235
231
231
235
243
245
243
235
231
233
233
233
223
221
225
229
229
233
229
221
221
217
223
231
227
227
227
223
219
209
205
211
211
213
223
223
225
229
231
229
237
245
247
247
237
237
239
239
237
239
239
237
233
231
231
229
233
233
239
231
229
227
233
227
227
221
221
215
217
229
233
239
239
243
247
249
249
249
245
237
231
225
227
223
227
223
219
215
215
213
217
213
215
221
213
217
221
221
223
213
215
221
215
209
211
205
213
213
223
227
217
217
219
227
217
217
219
211
213
209
199
195
201
203
199
203
203
211
209
209
215
205
195
191
197
191
191
195
189
191
189
191
183
187
181
185
179
175
169
165
165
165
175
171
163
165
165
167
169
179
183
177
175
187
189
181
187
185
183
183
179
177
181
185
191
201
201
201
205
203
201
197
193
189
195
193
189
201
203
211
209
217
221
221
219
219
217
217
215
215
213
213
211
217
207
205
205
207
211
215
217
225
229
227
225
215
215
219
215
215
215
215
219
219
215
213
219
217
227
225
227
229
231
219
211
207
209
209
221
219
221
225
217
211
207
205
209
215
217
221
229
235
241
241
245
241
239
243
247
243
243
233
233
233
235
227
231
227
227
231
231
229
229
225
227
225
219
233
237
237
241
241
225
217
217
213
209
207
207
203
199
197
197
191
181
181
183
187
193
203
215
215
215
215
227
217
217
217
213
211
213
209
207
203
201
189
193
193
201
211
211
213
203
205
213
217
217
225
221
217
215
221
227
227
227
223
221
219
221
215
209
205
205
211
207
207
215
215
207
211
205
205
203
209
211
213
211
205
207
195
203
197
197
193
195
197
195
195
195
199
199
199
201
189
187
195
189
185
183
173
179
181
189
183
185
189
189
189
189
191
191
179
185
189
189
181
181
185
193
201
207
199
205
209
215
221
225
225
219
227
219
223
231
231
235
229
237
235
225
221
221
221
215
217
211
211
221
217
213
213
217
217
213
213
209
211
205
217
217
231
233
233
247
245
245
245
249
243
243
251
245
233
227
223
231
231
223
215
217
215
207
211
205
197
195
189
187
187
187
187
179
175
175
175
173
167
169
167
167
163
163
159
159
161
163
151
151
153
159
159
157
151
161
151
159
163
163
167
165
165
165
159
155
161
159
159
155
151
149
137
149
155
155
159
159
167
173
173
169
167
161
171
175
175
177
173
165
159
161
167
165
161
161
161
155
151
153
155
159
161
161
159
167
161
159
169
177
189
195
195
197
189
185
187
181
181
191
191
185
185
187
189
189
177
169
167
171
173
171
173
171
171
171
169
171
167
169
165
165
169
169
177
177
177
181
193
201
205
205
213
209
217
217
219
219
213
213
213
209
211
207
199
199
207
203
201
199
197
199
199
199
199
201
199
199
195
191
203
213
213
205
199
209
219
221
227
225
223
227
231
233
221
221
219
223
221
223
219
225
219
211
215
217
211
209
207
217
225
223
219
211
217
209
209
215
219
211
213
209
207
207
209
211
211
203
203
203
195
189
189
189
193
193
193
193
195
195
199
193
201
201
199
187
197
193
187
189
189
191
201
191
185
185
181
185
189
189
187
191
191
185
179
179
177
173
169
165
165
157
163
165
175
175
177
177
173
175
179
173
175
175
175
173
177
175
179
177
183
183
175
173
173
177
175
171
167
163
169
175
177
183
185
175
181
179
175
179
175
179
179
185
189
179
189
191
191
187
185
187
193
193
201
205
203
209
207
205
207
205
207
217
217
227
227
229
229
231
227
227
229
233
231
227
229
233
233
237
239
241
241
237
241
243
251
249
251
255
257
251
251
253
257
255
251
247
255
251
251
261
263
261
269
269
265
263
273
265
277
279
273
269
275
273
275
279
285
279
271
269
259
265
265
261
277
271
275
273
279
277
275
277
279
283
279
275
275
273
265
261
261
255
261
255
263
251
255
251
255
259
271
263
261
267
265
267
267
271
275
283
283
275
277
273
281
275
269
269
281
277
271
279
281
271
275
273
275
273
267
271
263
267
267
267
261
261
263
267
267
267
267
271
279
287
285
291
297
301
297
295
293
285
299
293
293
287
299
297
289
293
303
303
307
307
305
305
303
299
289
283
279
285
287
283
287
285
285
289
285
283
283
275
273
279
279
279
283
279
273
277
285
287
283
283
275
279
277
279
279
271
271
271
271
271
281
281
285
287
291
289
291
299
293
297
289
285
285
291
287
285
285
287
293
289
285
283
281
277
277
283
283
281
277
277
275
281
293
295
291
303
299
295
291
289
285
291
291
295
289
283
285
285
287
287
289
289
303
307
307
311
317
333
335
335
333
323
331
333
329
333
339
339
341
341
341
337
341
337
335
337
337
339
339
341
351
351
355
357
357
345
341
341
343
349
351
347
339
333
341
347
347
345
343
339
335
335
335
335
335
325
323
329
331
329
339
331
325
325
323
323
317
319
317
311
309
313
313
309
309
307
293
281
289
291
287
293
293
293
289
289
287
291
295
297
297
293
293
299
301
299
303
305
313
315
315
311
317
319
317
327
325
319
319
319
317
313
309
309
305
309
309
315
309
309
305
307
303
303
309
303
303
305
301
301
299
297
307
307
309
309
311
303
311
317
317
327
329
337
341
341
351
349
345
341
339
337
335
331
331
331
331
337
331
329
329
329
337
333
335
329
329
323
321
325
319
319
319
319
325
325
337
327
327
319
317
315
323
329
327
327
333
329
317
319
325
327
331
331
325
327
325
323
315
317
321
325
319
323
321
317
311
307
295
301
299
293
287
299
303
303
303
307
309
301
305
301
303
301
295
297
293
291
285
289
279
291
293
291
295
285
283
281
289
291
289
293
293
285
283
277
273
269
267
271
271
279
285
287
289
291
291
289
297
289
293
293
291
283
283
283
285
289
295
299
301
301
301
301
303
299
305
301
301
297
297
297
297
297
297
295
291
301
303
305
293
299
293
289
287
281
287
285
287
287
291
295
291
279
279
285
279
269
269
259
263
263
275
275
275
283
283
275
265
271
271
263
265
265
273
277
273
271
279
283
287
289
285
281
273
277
271
265
269
279
275
275
261
275
283
281
281
273
281
285
287
287
291
289
297
289
281
275
275
275
279
285
283
285
293
299
307
315
315
317
315
309
309
309
319
313
301
299
291
291
291
291
293
293
285
279
279
277
275
273
277
271
281
287
289
289
285
289
285
287
275
269
267
265
265
269
261
261
257
253
259
251
253
247
247
249
249
249
259
245
245
249
249
245
251
247
251
247
245
241
229
229
225
237
231
233
233
233
233
227
211
211
209
205
201
201
195
197
203
193
183
189
187
183
183
177
177
173
161
177
191
193
207
201
201
197
189
195
201
201
201
211
209
219
215
225
215
213
207
211
213
211
209
215
209
217
221
221
217
213
229
227
231
225
221
229
229
235
235
239
237
241
247
241
245
233
237
243
231
225
225
221
219
219
217
217
223
221
225
221
217
217
227
225
225
231
229
227
233
231
227
227
223
213
211
205
209
209
201
195
193
193
193
193
185
183
187
187
187
197
199
193
195
193
195
199
199
207
207
203
203
205
207
215
217
227
237
237
237
229
223
223
219
215
219
217
207
203
203
191
181
171
171
169
171
173
175
183
179
179
175
185
179
183
187
181
179
183
187
187
185
181
173
169
163
165
161
165
161
173
177
175
177
171
175
173
177
179
175
179
179
173
167
171
171
169
169
169
167
167
165
167
167
165
163
169
169
171
171
175
175
173
177
177
179
179
173
175
175
175
165
159
157
153
157
169
163
161
159
167
167
163
159
159
163
171
171
177
185
183
181
185
195
199
201
201
199
195
195
191
197
197
191
201
197
189
185
195
195
195
195
191
193
193
197
201
197
191
195
195
199
207
205
205
207
205
213
215
217
219
219
219
219
231
235
241
243
241
245
259
249
253
253
253
259
255
255
255
255
263
265
269
261
259
259
259
255
269
269
265
273
271
271
275
277
281
285
275
273
277
277
285
281
269
277
271
281
281
283
283
283
281
277
273
277
275
277
265
257
253
247
249
251
249
243
227
225
235
239
247
249
245
243
239
241
237
225
229
231
239
241
251
255
257
261
263
263
259
259
259
253
249
249
251
257
251
253
261
249
251
253
253
245
251
259
257
253
245
241
239
239
239
237
231
229
231
237
243
243
239
247
241
235
227
229
229
231
227
223
229
225
221
217
215
219
215
217
207
211
217
219
215
213
201
199
201
207
201
195
201
201
209
209
217
217
211
217
221
223
215
225
233
235
229
227
223
217
219
219
219
215
215
229
231
243
237
237
241
253
253
253
253
251
253
253
251
251
243
237
231
233
233
237
235
227
227
221
225
225
235
227
225
231
235
229
239
239
241
235
229
227
235
227
231
227
233
239
241
241
243
243
245
241
245
247
261
261
265
257
263
261
265
273
269
271
269
265
265
265
257
261
259
261
253
261
255
265
269
271
265
257
257
249
251
265
265
263
267
265
265
263
273
277
275
271
277
267
269
275
273
275
265
265
259
247
243
243
237
237
237
231
231
235
229
235
235
243
239
229
233
227
223
227
233
233
239
239
239
249
257
253
253
253
253
259
249
245
259
261
261
267
263
261
261
269
271
261
269
259
265
267
273
277
279
275
269
275
281
269
263
265
269
269
269
277
267
261
261
267
263
269
277
261
265
267
259
263
259
271
267
273
265
257
259
267
275
273
279
287
287
289
285
291
287
281
285
285
277
265
273
277
269
267
269
265
263
267
267
267
267
263
269
269
267
265
263
253
257
263
257
255
255
259
255
245
261
263
261
253
253
253
257
253
247
247
249
245
245
233
235
229
229
225
229
235
233
233
237
231
223
227
227
217
213
221
229
219
215
213
209
205
201
201
211
207
207
209
211
215
217
217
215
221
225
225
229
231
227
223
221
229
233
227
223
227
229
239
245
251
247
247
245
239
239
245
241
241
233
231
229
225
221
227
227
229
235
233
237
243
241
235
229
225
235
225
227
223
217
219
215
207
205
203
203
203
211
211
209
213
203
205
205
215
219
221
215
213
209
203
199
211
215
213
209
207
207
199
205
203
205
197
199
197
199
199
201
201
197
201
203
203
193
193
191
191
191
187
187
181
183
175
179
169
169
171
171
155
151
157
149
145
155
157
159
147
147
135
137
137
151
143
153
155
155
151
163
165
159
163
163
159
171
173
171
179
171
165
171
175
177
181
187
177
173
177
187
179
179
171
165
155
149
147
145
143
145
153
161
165
173
179
175
167
161
159
151
141
133
133
133
117
119
119
119
115
119
119
121
121
113
111
113
107
107
111
117
123
133
137
127
125
135
131
133
143
147
149
147
139
141
143
147
157
159
163
169
163
157
147
149
163
169
171
183
185
171
175
177
181
189
187
181
181
183
183
179
171
161
155
155
163
163
165
165
151
149
145
143
143
137
143
143
137
137
141
147
147
149
145
147
147
143
153
159
155
151
155
161
163
159
161
161
163
169
171
183
177
185
181
187
195
203
203
197
201
209
203
205
205
207
203
201
201
195
193
191
203
201
199
207
213
211
207
209
209
215
215
217
217
213
215
215
219
223
221
217
209
209
213
215
215
209
205
203
205
211
213
209
215
215
225
229
221
227
219
211
213
215
215
211
213
217
217
225
225
237
237
235
237
239
239
233
235
235
235
233
233
237
235
231
223
213
203
197
193
191
191
191
195
205
205
205
199
195
203
205
195
201
207
215
203
205
205
209
215
201
205
203
215
211
215
217
215
211
215
211
209
209
207
207
201
207
199
201
195
195
193
193
191
179
181
177
173
171
171
165
159
147
147
147
135
135
125
117
117
119
115
115
115
109
113
105
105
105
113
125
127
135
135
143
153
161
163
161
167
169
177
177
179
179
187
189
195
197
193
197
189
189
197
205
207
209
207
207
211
217
217
211
199
193
199
205
205
215
207
207
207
213
207
213
211
211
211
211
211
215
207
211
219
221
219
225
239
237
251
245
251
235
231
231
229
229
229
225
239
233
233
229
225
219
219
219
219
213
213
219
211
211
219
211
207
213
205
207
205
199
193
189
189
185
177
173
167
161
161
165
167
177
175
175
181
169
173
169
175
175
171
171
173
169
167
159
155
155
155
159
159
161
165
159
159
147
149
147
147
143
139
145
147
143
143
145
143
135
135
131
133
147
153
155
153
155
157
167
167
167
167
163
165
173
177
183
185
189
179
183
173
177
165
163
163
163
171
169
171
173
179
187
187
187
187
189
195
197
197
197
199
199
191
189
189
199
185
181
181
177
179
183
187
181
187
187
181
187
201
193
207
193
197
203
203
205
205
211
211
209
207
205
201
191
195
189
193
189
189
191
189
185
185
181
177
183
181
171
175
181
181
185
177
177
173
161
159
151
155
155
159
149
143
133
127
125
127
117
117
117
123
123
127
121
129
135
139
139
133
135
133
133
127
131
135
139
137
137
137
133
139
137
137
145
143
143
143
139
139
139
139
139
141
133
133
133
135
133
131
131
133
125
123
121
121
123
123
131
133
141
145
141
141
139
131
129
125
119
131
135
135
135
135
137
133
137
137
145
147
145
139
151
151
151
153
155
147
149
149
137
145
137
145
151
147
157
155
151
157
161
169
163
167
171
179
171
165
167
173
169
165
163
167
169
175
171
169
167
165
177
189
189
181
179
179
185
187
191
199
197
197
197
195
195
191
189
191
193
195
203
195
191
195
193
201
211
215
219
213
213
201
215
213
213
215
221
225
221
219
219
221
219
221
227
223
229
231
227
225
233
237
237
237
231
227
225
227
217
217
217
223
237
237
239
237
235
231
229
229
217
211
203
209
205
199
195
195
185
177
173
173
167
157
163
155
149
157
161
163
165
159
169
157
163
161
161
161
157
157
171
179
179
179
183
187
175
177
183
185
189
197
191
185
189
187
185
191
189
181
179
175
187
191
191
193
187
193
195
203
211
211
211
209
209
211
203
205
205
201
211
209
221
229
223
223
227
227
227
231
237
243
245
249
257
261
273
269
265
273
269
267
261
267
261
267
265
263
267
261
257
261
273
279
275
271
275
277
273
279
279
275
275
281
277
277
283
281
283
275
283
279
285
287
291
285
297
289
293
301
291
287
285
289
281
279
283
277
277
283
281
279
289
289
289
281
279
281
289
291
291
299
297
291
297
301
299
303
299
295
299
297
303
305
305
305
305
309
307
307
307
299
301
305
305
303
299
301
309
315
319
327
327
339
347
343
343
333
333
331
335
331
333
329
323
321
317
317
319
319
319
311
313
313
307
311
305
307
307
307
311
313
307
307
321
317
323
323
325
327
325
331
325
319
319
321
327
327
317
317
319
325
323
315
317
319
319
327
327
327
327
343
343
347
353
357
357
359
351
345
345
345
357
365
365
367
373
373
371
381
377
375
375
369
379
377
387
393
387
387
387
389
401
405
399
397
409
393
389
391
397
389
389
389
385
385
377
371
375
377
377
385
391
383
377
375
363
363
365
355
365
363
357
365
365
365
367
359
357
361
359
361
355
351
351
347
351
351
345
343
355
347
347
341
339
339
353
353
353
343
345
345
349
341
345
351
349
351
345
349
353
349
353
353
353
345
345
345
343
353
347
349
349
349
353
353
353
349
349
349
335
335
333
337
337
341
341
345
343
347
347
345
349
343
341
345
355
355
357
359
353
359
361
361
357
361
363
363
359
359
369
363
367
361
365
363
361
357
361
361
363
357
357
349
343
341
343
345
345
343
335
337
339
343
343
351
345
345
347
355
365
365
371
375
371
367
375
375
377
377
381
383
387
395
395
395
393
387
387
387
381
373
381
369
361
371
371
377
381
371
369
369
371
371
373
363
359
349
345
345
351
349
341
341
349
353
345
343
347
349
339
327
321
321
321
311
307
301
303
297
299
297
297
301
293
299
295
287
281
289
297
293
293
285
275
277
269
269
267
265
261
267
269
271
281
273
271
265
267
275
267
255
255
251
247
247
239
243
247
259
255
245
247
253
253
251
237
239
237
233
233
237
229
225
231
225
225
229
229
235
235
225
227
227
231
233
233
233
229
223
223
211
211
211
219
221
211
209
201
199
199
199
195
197
199
189
195
195
187
189
189
187
183
185
179
185
185
189
185
185
187
189
187
187
187
191
201
205
205
203
209
213
213
211
205
211
207
211
221
221
229
221
223
225
229
223
223
225
221
225
225
231
235
233
239
233
233
235
233
233
235
239
239
239
233
233
235
241
241
241
233
235
231
235
229
219
225
231
231
227
227
227
217
223
213
211
213
215
209
215
215
215
209
213
219
217
209
205
199
199
205
205
209
203
207
211
213
203
201
207
199
191
191
191
183
183
187
187
175
179
181
179
187
183
179
187
177
175
163
157
149
145
139
137
135
143
137
129
123
121
127
125
123
131
129
127
123
117
117
117
119
119
121
123
129
129
135
151
143
135
137
129
123
135
135
131
133
133
137
131
133
135
141
141
143
145
157
155
155
155
153
163
165
165
169
165
161
165
157
147
147
157
165
159
153
153
149
149
149
155
149
155
151
151
153
153
147
151
147
149
147
155
155
155
167
169
177
181
173
173
179
179
183
187
183
181
193
191
189
197
197
197
201
201
201
201
199
199
203
189
189
193
193
193
193
197
189
189
185
181
187
185
185
181
181
181
173
177
167
169
169
167
167
169
163
169
163
165
163
163
163
169
171
167
169
159
151
147
155
163
177
187
183
183
185
183
177
175
169
169
173
173
169
167
169
173
173
179
187
185
191
183
181
185
189
189
189
185
181
181
175
167
169
169
161
163
165
165
163
161
157
153
165
159
155
155
155
167
157
151
151
145
149
147
147
155
167
167
171
167
173
171
167
163
155
149
153
159
155
155
155
157
157
165
155
155
157
149
149
151
147
143
153
163
163
169
161
157
177
181
183
181
181
179
179
165
161
155
155
151
157
157
155
155
155
155
145
135
135
129
125
123
129
131
133
137
135
139
145
149
147
139
131
123
117
119
119
121
125
123
123
125
133
137
131
143
147
139
139
147
149
149
151
145
157
169
169
171
161
155
155
155
155
149
143
143
133
135
133
127
131
127
125
117
123
131
143
141
139
137
123
129
129
127
127
135
135
139
147
147
147
143
137
139
133
125
125
127
135
135
137
137
131
133
133
133
137
135
145
143
141
145
147
155
151
153
147
147
147
145
133
137
137
141
143
149
149
155
165
157
155
151
153
159
165
163
169
179
177
161
155
149
153
153
161
165
159
157
147
153
145
151
151
159
157
157
163
159
153
147
147
151
145
145
145
145
139
135
127
127
127
135
141
133
133
135
125
129
129
129
129
127
119
133
129
129
121
121
121
121
107
105
107
103
107
115
115
117
117
111
117
111
115
119
123
133
133
137
135
137
137
147
153
159
163
163
167
167
167
165
157
157
157
149
151
161
167
165
157
161
159
161
159
157
163
159
153
147
147
147
149
151
147
149
153
153
153
157
157
159
153
151
153
141
143
143
141
153
153
149
149
149
149
145
149
147
137
141
147
149
135
131
129
127
141
133
131
131
131
139
131
135
141
143
137
143
153
151
155
155
155
163
163
165
163
171
171
175
175
181
177
173
173
173
181
179
179
167
159
159
159
155
143
143
147
145
155
153
153
155
151
151
149
151
151
147
147
147
157
161
155
155
149
151
147
143
143
145
149
147
145
147
153
151
151
147
147
135
135
129
129
129
127
127
129
131
133
125
117
117
121
121
127
127
135
123
117
117
123
117
115
119
115
111
101
103
103
103
103
107
111
115
117
117
111
111
109
111
111
103
109
117
113
107
113
105
101
95
89
95
97
91
91
95
93
91
85
77
83
77
75
75
75
71
69
69
69
69
71
81
75
69
69
65
71
73
79
75
75
79
77
73
69
73
79
81
83
83
77
73
73
69
69
65
71
67
65
61
65
69
73
63
57
51
55
51
51
45
39
43
37
33
37
29
33
29
33
39
31
39
29
19
19
17
13
21
23
23
29
29
33
25
25
13
13
17
13
7
7
11
11
9
15
11
13
17
25
31
31
37
33
31
31
31
33
33
31
27
35
41
35
37
33
33
27
27
27
25
25
29
33
31
31
33
41
45
49
49
43
39
31
31
39
41
37
39
41
49
45
51
57
59
49
47
59
59
57
59
65
65
73
77
73
75
79
81
87
87
97
109
97
97
89
81
81
83
89
83
79
77
81
79
75
71
77
77
71
81
71
65
63
75
81
81
77
69
73
79
77
83
77
73
75
75
77
75
79
75
79
79
85
85
87
89
83
87
89
75
75
77
79
77
73
77
77
83
83
81
75
81
77
71
69
69
63
63
69
71
71
69
69
79
75
67
69
67
59
47
47
47
53
41
41
49
49
61
65
59
61
61
71
67
67
69
81
75
75
79
71
69
71
67
63
67
67
67
73
79
81
79
75
83
83
83
81
91
85
87
91
89
87
95
99
87
95
103
101
99
93
95
93
93
101
91
93
89
89
97
99
95
99
97
107
125
123
121
117
121
115
109
109
103
95
101
97
95
85
85
81
81
85
87
85
91
93
91
95
105
95
93
89
85
87
83
81
73
79
79
79
83
81
79
71
73
73
81
77
75
77
83
79
77
65
59
57
61
71
71
71
75
77
91
85
73
73
67
67
61
61
67
57
51
43
47
45
45
53
53
55
59
57
53
51
39
37
29
29
37
33
37
37
33
37
33
39
41
39
43
55
53
55
49
49
53
45
55
43
43
47
51
43
45
45
41
51
51
51
53
61
69
69
69
65
59
65
57
57
61
59
61
61
61
67
67
67
65
59
57
57
55
49
57
69
69
69
71
69
63
69
67
69
69
69
65
67
77
75
83
87
93
87
89
85
91
89
81
83
81
79
71
75
71
65
65
69
65
69
65
65
69
69
73
67
63
63
65
65
67
75
71
65
65
65
69
61
59
61
59
59
59
71
69
75
71
71
67
65
57
51
53
57
57
59
61
57
49
47
55
53
45
43
43
41
45
45
45
41
43
53
47
39
37
35
41
35
35
31
39
41
45
41
43
43
45
47
53
55
63
63
57
61
67
63
61
59
59
65
65
65
75
79
69
69
69
67
61
61
57
49
53
49
57
53
59
67
59
67
67
75
83
71
77
77
77
81
77
81
73
77
77
79
87
97
85
81
89
89
87
79
85
87
91
95
107
107
107
109
105
107
109
