-10472
-10472
-10466
-10462
-10452
-10440
-10440
-10436
-10436
-10426
-10422
-10418
-10410
-10402
-10392
-10384
-10376
-10364
-10360
-10354
-10352
-10350
-10346
-10344
-10340
-10340
-10332
-10324
-10314
-10302
-10292
-10282
-10270
-10258
-10246
-10230
-10220
-10214
-10214
-10202
-10196
-10188
-10178
-10180
-10176
-10176
-10164
-10158
-10150
-10150
-10134
-10126
-10118
-10116
-10112
-10102
-10096
-10090
-10076
-10074
-10066
-10054
-10052
-10050
-10038
-10030
-10020
-10010
-10004
-10004
-9992
-9988
-9988
-9982
-9978
-9970
-9960
-9950
-9948
-9934
-9922
-9920
-9920
-9912
-9902
-9902
-9892
-9890
-9876
-9868
-9858
-9852
-9846
-9848
-9846
-9846
-9842
-9836
-9824
-9822
-9810
-9802
-9796
-9796
-9792
-9788
-9786
-9772
-9770
-9760
-9750
-9744
-9744
-9732
-9732
-9730
-9722
-9716
-9712
-9708
-9698
-9694
-9684
-9674
-9664
-9654
-9646
-9636
-9624
-9620
-9620
-9618
-9614
-9612
-9602
-9596
-9588
-9586
-9574
-9574
-9566
-9562
-9554
-9544
-9538
-9534
-9534
-9528
-9524
-9514
-9514
-9506
-9502
-9488
-9482
-9478
-9478
-9470
-9470
-9470
-9470
-9470
-9456
-9450
-9434
-9424
-9424
-9412
-9398
-9386
-9384
-9384
-9382
-9374
-9366
-9366
-9362
-9362
-9362
-9350
-9340
-9330
-9322
-9310
-9306
-9306
-9300
-9290
-9282
-9276
-9272
-9268
-9254
-9246
-9246
-9240
-9232
-9232
-9230
-9224
-9224
-9218
-9210
-9206
-9206
-9206
-9192
-9188
-9188
-9186
-9178
-9174
-9168
-9164
-9160
-9152
-9150
-9142
-9138
-9128
-9122
-9122
-9106
-9106
-9102
-9098
-9092
-9088
-9072
-9060
-9056
-9054
-9040
-9040
-9040
-9032
-9032
-9032
-9022
-9010
-9006
-8998
-8994
-8986
-8976
-8970
-8956
-8950
-8944
-8936
-8926
-8920
-8920
-8906
-8900
-8902
-8902
-8892
-8890
-8890
-8880
-8884
-8884
-8872
-8868
-8860
-8848
-8840
-8828
-8818
-8818
-8810
-8804
-8804
-8798
-8790
-8784
-8778
-8780
-8782
-8782
-8776
-8776
-8774
-8760
-8752
-8752
-8752
-8750
-8742
-8740
-8724
-8722
-8718
-8704
-8700
-8696
-8690
-8686
-8682
-8682
-8670
-8668
-8658
-8652
-8640
-8630
-8620
-8620
-8612
-8612
-8600
-8610
-8604
-8594
-8594
-8594
-8594
-8584
-8580
-8566
-8562
-8562
-8558
-8550
-8544
-8552
-8548
-8540
-8536
-8524
-8514
-8522
-8512
-8512
-8508
-8510
-8506
-8506
-8498
-8490
-8488
-8488
-8478
-8478
-8478
-8478
-8470
-8462
-8464
-8464
-8456
-8448
-8442
-8440
-8440
-8440
-8434
-8434
-8430
-8426
-8420
-8410
-8408
-8400
-8382
-8372
-8370
-8370
-8366
-8358
-8358
-8346
-8346
-8336
-8322
-8310
-8308
-8298
-8294
-8294
-8288
-8284
-8284
-8284
-8284
-8274
-8264
-8260
-8252
-8258
-8244
-8238
-8234
-8234
-8234
-8228
-8220
-8218
-8216
-8212
-8212
-8200
-8192
-8178
-8170
-8166
-8160
-8152
-8144
-8138
-8130
-8130
-8130
-8130
-8130
-8124
-8116
-8114
-8110
-8106
-8100
-8088
-8080
-8072
-8072
-8072
-8072
-8068
-8064
-8060
-8060
-8056
-8050
-8048
-8038
-8042
-8032
-8028
-8026
-8032
-8020
-8020
-8022
-8022
-8020
-8008
-7998
-7996
-7996
-7984
-7976
-7966
-7954
-7948
-7950
-7938
-7930
-7920
-7920
-7920
-7914
-7914
-7910
-7904
-7898
-7886
-7886
-7886
-7884
-7874
-7872
-7862
-7858
-7850
-7840
-7828
-7830
-7830
-7824
-7812
-7806
-7790
-7784
-7782
-7770
-7764
-7758
-7752
-7744
-7738
-7730
-7730
-7728
-7728
-7718
-7718
-7722
-7718
-7718
-7718
-7716
-7710
-7716
-7704
-7698
-7692
-7688
-7678
-7664
-7664
-7660
-7642
-7640
-7634
-7634
-7622
-7612
-7602
-7590
-7596
-7592
-7592
-7592
-7592
-7580
-7568
-7568
-7558
-7558
-7552
-7544
-7536
-7528
-7528
-7528
-7514
-7514
-7508
-7506
-7496
-7494
-7486
-7478
-7472
-7460
-7460
-7452
-7452
-7440
-7434
-7436
-7434
-7426
-7418
-7406
-7398
-7396
-7388
-7388
-7392
-7378
-7366
-7366
-7366
-7364
-7354
-7342
-7336
-7336
-7330
-7326
-7324
-7316
-7310
-7310
-7302
-7302
-7294
-7290
-7288
-7276
-7270
-7270
-7266
-7268
-7268
-7256
-7254
-7246
-7240
-7234
-7234
-7230
-7238
-7236
-7224
-7226
-7216
-7202
-7194
-7192
-7192
-7190
-7190
-7188
-7176
-7176
-7166
-7160
-7156
-7154
-7146
-7146
-7148
-7150
-7146
-7140
-7140
-7130
-7130
-7130
-7120
-7120
-7116
-7112
-7120
-7120
-7120
-7102
-7100
-7088
-7076
-7078
-7074
-7070
-7068
-7058
-7066
-7064
-7066
-7066
-7066
-7062
-7060
-7052
-7052
-7046
-7040
-7044
-7040
-7028
-7018
-7022
-7012
-7008
-7000
-6988
-6980
-6980
-6972
-6972
-6962
-6960
-6960
-6960
-6950
-6944
-6942
-6942
-6942
-6934
-6932
-6930
-6920
-6916
-6904
-6904
-6900
-6896
-6884
-6878
-6874
-6870
-6876
-6864
-6854
-6844
-6836
-6832
-6830
-6828
-6828
-6830
-6830
-6826
-6822
-6812
-6804
-6794
-6794
-6786
-6778
-6768
-6762
-6760
-6754
-6754
-6746
-6748
-6740
-6734
-6730
-6732
-6726
-6712
-6710
-6704
-6698
-6694
-6686
-6680
-6682
-6682
-6680
-6662
-6664
-6654
-6656
-6656
-6654
-6648
-6636
-6622
-6622
-6622
-6608
-6612
-6606
-6598
-6598
-6596
-6596
-6604
-6596
-6602
-6602
-6602
-6596
-6594
-6588
-6586
-6582
-6574
-6570
-6564
-6552
-6546
-6546
-6544
-6538
-6534
-6530
-6526
-6518
-6512
-6514
-6504
-6496
-6500
-6492
-6498
-6500
-6500
-6494
-6482
-6474
-6472
-6472
-6464
-6460
-6464
-6452
-6452
-6456
-6454
-6454
-6452
-6440
-6432
-6424
-6416
-6416
-6406
-6406
-6396
-6396
-6388
-6392
-6400
-6392
-6384
-6378
-6378
-6382
-6382
-6368
-6368
-6368
-6358
-6348
-6348
-6336
-6336
-6328
-6328
-6320
-6310
-6302
-6302
-6294
-6282
-6282
-6270
-6266
-6264
-6264
-6268
-6262
-6252
-6242
-6246
-6238
-6230
-6222
-6216
-6214
-6214
-6208
-6196
-6188
-6192
-6182
-6176
-6168
-6160
-6148
-6156
-6158
-6150
-6144
-6140
-6140
-6138
-6134
-6132
-6132
-6130
-6118
-6114
-6104
-6092
-6088
-6082
-6080
-6082
-6074
-6074
-6074
-6076
-6076
-6068
-6076
-6074
-6068
-6058
-6050
-6038
-6028
-6020
-6020
-6020
-6022
-6026
-6024
-6024
-6020
-6014
-6012
-6008
-5998
-5994
-6002
-5988
-5988
-5982
-5982
-5980
-5970
-5970
-5968
-5972
-5972
-5974
-5968
-5960
-5950
-5946
-5950
-5954
-5948
-5946
-5956
-5958
-5958
-5954
-5946
-5938
-5934
-5920
-5918
-5918
-5916
-5916
-5906
-5904
-5904
-5904
-5892
-5888
-5888
-5888
-5880
-5880
-5882
-5878
-5874
-5872
-5862
-5858
-5850
-5844
-5842
-5842
-5838
-5832
-5826
-5826
-5826
-5826
-5822
-5810
-5802
-5806
-5800
-5786
-5782
-5778
-5778
-5778
-5774
-5774
-5762
-5760
-5760
-5754
-5748
-5748
-5742
-5736
-5724
-5716
-5708
-5708
-5708
-5708
-5700
-5700
-5696
-5694
-5684
-5684
-5678
-5670
-5676
-5686
-5674
-5668
-5666
-5662
-5658
-5650
-5644
-5634
-5626
-5620
-5614
-5616
-5606
-5600
-5598
-5592
-5592
-5592
-5592
-5590
-5586
-5580
-5576
-5574
-5566
-5570
-5562
-5558
-5556
-5560
-5560
-5558
-5556
-5548
-5548
-5548
-5546
-5536
-5528
-5528
-5528
-5528
-5518
-5512
-5514
-5514
-5510
-5502
-5494
-5494
-5490
-5486
-5480
-5482
-5476
-5476
-5478
-5476
-5468
-5464
-5462
-5456
-5446
-5434
-5430
-5420
-5406
-5406
-5408
-5408
-5400
-5394
-5396
-5386
-5386
-5382
-5376
-5362
-5354
-5350
-5348
-5346
-5338
-5332
-5332
-5326
-5320
-5320
-5312
-5306
-5310
-5300
-5286
-5274
-5260
-5260
-5262
-5262
-5250
-5240
-5234
-5236
-5234
-5226
-5230
-5220
-5216
-5216
-5212
-5212
-5212
-5202
-5200
-5200
-5202
-5190
-5186
-5186
-5186
-5184
-5180
-5180
-5176
-5176
-5172
-5168
-5168
-5170
-5170
-5170
-5164
-5160
-5170
-5160
-5164
-5164
-5164
-5156
-5154
-5144
-5146
-5140
-5132
-5130
-5130
-5122
-5122
-5112
-5110
-5110
-5118
-5114
-5104
-5108
-5100
-5090
-5090
-5086
-5086
-5086
-5086
-5082
-5078
-5082
-5072
-5072
-5072
-5062
-5062
-5058
-5058
-5056
-5054
-5058
-5052
-5054
-5044
-5038
-5032
-5026
-5022
-5024
-5024
-5012
-4996
-4992
-4980
-4980
-4976
-4974
-4960
-4958
-4954
-4950
-4950
-4950
-4950
-4942
-4940
-4934
-4926
-4928
-4916
-4908
-4906
-4904
-4896
-4890
-4886
-4886
-4886
-4886
-4886
-4872
-4866
-4856
-4860
-4868
-4880
-4878
-4878
-4874
-4878
-4870
-4870
-4868
-4866
-4872
-4872
-4872
-4866
-4858
-4860
-4872
-4862
-4852
-4846
-4846
-4842
-4834
-4826
-4822
-4826
-4830
-4818
-4812
-4812
-4820
-4822
-4818
-4822
-4822
-4822
-4830
-4816
-4812
-4800
-4794
-4786
-4788
-4786
-4786
-4792
-4792
-4788
-4784
-4778
-4772
-4770
-4776
-4772
-4768
-4762
-4752
-4752
-4744
-4738
-4730
-4732
-4732
-4734
-4726
-4722
-4716
-4704
-4706
-4698
-4698
-4688
-4684
-4676
-4670
-4666
-4662
-4672
-4672
-4670
-4658
-4650
-4652
-4644
-4652
-4640
-4640
-4642
-4642
-4636
-4628
-4622
-4622
-4618
-4612
-4624
-4618
-4618
-4620
-4616
-4610
-4620
-4620
-4608
-4608
-4608
-4606
-4604
-4600
-4598
-4588
-4582
-4580
-4570
-4560
-4568
-4576
-4572
-4566
-4562
-4564
-4552
-4554
-4550
-4548
-4548
-4538
-4548
-4548
-4548
-4550
-4550
-4536
-4524
-4526
-4526
-4526
-4522
-4518
-4516
-4510
-4512
-4510
-4504
-4508
-4494
-4494
-4494
-4494
-4494
-4490
-4482
-4484
-4480
-4480
-4480
-4468
-4468
-4476
-4466
-4456
-4454
-4444
-4446
-4452
-4454
-4448
-4444
-4440
-4440
-4440
-4442
-4436
-4432
-4434
-4424
-4418
-4410
-4406
-4404
-4402
-4406
-4394
-4388
-4390
-4390
-4378
-4378
-4386
-4376
-4374
-4372
-4360
-4360
-4356
-4346
-4346
-4342
-4342
-4342
-4336
-4330
-4336
-4336
-4332
-4334
-4332
-4340
-4340
-4340
-4344
-4332
-4322
-4312
-4302
-4296
-4286
-4284
-4280
-4268
-4270
-4272
-4272
-4272
-4272
-4272
-4262
-4268
-4268
-4266
-4258
-4250
-4248
-4252
-4252
-4252
-4252
-4252
-4244
-4238
-4228
-4230
-4224
-4222
-4222
-4222
-4210
-4208
-4206
-4198
-4200
-4192
-4192
-4192
-4182
-4180
-4186
-4176
-4174
-4168
-4168
-4162
-4164
-4152
-4142
-4148
-4146
-4146
-4134
-4128
-4118
-4118
-4118
-4108
-4108
-4110
-4110
-4104
-4100
-4104
-4104
-4096
-4088
-4080
-4074
-4062
-4062
-4060
-4058
-4048
-4034
-4030
-4016
-4010
-4006
-4006
-4006
-3994
-3996
-3994
-3996
-3992
-3998
-3988
-3980
-3976
-3968
-3964
-3966
-3962
-3962
-3962
-3962
-3958
-3958
-3946
-3940
-3938
-3938
-3936
-3928
-3924
-3924
-3924
-3928
-3928
-3928
-3918
-3914
-3910
-3908
-3904
-3902
-3902
-3902
-3902
-3902
-3906
-3908
-3908
-3902
-3914
-3918
-3920
-3914
-3904
-3906
-3906
-3898
-3898
-3888
-3888
-3888
-3876
-3872
-3862
-3858
-3858
-3858
-3854
-3852
-3856
-3860
-3858
-3852
-3852
-3852
-3848
-3840
-3846
-3850
-3840
-3830
-3822
-3820
-3816
-3816
-3812
-3802
-3806
-3796
-3784
-3768
-3768
-3766
-3760
-3760
-3760
-3760
-3760
-3752
-3748
-3756
-3754
-3762
-3764
-3760
-3762
-3762
-3762
-3762
-3760
-3756
-3756
-3750
-3750
-3750
-3750
-3742
-3740
-3734
-3726
-3722
-3712
-3708
-3708
-3708
-3702
-3702
-3702
-3706
-3710
-3710
-3708
-3706
-3700
-3700
-3704
-3704
-3700
-3694
-3690
-3678
-3672
-3672
-3666
-3676
-3678
-3684
-3680
-3678
-3678
-3678
-3676
-3666
-3658
-3658
-3652
-3652
-3650
-3654
-3652
-3642
-3642
-3642
-3646
-3642
-3634
-3634
-3640
-3638
-3638
-3640
-3642
-3650
-3656
-3656
-3650
-3650
-3642
-3642
-3648
-3654
-3652
-3650
-3656
-3654
-3652
-3648
-3648
-3652
-3652
-3652
-3652
-3656
-3658
-3662
-3652
-3650
-3642
-3636
-3640
-3636
-3636
-3638
-3628
-3626
-3622
-3612
-3606
-3606
-3606
-3602
-3602
-3594
-3592
-3592
-3592
-3586
-3578
-3584
-3588
-3590
-3582
-3572
-3564
-3564
-3554
-3546
-3532
-3522
-3528
-3514
-3506
-3508
-3510
-3504
-3496
-3488
-3490
-3486
-3490
-3482
-3482
-3482
-3476
-3472
-3474
-3474
-3468
-3462
-3464
-3460
-3462
-3464
-3462
-3460
-3464
-3470
-3474
-3468
-3468
-3474
-3466
-3466
-3466
-3464
-3464
-3462
-3462
-3462
-3466
-3466
-3466
-3462
-3460
-3456
-3460
-3456
-3450
-3450
-3450
-3452
-3440
-3432
-3430
-3430
-3438
-3432
-3424
-3420
-3410
-3410
-3410
-3410
-3402
-3394
-3400
-3402
-3406
-3406
-3404
-3408
-3416
-3414
-3402
-3402
-3402
-3402
-3398
-3392
-3384
-3386
-3380
-3372
-3372
-3368
-3366
-3366
-3364
-3370
-3370
-3368
-3360
-3358
-3358
-3358
-3358
-3362
-3362
-3358
-3348
-3344
-3344
-3344
-3340
-3330
-3330
-3320
-3320
-3320
-3324
-3324
-3324
-3322
-3328
-3316
-3316
-3308
-3306
-3302
-3298
-3298
-3288
-3280
-3280
-3278
-3276
-3276
-3272
-3268
-3262
-3256
-3254
-3248
-3244
-3240
-3228
-3222
-3224
-3212
-3198
-3192
-3192
-3206
-3206
-3202
-3192
-3186
-3180
-3188
-3190
-3190
-3186
-3176
-3172
-3160
-3156
-3158
-3160
-3154
-3148
-3142
-3136
-3134
-3132
-3132
-3118
-3118
-3104
-3096
-3094
-3084
-3066
-3066
-3056
-3054
-3042
-3040
-3038
-3038
-3026
-3032
-3032
-3026
-3026
-3026
-3026
-3022
-3014
-3014
-3006
-3012
-3006
-3000
-3000
-2990
-2980
-2974
-2970
-2964
-2958
-2956
-2950
-2956
-2952
-2952
-2952
-2954
-2962
-2958
-2952
-2950
-2946
-2956
-2948
-2946
-2934
-2934
-2942
-2944
-2942
-2940
-2928
-2928
-2928
-2934
-2930
-2928
-2924
-2916
-2910
-2914
-2928
-2922
-2914
-2900
-2896
-2892
-2892
-2892
-2892
-2898
-2898
-2898
-2908
-2918
-2918
-2912
-2912
-2906
-2894
-2894
-2896
-2886
-2882
-2870
-2870
-2868
-2868
-2862
-2866
-2870
-2876
-2876
-2876
-2872
-2868
-2868
-2868
-2874
-2874
-2882
-2882
-2888
-2894
-2894
-2892
-2888
-2896
-2898
-2894
-2894
-2894
-2894
-2888
-2882
-2882
-2886
-2880
-2874
-2868
-2878
-2868
-2860
-2850
-2858
-2858
-2856
-2850
-2850
-2838
-2830
-2830
-2822
-2818
-2814
-2818
-2822
-2822
-2814
-2810
-2810
-2800
-2788
-2788
-2784
-2776
-2772
-2772
-2768
-2760
-2754
-2750
-2742
-2732
-2736
-2738
-2734
-2734
-2734
-2732
-2738
-2738
-2744
-2742
-2738
-2734
-2734
-2738
-2738
-2738
-2746
-2748
-2738
-2736
-2730
-2730
-2724
-2728
-2720
-2720
-2722
-2714
-2714
-2718
-2718
-2712
-2716
-2716
-2702
-2708
-2696
-2686
-2686
-2676
-2672
-2668
-2662
-2666
-2666
-2664
-2658
-2652
-2652
-2648
-2650
-2640
-2638
-2638
-2642
-2642
-2632
-2632
-2632
-2638
-2634
-2632
-2638
-2628
-2626
-2622
-2622
-2618
-2618
-2614
-2614
-2620
-2622
-2622
-2618
-2620
-2612
-2606
-2600
-2588
-2588
-2588
-2588
-2578
-2576
-2574
-2568
-2576
-2574
-2576
-2570
-2566
-2564
-2566
-2556
-2554
-2552
-2552
-2552
-2540
-2534
-2534
-2534
-2534
-2532
-2532
-2528
-2528
-2532
-2524
-2524
-2522
-2520
-2520
-2520
-2520
-2508
-2502
-2502
-2510
-2508
-2508
-2494
-2494
-2496
-2496
-2486
-2480
-2474
-2476
-2472
-2468
-2468
-2466
-2460
-2456
-2454
-2452
-2450
-2448
-2456
-2460
-2454
-2448
-2448
-2448
-2448
-2452
-2442
-2444
-2440
-2442
-2434
-2440
-2440
-2442
-2436
-2434
-2438
-2432
-2434
-2438
-2434
-2448
-2448
-2448
-2448
-2450
-2444
-2446
-2446
-2440
-2430
-2426
-2426
-2422
-2422
-2418
-2410
-2410
-2408
-2412
-2404
-2406
-2398
-2398
-2386
-2386
-2380
-2380
-2380
-2382
-2382
-2380
-2374
-2372
-2364
-2368
-2366
-2360
-2352
-2366
-2362
-2362
-2362
-2366
-2376
-2370
-2368
-2376
-2376
-2368
-2360
-2358
-2358
-2368
-2362
-2358
-2350
-2350
-2340
-2338
-2348
-2356
-2364
-2354
-2360
-2368
-2368
-2364
-2368
-2366
-2368
-2368
-2362
-2362
-2354
-2354
-2354
-2360
-2358
-2356
-2354
-2358
-2350
-2350
-2348
-2344
-2336
-2340
-2338
-2332
-2316
-2308
-2310
-2310
-2310
-2310
-2312
-2316
-2312
-2304
-2304
-2304
-2304
-2304
-2304
-2298
-2306
-2306
-2306
-2306
-2304
-2292
-2294
-2292
-2300
-2304
-2290
-2290
-2288
-2282
-2278
-2282
-2282
-2280
-2282
-2278
-2274
-2268
-2272
-2260
-2262
-2262
-2262
-2260
-2254
-2254
-2256
-2256
-2250
-2248
-2242
-2244
-2238
-2224
-2214
-2216
-2216
-2216
-2214
-2218
-2232
-2236
-2234
-2234
-2238
-2236
-2234
-2238
-2238
-2236
-2230
-2232
-2226
-2220
-2212
-2212
-2202
-2208
-2202
-2202
-2200
-2196
-2192
-2202
-2196
-2192
-2200
-2196
-2188
-2180
-2172
-2166
-2160
-2160
-2156
-2144
-2150
-2150
-2140
-2136
-2140
-2132
-2122
-2122
-2120
-2120
-2114
-2116
-2110
-2118
-2118
-2118
-2106
-2098
-2090
-2094
-2092
-2076
-2078
-2078
-2078
-2070
-2070
-2060
-2062
-2050
-2050
-2040
-2034
-2034
-2034
-2024
-2014
-2006
-2006
-2006
-2006
-1994
-1990
-1986
-1976
-1966
-1972
-1976
-1974
-1964
-1958
-1952
-1948
-1952
-1952
-1960
-1956
-1954
-1952
-1950
-1950
-1950
-1952
-1962
-1964
-1974
-1972
-1978
-1970
-1970
-1980
-1980
-1984
-1980
-1974
-1974
-1966
-1956
-1956
-1948
-1954
-1954
-1948
-1944
-1940
-1942
-1942
-1946
-1944
-1936
-1942
-1942
-1942
-1948
-1946
-1946
-1950
-1942
-1930
-1934
-1940
-1934
-1936
-1936
-1938
-1942
-1944
-1942
-1942
-1934
-1942
-1944
-1946
-1946
-1946
-1940
-1940
-1942
-1950
-1960
-1966
-1968
-1964
-1966
-1958
-1958
-1968
-1968
-1968
-1968
-1968
-1978
-1978
-1972
-1980
-1982
-1974
-1970
-1966
-1966
-1966
-1966
-1968
-1966
-1952
-1952
-1942
-1942
-1938
-1934
-1934
-1928
-1928
-1928
-1924
-1922
-1922
-1914
-1918
-1918
-1924
-1920
-1916
-1912
-1914
-1914
-1912
-1912
-1920
-1912
-1912
-1900
-1892
-1892
-1896
-1896
-1898
-1896
-1898
-1890
-1890
-1890
-1882
-1876
-1880
-1870
-1862
-1864
-1862
-1852
-1852
-1854
-1840
-1842
-1834
-1828
-1826
-1820
-1820
-1820
-1810
-1810
-1804
-1792
-1776
-1776
-1776
-1776
-1780
-1780
-1774
-1768
-1768
-1762
-1762
-1754
-1754
-1748
-1748
-1748
-1746
-1756
-1760
-1760
-1758
-1758
-1748
-1750
-1748
-1740
-1744
-1746
-1736
-1736
-1740
-1726
-1714
-1718
-1718
-1718
-1720
-1720
-1720
-1716
-1710
-1704
-1704
-1688
-1688
-1688
-1684
-1682
-1682
-1680
-1668
-1662
-1656
-1656
-1640
-1640
-1650
-1644
-1644
-1644
-1644
-1644
-1638
-1640
-1640
-1640
-1642
-1642
-1636
-1636
-1636
-1640
-1640
-1640
-1642
-1638
-1632
-1626
-1628
-1628
-1636
-1650
-1660
-1648
-1648
-1640
-1638
-1632
-1628
-1628
-1620
-1620
-1630
-1630
-1622
-1622
-1624
-1624
-1620
-1620
-1620
-1618
-1612
-1616
-1614
-1618
-1616
-1628
-1618
-1620
-1612
-1608
-1610
-1610
-1610
-1598
-1586
-1578
-1568
-1562
-1560
-1560
-1564
-1564
-1554
-1546
-1548
-1548
-1546
-1546
-1546
-1558
-1554
-1556
-1562
-1562
-1562
-1562
-1562
-1566
-1566
-1566
-1566
-1570
-1570
-1574
-1574
-1574
-1574
-1574
-1578
-1578
-1578
-1574
-1574
-1584
-1580
-1586
-1590
-1584
-1576
-1578
-1570
-1566
-1568
-1568
-1570
-1566
-1566
-1566
-1570
-1574
-1576
-1578
-1578
-1574
-1576
-1572
-1568
-1572
-1574
-1570
-1566
-1558
-1554
-1554
-1554
-1554
-1548
-1552
-1542
-1532
-1532
-1532
-1542
-1542
-1544
-1548
-1556
-1548
-1548
-1538
-1534
-1534
-1528
-1524
-1522
-1514
-1514
-1502
-1512
-1512
-1512
-1512
-1502
-1496
-1500
-1490
-1500
-1504
-1504
-1502
-1504
-1506
-1506
-1506
-1504
-1504
-1506
-1508
-1502
-1506
-1508
-1508
-1508
-1506
-1506
-1500
-1486
-1488
-1488
-1490
-1490
-1482
-1478
-1478
-1478
-1484
-1478
-1478
-1480
-1474
-1474
-1464
-1460
-1450
-1446
-1446
-1436
-1434
-1440
-1448
-1448
-1452
-1446
-1446
-1444
-1438
-1442
-1444
-1440
-1442
-1438
-1428
-1428
-1430
-1430
-1430
-1430
-1434
-1428
-1420
-1420
-1420
-1422
-1424
-1424
-1420
-1422
-1422
-1426
-1420
-1416
-1420
-1420
-1412
-1404
-1398
-1400
-1408
-1418
-1412
-1394
-1394
-1392
-1386
-1384
-1386
-1386
-1376
-1372
-1370
-1376
-1380
-1378
-1374
-1370
-1362
-1364
-1352
-1360
-1366
-1366
-1360
-1362
-1362
-1366
-1366
-1352
-1344
-1346
-1346
-1350
-1350
-1356
-1356
-1348
-1348
-1348
-1348
-1352
-1348
-1350
-1338
-1338
-1342
-1342
-1344
-1344
-1352
-1350
-1344
-1344
-1344
-1342
-1342
-1346
-1348
-1348
-1348
-1344
-1346
-1348
-1342
-1348
-1348
-1352
-1356
-1360
-1368
-1364
-1362
-1364
-1376
-1374
-1372
-1374
-1376
-1374
-1376
-1376
-1374
-1366
-1356
-1350
-1350
-1346
-1346
-1346
-1348
-1350
-1348
-1346
-1344
-1338
-1326
-1320
-1330
-1332
-1324
-1318
-1320
-1328
-1316
-1316
-1308
-1300
-1300
-1300
-1300
-1300
-1292
-1290
-1288
-1282
-1284
-1284
-1278
-1276
-1276
-1276
-1278
-1278
-1282
-1276
-1276
-1270
-1266
-1264
-1264
-1264
-1262
-1252
-1252
-1246
-1246
-1252
-1248
-1238
-1238
-1236
-1234
-1238
-1234
-1234
-1242
-1238
-1240
-1240
-1236
-1230
-1234
-1238
-1232
-1232
-1232
-1234
-1234
-1232
-1232
-1246
-1250
-1238
-1232
-1230
-1226
-1224
-1226
-1226
-1226
-1218
-1218
-1210
-1210
-1210
-1206
-1200
-1196
-1196
-1188
-1190
-1192
-1200
-1196
-1196
-1204
-1198
-1192
-1196
-1196
-1206
-1204
-1200
-1206
-1214
-1222
-1218
-1208
-1210
-1216
-1228
-1222
-1224
-1226
-1226
-1224
-1226
-1222
-1212
-1214
-1208
-1208
-1206
-1206
-1198
-1206
-1206
-1206
-1204
-1198
-1208
-1204
-1210
-1210
-1212
-1212
-1212
-1208
-1212
-1212
-1202
-1200
-1198
-1200
-1194
-1192
-1204
-1202
-1204
-1198
-1194
-1190
-1196
-1192
-1184
-1184
-1184
-1186
-1176
-1182
-1186
-1188
-1180
-1180
-1184
-1184
-1184
-1194
-1192
-1178
-1178
-1176
-1176
-1184
-1186
-1186
-1180
-1180
-1186
-1186
-1184
-1178
-1192
-1194
-1194
-1194
-1184
-1178
-1178
-1170
-1170
-1172
-1176
-1170
-1172
-1182
-1182
-1194
-1194
-1196
-1190
-1186
-1200
-1210
-1214
-1206
-1206
-1206
-1214
-1214
-1206
-1206
-1208
-1204
-1192
-1188
-1178
-1178
-1190
-1190
-1190
-1190
-1180
-1180
-1176
-1176
-1180
-1172
-1178
-1176
-1172
-1172
-1172
-1168
-1158
-1152
-1152
-1166
-1164
-1164
-1164
-1160
-1166
-1160
-1158
-1144
-1136
-1136
-1136
-1126
-1126
-1118
-1108
-1104
-1094
-1088
-1088
-1096
-1092
-1092
-1092
-1096
-1096
-1100
-1098
-1090
-1090
-1092
-1096
-1098
-1092
-1084
-1076
-1066
-1068
-1076
-1070
-1074
-1066
-1056
-1054
-1056
-1052
-1052
-1052
-1048
-1042
-1042
-1040
-1032
-1028
-1018
-1018
-1018
-1016
-1016
-1006
-998
-992
-998
-990
-994
-1004
-1004
-1004
-1004
-1000
-990
-988
-990
-996
-994
-994
-994
-1000
-998
-998
-994
-990
-990
-982
-986
-988
-978
-978
-978
-978
-982
-982
-982
-984
-984
-988
-994
-1000
-1004
-1010
-1012
-1012
-1004
-1008
-1010
-1010
-1006
-1002
-990
-984
-984
-988
-980
-978
-974
-968
-972
-970
-974
-972
-970
-970
-968
-970
-956
-952
-956
-952
-958
-968
-966
-966
-966
-976
-968
-968
-976
-976
-976
-972
-968
-964
-950
-946
-950
-950
-950
-948
-952
-952
-944
-942
-942
-944
-944
-954
-942
-940
-940
-946
-938
-936
-936
-936
-936
-936
-936
-934
-940
-934
-934
-944
-938
-940
-938
-948
-948
-946
-946
-950
-954
-954
-954
-956
-954
-948
-956
-956
-964
-964
-966
-956
-956
-956
-966
-966
-966
-962
-968
-964
-960
-956
-958
-960
-950
-944
-936
-940
-942
-942
-942
-944
-950
-950
-946
-948
-954
-964
-968
-974
-968
-966
-960
-960
-964
-958
-958
-966
-966
-966
-966
-968
-956
-956
-962
-950
-946
-946
-948
-956
-948
-946
-946
-950
-938
-934
-932
-930
-934
-930
-928
-928
-932
-928
-926
-926
-938
-938
-934
-940
-936
-932
-942
-940
-928
-922
-926
-932
-932
-932
-938
-938
-938
-946
-948
-950
-962
-962
-960
-960
-956
-956
-954
-954
-956
-956
-948
-950
-946
-942
-942
-932
-940
-942
-942
-934
-934
-934
-938
-936
-928
-930
-934
-942
-942
-946
-946
-952
-952
-948
-942
-944
-944
-940
-932
-934
-934
-930
-926
-924
-918
-918
-914
-922
-918
-908
-912
-912
-902
-906
-906
-910
-910
-906
-906
-900
-898
-900
-896
-896
-898
-894
-890
-894
-892
-896
-896
-888
-888
-886
-878
-882
-870
-880
-884
-882
-878
-878
-878
-876
-880
-870
-864
-860
-860
-862
-860
-860
-868
-864
-876
-876
-880
-880
-880
-880
-876
-872
-872
-876
-876
-876
-874
-870
-866
-866
-860
-860
-864
-848
-846
-852
-858
-850
-844
-846
-846
-848
-840
-830
-834
-842
-842
-846
-844
-838
-826
-828
-828
-834
-830
-826
-818
-818
-812
-812
-820
-824
-824
-826
-820
-818
-818
-816
-810
-806
-804
-802
-796
-782
-788
-788
-780
-776
-772
-772
-772
-774
-772
-768
-768
-774
-774
-774
-778
-778
-784
-774
-776
-770
-774
-778
-776
-772
-780
-772
-772
-766
-764
-764
-756
-754
-742
-734
-734
-722
-714
-712
-706
-710
-722
-722
-716
-716
-716
-716
-720
-720
-708
-712
-712
-710
-714
-722
-730
-718
-724
-724
-728
-732
-722
-722
-718
-720
-720
-720
-720
-730
-728
-734
-736
-736
-734
-740
-742
-744
-738
-736
-726
-728
-728
-724
-728
-728
-730
-734
-736
-730
-732
-728
-728
-728
-726
-724
-724
-724
-718
-726
-728
-734
-738
-736
-736
-744
-748
-746
-746
-742
-740
-738
-740
-746
-746
-748
-758
-754
-766
-758
-754
-754
-752
-758
-750
-744
-750
-746
-750
-750
-744
-738
-732
-732
-740
-740
-736
-738
-738
-738
-738
-738
-740
-740
-750
-750
-746
-750
-752
-746
-746
-738
-728
-728
-722
-724
-730
-726
-730
-736
-736
-738
-732
-736
-728
-734
-726
-730
-722
-718
-716
-712
-714
-714
-714
-706
-710
-720
-722
-722
-724
-722
-722
-724
-722
-730
-726
-726
-726
-726
-728
-726
-730
-726
-722
-714
-716
-714
-710
-710
-708
-718
-716
-714
-718
-726
-722
-722
-722
-714
-706
-698
-694
-700
-700
-706
-706
-692
-694
-692
-694
-696
-692
-688
-680
-680
-678
-674
-666
-658
-662
-654
-642
-646
-646
-634
-628
-640
-642
-654
-648
-648
-646
-642
-634
-630
-632
-630
-632
-642
-640
-640
-636
-636
-632
-630
-636
-636
-636
-636
-636
-636
-632
-632
-632
-634
-634
-628
-632
-628
-628
-622
-618
-622
-618
-616
-616
-616
-612
-608
-600
-594
-588
-588
-588
-588
-590
-596
-594
-598
-592
-590
-590
-600
-600
-596
-596
-582
-576
-584
-584
-596
-596
-588
-582
-578
-578
-580
-582
-582
-586
-586
-590
-584
-580
-580
-580
-580
-580
-582
-582
-580
-576
-574
-570
-564
-568
-572
-576
-582
-576
-574
-582
-576
-572
-572
-562
-568
-574
-578
-578
-578
-572
-572
-582
-580
-580
-574
-568
-570
-578
-570
-566
-568
-576
-576
-574
-574
-566
-568
-568
-570
-562
-562
-570
-570
-570
-562
-558
-554
-554
-552
-546
-558
-554
-560
-560
-560
-560
-566
-566
-558
-562
-568
-568
-568
-568
-572
-574
-576
-586
-590
-598
-606
-606
-602
-600
-600
-598
-590
-594
-604
-594
-588
-584
-578
-584
-584
-586
-578
-578
-564
-556
-546
-548
-556
-552
-552
-552
-558
-554
-560
-560
-556
-558
-562
-556
-558
-554
-542
-542
-534
-540
-538
-530
-534
-538
-540
-552
-556
-554
-554
-554
-542
-542
-552
-554
-554
-552
-554
-556
-560
-562
-560
-564
-564
-560
-570
-570
-570
-570
-578
-576
-584
-576
-574
-572
-572
-566
-558
-558
-556
-554
-554
-560
-560
-558
-558
-562
-560
-560
-550
-550
-546
-554
-550
-550
-542
-542
-534
-542
-540
-540
-540
-528
-528
-522
-526
-522
-522
-518
-516
-518
-518
-526
-524
-532
-526
-520
-518
-522
-520
-524
-524
-522
-514
-514
-514
-522
-522
-522
-522
-524
-534
-540
-534
-538
-532
-532
-534
-534
-528
-522
-528
-526
-526
-524
-524
-522
-518
-518
-524
-520
-520
-520
-518
-518
-510
-510
-510
-510
-510
-514
-514
-524
-530
-530
-530
-534
-534
-536
-542
-534
-528
-534
-522
-524
-520
-520
-510
-500
-498
-502
-500
-498
-498
-504
-504
-492
-496
-500
-504
-504
-516
-518
-520
-528
-536
-530
-530
-526
-526
-514
-516
-528
-528
-528
-536
-536
-540
-534
-522
-524
-524
-518
-518
-516
-524
-520
-512
-512
-502
-502
-498
-500
-500
-492
-494
-496
-492
-486
-488
-490
-486
-486
-480
-478
-468
-474
-478
-478
-474
-478
-476
-476
-482
-486
-492
-484
-488
-488
-488
-486
-484
-474
-480
-480
-474
-468
-472
-472
-464
-464
-468
-460
-448
-444
-434
-436
-434
-432
-432
-432
-430
-440
-444
-444
-442
-432
-428
-422
-432
-430
-430
-438
-438
-438
-432
-438
-438
-438
-434
-434
-440
-444
-436
-436
-426
-426
-418
-410
-410
-408
-408
-404
-410
-410
-406
-406
-404
-402
-400
-406
-400
-402
-404
-404
-402
-398
-396
-398
-394
-394
-392
-394
-402
-396
-388
-378
-372
-372
-372
-378
-376
-374
-376
-376
-376
-374
-378
-374
-366
-354
-364
-356
-356
-358
-344
-354
-356
-366
-372
-366
-364
-356
-350
-348
-348
-356
-360
-362
-362
-362
-366
-368
-368
-374
-370
-370
-370
-370
-368
-368
-368
-366
-372
-378
-376
-376
-376
-380
-374
-374
-380
-386
-380
-376
-374
-376
-370
-370
-374
-378
-378
-390
-382
-372
-372
-376
-376
-372
-372
-378
-376
-370
-370
-374
-372
-372
-372
-378
-384
-384
-394
-392
-392
-386
-378
-386
-380
-378
-376
-366
-366
-366
-360
-354
-358
-358
-366
-364
-364
-364
-362
-360
-364
-370
-370
-360
-362
-362
-356
-356
-356
-356
-362
-372
-374
-382
-382
-378
-378
-376
-380
-376
-384
-386
-374
-384
-376
-372
-372
-372
-368
-378
-382
-384
-384
-386
-388
-396
-392
-392
-396
-392
-386
-384
-386
-380
-380
-376
-378
-382
-378
-370
-376
-372
-374
-372
-378
-378
-378
-374
-374
-374
-374
-368
-374
-382
-384
-376
-376
-384
-382
-386
-380
-372
-372
-376
-370
-380
-380
-380
-378
-378
-384
-386
-386
-398
-392
-390
-388
-398
-406
-406
-398
-400
-406
-408
-412
-416
-420
-418
-418
-408
-406
-408
-410
-412
-410
-410
-410
-408
-394
-404
-398
-398
-398
-396
-394
-380
-380
-380
-384
-386
-386
-390
-384
-390
-382
-378
-378
-380
-380
-380
-370
-374
-366
-366
-364
-356
-358
-348
-354
-350
-350
-348
-350
-352
-358
-358
-362
-360
-360
-360
-362
-358
-360
-362
-364
-370
-374
-382
-374
-364
-358
-358
-366
-366
-366
-364
-368
-374
-370
-366
-360
-360
-362
-366
-364
-366
-372
-372
-378
-370
-368
-368
-364
-368
-364
-360
-362
-354
-360
-364
-368
-372
-366
-374
-376
-376
-372
-364
-370
-372
-380
-380
-378
-378
-370
-370
-370
-370
-378
-374
-376
-376
-386
-384
-378
-384
-384
-390
-388
-380
-380
-388
-376
-370
-370
-372
-370
-372
-362
-364
-356
-360
-364
-362
-370
-370
-360
-358
-358
-358
-354
-348
-346
-356
-356
-356
-356
-348
-342
-338
-346
-344
-340
-340
-344
-344
-340
-342
-338
-342
-336
-334
-324
-324
-324
-324
-314
-304
-298
-304
-306
-310
-310
-314
-318
-322
-324
-324
-324
-324
-312
-312
-312
-312
-300
-296
-296
-292
-300
-306
-302
-306
-314
-300
-308
-312
-306
-306
-310
-308
-304
-298
-294
-294
-300
-288
-292
-294
-288
-290
-290
-290
-284
-276
-276
-278
-284
-282
-290
-294
-296
-300
-296
-296
-290
-290
-292
-292
-296
-296
-296
-294
-294
-294
-286
-290
-294
-288
-288
-286
-286
-282
-278
-276
-286
-286
-286
-286
-290
-296
-294
-290
-296
-288
-282
-282
-276
-270
-270
-260
-258
-268
-270
-270
-270
-268
-274
-268
-266
-272
-268
-268
-262
-256
-248
-250
-256
-248
-246
-244
-244
-246
-244
-246
-246
-246
-246
-250
-250
-248
-248
-254
-248
-248
-254
-252
-252
-256
-258
-258
-254
-256
-262
-264
-264
-260
-254
-254
-254
-256
-256
-250
-250
-250
-250
-260
-258
-268
-274
-266
-266
-266
-266
-262
-260
-268
-276
-266
-262
-260
-264
-268
-264
-276
-272
-272
-272
-274
-274
-280
-280
-280
-280
-274
-280
-274
-276
-272
-274
-276
-276
-266
-266
-268
-266
-264
-266
-272
-276
-276
-276
-274
-270
-268
-270
-270
-272
-272
-268
-268
-268
-272
-264
-262
-256
-252
-252
-252
-252
-252
-258
-258
-256
-260
-266
-266
-266
-266
-266
-262
-268
-266
-258
-256
-246
-250
-258
-262
-264
-260
-254
-258
-246
-246
-246
-250
-246
-246
-248
-242
-236
-232
-234
-230
-232
-232
-232
-226
-222
-216
-216
-218
-218
-218
-222
-232
-228
-228
-222
-226
-224
-224
-218
-222
-222
-214
-214
-216
-220
-220
-214
-212
-210
-212
-204
-208
-200
-200
-194
-198
-198
-208
-216
-222
-224
-224
-212
-208
-208
-212
-222
-224
-228
-232
-232
-232
-236
-240
-240
-232
-228
-220
-224
-224
-218
-218
-218
-224
-222
-222
-220
-214
-210
-210
-208
-208
-208
-218
-216
-214
-212
-208
-208
-206
-206
-208
-210
-208
-208
-214
-214
-210
-210
-210
-210
-208
-204
-210
-214
-218
-220
-214
-214
-210
-216
-216
-214
-214
-208
-210
-210
-220
-228
-228
-238
-244
-246
-246
-244
-236
-238
-242
-248
-250
-250
-246
-246
-248
-252
-260
-258
-258
-254
-256
-252
-244
-242
-236
-226
-224
-214
-214
-212
-212
-208
-208
-214
-228
-226
-232
-230
-230
-224
-224
-224
-224
-228
-226
-218
-218
-218
-214
-218
-218
-218
-218
-222
-222
-218
-224
-228
-228
-228
-220
-208
-202
-202
-200
-198
-202
-202
-200
-198
-194
-194
-184
-182
-178
-176
-178
-178
-180
-180
-186
-182
-184
-180
-172
-170
-170
-168
-168
-164
-160
-160
-162
-156
-154
-152
-150
-148
-154
-150
-150
-150
-148
-146
-148
-144
-134
-126
-124
-114
-110
-110
-102
-96
-96
-96
-100
-98
-108
-100
-102
-104
-104
-106
-100
-96
-96
-92
-82
-82
-80
-78
-70
-74
-70
-74
-74
-74
-80
-88
-88
-86
-82
-80
-76
-76
-72
-88
-88
-86
-82
-74
-78
-80
-76
-76
-76
-76
-72
-72
-62
-66
-72
-74
-74
-72
-72
-76
-74
-70
-68
-56
-56
-46
-46
-40
-40
-28
-30
-38
-42
-42
-34
-32
-32
-40
-36
-46
-52
-52
-50
-50
-54
-52
-62
-60
-62
-60
-60
-54
-58
-52
-54
-58
-58
-60
-60
-68
-68
-58
-58
-62
-68
-62
-52
-58
-50
-50
-44
-48
-48
-46
-42
-44
-44
-38
-36
-38
-44
-46
-48
-46
-52
-46
-38
-38
-28
-26
-32
-32
-34
-28
-28
-28
-20
-20
-20
-18
-16
-16
-16
-16
-12
-8
-6
-14
-14
-18
-8
-2
-2
6
0
2
10
8
-2
4
4
12
12
12
28
38
40
56
56
52
52
58
52
58
54
54
54
52
44
48
52
56
56
52
54
54
52
52
46
52
60
68
74
76
78
78
88
90
90
90
86
88
92
92
92
92
80
80
78
78
68
62
62
62
58
56
56
52
60
68
76
70
66
66
64
66
66
68
78
80
64
60
62
70
68
68
68
76
84
86
80
80
86
78
94
94
88
88
90
86
92
96
84
84
84
86
86
82
82
88
88
96
96
104
104
110
110
110
106
102
104
100
94
110
106
110
118
130
130
130
132
130
132
136
136
130
124
120
128
118
126
136
142
150
148
148
146
140
144
144
144
146
144
140
140
140
142
144
144
142
146
152
152
144
148
144
154
148
148
150
144
150
150
150
152
146
144
146
148
150
146
146
146
142
142
140
140
136
140
138
138
138
132
144
144
138
134
130
124
120
130
138
140
132
136
142
142
140
140
140
142
134
130
128
128
126
126
126
122
116
108
110
104
104
106
106
106
116
120
114
118
126
120
122
128
122
124
120
124
122
130
124
128
128
132
138
136
136
132
134
136
146
150
138
140
144
146
142
152
148
156
162
166
158
156
164
158
158
156
148
146
146
140
146
152
162
162
156
154
156
156
158
152
158
166
166
176
180
180
180
172
162
162
158
158
160
168
160
160
158
160
162
166
162
170
170
176
176
176
176
176
182
186
194
194
194
198
198
188
190
182
182
182
182
194
188
194
194
200
198
196
196
196
202
200
198
202
204
202
208
208
206
212
216
216
224
222
216
212
208
206
208
220
214
214
212
218
218
218
218
218
222
212
212
204
208
204
210
210
206
208
210
218
214
204
206
216
222
220
222
222
222
216
224
222
222
222
230
218
218
218
214
218
218
218
210
208
212
204
210
206
206
208
208
212
216
216
214
216
218
224
220
216
214
200
200
206
202
206
214
214
216
210
206
204
202
200
206
204
204
210
208
212
206
206
206
208
204
208
206
200
196
196
196
208
200
196
198
200
204
204
204
206
210
210
204
206
202
198
200
198
206
208
208
210
214
218
222
224
224
226
234
226
218
214
214
224
222
220
210
216
216
224
214
210
204
202
198
204
196
190
192
198
196
190
188
192
192
188
188
188
182
180
188
192
186
186
194
186
186
192
186
182
184
184
188
188
192
202
204
212
208
208
210
212
214
214
208
210
204
204
198
196
192
192
194
192
188
192
200
194
206
206
206
206
208
208
212
212
206
198
198
202
194
204
200
192
202
190
186
186
186
188
186
194
194
208
216
216
208
204
198
202
200
200
204
208
208
210
212
202
202
206
206
212
212
214
222
230
232
232
234
228
230
230
238
240
242
236
226
218
214
206
218
216
218
218
220
220
218
218
222
220
220
220
220
218
224
224
224
222
224
226
224
220
218
222
218
222
226
226
234
246
242
242
238
244
244
246
248
252
256
252
252
252
244
242
240
242
242
250
254
260
262
266
278
284
284
286
278
286
282
286
290
290
292
286
282
276
272
274
274
274
266
270
272
274
278
286
288
288
278
284
284
284
284
286
278
278
282
282
288
288
288
288
280
282
276
272
280
274
280
282
280
278
278
274
286
284
280
280
278
278
284
294
288
294
296
306
300
304
308
304
300
300
300
302
298
296
296
296
302
312
312
312
300
296
298
298
304
304
304
304
292
292
294
300
300
296
298
294
290
290
282
284
280
280
276
286
286
278
280
284
278
278
282
290
290
292
292
292
290
290
294
286
286
274
266
276
274
280
286
296
290
290
290
290
286
282
294
288
298
296
300
300
302
300
304
304
310
316
312
316
318
318
310
308
304
298
294
302
310
304
312
312
308
304
298
300
298
300
306
306
304
298
298
290
292
300
300
292
298
298
292
292
298
298
298
306
306
306
306
294
304
300
296
302
302
308
312
308
308
314
314
316
318
312
312
312
316
320
326
324
322
326
322
320
308
308
308
302
288
292
300
298
296
296
296
302
302
298
300
306
302
302
310
310
306
306
304
294
292
292
292
288
288
290
284
284
286
286
278
272
272
276
288
274
274
280
284
284
292
294
298
284
284
284
288
298
298
294
288
282
280
280
280
274
274
266
270
272
274
274
286
286
286
286
292
286
286
292
298
302
302
306
308
310
306
308
304
300
296
296
296
288
292
290
286
286
286
288
284
282
284
286
276
274
274
268
268
262
256
256
260
260
264
266
262
264
270
270
262
256
250
254
252
246
244
244
244
242
244
248
248
252
260
260
260
254
246
248
248
248
250
250
252
254
254
258
254
260
268
258
266
266
266
276
274
280
284
280
284
284
288
284
282
276
268
278
278
286
284
294
294
292
296
300
300
300
300
294
294
294
284
278
280
284
286
288
280
280
276
280
282
284
286
290
288
296
296
302
308
304
306
296
298
292
308
316
316
316
314
314
324
328
324
322
332
332
336
334
338
340
338
334
340
348
344
348
346
336
336
342
336
334
340
340
340
328
330
324
328
336
338
336
344
346
348
348
348
344
350
358
362
366
374
370
370
376
376
374
372
374
374
374
366
374
374
382
384
386
396
398
404
404
402
406
406
406
410
408
400
408
408
408
404
410
406
410
406
400
392
390
394
394
402
396
396
396
400
414
418
414
412
406
418
428
428
424
428
426
428
420
422
420
418
426
426
426
426
426
428
428
416
420
420
424
430
424
426
424
432
430
434
436
436
426
432
428
416
424
428
418
426
426
428
434
444
448
452
450
450
450
450
452
462
454
448
458
466
452
458
452
450
450
462
458
466
464
472
472
472
474
474
476
478
474
474
476
484
484
482
482
482
482
492
496
486
486
486
476
482
482
486
482
496
496
500
490
496
496
504
508
508
500
494
494
494
488
488
494
502
496
502
512
514
514
516
522
526
526
526
538
534
532
528
528
532
526
522
526
528
540
532
546
532
548
548
548
540
538
546
546
546
546
544
542
542
550
554
558
558
558
558
568
568
574
572
584
590
596
596
600
596
586
594
594
588
588
590
590
588
588
576
570
576
580
574
572
578
576
576
572
564
556
562
564
570
560
564
564
566
568
574
574
572
572
572
570
570
564
560
560
570
570
574
586
586
584
588
588
586
598
598
606
606
608
608
602
604
606
606
606
606
596
592
586
584
584
596
596
594
590
580
588
588
582
584
578
578
572
566
568
566
564
560
554
550
552
550
548
560
556
554
554
558
552
548
548
558
554
556
560
566
562
558
552
552
554
550
550
558
566
562
558
558
564
564
562
548
544
538
538
548
560
560
554
554
550
550
558
568
568
558
566
566
564
566
572
574
574
572
560
560
560
552
560
556
556
550
550
550
542
546
536
548
548
548
554
554
556
556
560
560
566
566
564
554
552
552
552
552
544
550
550
548
550
552
548
540
542
542
546
546
534
530
522
516
516
520
526
522
524
516
524
522
524
532
532
536
534
540
540
534
532
532
536
538
536
536
532
530
530
530
524
526
526
522
516
512
516
512
504
506
506
506
506
506
500
508
508
508
516
518
526
532
532
532
532
536
522
522
512
512
512
516
518
516
522
522
532
528
530
534
530
516
516
520
516
504
502
506
502
506
498
498
488
488
492
482
470
466
472
468
466
466
460
460
460
452
450
448
448
462
462
456
458
462
460
454
458
458
458
466
462
462
464
464
470
468
464
472
472
474
472
478
474
468
470
466
472
474
480
478
478
486
490
488
486
486
486
494
496
486
488
488
480
484
490
486
484
492
492
492
496
488
488
488
496
496
508
504
504
506
514
514
516
504
514
516
508
506
508
508
506
506
508
508
500
500
502
502
506
510
506
506
512
518
528
526
526
516
522
518
516
508
508
500
506
506
506
510
510
514
514
514
514
518
508
500
508
502
506
506
506
514
514
514
514
518
522
518
520
520
516
506
512
518
518
504
514
504
506
506
500
500
498
500
500
492
482
478
480
486
498
498
508
504
504
498
508
508
504
506
508
506
508
516
522
514
524
524
526
532
532
534
536
540
538
538
546
542
544
540
534
534
538
540
536
546
546
546
546
544
544
540
548
556
562
562
562
554
560
564
564
560
548
546
550
550
560
560
556
560
564
560
558
552
550
540
540
534
534
534
522
518
514
512
504
506
504
496
494
496
496
500
500
496
494
496
504
510
516
520
526
530
528
524
518
522
522
514
522
520
510
504
512
512
524
528
528
522
520
520
524
542
542
542
546
544
542
536
544
550
550
558
558
558
562
560
570
570
572
572
570
570
576
572
580
580
586
584
596
596
600
596
592
600
608
610
610
604
616
620
620
626
626
626
626
626
626
626
626
628
628
626
624
636
630
632
630
630
628
630
632
630
628
628
630
630
636
636
634
634
638
640
628
632
628
636
638
640
640
638
634
638
638
638
638
626
632
624
618
618
626
630
632
628
620
618
618
620
622
622
622
620
618
618
624
626
614
610
614
624
624
628
630
628
628
626
626
634
632
632
632
632
632
628
642
646
650
654
656
648
650
650
656
662
656
656
652
660
652
650
650
650
650
650
654
654
654
658
658
658
660
660
660
650
650
650
642
640
640
640
640
648
652
652
654
664
664
670
674
674
672
672
670
670
662
656
656
662
656
644
654
652
648
642
642
652
646
642
640
640
642
648
648
644
644
648
652
652
662
662
652
650
648
648
644
636
636
648
648
652
640
644
646
646
648
658
670
674
672
674
680
680
680
680
694
702
700
700
700
702
700
702
702
706
704
702
706
706
706
708
710
710
714
714
714
712
706
706
710
720
720
724
720
716
724
724
718
720
714
718
726
730
740
736
738
740
742
748
748
756
766
766
766
764
762
762
770
764
764
770
766
766
766
766
762
774
786
778
784
778
786
778
778
776
776
770
762
758
768
768
774
778
784
782
784
790
790
778
784
784
792
788
792
794
788
792
792
792
790
788
792
792
792
792
794
786
786
776
780
774
772
766
766
756
756
764
766
766
770
766
760
760
762
754
746
748
738
738
726
728
740
744
748
746
746
738
738
730
722
716
716
726
722
716
716
706
706
704
704
700
706
704
702
698
698
684
684
676
678
670
670
668
672
668
662
662
662
662
660
666
674
674
672
672
676
676
688
686
688
688
686
684
684
684
684
682
680
678
678
682
680
686
692
694
688
694
698
690
690
692
692
694
692
690
696
688
702
706
698
692
688
688
678
678
680
680
686
686
674
666
666
652
654
658
662
666
672
672
668
668
664
656
644
638
650
658
658
658
658
658
646
646
644
642
646
658
652
656
656
656
662
664
664
666
668
668
668
660
656
656
664
664
668
662
656
656
656
656
662
666
668
664
664
664
672
672
672
672
674
680
678
678
678
682
692
698
694
702
710
710
714
714
718
714
714
716
716
710
704
708
708
716
712
716
716
724
726
728
730
730
730
736
750
752
754
752
752
752
750
752
752
746
748
740
730
730
730
730
730
730
720
722
718
724
726
728
732
736
736
728
732
742
748
752
748
750
744
730
726
726
726
726
716
708
716
710
712
712
718
718
718
718
714
716
720
718
724
726
726
720
720
716
718
710
706
706
712
712
714
720
718
728
732
732
734
732
728
728
736
736
744
744
738
726
728
732
730
734
730
738
738
738
746
744
740
744
742
740
738
742
742
744
748
748
748
744
742
738
742
742
740
730
734
736
728
738
738
746
740
734
736
732
728
728
728
730
734
728
726
728
722
726
722
724
730
738
738
746
750
752
752
756
754
760
754
770
770
770
770
766
764
766
768
768
772
772
770
766
776
764
768
768
762
762
774
776
776
776
776
776
780
780
772
770
768
774
774
770
770
770
772
764
762
762
764
766
752
744
738
736
734
734
724
720
722
722
730
724
732
732
724
726
732
738
738
740
746
746
754
760
756
752
752
752
746
744
746
746
746
752
750
750
742
742
742
744
738
752
752
750
748
744
744
742
740
740
738
730
736
740
746
750
750
756
756
752
752
752
752
754
748
746
738
732
