-10472
-10474
-10466
-10456
-10452
-10448
-10438
-10426
-10416
-10406
-10394
-10388
-10386
-10382
-10370
-10366
-10356
-10340
-10334
-10320
-10314
-10310
-10306
-10304
-10296
-10292
-10292
-10284
-10272
-10262
-10264
-10264
-10248
-10240
-10226
-10214
-10202
-10198
-10184
-10176
-10174
-10170
-10160
-10160
-10152
-10140
-10134
-10124
-10114
-10106
-10096
-10096
-10088
-10084
-10074
-10064
-10052
-10048
-10038
-10022
-10018
-10014
-10004
-10000
-9994
-9984
-9984
-9972
-9960
-9952
-9946
-9936
-9922
-9910
-9904
-9906
-9902
-9902
-9886
-9882
-9868
-9868
-9862
-9860
-9848
-9838
-9834
-9832
-9826
-9814
-9804
-9808
-9794
-9790
-9776
-9772
-9770
-9766
-9750
-9740
-9734
-9728
-9722
-9716
-9708
-9704
-9704
-9700
-9698
-9686
-9680
-9672
-9664
-9656
-9652
-9646
-9642
-9638
-9626
-9620
-9614
-9610
-9606
-9602
-9602
-9594
-9586
-9578
-9574
-9570
-9560
-9562
-9550
-9544
-9542
-9538
-9526
-9524
-9516
-9512
-9504
-9494
-9488
-9480
-9476
-9470
-9460
-9460
-9458
-9450
-9448
-9448
-9442
-9446
-9434
-9428
-9424
-9412
-9400
-9388
-9378
-9370
-9362
-9356
-9344
-9348
-9340
-9332
-9324
-9318
-9312
-9300
-9290
-9286
-9284
-9272
-9268
-9254
-9250
-9246
-9238
-9230
-9228
-9226
-9216
-9210
-9210
-9198
-9188
-9182
-9176
-9168
-9164
-9164
-9156
-9150
-9148
-9138
-9132
-9122
-9112
-9110
-9096
-9084
-9074
-9070
-9064
-9066
-9064
-9062
-9056
-9052
-9044
-9038
-9030
-9030
-9028
-9020
-9010
-9000
-8984
-8978
-8972
-8964
-8950
-8942
-8934
-8928
-8930
-8928
-8916
-8920
-8912
-8894
-8882
-8878
-8866
-8864
-8860
-8852
-8846
-8838
-8838
-8830
-8822
-8816
-8814
-8810
-8798
-8792
-8784
-8780
-8768
-8760
-8748
-8738
-8730
-8724
-8708
-8702
-8700
-8698
-8692
-8688
-8688
-8688
-8688
-8684
-8676
-8674
-8662
-8654
-8640
-8634
-8620
-8614
-8606
-8592
-8592
-8576
-8568
-8568
-8564
-8558
-8558
-8556
-8544
-8536
-8536
-8528
-8520
-8520
-8510
-8506
-8498
-8488
-8484
-8484
-8472
-8454
-8452
-8454
-8446
-8438
-8434
-8430
-8430
-8426
-8422
-8420
-8412
-8408
-8400
-8388
-8386
-8392
-8392
-8388
-8390
-8386
-8384
-8386
-8390
-8384
-8382
-8368
-8360
-8360
-8356
-8346
-8344
-8332
-8328
-8312
-8304
-8300
-8300
-8300
-8292
-8284
-8278
-8266
-8258
-8256
-8252
-8246
-8240
-8238
-8234
-8236
-8226
-8220
-8212
-8208
-8192
-8190
-8184
-8176
-8176
-8168
-8170
-8162
-8156
-8160
-8158
-8150
-8150
-8146
-8142
-8134
-8132
-8130
-8128
-8120
-8116
-8114
-8102
-8096
-8098
-8090
-8084
-8072
-8066
-8064
-8056
-8058
-8052
-8038
-8034
-8022
-8012
-8002
-7998
-7988
-7980
-7976
-7968
-7966
-7968
-7970
-7964
-7950
-7942
-7942
-7942
-7942
-7932
-7928
-7922
-7916
-7906
-7904
-7900
-7886
-7888
-7884
-7878
-7868
-7862
-7856
-7850
-7850
-7838
-7836
-7842
-7824
-7818
-7814
-7800
-7792
-7790
-7790
-7780
-7778
-7766
-7750
-7748
-7744
-7746
-7750
-7744
-7742
-7736
-7742
-7736
-7736
-7724
-7716
-7704
-7702
-7700
-7700
-7700
-7696
-7696
-7692
-7688
-7684
-7672
-7670
-7658
-7652
-7646
-7646
-7642
-7642
-7634
-7634
-7626
-7620
-7610
-7600
-7596
-7596
-7590
-7588
-7580
-7574
-7560
-7556
-7548
-7546
-7540
-7534
-7532
-7530
-7522
-7514
-7504
-7504
-7494
-7486
-7486
-7470
-7466
-7460
-7456
-7446
-7440
-7428
-7424
-7416
-7406
-7404
-7402
-7402
-7400
-7394
-7392
-7382
-7374
-7370
-7358
-7350
-7350
-7338
-7334
-7322
-7314
-7316
-7304
-7304
-7302
-7302
-7296
-7288
-7282
-7286
-7272
-7266
-7260
-7254
-7246
-7236
-7238
-7232
-7220
-7222
-7218
-7204
-7202
-7190
-7192
-7196
-7194
-7180
-7184
-7180
-7172
-7164
-7156
-7158
-7158
-7144
-7148
-7150
-7146
-7148
-7154
-7140
-7134
-7134
-7130
-7122
-7124
-7122
-7124
-7116
-7110
-7108
-7098
-7082
-7078
-7070
-7062
-7054
-7050
-7046
-7046
-7044
-7040
-7040
-7034
-7024
-7028
-7024
-7016
-7014
-7000
-6994
-6992
-6988
-6984
-6976
-6974
-6982
-6984
-6976
-6978
-6974
-6972
-6978
-6964
-6956
-6956
-6956
-6952
-6944
-6940
-6938
-6930
-6924
-6918
-6916
-6912
-6908
-6906
-6894
-6896
-6900
-6900
-6896
-6894
-6890
-6882
-6872
-6868
-6864
-6868
-6864
-6860
-6860
-6852
-6848
-6848
-6840
-6830
-6828
-6816
-6804
-6810
-6818
-6822
-6822
-6816
-6804
-6800
-6796
-6794
-6788
-6782
-6780
-6776
-6774
-6770
-6760
-6754
-6752
-6746
-6742
-6738
-6742
-6744
-6734
-6726
-6728
-6732
-6732
-6724
-6716
-6708
-6702
-6696
-6680
-6684
-6676
-6668
-6664
-6662
-6662
-6670
-6666
-6658
-6660
-6652
-6644
-6644
-6640
-6640
-6642
-6634
-6636
-6642
-6642
-6644
-6640
-6632
-6626
-6620
-6618
-6616
-6604
-6598
-6590
-6584
-6582
-6580
-6580
-6582
-6576
-6566
-6568
-6568
-6562
-6558
-6556
-6546
-6538
-6540
-6532
-6526
-6518
-6512
-6508
-6496
-6488
-6492
-6486
-6486
-6480
-6470
-6464
-6460
-6450
-6444
-6442
-6448
-6440
-6432
-6424
-6418
-6422
-6420
-6416
-6408
-6406
-6402
-6400
-6386
-6386
-6384
-6380
-6372
-6374
-6368
-6358
-6356
-6342
-6338
-6326
-6328
-6326
-6326
-6326
-6330
-6326
-6324
-6322
-6316
-6320
-6306
-6300
-6304
-6300
-6296
-6286
-6282
-6280
-6270
-6264
-6262
-6256
-6250
-6252
-6262
-6260
-6252
-6252
-6238
-6230
-6228
-6220
-6214
-6206
-6198
-6192
-6188
-6182
-6170
-6158
-6154
-6150
-6152
-6150
-6138
-6138
-6134
-6128
-6120
-6118
-6110
-6106
-6102
-6094
-6096
-6084
-6074
-6072
-6074
-6066
-6060
-6052
-6052
-6056
-6060
-6056
-6046
-6038
-6026
-6022
-6008
-6012
-6006
-6008
-6012
-6012
-6018
-6008
-6006
-6004
-6006
-6004
-5998
-5992
-5996
-5984
-5976
-5964
-5968
-5964
-5968
-5964
-5956
-5944
-5944
-5936
-5928
-5926
-5920
-5920
-5922
-5910
-5912
-5906
-5906
-5898
-5890
-5882
-5874
-5862
-5862
-5862
-5858
-5854
-5848
-5858
-5852
-5846
-5840
-5838
-5840
-5834
-5832
-5832
-5824
-5816
-5804
-5792
-5788
-5790
-5788
-5780
-5772
-5776
-5772
-5766
-5762
-5762
-5760
-5752
-5746
-5736
-5732
-5726
-5720
-5714
-5714
-5714
-5702
-5702
-5696
-5696
-5696
-5684
-5678
-5682
-5680
-5676
-5678
-5678
-5672
-5668
-5664
-5660
-5648
-5638
-5638
-5626
-5628
-5622
-5618
-5608
-5612
-5598
-5598
-5588
-5582
-5582
-5590
-5590
-5590
-5590
-5594
-5584
-5578
-5572
-5570
-5574
-5570
-5558
-5556
-5552
-5546
-5548
-5550
-5558
-5556
-5556
-5546
-5532
-5530
-5526
-5520
-5514
-5510
-5506
-5502
-5494
-5486
-5488
-5488
-5484
-5492
-5488
-5486
-5490
-5488
-5484
-5480
-5472
-5470
-5468
-5466
-5462
-5454
-5452
-5446
-5446
-5436
-5430
-5422
-5424
-5412
-5412
-5406
-5406
-5402
-5390
-5378
-5378
-5376
-5378
-5378
-5370
-5370
-5366
-5352
-5352
-5346
-5344
-5348
-5338
-5344
-5338
-5330
-5330
-5328
-5328
-5324
-5320
-5310
-5308
-5296
-5286
-5274
-5274
-5274
-5274
-5268
-5270
-5272
-5270
-5264
-5252
-5248
-5234
-5242
-5244
-5230
-5226
-5220
-5214
-5216
-5212
-5218
-5218
-5218
-5218
-5216
-5212
-5206
-5196
-5192
-5186
-5180
-5176
-5168
-5156
-5148
-5150
-5148
-5152
-5148
-5148
-5140
-5134
-5134
-5126
-5124
-5112
-5106
-5098
-5098
-5104
-5100
-5096
-5096
-5100
-5090
-5074
-5070
-5068
-5054
-5056
-5050
-5054
-5046
-5044
-5034
-5034
-5034
-5026
-5018
-5014
-5010
-5004
-5002
-5002
-5006
-5004
-5000
-5002
-4988
-4988
-4994
-4996
-4992
-4992
-4990
-4982
-4976
-4966
-4966
-4960
-4958
-4952
-4952
-4950
-4952
-4946
-4950
-4946
-4936
-4940
-4942
-4934
-4936
-4932
-4924
-4924
-4926
-4924
-4926
-4918
-4908
-4900
-4888
-4882
-4884
-4878
-4882
-4880
-4888
-4876
-4878
-4872
-4866
-4866
-4868
-4872
-4880
-4882
-4874
-4870
-4860
-4860
-4856
-4854
-4854
-4850
-4846
-4834
-4828
-4816
-4820
-4812
-4810
-4814
-4816
-4816
-4812
-4802
-4798
-4790
-4786
-4784
-4784
-4778
-4780
-4776
-4778
-4786
-4792
-4794
-4790
-4782
-4776
-4774
-4772
-4770
-4768
-4766
-4762
-4766
-4758
-4750
-4740
-4738
-4732
-4724
-4720
-4710
-4704
-4694
-4696
-4690
-4686
-4690
-4684
-4678
-4670
-4662
-4656
-4654
-4652
-4642
-4640
-4630
-4636
-4636
-4636
-4634
-4630
-4636
-4638
-4638
-4636
-4634
-4632
-4624
-4624
-4620
-4622
-4614
-4612
-4616
-4618
-4612
-4612
-4602
-4602
-4596
-4594
-4588
-4576
-4572
-4560
-4548
-4534
-4530
-4526
-4526
-4520
-4518
-4514
-4506
-4502
-4500
-4494
-4498
-4492
-4486
-4494
-4494
-4488
-4482
-4470
-4462
-4456
-4464
-4464
-4460
-4468
-4460
-4460
-4458
-4446
-4446
-4442
-4440
-4444
-4440
-4450
-4448
-4446
-4438
-4424
-4422
-4420
-4412
-4412
-4398
-4386
-4380
-4378
-4374
-4378
-4382
-4386
-4382
-4378
-4370
-4362
-4360
-4354
-4342
-4338
-4336
-4332
-4328
-4326
-4324
-4316
-4314
-4310
-4304
-4300
-4312
-4314
-4312
-4304
-4298
-4290
-4280
-4270
-4274
-4276
-4266
-4272
-4266
-4256
-4256
-4252
-4250
-4256
-4258
-4248
-4246
-4248
-4236
-4226
-4220
-4210
-4214
-4210
-4216
-4216
-4220
-4210
-4206
-4196
-4186
-4184
-4172
-4170
-4166
-4158
-4162
-4154
-4150
-4152
-4144
-4138
-4130
-4124
-4132
-4128
-4122
-4124
-4114
-4110
-4108
-4112
-4112
-4102
-4092
-4080
-4082
-4080
-4086
-4082
-4078
-4084
-4084
-4084
-4080
-4076
-4072
-4068
-4070
-4066
-4060
-4054
-4050
-4062
-4060
-4062
-4062
-4064
-4062
-4058
-4064
-4056
-4048
-4048
-4034
-4038
-4028
-4022
-4018
-4010
-4002
-3996
-3992
-3990
-3998
-3990
-3982
-3970
-3954
-3952
-3952
-3946
-3942
-3940
-3932
-3922
-3916
-3902
-3888
-3892
-3890
-3892
-3894
-3904
-3904
-3908
-3910
-3910
-3910
-3906
-3912
-3910
-3910
-3906
-3908
-3898
-3892
-3878
-3880
-3884
-3892
-3898
-3904
-3906
-3900
-3900
-3896
-3894
-3886
-3886
-3890
-3892
-3892
-3892
-3878
-3872
-3872
-3866
-3862
-3858
-3852
-3844
-3852
-3850
-3840
-3836
-3828
-3820
-3820
-3816
-3820
-3820
-3808
-3810
-3810
-3810
-3806
-3800
-3798
-3802
-3798
-3782
-3778
-3782
-3780
-3780
-3772
-3766
-3764
-3762
-3758
-3750
-3744
-3756
-3756
-3750
-3756
-3756
-3760
-3766
-3766
-3764
-3746
-3742
-3744
-3740
-3742
-3744
-3740
-3740
-3736
-3726
-3728
-3726
-3726
-3720
-3714
-3714
-3702
-3686
-3688
-3684
-3692
-3684
-3676
-3668
-3662
-3660
-3656
-3658
-3648
-3648
-3650
-3646
-3644
-3654
-3658
-3662
-3662
-3662
-3648
-3654
-3654
-3654
-3658
-3658
-3650
-3636
-3626
-3626
-3632
-3630
-3634
-3630
-3626
-3634
-3634
-3636
-3640
-3630
-3628
-3636
-3634
-3630
-3622
-3618
-3618
-3624
-3624
-3618
-3608
-3604
-3600
-3594
-3594
-3604
-3594
-3590
-3582
-3590
-3588
-3588
-3586
-3590
-3590
-3592
-3598
-3596
-3596
-3596
-3596
-3590
-3594
-3594
-3588
-3594
-3594
-3590
-3578
-3568
-3566
-3566
-3558
-3556
-3556
-3574
-3566
-3558
-3564
-3564
-3562
-3566
-3560
-3562
-3558
-3556
-3562
-3562
-3572
-3568
-3572
-3572
-3568
-3566
-3566
-3558
-3560
-3556
-3560
-3556
-3546
-3542
-3538
-3528
-3514
-3510
-3512
-3500
-3500
-3498
-3492
-3488
-3482
-3478
-3480
-3482
-3486
-3486
-3482
-3480
-3472
-3474
-3462
-3456
-3460
-3450
-3442
-3438
-3440
-3430
-3426
-3426
-3430
-3424
-3412
-3410
-3402
-3408
-3404
-3400
-3396
-3394
-3390
-3392
-3384
-3376
-3368
-3374
-3368
-3376
-3376
-3376
-3380
-3370
-3362
-3366
-3364
-3352
-3346
-3346
-3348
-3346
-3346
-3338
-3342
-3338
-3342
-3352
-3348
-3342
-3338
-3328
-3318
-3316
-3312
-3310
-3296
-3294
-3284
-3272
-3268
-3268
-3266
-3270
-3274
-3270
-3262
-3264
-3268
-3262
-3260
-3248
-3250
-3250
-3250
-3242
-3240
-3234
-3222
-3220
-3224
-3220
-3210
-3200
-3192
-3190
-3188
-3188
-3190
-3194
-3194
-3186
-3180
-3180
-3186
-3178
-3178
-3182
-3180
-3176
-3182
-3180
-3178
-3178
-3180
-3170
-3164
-3170
-3166
-3158
-3166
-3170
-3168
-3166
-3174
-3174
-3162
-3156
-3156
-3158
-3154
-3156
-3156
-3156
-3148
-3152
-3140
-3142
-3140
-3136
-3134
-3134
-3130
-3138
-3130
-3134
-3130
-3130
-3130
-3122
-3116
-3106
-3100
-3098
-3098
-3094
-3086
-3084
-3082
-3090
-3080
-3082
-3084
-3086
-3084
-3076
-3072
-3072
-3076
-3068
-3064
-3068
-3066
-3064
-3062
-3060
-3058
-3060
-3060
-3062
-3058
-3062
-3060
-3058
-3058
-3062
-3072
-3062
-3064
-3064
-3070
-3062
-3056
-3058
-3048
-3048
-3048
-3050
-3042
-3042
-3046
-3044
-3030
-3024
-3026
-3022
-3014
-3012
-3014
-3014
-3004
-2992
-2988
-3002
-3002
-3002
-2992
-2978
-2970
-2970
-2970
-2968
-2970
-2968
-2966
-2966
-2958
-2956
-2944
-2942
-2946
-2940
-2942
-2944
-2936
-2920
-2912
-2912
-2910
-2904
-2904
-2892
-2892
-2890
-2886
-2882
-2882
-2884
-2892
-2888
-2894
-2890
-2888
-2896
-2892
-2890
-2886
-2894
-2894
-2888
-2892
-2892
-2882
-2872
-2862
-2860
-2860
-2860
-2850
-2854
-2862
-2870
-2862
-2862
-2854
-2856
-2856
-2852
-2852
-2848
-2852
-2850
-2852
-2854
-2844
-2838
-2832
-2826
-2820
-2816
-2808
-2810
-2806
-2806
-2794
-2790
-2790
-2792
-2788
-2782
-2786
-2778
-2780
-2778
-2776
-2782
-2772
-2770
-2772
-2778
-2782
-2780
-2778
-2778
-2780
-2776
-2772
-2760
-2754
-2748
-2744
-2736
-2724
-2724
-2720
-2716
-2722
-2726
-2722
-2710
-2710
-2706
-2700
-2696
-2688
-2692
-2682
-2684
-2674
-2674
-2670
-2682
-2682
-2682
-2676
-2680
-2674
-2682
-2682
-2676
-2670
-2666
-2664
-2662
-2656
-2658
-2654
-2644
-2636
-2634
-2626
-2626
-2626
-2614
-2614
-2606
-2602
-2596
-2594
-2594
-2590
-2588
-2588
-2590
-2596
-2592
-2596
-2600
-2596
-2594
-2596
-2596
-2590
-2602
-2602
-2596
-2600
-2606
-2610
-2616
-2604
-2604
-2590
-2594
-2594
-2594
-2592
-2588
-2596
-2594
-2588
-2596
-2594
-2592
-2586
-2588
-2598
-2592
-2582
-2574
-2574
-2572
-2576
-2580
-2572
-2570
-2562
-2554
-2550
-2556
-2556
-2556
-2546
-2542
-2536
-2530
-2526
-2524
-2526
-2518
-2510
-2506
-2502
-2494
-2482
-2474
-2472
-2470
-2466
-2466
-2468
-2460
-2458
-2460
-2458
-2458
-2462
-2454
-2458
-2456
-2458
-2456
-2462
-2456
-2444
-2436
-2434
-2430
-2428
-2432
-2440
-2438
-2436
-2430
-2432
-2424
-2418
-2418
-2412
-2408
-2402
-2400
-2394
-2394
-2396
-2402
-2398
-2390
-2390
-2378
-2366
-2354
-2354
-2350
-2348
-2346
-2342
-2336
-2334
-2338
-2338
-2338
-2342
-2346
-2344
-2342
-2340
-2340
-2336
-2334
-2336
-2334
-2332
-2324
-2320
-2320
-2316
-2306
-2304
-2302
-2302
-2302
-2304
-2302
-2296
-2302
-2296
-2298
-2296
-2292
-2296
-2296
-2294
-2296
-2290
-2282
-2284
-2280
-2280
-2280
-2284
-2284
-2284
-2294
-2290
-2292
-2296
-2296
-2292
-2280
-2282
-2284
-2280
-2282
-2282
-2284
-2276
-2276
-2276
-2278
-2274
-2274
-2260
-2264
-2264
-2268
-2268
-2268
-2268
-2266
-2264
-2270
-2268
-2266
-2268
-2268
-2262
-2254
-2256
-2254
-2254
-2244
-2232
-2238
-2238
-2242
-2236
-2238
-2242
-2250
-2248
-2238
-2238
-2234
-2226
-2218
-2224
-2214
-2210
-2208
-2210
-2214
-2208
-2212
-2202
-2208
-2212
-2210
-2206
-2212
-2212
-2212
-2214
-2216
-2216
-2222
-2226
-2232
-2228
-2224
-2224
-2224
-2226
-2228
-2226
-2242
-2236
-2234
-2242
-2236
-2226
-2224
-2224
-2216
-2216
-2216
-2210
-2214
-2206
-2208
-2210
-2208
-2204
-2208
-2198
-2206
-2200
-2192
-2194
-2186
-2188
-2188
-2184
-2184
-2186
-2188
-2176
-2176
-2176
-2182
-2176
-2180
-2178
-2172
-2174
-2172
-2166
-2156
-2154
-2152
-2150
-2146
-2148
-2148
-2150
-2144
-2146
-2148
-2144
-2142
-2138
-2144
-2138
-2132
-2128
-2128
-2120
-2116
-2116
-2118
-2116
-2122
-2120
-2116
-2108
-2114
-2114
-2108
-2106
-2100
-2100
-2094
-2102
-2102
-2112
-2110
-2098
-2104
-2104
-2092
-2078
-2082
-2082
-2074
-2066
-2064
-2064
-2060
-2064
-2060
-2052
-2042
-2038
-2038
-2038
-2036
-2050
-2050
-2050
-2044
-2040
-2044
-2040
-2034
-2038
-2038
-2042
-2040
-2036
-2042
-2038
-2034
-2024
-2020
-2022
-2022
-2012
-2012
-2012
-2008
-2006
-2006
-2006
-1998
-1992
-1992
-1988
-1986
-1984
-1974
-1972
-1970
-1958
-1952
-1950
-1948
-1950
-1948
-1944
-1948
-1954
-1950
-1952
-1954
-1952
-1954
-1950
-1960
-1956
-1950
-1946
-1940
-1942
-1946
-1944
-1940
-1936
-1936
-1938
-1940
-1926
-1920
-1916
-1914
-1910
-1910
-1906
-1912
-1916
-1906
-1894
-1898
-1902
-1908
-1904
-1896
-1888
-1880
-1878
-1878
-1878
-1882
-1882
-1882
-1880
-1880
-1876
-1880
-1886
-1894
-1888
-1882
-1888
-1892
-1894
-1898
-1908
-1900
-1894
-1892
-1882
-1882
-1882
-1880
-1886
-1886
-1894
-1886
-1890
-1888
-1882
-1878
-1872
-1872
-1866
-1866
-1858
-1852
-1852
-1854
-1856
-1862
-1862
-1866
-1864
-1864
-1864
-1870
-1862
-1864
-1868
-1870
-1866
-1858
-1856
-1848
-1856
-1856
-1846
-1842
-1836
-1836
-1840
-1848
-1840
-1838
-1836
-1846
-1842
-1842
-1836
-1836
-1840
-1830
-1830
-1822
-1814
-1810
-1800
-1792
-1784
-1772
-1772
-1778
-1778
-1778
-1776
-1776
-1788
-1782
-1780
-1780
-1786
-1792
-1786
-1778
-1774
-1772
-1766
-1760
-1756
-1754
-1750
-1746
-1748
-1742
-1732
-1736
-1732
-1740
-1736
-1740
-1726
-1726
-1732
-1736
-1730
-1726
-1722
-1724
-1724
-1720
-1714
-1718
-1718
-1722
-1714
-1710
-1718
-1720
-1716
-1710
-1706
-1710
-1708
-1698
-1698
-1696
-1700
-1706
-1702
-1698
-1702
-1702
-1694
-1698
-1696
-1698
-1694
-1688
-1678
-1682
-1686
-1680
-1680
-1686
-1690
-1694
-1702
-1696
-1692
-1696
-1696
-1692
-1698
-1702
-1698
-1708
-1714
-1712
-1716
-1716
-1718
-1720
-1722
-1728
-1728
-1736
-1736
-1738
-1740
-1744
-1740
-1748
-1750
-1750
-1744
-1748
-1748
-1744
-1744
-1746
-1734
-1740
-1736
-1742
-1732
-1718
-1728
-1726
-1726
-1730
-1726
-1720
-1718
-1708
-1700
-1702
-1702
-1702
-1696
-1686
-1684
-1676
-1672
-1670
-1662
-1664
-1666
-1656
-1654
-1648
-1650
-1650
-1654
-1652
-1644
-1644
-1644
-1638
-1630
-1622
-1620
-1616
-1620
-1608
-1614
-1616
-1626
-1632
-1634
-1628
-1622
-1620
-1620
-1624
-1624
-1618
-1626
-1628
-1616
-1608
-1602
-1594
-1600
-1592
-1582
-1578
-1584
-1584
-1586
-1588
-1580
-1580
-1584
-1582
-1578
-1574
-1570
-1572
-1576
-1576
-1578
-1574
-1568
-1564
-1566
-1570
-1566
-1566
-1560
-1556
-1558
-1562
-1566
-1580
-1580
-1578
-1580
-1580
-1586
-1586
-1588
-1582
-1576
-1570
-1568
-1558
-1562
-1560
-1564
-1564
-1556
-1554
-1546
-1540
-1538
-1536
-1538
-1532
-1532
-1530
-1534
-1536
-1544
-1546
-1546
-1550
-1552
-1554
-1552
-1542
-1542
-1544
-1542
-1538
-1544
-1542
-1544
-1536
-1528
-1524
-1524
-1518
-1524
-1530
-1534
-1538
-1538
-1536
-1538
-1540
-1540
-1532
-1532
-1540
-1534
-1528
-1534
-1528
-1520
-1532
-1534
-1536
-1536
-1532
-1524
-1524
-1528
-1526
-1524
-1522
-1514
-1514
-1508
-1508
-1506
-1508
-1508
-1508
-1516
-1518
-1514
-1514
-1518
-1510
-1508
-1510
-1500
-1490
-1478
-1482
-1482
-1476
-1482
-1486
-1482
-1484
-1492
-1490
-1488
-1492
-1494
-1490
-1496
-1496
-1496
-1496
-1498
-1492
-1492
-1498
-1488
-1484
-1484
-1488
-1488
-1496
-1502
-1502
-1504
-1496
-1500
-1500
-1506
-1494
-1500
-1510
-1506
-1518
-1516
-1514
-1518
-1518
-1514
-1512
-1510
-1514
-1502
-1502
-1498
-1496
-1504
-1500
-1502
-1500
-1494
-1498
-1498
-1488
-1496
-1484
-1484
-1486
-1482
-1484
-1480
-1480
-1476
-1482
-1484
-1480
-1476
-1470
-1472
-1472
-1462
-1468
-1474
-1470
-1464
-1458
-1458
-1458
-1458
-1456
-1458
-1458
-1452
-1452
-1454
-1452
-1448
-1442
-1434
-1434
-1434
-1438
-1438
-1438
-1438
-1442
-1442
-1452
-1448
-1446
-1436
-1442
-1440
-1434
-1436
-1434
-1434
-1430
-1420
-1410
-1406
-1402
-1398
-1396
-1400
-1396
-1396
-1384
-1390
-1384
-1384
-1388
-1386
-1382
-1384
-1388
-1386
-1390
-1390
-1384
-1384
-1388
-1378
-1380
-1372
-1368
-1368
-1368
-1372
-1382
-1380
-1378
-1390
-1384
-1378
-1368
-1374
-1374
-1368
-1362
-1358
-1358
-1358
-1354
-1356
-1354
-1358
-1344
-1346
-1342
-1338
-1334
-1322
-1312
-1314
-1310
-1312
-1312
-1312
-1310
-1306
-1312
-1312
-1308
-1296
-1296
-1300
-1288
-1278
-1276
-1276
-1270
-1258
-1252
-1248
-1242
-1250
-1250
-1252
-1252
-1256
-1250
-1248
-1236
-1236
-1228
-1228
-1220
-1216
-1208
-1208
-1208
-1216
-1214
-1216
-1228
-1238
-1236
-1232
-1234
-1234
-1228
-1224
-1224
-1224
-1220
-1206
-1208
-1202
-1198
-1208
-1204
-1198
-1198
-1200
-1200
-1192
-1190
-1188
-1182
-1174
-1180
-1172
-1172
-1178
-1178
-1168
-1178
-1172
-1158
-1156
-1160
-1162
-1166
-1170
-1176
-1188
-1192
-1192
-1190
-1194
-1188
-1192
-1184
-1184
-1174
-1176
-1180
-1190
-1182
-1172
-1174
-1166
-1172
-1176
-1180
-1190
-1188
-1182
-1172
-1158
-1152
-1158
-1154
-1148
-1134
-1134
-1142
-1134
-1140
-1130
-1126
-1120
-1114
-1110
-1102
-1098
-1098
-1100
-1106
-1106
-1108
-1100
-1096
-1092
-1084
-1078
-1072
-1072
-1072
-1076
-1078
-1080
-1080
-1084
-1084
-1072
-1078
-1084
-1080
-1088
-1082
-1082
-1074
-1068
-1068
-1074
-1076
-1066
-1068
-1068
-1068
-1062
-1058
-1052
-1048
-1046
-1044
-1046
-1054
-1052
-1044
-1036
-1036
-1038
-1032
-1034
-1030
-1028
-1030
-1022
-1026
-1024
-1022
-1018
-1016
-1012
-1008
-1004
-1010
-1010
-1000
-998
-996
-988
-988
-994
-998
-994
-992
-990
-1002
-994
-990
-994
-994
-990
-984
-984
-994
-994
-992
-984
-984
-992
-986
-986
-990
-988
-992
-980
-982
-978
-982
-988
-980
-992
-998
-994
-990
-980
-978
-974
-980
-974
-968
-962
-950
-960
-962
-962
-962
-962
-958
-956
-944
-948
-946
-938
-940
-934
-930
-930
-920
-922
-922
-924
-920
-924
-918
-910
-916
-916
-922
-922
-920
-928
-936
-936
-934
-932
-930
-928
-928
-934
-936
-934
-936
-928
-936
-938
-926
-916
-914
-916
-924
-924
-920
-918
-922
-916
-922
-912
-902
-896
-894
-900
-912
-910
-902
-910
-914
-900
-902
-900
-890
-878
-880
-874
-874
-876
-868
-870
-868
-870
-872
-878
-876
-876
-876
-880
-876
-872
-864
-860
-866
-864
-866
-866
-864
-852
-840
-840
-828
-832
-826
-822
-818
-820
-822
-814
-816
-808
-802
-798
-794
-790
-788
-800
-800
-798
-796
-796
-784
-784
-784
-780
-794
-792
-794
-782
-778
-786
-786
-784
-784
-786
-784
-784
-782
-776
-774
-782
-790
-792
-784
-784
-782
-784
-778
-780
-778
-770
-758
-760
-758
-760
-758
-758
-754
-750
-754
-768
-768
-770
-768
-760
-768
-772
-772
-780
-772
-768
-760
-760
-770
-774
-774
-782
-786
-778
-774
-778
-776
-774
-778
-784
-786
-786
-786
-778
-778
-772
-772
-762
-768
-768
-762
-762
-756
-756
-762
-756
-754
-756
-760
-762
-764
-758
-756
-756
-748
-750
-746
-746
-746
-740
-742
-740
-746
-744
-744
-740
-732
-730
-732
-736
-724
-714
-710
-710
-706
-706
-708
-708
-698
-704
-712
-712
-716
-716
-708
-714
-716
-722
-724
-724
-726
-732
-732
-736
-742
-742
-738
-746
-750
-750
-754
-750
-748
-750
-742
-740
-730
-724
-718
-720
-712
-710
-708
-716
-710
-706
-694
-688
-684
-688
-690
-680
-678
-672
-674
-676
-676
-678
-680
-676
-668
-664
-660
-660
-658
-658
-666
-670
-672
-670
-666
-662
-658
-666
-658
-660
-660
-664
-656
-662
-660
-670
-670
-674
-672
-670
-662
-654
-650
-636
-636
-630
-626
-626
-624
-624
-622
-618
-618
-616
-618
-624
-622
-626
-626
-622
-624
-628
-622
-630
-632
-632
-636
-628
-630
-628
-636
-638
-634
-630
-634
-642
-652
-656
-662
-658
-664
-678
-686
-688
-692
-692
-692
-700
-700
-690
-684
-686
-690
-690
-694
-696
-688
-688
-680
-682
-686
-692
-688
-684
-684
-694
-688
-694
-686
-690
-692
-688
-690
-688
-688
-678
-678
-680
-688
-686
-686
-692
-686
-680
-688
-684
-684
-690
-688
-686
-672
-662
-664
-670
-670
-672
-674
-676
-672
-678
-686
-680
-684
-690
-690
-690
-692
-694
-688
-692
-686
-684
-678
-666
-666
-670
-666
-660
-662
-658
-658
-654
-650
-646
-646
-642
-638
-638
-638
-622
-628
-626
-624
-620
-620
-614
-606
-598
-606
-602
-598
-598
-594
-590
-586
-586
-586
-576
-580
-584
-588
-586
-582
-584
-584
-590
-598
-594
-588
-584
-590
-588
-596
-600
-588
-588
-588
-588
-588
-586
-594
-592
-592
-592
-594
-600
-598
-604
-610
-614
-622
-626
-636
-636
-636
-644
-644
-652
-650
-648
-648
-656
-654
-654
-656
-660
-666
-672
-674
-674
-672
-670
-660
-662
-666
-654
-650
-642
-638
-638
-638
-640
-640
-636
-636
-634
-634
-634
-638
-636
-634
-636
-626
-624
-632
-630
-630
-618
-626
-622
-630
-624
-630
-618
-622
-626
-636
-632
-624
-630
-628
-614
-614
-612
-602
-610
-608
-604
-598
-596
-600
-598
-596
-588
-580
-580
-586
-586
-586
-592
-598
-598
-598
-588
-588
-596
-598
-598
-608
-610
-608
-606
-606
-618
-620
-624
-628
-626
-624
-626
-634
-626
-626
-624
-622
-618
-612
-606
-596
-596
-602
-608
-618
-608
-614
-614
-612
-610
-612
-620
-620
-608
-614
-612
-610
-610
-602
-598
-598
-600
-596
-598
-594
-594
-608
-606
-608
-610
-614
-610
-614
-620
-614
-616
-616
-620
-620
-620
-628
-628
-636
-636
-622
-622
-628
-622
-622
-638
-646
-640
-638
-642
-648
-648
-646
-650
-650
-654
-662
-672
-678
-678
-676
-672
-670
-674
-670
-666
-666
-664
-668
-668
-662
-658
-654
-648
-646
-646
-652
-648
-648
-646
-636
-638
-640
-632
-638
-628
-624
-626
-636
-628
-628
-628
-624
-622
-626
-626
-622
-620
-614
-606
-612
-616
-618
-622
-626
-626
-616
-614
-618
-620
-628
-624
-630
-626
-624
-618
-620
-616
-620
-620
-622
-620
-620
-626
-626
-628
-624
-624
-624
-624
-624
-636
-630
-626
-622
-618
-618
-624
-616
-616
-606
-608
-608
-606
-606
-606
-606
-612
-614
-614
-618
-622
-630
-632
-640
-640
-642
-630
-644
-642
-642
-634
-634
-644
-652
-662
-668
-660
-666
-660
-658
-656
-652
-656
-652
-642
-644
-642
-634
-638
-638
-638
-644
-644
-644
-650
-648
-636
-632
-632
-632
-636
-630
-636
-630
-638
-638
-630
-624
-624
-638
-644
-638
-632
-622
-620
-618
-624
-624
-622
-612
-604
-608
-612
-604
-604
-594
-592
-586
-584
-576
-576
-584
-586
-580
-580
-578
-584
-588
-586
-582
-578
-574
-574
-572
-562
-568
-564
-566
-566
-560
-560
-558
-562
-562
-556
-552
-554
-552
-550
-548
-540
-550
-534
-528
-530
-524
-512
-512
-502
-506
-506
-510
-508
-506
-508
-504
-500
-500
-496
-486
-488
-482
-484
-478
-478
-486
-498
-500
-500
-490
-492
-482
-490
-484
-480
-478
-468
-468
-470
-476
-472
-464
-460
-470
-468
-470
-462
-474
-478
-490
-484
-488
-486
-486
-488
-490
-490
-492
-488
-482
-488
-486
-480
-470
-476
-472
-468
-456
-460
-464
-472
-472
-472
-466
-472
-478
-476
-476
-478
-482
-470
-466
-470
-468
-468
-476
-466
-466
-464
-470
-466
-466
-466
-468
-462
-458
-446
-444
-438
-434
-432
-438
-430
-422
-418
-418
-412
-412
-422
-426
-434
-436
-434
-434
-434
-430
-428
-434
-430
-438
-434
-436
-438
-440
-440
-440
-438
-444
-432
-428
-428
-426
-426
-432
-426
-422
-418
-418
-410
-412
-414
-402
-410
-412
-412
-418
-414
-412
-408
-414
-408
-410
-408
-406
-396
-398
-398
-400
-400
-404
-392
-388
-400
-392
-388
-380
-380
-382
-378
-376
-376
-376
-378
-384
-384
-388
-380
-384
-380
-372
-376
-382
-382
-376
-376
-368
-368
-368
-370
-382
-382
-380
-382
-376
-380
-376
-378
-378
-380
-378
-378
-378
-374
-382
-376
-372
-378
-378
-376
-382
-382
-378
-376
-368
-368
-368
-372
-364
-358
-354
-352
-352
-354
-354
-354
-364
-360
-356
-344
-346
-346
-346
-352
-342
-348
-350
-350
-350
-344
-342
-346
-352
-352
-348
-344
-334
-324
-324
-322
-326
-326
-330
-330
-330
-328
-338
-332
-336
-340
-336
-342
-338
-334
-326
-320
-310
-306
-300
-302
-308
-310
-310
-316
-316
-314
-314
-316
-324
-322
-320
-322
-316
-316
-312
-296
-300
-292
-282
-288
-280
-280
-268
-272
-274
-270
-258
-258
-264
-268
-264
-270
-270
-264
-262
-266
-268
-260
-260
-260
-258
-266
-264
-270
-262
-258
-260
-254
-256
-260
-252
-252
-250
-256
-262
-266
-270
-268
-270
-270
-270
-270
-268
-270
-262
-254
-256
-256
-246
-240
-236
-246
-246
-246
-246
-242
-246
-238
-240
-240
-234
-236
-234
-232
-236
-238
-238
-228
-228
-228
-222
-224
-226
-226
-222
-230
-230
-228
-232
-228
-224
-218
-218
-222
-222
-216
-212
-216
-220
-220
-222
-220
-220
-232
-232
-224
-236
-240
-234
-236
-240
-242
-240
-248
-246
-248
-242
-244
-244
-246
-248
-254
-254
-258
-252
-256
-246
-246
-238
-240
-238
-242
-240
-240
-238
-240
-240
-234
-234
-224
-224
-222
-222
-222
-214
-208
-210
-220
-220
-220
-218
-218
-218
-208
-206
-206
-206
-210
-216
-222
-222
-214
-222
-218
-222
-216
-220
-226
-226
-224
-214
-218
-216
-212
-204
-204
-208
-202
-202
-200
-192
-186
-184
-186
-186
-184
-180
-184
-178
-190
-178
-174
-178
-180
-174
-176
-176
-170
-174
-164
-156
-150
-146
-132
-124
-124
-128
-120
-120
-120
-122
-120
-120
-126
-136
-130
-130
-128
-126
-132
-132
-132
-132
-122
-126
-126
-126
-120
-124
-116
-110
-104
-100
-94
-102
-94
-104
-104
-100
-96
-102
-104
-102
-96
-102
-100
-96
-102
-108
-116
-112
-106
-94
-84
-84
-84
-88
-94
-100
-102
-106
-114
-118
-118
-124
-118
-122
-122
-122
-124
-128
-128
-136
-134
-130
-142
-148
-146
-140
-142
-138
-136
-140
-134
-122
-120
-122
-124
-120
-122
-124
-128
-130
-134
-130
-126
-114
-112
-110
-100
-100
-104
-104
-102
-96
-88
-86
-82
-90
-90
-90
-94
-90
-94
-94
-92
-94
-92
-88
-86
-86
-82
-78
-82
-76
-72
-72
-80
-78
-84
-84
-76
-68
-66
-72
-56
-56
-50
-48
-48
-38
-32
-34
-40
-34
-32
-30
-30
-30
-28
-26
-18
-22
-24
-24
-24
-18
-10
-18
-16
-12
-18
-24
-20
-16
-2
2
10
10
10
22
22
22
16
10
8
10
4
8
2
6
4
4
4
0
2
10
10
10
6
8
8
12
12
10
4
6
8
10
12
14
4
10
14
12
12
14
12
14
8
10
10
16
20
12
14
12
14
6
10
10
8
14
12
12
18
18
8
6
14
14
20
16
4
-2
4
6
6
8
14
6
8
10
-2
6
12
20
22
24
24
26
24
34
26
22
20
26
20
24
38
28
30
32
22
28
30
24
26
26
22
30
26
28
20
14
14
14
20
26
28
30
26
26
20
18
14
18
16
16
16
8
16
22
20
20
24
32
26
26
28
28
36
36
36
48
44
48
44
44
44
46
46
50
50
54
54
60
58
54
54
64
62
60
60
56
60
54
58
58
58
54
58
56
66
70
70
78
86
88
88
98
98
102
102
102
102
110
114
124
128
124
126
134
132
132
136
138
138
132
126
124
126
120
114
100
94
90
90
90
90
90
86
80
86
88
92
90
78
72
68
72
78
86
86
88
90
94
98
104
98
92
86
98
96
102
114
106
104
104
108
104
110
104
106
110
116
116
122
118
118
124
128
124
118
122
130
138
130
138
140
148
150
156
160
156
152
154
152
152
154
154
146
154
154
142
142
152
154
150
144
148
150
146
148
148
156
160
158
166
160
162
164
164
166
180
182
186
192
188
192
198
206
210
222
224
232
230
232
236
236
230
224
220
218
222
218
226
238
228
232
234
230
230
238
236
230
226
222
216
214
214
222
230
234
232
240
240
242
246
238
232
234
232
232
230
230
226
234
234
238
232
236
244
246
244
242
250
246
248
236
238
232
230
238
234
232
228
226
222
222
224
226
226
230
226
226
218
226
220
218
222
232
220
210
204
196
200
208
208
210
222
216
218
216
216
216
220
220
216
222
228
236
232
226
226
226
224
222
224
224
224
222
218
230
234
220
220
220
218
216
212
206
212
206
204
208
206
208
210
210
216
208
212
212
208
206
204
196
208
212
218
220
220
224
218
216
222
226
224
232
228
230
234
238
244
250
244
244
246
246
248
252
248
250
246
248
248
256
258
260
264
260
258
268
264
268
272
272
276
264
272
272
264
270
266
262
262
266
268
264
272
268
270
262
256
248
246
238
236
230
220
226
232
246
254
266
260
264
262
276
266
264
262
262
258
252
238
240
236
226
232
234
236
232
224
212
218
210
208
210
202
190
202
202
194
192
196
198
200
188
176
186
178
166
168
180
178
178
174
164
170
170
170
162
160
162
170
162
146
148
148
150
146
146
142
138
138
140
138
138
134
136
140
140
146
142
140
136
136
132
138
138
136
136
142
134
130
122
128
130
138
138
144
146
142
140
138
146
144
144
152
158
154
150
152
150
158
152
148
148
150
150
162
166
176
176
176
176
174
176
180
178
178
170
164
156
156
156
152
148
156
166
160
162
162
162
172
178
182
182
168
166
160
162
154
154
146
166
162
154
154
158
162
154
152
146
150
142
152
152
152
152
154
152
154
152
160
156
156
146
148
146
146
144
142
142
136
132
130
132
130
132
138
144
152
152
152
140
144
144
140
144
146
148
148
156
158
154
158
162
160
166
172
172
170
164
162
166
168
168
164
176
178
174
168
168
178
186
186
194
204
202
194
192
192
192
192
192
188
190
186
180
176
176
184
190
202
212
200
208
208
202
202
200
212
210
214
216
204
208
204
206
204
202
202
194
190
188
178
182
184
188
196
196
196
200
194
198
208
208
208
206
204
210
210
218
218
220
220
210
208
206
200
196
200
200
200
200
204
212
216
222
218
226
222
216
216
218
226
226
226
224
220
214
216
218
222
226
220
218
218
222
220
222
220
222
226
218
220
218
220
228
220
232
232
230
232
236
238
236
236
228
226
232
234
226
228
232
238
240
246
250
252
244
246
246
246
252
254
254
254
248
256
254
254
254
250
242
248
248
254
260
258
258
258
262
258
260
264
264
260
262
268
272
274
278
278
294
280
282
290
294
294
292
292
294
298
296
296
300
300
304
302
310
310
302
294
286
282
286
276
274
274
272
270
260
262
268
266
272
266
266
270
270
266
268
272
268
274
276
276
284
286
278
278
276
270
276
278
272
268
268
262
266
264
264
266
272
272
272
272
276
282
280
274
272
272
270
274
268
280
284
290
284
274
266
264
264
260
262
258
258
264
262
266
270
264
264
266
270
270
270
270
264
264
270
272
272
262
264
260
262
272
268
262
266
268
268
270
274
264
270
270
268
276
276
274
274
266
270
268
268
268
262
256
254
250
258
250
252
250
260
264
260
268
264
266
260
254
256
264
260
256
250
246
250
250
252
244
252
256
256
250
248
258
252
250
252
250
250
258
256
264
274
266
270
278
276
278
282
288
280
278
276
272
274
268
274
272
280
280
274
282
282
276
280
288
292
292
292
298
296
302
288
288
284
290
290
290
284
290
282
278
286
292
300
304
308
314
314
322
334
332
342
348
348
348
350
342
360
356
360
370
374
370
372
372
370
364
364
364
368
370
364
368
368
364
370
384
386
384
384
390
390
392
396
392
392
392
394
390
398
404
404
414
414
418
418
416
422
426
428
426
428
434
434
436
444
448
444
450
448
444
448
440
426
422
424
430
416
414
406
404
400
414
414
416
420
422
426
434
436
440
440
432
430
420
414
422
428
426
426
428
432
426
436
430
432
424
420
418
426
424
420
428
424
424
424
428
428
420
418
418
416
420
418
412
404
404
396
402
398
398
398
386
384
388
394
392
402
394
392
398
398
386
386
382
388
376
376
378
378
374
378
384
380
380
380
378
386
392
394
394
386
386
380
380
372
368
368
368
362
364
370
366
366
368
364
364
368
368
378
382
382
376
378
386
386
388
388
380
382
380
384
392
398
396
390
390
382
380
388
382
382
384
382
378
376
374
382
388
380
380
380
384
384
388
398
398
398
394
396
402
396
400
402
406
402
402
400
392
388
392
394
394
404
404
406
408
406
402
410
416
416
416
416
410
404
402
400
396
396
396
404
396
390
394
390
384
382
380
382
376
368
368
364
370
356
350
356
358
356
356
356
362
368
364
368
360
368
356
362
370
370
366
362
370
370
370
366
364
364
358
358
360
352
350
350
352
348
354
342
344
342
332
332
332
336
330
322
326
322
322
324
322
328
326
328
328
328
328
336
344
350
350
348
348
344
336
326
324
328
328
338
338
334
330
336
332
332
338
336
340
346
342
338
342
340
336
336
334
334
334
328
334
332
332
336
340
342
350
350
338
328
342
342
336
324
316
316
314
316
320
328
336
336
338
342
342
344
350
352
354
364
364
362
360
354
354
358
354
358
350
360
362
372
376
372
380
384
388
392
390
392
392
390
402
402
396
400
400
400
402
406
404
410
398
402
404
410
408
410
406
406
406
408
408
410
424
420
414
420
418
414
412
414
420
412
414
414
412
410
412
418
420
416
416
418
408
414
422
426
426
436
436
432
430
436
432
434
444
446
446
448
450
448
456
460
450
454
452
454
452
446
442
430
432
440
432
426
430
430
436
436
436
428
436
436
442
446
444
450
452
456
454
454
450
452
448
450
456
448
454
454
462
468
468
476
486
484
494
496
486
484
484
490
498
498
496
500
502
506
496
500
496
496
500
502
500
500
500
496
498
498
498
494
494
494
494
498
506
506
506
502
496
498
498
496
484
486
490
490
482
482
484
474
470
466
462
462
452
446
444
432
432
432
432
424
416
414
416
408
408
408
410
414
422
432
432
436
432
432
432
428
422
422
424
434
440
432
432
426
426
426
420
418
420
426
428
426
434
434
436
440
430
436
432
430
428
428
422
414
412
414
414
416
412
412
422
424
424
416
420
416
424
416
424
410
410
418
418
426
428
424
430
430
430
428
434
432
430
424
424
420
416
420
414
410
396
406
404
408
410
420
424
420
418
420
422
422
418
418
422
430
434
436
434
432
442
440
438
438
440
436
428
428
430
424
430
430
430
434
432
424
424
432
428
418
414
414
414
414
422
424
432
440
432
432
432
432
432
444
450
454
464
462
464
458
444
444
442
442
442
448
446
448
452
458
462
460
456
454
452
452
446
442
440
434
426
432
438
442
450
456
460
462
464
474
474
474
472
468
470
470
470
472
466
466
470
462
470
466
466
468
472
472
480
480
484
478
470
460
464
458
470
470
470
470
476
478
480
480
482
478
484
492
490
482
478
480
472
476
468
460
460
456
460
456
466
466
464
470
464
468
466
464
468
476
478
472
474
474
490
490
486
484
484
484
484
480
484
484
480
478
476
472
468
472
476
476
472
482
474
466
464
460
464
456
460
466
466
462
466
466
458
454
454
450
450
452
448
454
454
454
452
450
446
454
442
444
446
442
444
452
462
464
464
460
466
460
454
450
450
452
454
458
452
454
458
458
450
460
458
456
462
464
460
454
448
450
458
466
468
470
470
476
476
480
476
482
482
474
474
474
468
472
470
470
470
474
476
476
474
470
470
474
478
478
474
474
474
474
472
468
470
472
474
478
478
486
484
494
508
516
518
526
526
520
526
528
530
532
532
526
528
526
526
514
504
504
512
508
508
512
512
504
508
516
506
502
512
516
514
516
516
510
502
496
496
498
496
498
506
506
512
508
512
514
516
512
520
524
516
522
524
520
518
510
510
518
518
516
518
518
514
512
508
512
512
512
514
520
528
530
530
538
540
544
540
548
542
540
540
540
546
546
546
548
542
542
534
528
528
526
526
534
526
534
532
542
538
540
544
538
536
530
528
532
530
540
536
538
540
542
536
530
530
530
540
538
536
532
528
526
530
530
530
530
532
534
530
524
512
518
518
518
518
518
520
534
536
538
536
536
538
540
534
536
532
532
542
542
542
528
530
536
534
534
528
528
524
524
528
530
524
530
530
536
534
534
532
532
536
540
546
546
538
548
552
552
550
544
548
550
550
544
540
544
544
536
532
534
548
542
538
542
546
536
538
538
532
528
516
520
512
512
504
502
508
514
524
520
510
508
496
502
498
492
492
490
496
494
504
508
514
520
526
532
536
526
524
522
520
522
514
518
520
514
508
504
512
514
514
510
518
526
526
536
542
534
532
530
526
532
530
534
536
534
532
520
514
510
506
506
514
514
516
522
530
530
532
522
522
522
516
508
512
500
496
492
498
506
508
508
512
508
506
512
510
510
504
512
516
506
510
518
516
524
522
524
522
508
512
508
502
502
500
500
502
502
498
494
492
504
500
496
494
504
504
504
506
510
500
494
494
500
502
502
500
504
492
498
498
500
508
508
496
506
506
508
514
508
496
492
496
498
498
508
506
500
500
504
504
504
504
496
500
504
504
496
496
506
504
504
508
516
516
518
522
522
520
514
520
506
502
502
504
512
512
512
514
510
512
524
522
520
512
506
506
516
516
512
504
502
502
510
514
512
520
526
536
538
538
538
534
526
522
520
516
520
520
522
526
518
516
518
518
510
510
518
524
530
522
536
540
538
538
532
540
550
554
556
546
546
544
546
552
560
564
568
572
568
570
580
586
580
580
568
568
574
574
570
572
570
566
566
574
574
576
580
582
572
576
576
568
570
566
570
566
570
564
564
562
556
556
560
560
566
568
570
568
570
576
580
580
582
580
584
590
586
596
600
598
600
594
596
594
592
596
600
596
606
618
628
636
644
644
650
646
646
646
634
634
644
638
626
626
624
624
612
612
614
608
604
604
598
602
596
590
588
588
600
596
594
592
602
598
598
614
622
620
616
612
610
600
596
594
596
594
594
594
594
596
596
594
594
586
592
590
590
584
594
594
598
610
606
610
616
620
618
616
622
616
614
616
616
622
618
616
620
620
620
612
618
618
624
632
634
634
642
638
636
634
636
646
636
642
638
640
634
642
646
652
644
644
656
656
658
658
658
644
642
648
644
652
648
642
640
632
636
626
620
616
620
620
610
620
622
620
622
626
626
636
626
628
618
618
614
614
614
616
616
618
620
624
632
628
632
630
636
640
638
646
650
654
652
654
650
644
640
648
642
646
638
644
648
656
654
652
658
662
666
672
676
682
682
688
690
700
706
714
718
722
722
722
728
732
736
734
728
720
718
712
712
718
714
712
720
716
706
708
708
714
700
700
700
694
694
692
694
698
696
694
702
696
702
700
706
702
706
714
716
718
716
710
700
704
694
692
692
688
688
680
676
676
678
664
666
678
682
678
678
692
702
700
692
686
680
682
678
670
670
678
676
670
666
650
650
650
652
654
646
652
652
648
648
656
652
646
642
638
644
630
624
624
638
636
636
636
632
642
642
630
638
640
640
638
640
640
640
642
632
620
626
632
632
636
640
636
646
658
660
666
666
674
674
678
688
694
692
696
688
688
692
690
692
696
694
698
700
690
686
680
680
682
684
698
702
710
708
710
710
710
710
710
718
720
730
730
740
730
730
734
738
732
740
728
724
718
708
724
726
722
720
728
716
714
714
716
708
710
710
712
720
720
718
718
718
714
714
716
710
708
708
710
710
710
706
700
696
682
678
682
682
678
684
692
690
694
692
686
690
692
700
700
694
694
694
682
678
684
686
698
696
700
702
708
704
704
706
702
700
698
702
706
700
700
708
706
710
716
714
714
724
718
716
726
734
730
728
718
726
722
728
734
736
738
746
734
734
736
734
734
730
738
734
734
734
728
728
730
736
740
746
742
742
748
736
734
734
728
728
728
732
730
734
738
742
740
736
736
736
742
744
734
732
732
730
738
734
736
732
724
724
732
736
728
726
732
732
718
718
716
714
716
710
718
720
720
724
716
714
712
716
716
706
706
706
700
706
714
724
726
726
726
734
728
730
728
720
720
722
718
708
704
700
704
704
704
704
702
698
702
704
702
710
710
712
712
708
716
716
718
724
720
720
710
710
718
716
716
720
716
714
710
706
700
700
702
702
700
694
694
694
692
692
692
686
688
690
690
688
688
688
682
686
688
682
684
684
688
684
686
688
692
692
690
694
694
690
692
696
696
696
690
692
690
692
684
684
688
692
684
696
710
710
708
708
712
708
710
708
708
710
700
698
694
698
698
708
708
710
706
710
716
718
722
722
722
730
734
740
740
738
744
748
752
746
746
746
746
742
750
746
744
748
746
748
740
734
730
742
742
742
740
736
732
728
734
726
716
718
708
706
696
698
692
688
688
686
674
674
682
668
662
664
678
676
670
678
682
682
674
674
670
674
674
668
664
662
662
658
654
654
654
658
658
648
658
654
654
662
650
648
646
644
646
648
648
650
650
646
646
650
642
640
640
636
638
640
638
640
642
638
634
626
632
624
628
614
606
608
616
622
620
624
622
624
630
628
620
612
618
622
612
604
602
606
602
606
608
610
604
604
608
614
618
616
616
622
626
624
630
628
628
636
636
638
640
650
650
650
654
658
660
670
674
678
