-2623
-2611
-2599
-2589
-2577
-2571
-2561
-2559
-2555
-2551
-2547
-2547
-2537
-2525
-2527
-2521
-2513
-2513
-2501
-2499
-2497
-2497
-2491
-2487
-2485
-2485
-2475
-2467
-2457
-2453
-2441
-2437
-2421
-2419
-2409
-2409
-2399
-2389
-2383
-2377
-2371
-2367
-2361
-2351
-2339
-2339
-2325
-2319
-2307
-2307
-2295
-2279
-2283
-2277
-2275
-2265
-2261
-2257
-2247
-2239
-2239
-2231
-2225
-2221
-2221
-2207
-2207
-2193
-2181
-2185
-2177
-2171
-2163
-2159
-2151
-2147
-2139
-2137
-2135
-2123
-2125
-2117
-2107
-2099
-2087
-2081
-2077
-2069
-2065
-2049
-2037
-2035
-2031
-2025
-2017
-2009
-2005
-1995
-1989
-1991
-1979
-1969
-1969
-1961
-1963
-1953
-1945
-1935
-1929
-1925
-1921
-1917
-1917
-1917
-1913
-1907
-1903
-1899
-1895
-1891
-1883
-1883
-1867
-1863
-1859
-1849
-1841
-1831
-1827
-1825
-1825
-1819
-1819
-1821
-1807
-1799
-1801
-1791
-1783
-1775
-1773
-1767
-1763
-1757
-1753
-1753
-1753
-1745
-1733
-1727
-1721
-1713
-1705
-1703
-1705
-1703
-1695
-1685
-1675
-1669
-1667
-1659
-1651
-1653
-1645
-1641
-1641
-1635
-1635
-1631
-1621
-1617
-1615
-1605
-1605
-1601
-1601
-1599
-1589
-1575
-1569
-1567
-1557
-1559
-1553
-1539
-1527
-1519
-1521
-1517
-1507
-1509
-1509
-1507
-1497
-1491
-1487
-1493
-1483
-1475
-1475
-1477
-1471
-1463
-1459
-1457
-1445
-1445
-1451
-1457
-1455
-1457
-1447
-1437
-1433
-1433
-1425
-1423
-1415
-1411
-1403
-1395
-1387
-1389
-1387
-1387
-1383
-1377
-1375
-1367
-1365
-1363
-1357
-1347
-1337
-1337
-1331
-1323
-1313
-1321
-1323
-1325
-1335
-1331
-1331
-1323
-1323
-1315
-1313
-1307
-1301
-1301
-1295
-1293
-1295
-1287
-1287
-1289
-1285
-1283
-1271
-1259
-1249
-1251
-1243
-1239
-1237
-1239
-1231
-1227
-1227
-1223
-1221
-1215
-1203
-1201
-1193
-1193
-1195
-1193
-1195
-1191
-1193
-1185
-1179
-1173
-1163
-1161
-1153
-1143
-1147
-1147
-1147
-1141
-1137
-1137
-1141
-1147
-1139
-1135
-1129
-1125
-1117
-1113
-1115
-1117
-1105
-1105
-1097
-1099
-1089
-1083
-1085
-1077
-1073
-1071
-1073
-1069
-1067
-1073
-1067
-1065
-1063
-1063
-1055
-1049
-1037
-1035
-1021
-1025
-1021
-1027
-1019
-1015
-1005
-1003
-1001
-1001
-1003
-987
-987
-981
-971
-963
-953
-961
-965
-965
-967
-959
-957
-961
-961
-963
-955
-955
-953
-947
-951
-949
-945
-941
-945
-941
-935
-931
-927
-919
-921
-923
-915
-907
-907
-895
-885
-889
-887
-879
-875
-865
-859
-859
-859
-853
-851
-853
-845
-855
-853
-853
-845
-839
-835
-833
-841
-839
-827
-819
-813
-813
-813
-805
-795
-791
-785
-781
-777
-781
-777
-769
-769
-769
-771
-773
-775
-773
-761
-759
-757
-755
-755
-749
-749
-757
-751
-753
-753
-751
-749
-741
-739
-731
-721
-721
-715
-715
-717
-709
-713
-711
-701
-705
-701
-695
-691
-697
-705
-709
-711
-719
-721
-713
-719
-713
-713
-709
-709
-715
-719
-719
-717
-719
-719
-717
-713
-701
-689
-689
-691
-683
-683
-683
-689
-683
-681
-679
-675
-681
-677
-677
-671
-667
-671
-663
-659
-655
-643
-633
-629
-621
-625
-613
-611
-605
-601
-601
-609
-623
-621
-621
-615
-611
-605
-599
-597
-597
-593
-583
-587
-589
-589
-593
-585
-579
-579
-571
-563
-551
-555
-551
-539
-537
-539
-547
-547
-543
-557
-557
-551
-561
-561
-549
-555
-549
-547
-549
-555
-545
-533
-545
-537
-537
-523
-527
-527
-527
-517
-521
-525
-513
-505
-511
-517
-523
-531
-527
-531
-529
-531
-531
-531
-529
-523
-521
-527
-523
-511
-505
-499
-493
-501
-507
-497
-489
-479
-467
-463
-467
-473
-471
-465
-459
-457
-451
-449
-449
-437
-431
-423
-421
-413
-409
-419
-427
-421
-427
-425
-423
-419
-411
-403
-399
-395
-389
-389
-385
-375
-367
-365
-363
-361
-353
-345
-333
-329
-333
-329
-331
-335
-329
-327
-325
-323
-329
-335
-325
-325
-333
-329
-335
-327
-323
-329
-333
-329
-323
-309
-309
-307
-305
-309
-317
-321
-315
-319
-323
-329
-313
-307
-305
-311
-317
-319
-317
-327
-323
-319
-315
-311
-307
-293
-281
-275
-275
-275
-271
-271
-267
-271
-263
-255
-245
-239
-239
-243
-251
-255
-251
-255
-259
-257
-253
-255
-255
-261
-261
-261
-269
-263
-261
-249
-251
-253
-253
-249
-247
-239
-229
-233
-233
-233
-231
-231
-235
-219
-217
-215
-219
-219
-217
-213
-209
-211
-219
-221
-217
-225
-217
-219
-219
-219
-217
-215
-213
-209
-217
-211
-211
-213
-209
-211
-213
-209
-209
-217
-209
-213
-215
-207
-193
-199
-207
-203
-193
-185
-183
-179
-175
-179
-171
-155
-155
-155
-155
-157
-153
-159
-153
-145
-143
-139
-137
-131
-129
-133
-133
-143
-149
-137
-135
-133
-141
-141
-141
-141
-145
-145
-147
-145
-151
-145
-153
-141
-139
-139
-135
-139
-139
-141
-133
-133
-133
-137
-135
-135
-133
-131
-123
-121
-119
-115
-117
-113
-109
-107
-103
-103
-95
-87
-91
-95
-97
-93
-83
-95
-101
-105
-103
-101
-105
-103
-99
-105
-105
-109
-111
-109
-119
-127
-119
-113
-117
-119
-121
-125
-127
-129
-133
-135
-141
-147
-147
-141
-149
-153
-155
-157
-157
-151
-151
-153
-141
-141
-141
-137
-145
-147
-147
-143
-139
-129
-123
-121
-125
-125
-123
-119
-117
-113
-111
-117
-113
-107
-103
-113
-103
-93
-95
-97
-107
-111
-111
-105
-105
-99
-93
-87
-91
-81
-85
-91
-101
-101
-97
-97
-97
-103
-95
-95
-93
-101
-99
-89
-81
-75
-77
-73
-77
-81
-73
-67
-75
-79
-91
-91
-83
-87
-87
-89
-81
-81
-87
-91
-79
-75
-77
-69
-67
-71
-79
-73
-65
-59
-55
-55
-51
-43
-43
-45
-47
-45
-39
-37
-29
-25
-27
-33
-31
-25
-21
-23
-29
-27
-21
-19
-15
-5
1
1
3
11
1
1
-3
3
-1
7
7
5
13
15
13
17
15
13
3
3
7
19
19
19
17
23
29
39
37
43
43
43
45
37
31
27
33
33
41
43
39
41
33
27
23
25
23
33
35
33
29
33
31
21
23
23
21
15
19
19
21
19
13
-1
-15
-13
-19
-21
-21
-27
-31
-31
-31
-23
-25
-27
-17
-7
-3
3
7
9
15
15
13
9
11
9
11
11
13
17
13
13
13
17
19
17
13
5
9
5
-3
-7
-9
-15
-19
-15
-5
-9
5
1
-1
-5
1
9
11
7
5
-3
-1
-1
-5
-3
-5
-1
-1
-5
-3
5
3
7
5
5
1
7
5
3
-1
-7
-13
-5
1
11
13
21
29
23
15
9
7
3
5
15
19
19
13
15
17
9
-1
1
1
-1
-7
-3
-5
7
3
3
-1
-5
-7
-13
-13
-3
3
-1
1
-5
-9
-13
-7
-3
1
1
-1
3
-7
-13
-17
-19
-21
-29
-35
-29
-31
-29
-27
-29
-27
-27
-25
-21
-23
-17
-17
-9
-11
-11
-11
-15
-7
-5
-9
-1
7
11
11
7
7
3
-1
-5
-5
-3
-1
1
1
9
3
15
9
5
7
9
17
17
25
33
39
41
43
47
45
41
33
33
37
47
49
49
39
33
35
39
47
45
41
49
53
45
45
37
47
49
41
41
35
35
33
35
33
33
23
29
29
31
33
35
37
41
49
61
73
73
71
73
81
75
75
79
85
91
91
91
91
83
83
85
85
87
85
95
87
91
81
81
79
85
87
83
89
87
93
87
83
91
91
95
101
107
113
113
111
121
125
121
111
109
105
105
101
105
95
97
97
103
103
103
103
101
101
103
111
111
117
125
123
111
111
111
105
107
111
105
107
113
115
123
129
129
123
119
121
123
123
123
127
135
137
149
161
163
161
147
149
153
145
151
163
161
167
163
163
155
157
153
153
157
157
149
139
129
121
117
121
121
111
103
111
113
113
117
111
107
105
107
107
113
105
107
103
99
111
121
117
119
115
117
119
107
105
115
117
117
107
111
107
107
99
97
93
99
89
95
103
99
95
103
105
107
103
119
113
115
111
109
109
111
113
99
103
101
111
119
119
115
113
113
121
125
125
127
131
141
145
139
135
135
137
139
135
141
139
145
147
143
139
143
147
147
139
139
139
133
131
135
133
131
129
123
121
121
109
101
101
103
105
115
113
111
117
129
121
117
115
109
97
105
107
119
129
129
119
119
115
111
117
121
127
125
119
119
113
121
127
129
129
123
127
127
117
117
125
137
137
133
127
127
121
127
125
123
123
123
121
117
117
115
115
119
123
121
121
125
121
121
123
127
139
129
127
121
119
123
123
117
125
125
129
127
131
135
139
145
147
143
145
145
149
149
151
157
157
155
145
145
145
137
131
139
145
143
145
145
139
147
153
143
149
151
151
157
151
147
149
149
149
153
151
153
165
161
161
171
167
165
161
165
161
161
161
161
173
175
167
167
171
181
181
179
187
189
199
193
197
191
189
193
199
197
193
191
183
181
187
189
193
199
195
199
199
207
203
213
211
213
211
213
217
209
209
211
211
199
203
201
217
219
233
233
231
227
231
223
223
227
221
221
219
211
207
197
205
201
195
195
199
201
199
201
211
211
213
213
209
211
209
209
221
217
213
209
219
221
223
229
229
231
221
223
231
233
227
229
227
235
235
231
233
233
223
227
223
225
225
215
227
225
231
225
231
231
227
233
231
243
241
253
257
251
265
265
257
253
251
263
273
275
275
275
273
285
279
281
279
281
283
289
289
291
287
289
287
273
265
267
271
275
279
275
271
267
267
271
271
269
267
267
263
259
263
255
255
247
249
243
239
241
241
241
229
227
231
235
229
223
233
241
251
249
259
265
265
265
263
265
275
271
265
271
269
273
269
263
265
267
273
271
273
269
261
263
265
263
259
257
247
247
241
237
237
239
243
249
239
233
237
233
233
233
235
235
239
237
239
241
237
233
233
233
237
245
243
243
243
237
237
245
249
247
239
245
243
239
239
251
263
257
253
259
257
255
251
251
249
243
243
243
245
243
237
243
237
227
229
225
229
227
233
237
239
239
247
247
243
245
243
243
245
243
245
243
237
243
237
229
235
239
241
239
245
247
245
251
251
245
239
227
233
235
231
229
223
223
223
229
229
225
225
223
209
213
207
209
205
213
215
217
225
229
221
233
239
233
231
233
233
223
229
235
237
235
229
221
211
209
205
209
203
205
195
197
205
199
199
203
193
193
191
195
187
183
175
173
177
185
181
185
189
189
181
171
171
173
179
173
175
169
161
163
171
173
167
169
173
181
195
191
193
189
197
197
199
199
197
203
207
209
203
207
207
211
211
211
211
205
203
201
201
195
199
209
203
203
197
201
211
217
217
215
209
211
211
217
217
221
229
235
227
227
231
231
227
219
225
221
225
229
227
231
233
231
225
223
223
221
215
215
217
217
213
211
213
223
219
213
215
229
229
235
229
245
247
251
249
247
253
243
243
239
237
243
239
243
235
249
257
255
255
247
239
239
247
245
247
247
247
255
251
255
261
259
267
277
285
289
293
291
295
285
289
291
281
285
285
281
281
287
293
299
301
301
305
301
295
293
297
291
287
301
295
289
289
281
285
283
275
275
269
271
275
281
281
281
289
291
293
287
291
285
277
285
289
303
291
295
295
291
293
293
287
289
289
279
269
263
269
273
267
269
267
269
267
267
267
275
269
283
281
279
283
281
281
281
289
287
287
277
267
271
267
261
259
259
265
265
267
277
277
271
269
273
273
271
271
281
281
281
273
275
277
267
267
277
277
277
269
265
267
267
259
265
255
261
261
257
259
257
261
267
275
273
271
271
269
267
267
259
261
253
253
247
247
263
261
253
251
241
239
239
237
235
241
239
251
247
249
249
239
237
235
235
243
235
239
235
231
231
225
227
231
225
221
221
227
215
215
201
207
205
211
211
213
217
217
215
217
213
207
209
199
211
207
199
209
215
215
205
199
203
213
217
217
217
213
211
211
215
211
201
203
211
201
195
189
189
189
193
191
203
213
217
221
221
221
219
223
215
209
215
215
217
225
225
217
215
215
217
225
225
221
223
221
221
221
221
221
223
215
209
223
229
229
233
235
235
235
233
229
225
223
227
233
237
235
233
231
235
235
225
235
235
235
223
219
219
221
213
227
227
231
229
223
229
223
235
233
235
235
235
227
237
241
229
229
229
221
221
209
213
211
213
213
215
223
219
213
215
213
209
203
201
195
197
187
187
187
179
179
181
185
191
189
189
195
201
203
195
203
205
207
199
203
203
205
205
205
203
205
205
209
209
217
215
211
211
211
209
207
209
215
215
213
209
219
207
203
207
213
215
217
225
227
217
211
213
217
217
209
219
215
209
213
207
199
195
197
197
199
209
205
209
215
223
221
217
217
215
225
223
221
215
217
217
229
227
229
233
235
241
243
237
235
229
223
223
231
235
237
237
241
235
245
245
239
235
241
247
249
253
241
245
243
241
247
247
247
251
251
245
239
239
237
225
219
221
225
219
213
215
215
213
207
213
217
217
217
213
213
221
207
203
193
189
189
185
187
185
175
175
175
177
185
183
177
185
183
187
191
199
199
201
197
189
183
189
187
185
193
191
183
185
189
195
201
203
209
209
209
211
203
197
197
201
203
211
207
213
217
221
221
221
219
215
215
211
209
211
209
207
219
219
219
221
227
233
229
231
231
225
239
237
237
237
237
239
239
237
239
235
227
235
235
247
243
241
243
241
243
233
233
233
229
225
223
213
209
209
205
205
203
205
209
211
211
199
199
197
193
189
189
183
187
181
181
175
171
173
167
177
171
173
167
167
157
155
153
153
149
155
143
143
139
133
127
127
125
131
125
121
115
127
131
131
131
135
143
147
147
147
145
149
151
153
153
155
151
147
143
149
149
147
153
151
149
163
161
155
153
149
149
159
155
159
151
145
135
133
129
121
119
125
127
127
125
135
123
129
129
117
125
131
131
125
129
135
149
143
133
127
117
129
125
123
127
119
123
129
121
123
133
125
121
119
119
115
119
121
121
123
119
123
115
107
115
115
117
123
131
129
121
115
107
113
121
111
103
109
95
105
107
101
105
105
111
103
103
103
103
93
85
83
83
89
95
91
83
81
77
77
81
79
73
69
71
81
89
81
93
95
81
81
83
87
81
85
93
87
87
81
75
77
73
69
67
71
69
73
81
79
73
65
65
69
65
69
71
69
71
63
63
65
63
63
59
55
63
73
71
75
81
83
79
75
73
79
81
83
77
83
87
87
83
75
75
75
61
63
65
63
55
57
61
61
65
61
57
67
67
69
71
73
73
75
81
85
87
81
83
81
75
77
83
85
75
75
79
77
79
81
81
81
73
63
51
49
47
55
49
49
47
49
57
57
55
55
43
39
41
41
39
45
41
39
45
45
43
43
45
43
41
37
47
45
45
51
41
37
25
19
19
17
27
41
33
29
31
41
47
49
49
51
53
49
41
39
39
43
27
27
27
25
21
21
19
15
21
19
17
13
9
9
9
15
19
13
11
19
21
13
13
9
7
-1
5
5
7
5
17
15
15
9
17
7
19
9
5
21
15
9
13
9
1
-1
-5
-3
3
7
9
-3
-11
-17
-17
-11
-11
-11
-17
-29
-23
-19
-19
-19
-19
-13
-11
-5
-3
-9
-11
-9
-11
-13
-17
-7
-7
-1
-5
-5
-1
-3
3
5
9
9
15
9
5
3
3
-1
3
9
7
1
3
5
1
1
-3
3
-9
-9
-9
-15
-9
-5
-9
-13
-11
-17
-13
-11
-19
-27
-23
-27
-21
-25
-23
-27
-31
-29
-33
-27
-33
-29
-25
-23
-17
-11
-3
7
3
-1
1
3
13
17
7
7
5
9
3
-1
5
7
19
25
23
23
25
23
29
29
33
29
17
15
15
21
19
19
27
21
27
25
27
25
27
33
33
37
41
43
41
37
29
25
31
27
27
33
35
35
33
31
29
31
31
27
21
23
25
23
17
23
29
23
17
13
17
19
25
31
37
29
27
31
33
37
37
35
37
31
39
45
43
37
43
45
53
49
49
43
43
43
39
39
39
43
47
53
57
55
51
51
51
55
57
61
55
57
55
51
57
59
59
61
55
51
53
55
57
59
67
63
59
53
65
59
51
47
43
43
47
49
57
45
47
49
55
53
57
57
57
63
59
59
47
47
51
59
61
71
79
83
85
79
85
85
95
89
89
87
93
89
91
93
97
95
97
105
105
103
105
103
109
109
101
105
115
109
111
111
109
107
113
119
123
129
131
139
143
141
135
137
125
123
125
121
121
115
125
127
121
117
111
115
109
115
115
117
113
117
121
111
105
113
111
119
109
107
115
123
125
121
121
117
119
125
117
113
115
113
115
115
123
119
109
109
119
117
117
121
123
123
125
121
115
123
129
129
131
125
123
123
121
121
113
119
111
111
103
101
105
95
89
89
89
95
95
95
93
89
85
87
81
87
75
69
67
55
63
71
67
67
75
79
79
73
75
79
81
79
87
85
83
93
91
91
83
77
77
79
83
83
83
89
81
71
75
75
77
77
73
75
69
75
75
85
87
93
99
103
101
107
103
111
115
119
117
117
113
117
117
127
129
127
125
121
121
121
121
125
135
143
143
141
143
139
137
131
123
121
129
131
133
129
129
127
127
121
127
131
121
121
123
121
131
131
125
117
125
121
119
117
115
109
121
127
127
123
123
129
141
145
145
143
147
145
139
143
135
139
141
139
131
125
133
129
129
141
139
143
147
141
141
131
123
115
113
109
97
93
85
89
87
81
81
79
87
81
81
77
75
75
73
77
79
85
77
77
73
77
73
69
69
73
71
69
71
65
55
57
63
73
75
81
81
81
79
85
85
77
77
77
85
85
79
73
73
67
75
83
75
75
79
75
83
81
81
75
73
77
77
77
77
85
91
91
93
89
91
91
97
89
83
81
85
91
99
113
117
111
115
115
115
107
113
117
117
117
117
127
127
135
137
137
139
143
151
159
165
157
143
149
149
149
161
159
151
157
151
147
151
145
149
153
153
157
155
151
153
149
141
143
145
141
133
133
139
123
129
131
131
139
135
139
131
121
117
125
123
123
119
123
127
131
127
121
113
117
109
111
101
93
89
101
109
117
117
115
111
105
113
105
101
105
105
103
101
101
103
105
99
103
99
99
101
97
101
101
107
99
97
95
93
93
91
97
113
113
111
107
107
109
113
115
111
105
107
107
115
107
107
105
101
101
105
105
109
111
109
107
107
101
101
101
95
101
101
109
107
113
123
121
121
129
139
147
147
143
145
139
137
137
135
143
137
135
131
133
139
133
131
131
125
129
135
135
133
141
137
133
129
129
123
123
117
103
109
99
97
95
95
93
89
99
93
101
99
99
95
87
87
93
87
95
97
103
97
99
105
109
105
115
111
111
109
115
107
101
89
87
87
81
81
79
79
79
73
65
55
49
55
61
63
61
53
59
71
77
79
77
75
79
81
77
79
79
73
69
69
57
49
53
55
55
53
51
51
53
53
49
49
59
51
55
55
51
47
51
57
57
49
45
51
53
47
55
51
61
63
67
67
75
69
67
69
63
71
79
73
73
73
63
59
59
55
53
53
53
59
69
73
77
81
75
77
69
65
71
63
61
59
51
43
37
41
35
37
39
35
39
43
43
45
49
39
35
37
35
33
37
45
45
35
33
23
13
9
7
15
9
13
23
23
21
27
33
29
27
27
21
23
21
25
33
29
29
29
27
27
23
23
21
11
5
9
11
7
1
-3
-5
-3
1
1
-3
9
11
11
11
19
25
25
27
21
9
11
15
15
13
13
11
15
5
11
11
17
7
9
5
5
-3
-13
-9
-5
3
7
9
11
11
13
13
15
15
17
23
19
21
9
13
17
23
31
25
29
23
21
13
15
5
1
7
7
11
13
3
1
5
5
1
-5
-11
-15
-15
-1
-1
-5
-9
-9
-9
-3
-1
-5
7
19
19
33
35
35
39
41
35
39
39
41
33
33
35
41
41
35
47
45
39
33
41
37
39
43
35
37
41
51
51
55
57
51
51
57
51
45
51
49
53
61
65
61
57
71
79
75
81
85
85
79
79
87
97
101
109
113
115
113
125
125
123
131
131
121
127
127
133
133
143
147
151
157
151
155
151
159
153
149
155
161
159
159
159
159
159
157
157
159
155
159
159
163
163
169
165
157
151
145
145
145
151
153
165
175
171
179
171
171
179
175
177
181
185
185
175
173
177
165
165
165
163
169
173
181
175
177
171
171
173
169
171
179
189
195
187
181
175
179
189
183
181
181
183
185
187
185
189
181
179
187
185
181
173
161
149
137
137
143
143
145
139
149
149
141
141
143
139
135
131
135
125
123
123
129
133
131
133
135
131
133
121
119
123
123
121
115
123
125
127
123
127
127
131
133
137
139
133
133
131
123
123
129
129
129
133
137
139
147
155
145
151
161
155
159
161
173
177
183
189
195
201
205
207
203
197
199
201
203
205
201
191
193
187
183
187
199
189
197
197
181
189
191
195
189
193
187
191
195
185
187
193
193
197
197
197
191
191
187
187
187
189
183
183
195
187
189
185
183
189
191
189
191
191
197
195
197
193
197
195
195
197
197
195
183
187
183
183
189
187
183
187
183
179
179
181
181
181
173
163
161
161
161
161
159
159
159
155
155
167
163
165
171
175
169
163
165
167
163
161
163
161
163
167
165
163
161
163
169
171
159
167
167
167
171
167
163
169
175
169
169
169
171
169
169
167
171
169
173
179
183
185
193
181
185
179
171
173
171
167
165
175
177
177
169
159
155
151
145
149
151
147
143
143
143
143
133
133
129
129
131
125
129
131
129
131
131
123
123
125
121
125
121
119
129
127
125
129
133
131
133
131
131
123
121
117
125
123
119
119
119
113
111
119
121
129
127
135
129
135
139
135
137
129
135
141
147
149
155
165
163
163
163
161
161
165
167
161
155
153
149
151
153
153
159
161
159
161
161
157
155
151
141
141
143
143
143
147
149
145
133
121
115
111
113
119
121
119
113
109
113
107
113
105
109
117
119
121
127
127
135
133
137
133
139
133
143
143
139
131
131
129
139
135
141
141
147
147
147
145
149
157
155
159
145
131
137
131
127
127
127
125
133
133
129
127
123
123
121
123
115
113
113
105
113
113
105
101
91
97
97
87
79
79
81
83
75
75
69
63
61
55
61
57
65
57
53
51
53
49
49
49
53
59
57
63
65
65
67
61
63
69
61
61
63
61
67
67
71
71
73
69
81
75
85
85
87
83
71
63
53
49
43
47
43
47
45
49
51
55
53
49
51
53
61
57
61
57
47
43
41
43
45
39
39
45
45
47
55
59
59
57
65
55
65
75
75
71
71
77
75
75
79
81
87
87
87
95
93
97
97
99
101
91
91
91
95
91
93
93
95
91
103
103
107
101
111
111
111
113
115
121
127
119
115
115
109
113
117
131
123
115
115
111
105
107
111
105
97
95
99
93
97
97
87
85
85
85
95
99
93
97
103
97
105
105
109
107
121
121
121
119
119
111
115
115
121
123
115
99
99
95
87
81
91
97
97
105
103
113
113
117
117
121
111
113
107
117
127
129
133
135
141
147
155
147
149
139
147
143
145
153
149
151
151
151
143
149
143
147
143
145
153
157
151
163
157
157
151
145
137
139
139
141
141
139
139
145
147
155
157
157
159
151
151
145
149
153
153
161
153
153
161
163
153
153
163
161
157
153
153
163
155
163
161
167
177
167
167
167
167
175
173
175
169
171
171
175
169
161
157
153
149
141
139
135
133
129
133
139
143
147
147
155
155
159
165
163
165
165
159
161
161
159
155
155
155
155
149
147
147
141
143
137
123
129
131
133
131
129
131
135
131
137
131
125
127
125
127
121
121
113
111
109
105
111
111
111
119
119
135
145
147
147
137
137
131
127
125
119
119
121
127
127
135
135
135
133
137
139
135
137
127
129
129
123
127
127
121
123
117
113
117
119
121
115
109
109
115
117
117
113
115
117
115
109
107
113
117
121
113
109
101
101
101
95
103
103
101
107
105
95
97
95
95
103
107
105
109
109
115
115
129
141
139
131
129
119
123
125
129
129
127
129
125
121
119
119
121
123
129
127
135
133
141
143
141
149
149
149
151
155
161
161
163
157
155
153
153
159
157
149
147
135
143
151
157
167
165
167
177
173
175
175
173
173
175
179
173
169
159
161
161
159
161
155
149
153
147
145
143
145
155
151
155
157
163
155
149
143
145
141
143
149
149
149
141
141
135
129
127
117
111
111
111
111
113
109
109
105
103
103
107
101
107
111
115
107
109
111
117
111
111
117
123
119
121
125
125
117
119
113
101
99
89
87
73
85
83
83
87
87
97
93
105
101
103
101
103
105
103
103
99
97
99
103
95
97
95
95
99
97
95
89
87
85
83
83
73
63
63
61
49
59
59
61
63
67
69
69
73
73
71
75
79
79
81
85
93
93
89
97
91
99
105
111
107
113
113
113
117
117
117
115
109
103
103
113
113
121
125
125
127
127
125
117
123
127
137
143
143
143
143
147
143
151
145
143
143
131
129
131
129
133
141
141
143
139
143
145
147
149
157
151
157
157
157
159
165
173
167
167
171
177
175
169
169
171
175
175
167
175
175
179
169
171
173
169
169
161
157
151
147
151
151
153
153
161
161
161
157
163
159
155
153
153
155
153
157
161
165
157
153
161
159
167
171
169
171
169
163
169
169
177
175
169
169
163
163
169
153
153
153
167
177
181
179
171
175
169
167
171
173
181
175
181
189
189
189
183
175
183
181
193
193
201
207
207
201
199
201
203
199
213
209
217
225
233
237
237
235
231
227
219
213
209
217
223
219
221
221
221
217
229
231
229
225
223
223
231
245
235
235
235
235
235
237
231
241
239
243
249
243
239
233
223
219
215
215
209
215
215
217
221
219
217
209
213
217
215
215
215
217
213
215
217
213
207
211
219
211
205
195
193
191
195
193
191
187
191
195
191
189
195
187
187
183
175
181
185
177
181
183
191
187
187
177
183
183
181
175
177
185
195
185
179
181
175
181
179
181
191
195
195
189
205
199
193
191
185
183
185
183
185
181
187
187
189
187
183
183
183
183
189
189
197
197
193
195
191
185
183
185
193
189
189
199
197
201
195
197
197
197
189
193
187
187
193
193
195
201
207
209
213
209
213
211
203
193
195
201
207
207
201
195
199
201
203
203
201
205
207
207
205
199
205
213
213
213
215
213
211
211
211
215
217
217
223
225
225
231
229
233
229
223
231
237
239
241
241
241
235
235
235
239
227
231
247
247
251
257
263
263
263
261
255
253
261
265
265
259
255
259
259
269
273
271
259
251
249
241
239
235
243
245
239
231
229
229
227
221
219
219
219
229
229
223
219
207
211
205
201
207
207
203
199
197
197
207
205
207
215
223
215
215
207
213
215
223
227
231
229
221
223
229
233
241
237
233
241
241
247
251
243
239
243
247
243
243
245
239
243
237
241
243
245
239
235
241
243
241
241
243
239
231
231
227
221
213
215
215
209
213
211
221
227
223
223
223
235
241
247
251
257
261
255
257
247
247
243
243
231
235
241
247
237
239
243
241
249
249
249
255
261
267
263
265
261
265
265
259
259
257
271
279
281
271
263
259
257
245
247
253
245
239
239
241
241
239
251
247
247
255
261
259
261
261
273
271
283
285
289
277
279
281
283
281
285
281
281
287
289
295
299
299
297
301
299
297
287
287
281
275
277
277
275
269
271
283
281
283
279
275
283
283
281
279
283
287
281
285
291
295
297
305
309
301
299
293
301
309
315
311
309
303
313
307
305
301
299
295
289
291
297
297
297
305
313
311
313
315
311
303
303
307
301
297
293
293
297
305
305
305
305
309
315
321
323
315
309
307
311
311
307
297
297
295
301
301
303
297
289
295
291
281
293
295
293
291
285
281
273
285
283
287
287
291
297
293
299
291
297
297
301
297
303
299
293
293
287
281
281
275
279
275
271
275
271
277
273
271
271
273
273
277
281
285
283
279
281
271
269
269
281
279
265
269
275
273
263
257
263
275
271
271
265
275
269
269
265
271
275
283
271
267
267
263
263
261
263
259
257
257
249
251
253
247
253
255
247
247
243
245
253
247
237
233
231
239
241
253
245
241
237
239
229
237
237
227
219
221
221
215
227
225
223
215
207
217
213
207
199
201
199
195
185
187
187
191
205
203
201
201
197
201
201
207
207
215
217
211
207
215
217
211
213
221
221
209
209
209
211
215
223
225
231
227
225
229
229
229
235
243
241
245
243
243
239
233
233
233
239
233
235
235
239
239
239
243
245
249
257
265
265
265
263
255
251
257
253
255
257
263
271
267
273
281
283
277
279
279
281
279
275
273
273
271
267
273
277
275
275
277
265
269
273
273
277
279
279
291
285
289
289
293
297
293
293
279
285
289
281
279
283
279
281
279
271
285
291
289
285
285
279
269
267
265
257
247
247
245
239
229
231
225
223
223
223
227
229
231
237
233
227
225
233
237
233
233
227
239
241
249
251
251
245
249
237
243
241
249
239
239
239
233
233
239
241
241
245
245
245
239
243
231
227
229
231
235
243
241
243
235
243
251
255
251
255
253
253
247
243
247
243
247
251
261
257
259
263
261
257
247
247
243
241
245
247
249
237
235
237
239
231
241
241
245
247
249
257
257
255
245
247
251
259
259
259
261
263
259
263
251
241
245
249
249
243
239
235
235
235
239
245
255
267
269
275
275
267
265
257
261
259
255
253
241
239
241
243
243
241
235
241
239
233
221
217
213
217
225
227
231
223
227
225
233
229
225
215
219
219
215
199
215
221
231
227
227
233
237
233
233
231
227
219
225
231
235
225
221
221
221
217
229
239
233
233
239
241
245
249
247
243
243
245
241
239
237
243
245
251
265
261
265
273
271
281
291
295
295
291
297
301
305
309
315
319
325
325
325
309
307
305
313
315
315
321
323
311
305
299
305
305
309
323
325
321
321
319
319
319
319
325
325
325
331
331
325
323
325
325
325
327
331
329
319
305
311
313
321
321
321
333
333
341
343
339
347
351
353
351
359
349
339
331
337
331
335
339
337
333
327
329
331
325
329
339
339
349
351
347
341
343
339
337
345
339
335
331
335
337
335
333
325
321
319
309
305
305
309
309
313
325
331
329
331
335
329
339
339
343
347
343
335
333
333
325
329
331
331
331
329
325
333
333
329
323
333
333
333
339
339
337
347
341
345
345
343
343
349
351
347
351
333
327
327
323
325
331
321
315
323
329
323
313
315
315
319
317
305
305
313
313
315
309
305
305
309
309
309
309
305
311
317
311
311
311
311
307
301
307
309
309
307
305
307
301
305
317
321
319
319
325
335
341
337
341
353
353
349
345
349
341
341
331
329
323
325
321
321
335
345
341
329
329
329
325
327
327
331
327
321
327
323
315
317
317
329
329
333
333
335
335
329
323
323
337
337
337
335
329
323
321
329
327
331
327
335
327
325
317
315
303
303
305
291
291
291
291
295
297
297
301
303
295
297
295
301
299
293
299
291
291
297
307
307
305
301
299
299
305
305
317
317
319
321
313
303
303
307
301
295
305
301
299
297
301
305
313
319
325
333
335
335
335
339
331
329
331
327
323
321
315
317
319
321
321
323
339
345
343
341
341
339
339
335
329
325
327
327
321
319
319
329
327
325
333
335
337
339
345
353
355
357
353
351
347
347
349
355
357
361
361
361
355
355
359
359
359
357
355
349
341
333
339
343
343
341
353
355
351
363
365
365
365
363
367
371
379
373
375
369
373
373
367
353
353
347
345
341
345
345
347
353
355
353
351
351
355
353
349
351
341
345
351
361
367
375
379
383
379
379
375
375
377
369
361
367
363
369
367
371
373
377
365
361
365
357
355
357
351
339
345
335
341
341
339
339
331
335
331
331
331
343
339
339
339
339
339
345
343
345
343
343
341
345
339
339
339
335
335
335
339
339
329
323
325
325
325
335
345
345
343
343
341
341
335
337
333
327
319
325
329
331
327
327
321
315
315
321
321
321
313
313
309
305
301
297
297
297
305
297
305
297
295
289
279
285
281
281
281
279
271
277
287
291
287
301
301
297
303
309
303
307
303
303
309
309
307
307
317
317
303
305
301
305
303
297
291
283
287
291
297
293
299
305
301
305
305
305
307
309
313
317
313
315
307
311
313
309
305
311
315
311
305
303
311
313
315
311
309
303
299
299
303
297
295
287
285
283
281
279
273
275
261
257
251
243
241
245
241
239
237
237
233
233
235
231
233
243
243
243
239
237
241
237
237
237
219
219
217
221
221
221
221
225
217
209
219
223
225
219
211
213
207
217
217
229
231
241
243
241
227
219
217
213
215
217
217
227
215
225
227
225
231
217
215
215
225
229
223
223
227
231
235
235
237
237
235
235
239
241
239
235
235
227
235
239
235
239
241
235
231
223
221
223
227
223
227
231
235
235
241
241
245
241
245
245
237
231
235
235
237
235
235
227
221
227
241
235
235
241
241
231
227
231
231
235
235
233
229
235
239
229
227
219
219
221
217
223
221
219
215
211
213
213
219
221
225
223
227
235
237
233
233
235
229
237
235
243
249
251
243
243
241
249
245
235
235
235
237
237
227
223
213
209
213
219
227
231
231
229
225
221
237
233
225
225
227
231
231
235
239
237
245
253
253
243
243
249
255
261
257
249
253
243
249
243
253
259
267
271
265
267
265
267
259
263
263
267
263
267
279
273
273
279
271
277
273
279
289
275
287
289
285
279
285
291
301
309
311
311
313
301
297
289
285
283
289
291
291
295
295
299
305
297
287
283
277
289
291
299
293
293
283
279
275
283
279
283
275
281
275
277
275
275
271
275
265
265
255
255
263
265
255
253
253
251
261
263
261
261
259
267
269
279
275
261
261
259
257
259
251
243
239
239
243
231
233
229
219
223
221
229
235
227
237
245
241
239
227
229
225
231
223
219
219
219
217
215
217
213
203
199
201
197
197
197
195
197
195
195
191
193
191
181
189
195
193
201
195
201
201
209
205
197
197
195
195
207
207
197
197
189
187
193
185
179
177
183
181
181
179
179
177
181
171
171
177
177
177
183
179
181
185
195
195
187
185
191
201
205
205
201
197
201
189
181
171
165
165
163
163
167
163
163
163
167
159
159
153
153
155
145
145
139
139
147
145
147
143
135
139
141
145
141
141
135
133
127
127
139
143
147
153
153
151
163
159
155
149
153
159
163
165
169
167
165
171
169
159
153
161
161
161
159
159
155
151
151
147
149
149
151
153
153
161
161
165
165
161
161
161
161
163
167
167
169
169
173
175
177
179
177
181
177
179
183
179
181
181
173
171
179
181
183
187
185
185
187
187
191
197
193
189
181
185
187
187
193
193
189
183
181
171
183
193
197
203
205
215
219
213
213
221
227
231
229
221
221
215
221
221
227
223
227
223
225
227
233
237
241
245
241
245
247
255
263
259
261
265
265
263
265
259
261
265
263
267
275
277
279
269
271
269
263
259
253
257
259
269
279
277
277
275
271
275
275
277
275
277
289
281
281
273
275
269
277
273
277
273
265
257
255
251
251
261
267
267
263
259
255
255
253
263
253
257
251
261
265
263
261
273
279
277
271
265
255
255
253
253
261
259
255
249
257
251
263
265
267
261
275
279
283
281
281
289
283
283
289
291
279
289
293
285
287
275
277
271
259
263
261
255
261
263
257
259
263
255
249
253
251
245
247
247
247
245
255
255
259
267
267
263
261
269
263
263
269
269
267
263
261
261
267
263
269
267
271
271
269
275
273
263
257
259
257
255
253
243
243
237
235
245
239
243
247
247
245
257
257
253
239
235
233
225
229
227
217
215
213
217
221
217
213
217
221
225
225
221
225
227
221
227
229
235
231
237
247
239
239
239
223
223
219
217
221
213
209
209
211
213
225
221
223
231
227
227
229
221
229
227
211
201
195
197
199
199
213
221
227
219
227
225
217
221
229
233
235
245
245
249
243
253
251
241
235
225
225
219
221
215
221
219
225
217
231
227
233
235
233
219
217
223
211
213
205
201
203
205
193
195
191
193
193
205
213
215
213
211
217
211
211
209
199
191
197
195
203
205
201
209
205
205
213
215
221
231
231
219
215
223
217
217
223
215
219
221
221
221
223
223
213
209
207
211
209
209
203
207
203
199
199
191
191
189
183
187
187
193
197
193
195
193
193
203
199
193
187
181
185
185
193
199
211
215
215
207
197
205
205
205
201
205
209
209
209
209
217
219
221
221
219
225
225
229
231
227
231
231
235
235
235
243
239
239
237
229
241
229
225
233
241
237
235
235
233
231
229
227
235
239
227
229
233
225
229
229
229
219
211
221
213
205
205
213
211
217
227
227
231
225
231
221
221
225
217
213
215
215
211
221
221
213
207
209
201
203
203
199
201
197
197
197
205
205
199
193
195
201
191
191
187
183
187
181
181
181
187
185
191
191
191
189
195
191
199
195
195
201
205
205
201
201
193
203
207
213
215
215
213
213
213
215
211
217
217
217
219
219
215
217
219
219
219
219
231
227
227
219
229
235
247
247
253
249
259
257
249
255
255
257
251
241
243
235
235
239
235
229
229
227
235
235
233
235
237
233
235
247
241
251
257
267
267
267
269
271
271
269
261
261
259
257
253
253
255
249
247
249
243
239
239
243
249
249
263
255
257
255
251
247
253
255
247
243
239
235
227
231
231
235
229
233
241
245
249
243
245
251
257
259
265
277
275
279
275
275
277
291
299
303
303
307
299
307
313
319
323
331
329
331
323
331
331
329
329
327
323
323
331
335
339
325
329
323
327
333
339
329
335
337
343
341
335
341
343
343
335
325
331
325
329
329
329
329
337
335
333
337
335
335
333
331
331
333
335
335
331
331
329
335
333
329
331
329
329
327
335
333
329
335
337
341
331
327
339
347
347
349
345
353
351
359
363
357
353
357
359
355
355
357
353
349
351
341
337
333
333
339
343
343
349
353
353
