-2625
-2623
-2609
-2603
-2591
-2583
-2577
-2561
-2547
-2539
-2529
-2521
-2519
-2515
-2507
-2507
-2499
-2499
-2491
-2491
-2477
-2473
-2467
-2461
-2457
-2447
-2431
-2429
-2415
-2407
-2401
-2387
-2383
-2391
-2401
-2397
-2393
-2379
-2369
-2353
-2353
-2345
-2337
-2331
-2323
-2323
-2319
-2307
-2301
-2297
-2291
-2285
-2279
-2277
-2271
-2265
-2261
-2255
-2255
-2245
-2249
-2243
-2231
-2219
-2217
-2219
-2211
-2211
-2205
-2199
-2193
-2199
-2197
-2185
-2183
-2183
-2171
-2159
-2151
-2145
-2147
-2141
-2127
-2121
-2117
-2113
-2105
-2093
-2089
-2083
-2075
-2065
-2059
-2055
-2055
-2049
-2045
-2045
-2039
-2033
-2025
-2031
-2025
-2021
-2023
-2025
-2021
-2007
-1995
-1995
-1993
-1987
-1983
-1973
-1977
-1977
-1977
-1975
-1967
-1953
-1949
-1947
-1933
-1927
-1921
-1909
-1903
-1901
-1903
-1891
-1889
-1885
-1885
-1871
-1855
-1855
-1839
-1833
-1835
-1827
-1817
-1811
-1805
-1801
-1797
-1799
-1791
-1791
-1797
-1783
-1783
-1783
-1783
-1789
-1785
-1787
-1775
-1767
-1767
-1761
-1761
-1757
-1753
-1753
-1741
-1741
-1729
-1721
-1713
-1713
-1707
-1701
-1701
-1693
-1687
-1675
-1677
-1675
-1665
-1655
-1655
-1657
-1653
-1647
-1645
-1645
-1641
-1637
-1633
-1625
-1611
-1599
-1589
-1581
-1587
-1581
-1573
-1565
-1557
-1551
-1545
-1545
-1537
-1531
-1525
-1519
-1517
-1509
-1499
-1499
-1491
-1485
-1477
-1475
-1475
-1465
-1465
-1457
-1459
-1453
-1457
-1455
-1455
-1453
-1447
-1437
-1435
-1429
-1429
-1427
-1419
-1427
-1431
-1421
-1423
-1415
-1415
-1405
-1405
-1393
-1393
-1393
-1389
-1385
-1377
-1373
-1373
-1359
-1353
-1351
-1345
-1351
-1345
-1343
-1339
-1325
-1321
-1311
-1311
-1301
-1307
-1303
-1295
-1291
-1289
-1289
-1289
-1289
-1281
-1283
-1281
-1285
-1285
-1283
-1285
-1281
-1273
-1261
-1259
-1253
-1239
-1239
-1241
-1233
-1225
-1223
-1223
-1217
-1211
-1211
-1207
-1207
-1205
-1193
-1187
-1193
-1197
-1183
-1183
-1183
-1179
-1165
-1165
-1159
-1165
-1157
-1159
-1151
-1149
-1143
-1145
-1145
-1143
-1145
-1141
-1143
-1137
-1131
-1121
-1125
-1119
-1115
-1111
-1111
-1107
-1097
-1105
-1097
-1087
-1077
-1073
-1063
-1061
-1055
-1053
-1051
-1047
-1055
-1053
-1051
-1049
-1037
-1033
-1033
-1033
-1029
-1027
-1029
-1027
-1027
-1023
-1017
-1013
-1009
-1001
-999
-1003
-1011
-1011
-1015
-1007
-1007
-1019
-1015
-1017
-1023
-1013
-1009
-1003
-993
-995
-1001
-989
-993
-995
-993
-999
-991
-985
-981
-973
-977
-979
-977
-981
-985
-983
-975
-973
-975
-977
-969
-965
-967
-967
-965
-963
-965
-955
-945
-939
-927
-919
-923
-921
-923
-921
-913
-907
-905
-899
-891
-889
-893
-889
-887
-877
-879
-875
-873
-873
-873
-867
-857
-857
-857
-857
-853
-851
-853
-855
-859
-867
-867
-869
-871
-873
-865
-869
-863
-867
-863
-855
-843
-839
-839
-839
-833
-831
-835
-835
-841
-845
-851
-849
-845
-841
-835
-829
-829
-819
-821
-813
-801
-797
-795
-805
-801
-801
-789
-789
-793
-793
-797
-791
-785
-793
-789
-791
-787
-783
-781
-773
-767
-767
-759
-763
-757
-749
-755
-747
-757
-755
-751
-757
-765
-767
-755
-753
-749
-749
-759
-759
-757
-761
-761
-761
-755
-753
-741
-735
-735
-743
-739
-743
-741
-733
-729
-723
-721
-715
-715
-711
-713
-705
-699
-695
-693
-689
-693
-689
-695
-693
-691
-687
-695
-695
-699
-689
-689
-691
-699
-699
-689
-689
-693
-697
-685
-685
-681
-683
-687
-687
-683
-679
-675
-675
-673
-669
-655
-653
-647
-647
-661
-661
-649
-649
-635
-629
-629
-621
-629
-621
-613
-601
-605
-601
-593
-593
-593
-595
-593
-587
-585
-591
-589
-591
-583
-585
-581
-581
-579
-575
-575
-571
-573
-573
-575
-565
-563
-561
-557
-555
-555
-551
-545
-539
-541
-545
-543
-537
-537
-539
-529
-521
-523
-523
-519
-525
-523
-521
-511
-515
-515
-505
-503
-503
-503
-493
-495
-491
-497
-493
-491
-485
-481
-481
-483
-477
-469
-477
-479
-469
-471
-475
-471
-473
-465
-461
-443
-435
-437
-433
-425
-423
-419
-411
-421
-415
-415
-403
-409
-417
-417
-411
-411
-403
-397
-389
-385
-383
-389
-389
-389
-381
-387
-385
-385
-383
-375
-375
-369
-363
-359
-373
-363
-359
-353
-347
-347
-345
-351
-355
-355
-363
-359
-365
-361
-365
-377
-373
-373
-379
-379
-375
-371
-367
-363
-363
-363
-367
-357
-361
-359
-361
-355
-355
-361
-367
-369
-361
-361
-361
-359
-359
-361
-363
-365
-357
-365
-359
-361
-365
-355
-363
-355
-359
-353
-349
-349
-355
-353
-355
-361
-359
-361
-359
-355
-361
-357
-355
-363
-357
-357
-355
-357
-361
-365
-359
-367
-363
-357
-355
-351
-343
-341
-337
-337
-335
-339
-333
-335
-337
-333
-333
-327
-317
-309
-299
-295
-301
-295
-299
-299
-297
-299
-299
-293
-287
-293
-295
-293
-297
-309
-301
-301
-295
-289
-291
-293
-291
-289
-285
-283
-281
-281
-285
-287
-287
-297
-291
-291
-287
-293
-289
-293
-295
-291
-293
-287
-289
-285
-275
-261
-263
-261
-259
-259
-261
-263
-255
-261
-255
-249
-247
-245
-237
-237
-231
-223
-219
-221
-217
-217
-213
-205
-197
-197
-189
-189
-181
-179
-177
-173
-169
-167
-171
-163
-163
-163
-165
-165
-159
-165
-163
-161
-153
-147
-153
-161
-155
-147
-155
-155
-153
-151
-159
-161
-161
-163
-161
-153
-153
-155
-155
-159
-159
-161
-163
-171
-169
-171
-175
-185
-183
-185
-173
-171
-165
-165
-159
-159
-157
-147
-147
-145
-147
-149
-149
-149
-151
-153
-145
-149
-153
-155
-149
-139
-137
-145
-145
-149
-155
-149
-147
-143
-151
-143
-139
-147
-153
-153
-159
-159
-161
-159
-167
-167
-161
-157
-147
-141
-139
-133
-133
-123
-125
-127
-125
-121
-119
-121
-125
-125
-113
-105
-109
-115
-113
-117
-121
-121
-131
-129
-127
-123
-117
-117
-105
-109
-109
-111
-107
-101
-99
-97
-97
-89
-97
-95
-99
-99
-95
-97
-91
-87
-79
-73
-69
-73
-73
-73
-75
-83
-91
-99
-105
-105
-109
-105
-103
-105
-109
-109
-109
-103
-99
-95
-95
-105
-115
-111
-115
-119
-127
-127
-123
-125
-125
-121
-127
-121
-117
-119
-119
-115
-109
-101
-101
-99
-101
-91
-89
-87
-83
-99
-101
-101
-101
-89
-81
-79
-81
-85
-71
-71
-73
-73
-71
-69
-69
-73
-77
-77
-73
-79
-75
-79
-77
-73
-77
-69
-73
-73
-65
-57
-51
-53
-61
-61
-61
-59
-59
-57
-59
-67
-65
-63
-65
-63
-69
-73
-77
-79
-79
-79
-81
-73
-71
-67
-71
-77
-63
-71
-67
-55
-53
-51
-53
-55
-51
-51
-51
-53
-49
-57
-57
-57
-63
-63
-65
-69
-63
-63
-65
-65
-65
-67
-59
-65
-65
-63
-61
-57
-49
-51
-57
-53
-49
-45
-49
-53
-47
-53
-55
-63
-61
-61
-61
-55
-41
-41
-39
-41
-35
-39
-29
-29
-33
-35
-29
-35
-27
-31
-27
-35
-39
-35
-39
-43
-39
-35
-33
-33
-25
-25
-35
-27
-27
-19
-23
-33
-21
-31
-29
-29
-25
-27
-27
-21
-23
-29
-37
-35
-33
-33
-49
-51
-53
-53
-51
-47
-49
-49
-49
-45
-49
-45
-49
-47
-53
-49
-53
-51
-57
-67
-67
-53
-61
-57
-53
-61
-53
-63
-65
-63
-61
-57
-67
-69
-63
-63
-63
-59
-67
-75
-67
-61
-59
-63
-49
-51
-53
-55
-51
-47
-53
-51
-47
-47
-37
-37
-41
-29
-31
-27
-33
-33
-33
-27
-25
-25
-29
-33
-31
-27
-25
-25
-35
-35
-35
-37
-43
-41
-41
-41
-51
-43
-49
-51
-53
-47
-47
-49
-49
-47
-47
-53
-55
-53
-57
-59
-55
-49
-45
-47
-41
-41
-41
-49
-45
-49
-47
-51
-55
-53
-53
-51
-55
-57
-57
-61
-65
-63
-65
-55
-53
-43
-41
-33
-43
-43
-49
-47
-43
-47
-43
-43
-39
-39
-31
-29
-25
-15
-15
-13
-11
-15
-9
-13
-17
-3
-5
-5
1
7
17
25
27
27
33
33
27
23
23
23
19
31
19
25
19
15
19
9
11
7
9
17
27
21
21
29
27
19
21
17
13
7
13
7
17
25
37
29
35
35
23
31
31
33
33
27
33
33
45
55
55
65
69
63
63
55
61
63
71
75
79
83
77
77
71
63
55
53
45
45
53
43
47
51
37
43
43
41
37
39
35
41
41
41
45
41
41
51
47
53
57
63
55
51
57
63
63
61
67
67
67
65
69
75
79
79
81
79
77
69
67
77
67
71
69
73
69
63
69
77
75
77
85
85
85
85
83
85
85
87
83
87
83
77
77
77
77
69
73
73
73
77
79
89
91
87
89
95
97
107
109
111
111
107
101
97
97
97
91
85
91
91
93
105
103
93
91
99
95
91
97
99
99
95
95
97
105
101
103
103
97
105
105
101
103
107
103
105
105
105
107
115
109
105
97
95
101
105
111
111
119
121
125
129
137
143
141
139
147
151
151
151
153
161
161
161
171
167
171
165
159
153
155
157
167
169
167
171
163
169
175
183
181
175
177
183
187
187
187
189
195
199
205
207
217
209
203
203
203
203
209
215
223
231
229
225
225
221
223
223
227
225
229
231
235
237
237
233
233
227
225
217
219
217
219
207
203
207
207
207
207
203
205
211
223
223
225
221
233
243
249
249
249
247
261
261
255
259
257
249
241
237
241
237
237
233
237
241
241
237
243
247
251
251
245
245
243
239
241
237
237
235
233
227
225
219
213
207
207
207
211
221
223
231
227
229
229
225
225
225
237
241
245
243
245
229
231
231
225
229
241
233
225
219
213
221
209
209
215
213
207
205
211
219
221
221
223
231
231
225
225
225
221
227
217
209
203
211
201
203
209
201
205
209
215
209
221
231
229
227
227
225
231
229
237
249
237
237
237
235
231
231
233
233
233
233
229
235
227
225
223
219
215
221
221
221
221
225
227
229
229
225
229
229
233
227
231
239
231
229
225
225
225
219
215
223
231
239
237
237
241
231
229
219
219
217
215
213
209
215
211
211
215
215
219
219
215
217
221
215
215
211
209
215
215
207
195
195
199
189
189
193
191
191
191
191
191
189
191
197
197
193
181
169
159
159
161
149
151
157
173
165
167
175
175
171
175
177
177
187
189
189
195
197
205
207
217
209
219
221
223
219
217
223
221
217
217
215
209
205
215
217
217
215
215
221
215
209
201
201
205
197
199
199
199
199
207
207
215
215
209
215
211
225
227
235
229
219
209
205
203
203
203
215
211
205
217
221
219
215
215
217
209
199
201
195
195
203
193
187
183
181
175
171
173
171
173
175
173
175
179
185
187
179
181
187
179
185
181
189
195
201
199
191
175
171
161
153
159
169
171
173
179
171
173
165
165
163
157
147
141
135
127
133
133
129
127
135
131
139
135
135
131
137
143
145
145
143
133
133
133
141
139
139
143
137
141
137
125
129
139
137
137
133
139
143
153
153
151
157
157
159
157
151
157
161
157
157
163
165
153
149
151
153
153
151
159
159
161
161
165
167
177
189
187
181
189
197
197
199
191
191
205
207
211
219
221
215
211
209
215
217
217
215
213
217
217
213
213
205
215
221
225
213
205
205
203
209
211
215
215
219
225
223
217
215
215
211
215
213
205
201
205
207
205
199
209
213
205
205
197
197
199
197
209
201
193
193
195
197
195
189
189
191
193
191
191
187
187
191
181
173
169
173
173
183
181
181
185
191
193
207
207
201
203
211
215
207
209
205
207
207
203
197
199
195
195
187
187
183
179
179
179
183
183
183
183
183
179
173
169
169
173
173
171
177
179
171
163
165
165
161
159
165
165
165
173
163
167
163
165
161
161
153
145
141
147
145
147
155
149
159
159
151
161
155
155
165
155
155
161
153
151
147
149
147
153
157
155
155
163
167
169
163
153
147
153
161
149
147
153
151
147
143
133
133
133
137
147
155
155
153
147
153
147
145
151
149
143
135
143
137
133
129
135
137
137
133
137
133
131
123
127
119
121
133
125
125
125
119
119
123
117
123
133
137
133
139
139
147
139
137
137
129
123
125
127
133
129
135
131
121
113
117
111
105
101
101
101
107
109
119
125
127
141
143
141
141
147
147
135
129
135
139
143
149
153
149
153
163
161
161
159
169
161
163
167
167
165
171
173
177
171
179
185
183
187
191
181
183
183
183
177
175
187
185
185
177
187
185
191
193
195
197
197
205
197
197
197
195
197
189
189
197
201
197
199
199
201
195
197
199
209
207
191
191
189
193
197
187
191
187
195
197
195
195
205
201
201
203
211
213
213
213
215
219
223
215
213
209
203
205
205
201
211
203
205
205
201
199
199
199
203
197
199
203
209
209
211
207
203
205
207
205
205
205
207
205
209
213
215
217
211
219
219
211
201
207
203
209
207
207
215
207
207
219
217
217
217
215
213
209
211
209
215
213
213
201
207
209
203
211
203
201
189
189
185
185
173
165
163
157
159
171
165
157
151
161
167
155
145
153
153
153
165
165
165
177
173
167
159
153
157
155
147
149
149
153
159
163
153
155
147
151
153
141
133
133
139
139
141
145
143
139
151
151
145
143
149
151
151
153
151
147
141
137
129
127
143
147
155
157
155
151
145
141
135
125
123
125
131
131
131
137
141
141
155
155
155
151
147
141
137
133
133
127
123
135
137
119
121
123
131
123
123
123
117
131
119
121
121
123
129
129
129
121
119
121
121
125
129
137
141
141
141
137
131
135
133
141
145
149
159
155
151
153
151
149
153
149
147
149
159
153
167
167
167
151
147
153
157
155
153
151
155
157
159
157
163
157
155
153
157
153
153
145
151
153
151
147
145
147
151
151
159
157
153
157
157
159
163
161
163
165
165
163
151
151
151
155
157
155
159
157
157
157
161
155
149
153
149
147
147
151
157
155
155
153
147
147
141
139
137
137
143
145
145
151
149
147
149
143
143
149
151
151
151
151
149
155
159
155
151
145
147
149
149
153
151
153
153
159
161
155
159
161
165
167
171
175
173
169
163
161
159
155
153
149
151
155
153
153
149
151
149
145
151
147
151
151
149
153
155
143
143
143
155
157
163
163
169
163
161
163
167
165
169
171
165
163
153
163
169
167
171
171
181
179
185
187
183
187
187
189
195
197
197
197
201
201
201
195
187
191
183
187
191
187
191
195
195
185
187
189
185
181
193
187
183
193
185
195
203
209
209
207
207
207
207
213
221
229
227
227
221
223
221
225
225
231
239
233
241
243
237
233
227
227
223
223
221
209
213
209
205
205
197
191
193
201
203
203
191
187
195
203
205
205
205
199
197
191
191
185
185
185
181
185
185
191
185
187
187
187
189
189
195
201
197
201
207
207
205
217
217
209
209
209
209
209
203
199
199
187
179
179
183
183
185
187
185
185
181
189
185
181
185
181
181
179
175
175
175
173
173
179
179
185
197
191
189
195
193
189
183
187
189
195
197
201
203
207
207
215
211
211
209
205
197
201
205
205
205
203
199
205
203
201
205
203
197
205
203
197
195
193
189
189
191
183
187
189
191
183
181
181
181
173
173
179
177
175
177
175
169
161
159
153
149
157
153
153
151
149
147
147
149
149
141
137
137
129
125
119
117
115
111
107
109
97
105
103
103
97
93
93
95
95
95
95
93
87
87
87
87
93
95
91
85
85
85
83
81
75
73
75
67
59
65
57
53
61
59
59
57
55
53
65
69
81
71
67
67
65
67
71
71
75
73
77
79
73
75
71
71
75
81
81
77
67
71
71
79
79
79
83
75
75
61
61
49
47
61
63
63
59
59
61
61
63
63
61
69
59
57
57
65
65
63
67
63
63
59
55
51
59
49
51
53
51
49
61
69
63
63
57
57
61
55
61
69
61
55
53
53
51
55
53
59
59
59
49
47
43
43
45
37
37
45
47
37
37
35
29
29
37
35
41
41
39
47
41
33
31
31
31
31
27
31
33
29
23
19
15
13
15
15
15
15
23
29
25
29
23
25
27
33
29
35
41
37
39
43
33
35
37
35
45
37
33
31
33
35
29
25
25
19
13
17
17
15
11
11
11
15
5
-1
-1
-3
-3
-5
-1
-7
7
7
1
-7
-1
-3
9
15
13
5
3
11
11
17
13
13
15
15
15
9
9
7
13
17
17
17
17
21
17
25
15
17
19
27
19
23
17
9
19
19
29
29
37
31
31
41
45
45
43
43
43
41
39
39
39
41
37
33
45
45
37
37
43
33
33
39
45
51
45
49
53
51
39
31
27
31
37
41
35
27
33
27
31
33
27
19
11
13
7
7
5
5
7
7
5
5
3
3
5
5
-1
-3
-7
-5
-7
-11
-7
1
1
-7
3
3
-5
-9
-5
-9
-13
-15
-13
-11
-11
-17
-21
-27
-27
-27
-33
-31
-29
-33
-27
-31
-35
-43
-43
-45
-39
-41
-41
-43
-45
-37
-35
-37
-37
-43
-39
-37
-37
-43
-51
-51
-59
-65
-63
-61
-57
-57
-57
-59
-59
-57
-55
-55
-51
-51
-53
-47
-43
-43
-37
-45
-47
-51
-51
-57
-55
-61
-69
-69
-69
-73
-69
-71
-67
-67
-71
-75
-81
-83
-83
-85
-83
-73
-69
-77
-81
-79
-73
-73
-79
-79
-77
-79
-79
-79
-89
-89
-79
-77
-73
-73
-73
-73
-61
-53
-51
-47
-45
-45
-55
-53
-51
-49
-49
-47
-49
-33
-37
-31
-39
-33
-39
-35
-31
-35
-27
-27
-27
-21
-21
-19
-21
-23
-17
-5
-5
-3
1
9
9
11
21
13
15
25
27
27
27
23
25
31
29
21
27
29
29
29
31
25
23
23
23
17
19
17
19
21
19
21
25
33
45
45
47
53
57
55
55
61
69
77
71
77
73
71
71
69
59
59
61
61
71
77
77
81
85
83
77
77
71
69
75
81
75
75
67
67
75
83
77
81
89
89
85
81
81
83
77
77
85
83
83
93
85
97
95
93
91
87
95
97
93
97
97
91
87
79
83
79
83
91
87
91
95
87
83
93
97
95
95
93
95
95
99
93
97
93
95
93
93
93
91
81
81
81
79
71
75
77
81
91
93
99
103
103
101
95
93
93
97
93
89
85
87
79
77
77
79
79
71
69
69
65
65
69
79
77
69
83
79
87
95
103
105
101
109
105
105
103
105
105
97
95
95
103
103
113
123
121
121
119
107
105
99
91
81
85
91
89
85
85
99
103
99
107
109
109
101
97
97
97
99
99
95
95
101
101
99
99
103
111
111
121
127
125
121
123
125
129
121
121
111
107
105
105
105
121
123
127
131
127
125
127
129
131
129
125
121
121
123
119
115
121
121
121
115
103
109
107
111
115
103
107
107
101
107
111
103
93
93
91
97
97
95
83
83
81
85
85
91
103
109
107
103
111
113
109
109
107
105
103
109
115
111
119
119
127
119
121
121
121
117
121
111
109
115
115
119
115
117
113
117
125
131
135
127
129
129
129
123
127
127
131
143
147
145
157
159
159
165
169
177
183
171
169
169
173
171
175
171
171
167
167
163
155
167
161
161
163
163
167
173
177
175
181
187
187
189
193
187
185
189
185
185
187
187
185
181
175
177
181
189
181
185
181
179
177
175
171
165
165
167
169
169
177
173
175
171
161
163
163
169
163
169
175
181
191
195
197
197
195
189
191
187
197
189
189
183
185
183
181
181
185
185
185
183
179
181
181
187
187
193
193
193
193
193
193
201
205
199
199
205
203
199
201
207
207
207
209
209
209
205
195
195
197
197
203
203
203
203
211
211
201
201
201
209
207
217
219
227
227
227
227
221
225
231
239
239
241
239
235
235
233
237
235
233
237
241
243
245
247
243
243
239
245
245
251
255
251
247
245
247
259
265
261
261
251
253
261
275
277
287
287
289
281
281
287
291
291
297
297
301
307
309
307
303
305
301
299
307
303
309
309
307
313
321
321
331
335
335
335
333
333
335
331
331
335
341
339
339
327
327
337
335
341
333
333
343
339
325
319
325
323
321
313
307
305
309
307
299
303
299
303
305
301
305
307
307
307
303
305
305
303
301
303
301
289
291
291
293
297
297
303
299
305
307
311
311
311
307
309
303
305
293
289
289
293
283
277
275
277
277
279
281
281
269
275
273
281
279
275
269
273
285
289
277
283
293
297
293
297
305
307
313
313
305
303
303
307
309
317
323
319
325
329
327
319
319
321
325
325
317
315
323
323
311
305
307
313
307
299
299
297
293
285
291
287
291
293
301
297
287
289
297
297
293
283
283
279
281
273
267
263
255
245
251
253
255
261
263
265
261
263
255
251
245
241
245
243
251
245
239
239
253
255
253
249
251
247
247
243
249
241
243
245
247
247
247
243
249
243
247
241
237
227
227
217
217
225
225
229
229
229
231
225
235
239
235
235
233
239
249
247
247
247
243
241
241
243
245
247
253
249
255
255
255
251
253
253
253
253
261
255
261
265
265
265
253
253
253
259
267
273
275
277
271
263
261
261
261
253
247
247
251
249
243
247
249
241
247
253
245
249
247
247
245
241
237
243
235
235
237
237
239
241
243
239
237
229
229
223
223
217
223
217
213
207
201
205
205
201
199
193
191
187
185
195
193
197
195
199
201
195
203
199
205
203
201
193
201
195
191
191
197
199
203
205
203
201
205
207
211
211
209
215
219
215
219
217
219
219
223
227
225
227
227
231
231
235
237
241
237
231
231
231
233
237
239
251
245
247
245
241
241
233
237
237
237
237
237
235
235
235
243
235
233
231
227
233
233
239
239
241
235
231
237
243
243
243
245
243
251
241
235
227
219
219
209
213
217
225
219
223
223
225
235
225
227
227
227
227
231
233
235
245
245
247
247
253
241
243
251
255
251
247
241
239
245
241
247
237
229
231
235
237
241
245
239
237
237
227
227
231
221
215
217
219
219
219
213
217
217
221
219
205
205
201
201
201
195
197
189
189
189
195
201
207
201
199
203
193
193
197
197
199
199
205
203
197
189
179
187
191
197
195
197
191
195
193
191
189
189
187
189
191
189
189
197
201
205
203
207
209
209
215
217
219
217
217
215
217
209
215
209
209
207
197
201
203
197
207
211
213
209
209
207
209
209
205
205
203
205
205
215
211
211
211
207
213
215
203
199
199
203
211
211
219
221
227
223
231
235
239
229
231
237
233
233
227
239
237
243
247
255
249
257
247
257
257
257
261
269
271
279
287
285
279
279
275
279
283
277
277
277
277
277
287
285
293
293
301
299
295
305
303
289
287
293
301
301
301
305
301
305
307
305
295
295
301
297
297
303
299
301
299
297
303
305
303
301
307
307
309
301
301
297
297
309
297
301
295
299
307
309
319
319
319
327
321
321
321
307
311
315
317
317
311
313
307
307
315
309
311
309
309
305
305
303
309
309
309
309
307
313
319
317
319
317
321
325
325
327
331
333
335
331
327
329
331
341
337
337
339
335
337
345
349
355
357
355
349
357
359
347
349
357
351
355
355
361
355
359
357
357
349
349
353
351
359
363
357
355
353
347
347
355
355
347
341
345
343
349
351
349
343
335
339
339
339
333
337
335
333
333
333
339
341
343
341
341
337
339
339
341
335
333
337
339
335
329
333
335
335
335
335
337
341
339
339
335
335
331
333
331
331
335
333
331
339
339
343
345
341
339
333
333
335
337
341
345
339
335
341
341
343
345
333
333
339
341
339
331
335
335
339
347
345
345
345
347
357
349
351
351
355
347
353
343
343
353
351
349
339
349
349
343
351
351
353
357
349
347
345
357
355
355
353
351
353
353
349
345
351
351
347
357
359
363
363
365
351
353
353
349
343
343
341
343
351
349
341
339
339
333
333
333
325
325
319
325
323
323
309
305
301
291
291
291
297
289
295
303
311
315
311
321
321
321
311
307
307
315
307
297
291
285
293
303
295
291
289
299
307
307
299
301
295
303
299
287
275
275
267
259
269
273
267
261
263
265
269
275
273
275
271
269
267
271
269
271
277
267
267
273
279
279
275
275
269
259
265
255
259
263
269
267
259
261
275
279
277
267
263
257
253
253
249
251
261
263
263
263
273
273
275
281
279
279
293
287
287
293
297
303
301
301
293
293
291
303
299
305
305
295
299
295
299
299
307
299
303
301
295
295
295
293
293
297
293
291
287
293
293
299
293
293
291
279
291
283
283
285
287
287
291
299
309
317
313
313
321
319
321
319
317
319
319
313
313
315
311
307
303
297
309
311
321
323
325
331
329
335
335
333
337
337
347
349
343
341
345
357
359
361
361
363
365
367
353
363
369
373
373
357
355
363
361
361
353
355
355
355
351
357
357
345
339
341
331
343
339
335
335
331
331
331
337
331
331
329
341
337
337
327
325
325
323
323
319
329
325
323
329
335
347
349
349
347
341
337
341
345
345
341
349
355
345
341
339
331
329
323
329
329
329
321
329
331
333
333
339
347
343
347
337
337
331
327
321
325
319
327
323
323
313
313
319
327
315
321
325
321
327
325
325
325
331
321
315
313
315
309
309
309
301
309
317
321
319
319
331
327
325
331
327
325
329
319
313
303
305
313
317
317
317
317
315
315
311
315
311
311
313
311
313
319
327
331
331
331
325
325
325
325
335
341
345
349
345
339
339
323
313
311
323
327
321
327
321
323
319
309
307
307
309
319
319
317
313
309
303
299
295
301
313
313
313
315
319
319
315
309
313
307
305
303
307
301
293
291
289
289
285
281
281
281
279
281
271
273
269
279
283
281
275
269
259
253
253
249
253
247
255
261
263
255
263
273
271
271
261
267
269
269
271
267
273
279
277
269
265
257
259
251
247
241
235
235
229
229
227
223
221
217
221
215
223
221
213
213
223
219
223
217
225
223
231
231
237
233
235
239
239
239
233
233
219
225
223
225
227
223
227
227
229
229
229
231
233
225
221
219
225
225
235
231
225
231
237
231
231
233
237
233
235
237
233
235
231
223
217
217
227
229
233
227
221
219
217
211
221
227
233
233
229
237
237
231
231
223
221
221
221
225
229
231
227
231
231
225
217
223
223
219
217
221
215
217
213
215
211
207
215
215
221
211
211
209
205
203
201
199
191
191
181
187
189
189
193
195
199
193
193
191
185
187
201
197
203
195
201
199
197
201
197
201
201
197
199
197
191
195
197
197
197
191
191
199
207
199
195
201
201
201
203
203
207
213
213
221
227
221
219
219
219
213
217
207
209
209
211
209
213
221
217
215
221
227
219
235
237
237
241
239
241
241
241
241
245
235
235
245
235
239
235
235
233
229
219
221
221
213
209
211
209
209
193
197
197
197
205
211
201
203
203
207
209
205
209
199
197
201
193
193
193
209
217
217
227
229
231
233
233
245
239
243
245
233
241
235
231
231
241
235
227
223
219
217
215
213
215
227
221
223
227
229
235
243
243
255
265
265
257
255
255
255
243
237
237
237
247
239
237
241
241
245
255
255
247
253
255
255
255
253
253
255
251
251
253
247
253
257
263
253
249
249
253
247
239
233
239
243
237
237
237
247
257
257
255
267
269
265
259
255
261
255
255
263
267
259
261
257
253
257
259
257
263
255
255
247
255
251
249
245
239
245
249
247
251
253
253
241
241
241
239
237
227
225
229
227
229
221
223
227
227
221
221
221
217
223
221
237
243
237
229
239
229
227
221
215
205
205
207
221
225
225
231
231
237
245
243
241
245
247
243
237
249
243
247
247
249
247
245
255
259
257
251
257
263
263
265
265
265
265
255
257
261
251
253
249
251
253
239
239
253
249
249
245
253
247
235
247
241
243
245
245
241
241
247
251
253
247
247
243
249
245
243
251
249
253
247
251
251
253
249
249
249
249
255
255
263
265
263
263
263
271
269
265
263
271
271
267
271
269
273
275
283
291
291
299
305
301
313
319
327
323
317
317
317
315
313
311
315
311
309
307
297
293
303
301
299
295
295
295
285
283
291
291
293
295
297
297
301
295
295
299
307
307
299
305
299
291
291
293
291
295
293
285
271
275
283
293
293
283
281
281
281
281
287
287
287
277
285
285
291
293
293
301
293
287
285
281
285
285
293
293
291
291
287
279
287
283
275
281
277
285
281
279
267
261
271
271
271
263
275
275
281
277
273
275
271
273
277
275
269
265
261
259
259
261
255
257
247
243
243
239
237
237
237
237
227
225
227
219
221
221
221
227
225
223
221
225
225
227
215
215
217
215
215
217
223
229
223
217
217
211
219
223
223
213
213
207
207
193
187
183
181
181
181
185
185
183
175
175
179
189
191
191
187
187
187
191
191
199
193
187
193
197
197
193
191
195
193
187
181
175
177
187
187
193
193
191
189
193
193
195
199
201
197
199
193
191
189
187
183
175
175
169
165
165
165
159
163
171
169
157
155
157
157
143
149
151
157
163
165
161
151
147
145
145
157
161
159
161
161
163
171
177
169
171
167
175
175
173
175
169
161
155
149
143
141
145
143
151
159
169
165
165
173
171
165
169
169
167
165
163
163
171
171
177
173
173
171
177
165
165
153
139
135
131
129
129
129
125
125
135
131
135
137
139
141
141
141
143
145
145
145
143
143
143
151
147
145
153
149
155
161
155
163
161
163
165
173
171
163
163
161
163
165
161
159
161
165
165
169
165
157
157
161
163
153
153
145
145
149
155
147
147
147
153
161
167
163
159
163
161
167
167
161
165
181
175
177
183
181
181
179
173
177
179
187
195
195
191
191
187
179
181
179
179
181
181
181
181
175
179
179
183
189
187
181
181
181
183
187
183
187
187
185
179
171
165
161
161
151
145
153
153
157
153
157
153
151
139
133
135
137
139
141
141
139
131
129
131
135
133
131
137
131
133
133
129
131
131
135
135
135
145
143
141
135
135
141
135
137
135
137
133
127
131
121
127
123
121
113
117
117
121
121
127
135
133
133
139
147
143
147
155
149
145
147
151
149
143
139
135
145
149
145
143
145
153
155
157
151
151
145
155
153
159
165
165
167
173
169
169
169
167
163
153
147
151
153
149
145
149
149
157
163
167
169
165
167
165
159
167
165
165
181
193
193
185
183
187
189
191
193
199
199
201
199
197
199
197
197
189
189
183
179
183
183
175
177
181
179
179
177
177
167
167
155
153
155
149
149
151
143
139
131
129
129
125
113
109
109
109
111
113
119
117
119
119
115
105
101
101
99
111
111
119
119
121
125
125
121
117
119
121
121
117
113
107
111
107
105
115
111
111
107
113
115
117
117
123
123
125
135
141
141
155
159
159
163
171
169
167
169
175
183
177
181
181
185
185
179
175
175
187
187
181
181
181
179
171
173
173
171
163
163
163
167
161
165
167
171
167
163
159
167
167
177
175
181
175
171
179
179
187
183
181
173
171
183
177
165
165
165
167
165
163
167
163
171
163
161
155
167
171
165
165
163
165
163
161
157
155
155
157
167
165
175
173
173
179
195
199
199
191
195
197
199
199
201
197
189
183
183
183
187
189
183
185
181
187
183
181
187
181
179
173
173
175
167
165
171
161
163
167
159
155
151
155
147
147
149
151
157
153
153
149
157
157
161
163
169
177
171
169
163
173
179
181
177
181
179
181
177
167
179
171
173
167
167
169
165
169
163
169
171
175
171
173
173
179
179
193
197
199
199
201
193
197
193
201
197
195
189
187
191
201
197
187
177
183
189
197
199
185
183
181
185
189
179
187
191
191
185
185
185
185
181
183
185
185
183
177
181
193
197
189
189
189
177
187
189
189
195
205
209
207
211
219
223
219
219
215
219
215
213
211
209
209
213
213
209
213
211
207
207
209
211
211
209
205
201
203
189
193
183
179
179
177
177
179
177
179
177
179
171
169
167
169
173
175
169
175
175
171
171
183
175
169
169
173
177
169
167
169
167
165
165
165
163
163
151
143
145
153
153
149
145
151
147
149
153
149
139
147
147
147
145
155
145
139
139
145
141
137
135
135
135
139
133
131
131
129
135
133
141
139
139
135
137
137
145
143
139
139
129
133
133
133
129
127
119
119
115
115
115
111
111
103
91
93
101
103
101
103
109
107
105
99
97
97
99
89
83
89
91
81
73
73
77
69
73
81
89
89
83
89
89
89
85
81
79
79
79
83
85
93
85
85
83
79
81
89
99
105
109
109
109
117
117
123
129
131
133
133
129
129
131
125
135
131
131
127
127
131
143
141
145
145
139
139
133
135
141
145
143
139
135
143
143
149
161
165
165
159
151
155
155
155
155
151
147
145
139
137
141
139
141
147
147
147
141
141
139
143
143
147
139
137
135
133
137
135
139
139
137
139
137
133
143
151
155
155
167
167
161
167
167
167
165
173
179
179
191
189
189
187
179
175
177
179
179
167
175
169
185
183
183
179
179
185
177
179
181
173
173
171
173
181
177
183
187
193
191
195
193
201
201
195
191
195
187
191
193
193
195
195
199
195
195
185
177
173
173
177
179
179
177
183
185
185
177
171
167
165
161
155
155
151
159
161
159
159
153
151
145
145
143
141
141
147
143
131
135
141
131
139
141
143
139
141
139
139
143
143
145
143
155
167
173
175
171
167
171
169
167
173
179
173
171
175
177
177
173
177
177
177
177
175
187
189
189
187
187
191
199
205
199
203
209
215
219
213
217
213
213
213
215
217
227
233
235
233
227
227
231
233
233
231
239
251
255
255
253
259
261
265
273
269
273
279
279
277
279
279
269
263
269
279
283
279
281
285
291
291
289
299
297
301
297
301
291
285
281
289
285
283
285
295
289
287
281
279
283
283
279
289
293
289
283
275
277
279
283
281
273
269
269
277
283
287
283
281
283
289
287
287
285
277
283
275
275
265
275
277
275
277
275
275
263
261
265
263
269
271
265
263
263
265
261
265
269
273
271
275
277
277
277
275
281
277
281
277
275
275
277
291
291
293
285
293
293
293
293
295
301
297
301
299
295
301
297
301
303
303
311
315
321
321
315
317
313
313
309
309
309
313
309
309
313
313
313
309
317
309
303
307
311
321
323
329
325
329
331
325
325
325
319
307
307
305
317
313
313
307
297
305
305
305
305
309
321
327
327
327
323
329
325
335
341
343
341
343
339
329
333
327
329
335
341
341
345
347
351
353
359
361
365
367
361
359
361
363
355
353
351
353
351
343
345
347
347
343
341
343
337
343
343
355
359
365
373
371
375
369
369
367
363
363
361
355
359
367
369
365
355
347
359
365
371
375
375
375
375
373
373
377
373
367
371
361
359
351
357
361
355
355
361
365
351
359
359
351
339
343
353
355
351
355
367
371
369
369
363
363
359
369
379
375
375
365
351
349
349
349
353
357
363
363
369
363
369
371
365
363
357
365
357
365
363
369
359
357
353
357
357
353
351
351
353
359
359
353
347
353
351
353
351
347
345
341
347
347
347
351
353
351
359
361
361
357
351
347
347
357
363
363
361
353
351
355
349
353
349
349
355
359
351
345
335
335
339
337
339
343
343
343
341
343
345
351
349
345
347
359
357
363
359
355
357
357
347
345
345
351
345
345
341
343
339
339
343
339
333
329
337
329
329
323
323
325
331
333
333
333
327
327
327
331
337
339
335
339
337
329
319
333
333
331
335
345
339
331
319
323
317
303
299
297
297
303
313
309
313
311
317
313
307
303
303
303
299
297
297
297
297
297
301
295
291
295
299
299
295
299
293
289
281
279
273
277
271
271
265
265
269
267
269
267
259
257
255
267
265
261
269
277
277
285
277
279
283
287
287
283
283
283
291
295
295
291
293
295
297
293
293
301
309
309
309
309
309
309
303
305
311
319
315
311
321
325
319
317
321
325
335
335
331
337
341
351
351
347
347
353
349
351
353
353
347
337
339
341
335
341
341
341
337
339
343
351
349
349
353
357
361
361
353
353
349
357
357
353
355
341
341
341
337
337
339
337
333
323
317
317
319
319
309
305
303
303
297
297
301
297
297
301
295
301
303
307
315
305
291
295
293
291
285
287
283
283
279
279
283
287
287
281
275
265
271
271
271
269
265
267
267
267
263
267
267
265
275
277
265
263
259
261
259
255
257
257
253
253
257
255
255
263
271
271
265
261
269
275
279
279
285
291
301
305
305
305
305
309
305
305
307
313
309
313
311
317
313
309
305
309
319
317
311
307
311
317
319
325
331
319
311
319
331
331
331
329
323
327
327
329
327
319
329
325
319
317
325
329
331
337
345
345
341
353
345
335
333
325
335
329
323
325
329
335
345
349
353
353
349
341
337
331
329
329
329
325
317
319
317
317
319
325
323
333
339
339
343
343
345
333
333
335
335
339
339
339
343
337
339
343
343
341
351
351
349
339
347
337
329
321
319
325
319
313
313
313
307
305
307
311
315
327
327
325
325
319
317
321
327
327
335
329
327
329
325
323
325
315
315
309
317
311
317
311
303
303
291
295
291
293
291
293
297
305
303
303
311
311
319
309
309
307
311
309
305
301
311
313
305
301
301
301
311
323
325
331
333
335
325
313
317
321
329
321
331
327
329
327
329
321
327
335
335
339
333
331
331
327
337
339
335
333
323
327
325
323
329
325
333
333
333
329
329
329
319
309
305
299
289
293
285
289
289
287
283
287
283
279
275
275
267
265
261
259
257
249
239
237
241
243
235
237
235
233
233
231
231
233
237
241
245
245
235
235
235
243
243
237
239
237
241
245
241
243
239
235
245
241
243
243
241
241
227
223
225
229
239
233
227
233
233
233
233
235
229
233
239
239
241
235
235
235
233
239
239
239
247
247
239
243
235
235
235
235
233
231
231
229
213
211
207
201
201
197
201
209
219
225
229
233
239
237
239
241
235
233
235
233
231
229
235
227
229
221
233
235
233
233
233
239
245
245
251
249
247
243
231
239
247
245
245
249
243
243
245
245
239
239
245
251
255
255
251
257
259
249
249
249
249
257
259
269
269
273
269
275
283
285
297
293
291
279
283
283
279
287
285
289
289
289
285
291
297
291
297
299
303
303
299
299
295
297
285
281
279
277
283
287
291
287
281
289
295
293
289
287
287
291
285
287
289
289
287
287
281
277
281
281
283
279
279
279
279
279
283
297
289
293
299
295
289
285
289
295
295
299
299
299
309
307
301
287
291
283
287
279
279
279
285
279
279
275
269
269
265
259
255
255
249
255
241
245
247
259
255
255
251
253
247
245
255
263
263
271
271
265
261
269
267
267
263
263
261
265
263
261
257
259
257
253
255
255
