-2619
-2609
-2609
-2603
-2597
-2591
-2591
-2583
-2575
-2563
-2563
-2561
-2549
-2549
-2549
-2545
-2535
-2535
-2535
-2535
-2529
-2527
-2527
-2527
-2527
-2519
-2509
-2497
-2497
-2485
-2473
-2463
-2463
-2455
-2455
-2447
-2435
-2435
-2433
-2425
-2409
-2397
-2393
-2387
-2387
-2383
-2377
-2371
-2367
-2359
-2351
-2345
-2343
-2339
-2329
-2317
-2317
-2323
-2315
-2315
-2307
-2305
-2297
-2297
-2297
-2297
-2293
-2287
-2281
-2275
-2259
-2253
-2247
-2235
-2225
-2221
-2207
-2207
-2195
-2195
-2193
-2185
-2179
-2175
-2163
-2161
-2161
-2153
-2153
-2137
-2131
-2119
-2119
-2117
-2107
-2099
-2093
-2081
-2077
-2079
-2065
-2053
-2039
-2033
-2019
-2009
-2005
-2005
-2005
-1997
-1993
-1993
-1987
-1977
-1979
-1977
-1977
-1965
-1965
-1965
-1963
-1953
-1953
-1943
-1943
-1939
-1935
-1927
-1927
-1911
-1899
-1893
-1881
-1881
-1879
-1869
-1863
-1863
-1857
-1843
-1843
-1835
-1835
-1835
-1835
-1835
-1829
-1823
-1813
-1809
-1801
-1801
-1797
-1797
-1795
-1789
-1783
-1783
-1777
-1775
-1771
-1761
-1763
-1747
-1747
-1747
-1735
-1733
-1733
-1717
-1711
-1711
-1711
-1711
-1711
-1711
-1709
-1693
-1693
-1689
-1687
-1687
-1681
-1677
-1671
-1665
-1663
-1663
-1657
-1653
-1653
-1653
-1653
-1643
-1645
-1641
-1637
-1633
-1635
-1627
-1617
-1615
-1605
-1605
-1597
-1605
-1599
-1599
-1593
-1585
-1593
-1593
-1589
-1589
-1591
-1589
-1589
-1589
-1587
-1587
-1583
-1583
-1575
-1573
-1573
-1565
-1553
-1553
-1557
-1553
-1553
-1553
-1553
-1545
-1531
-1531
-1537
-1539
-1527
-1527
-1527
-1519
-1519
-1515
-1511
-1509
-1501
-1501
-1503
-1499
-1511
-1503
-1493
-1489
-1485
-1485
-1487
-1489
-1481
-1479
-1479
-1473
-1467
-1467
-1459
-1459
-1459
-1449
-1449
-1449
-1445
-1449
-1439
-1439
-1437
-1437
-1441
-1437
-1431
-1435
-1429
-1425
-1419
-1419
-1415
-1417
-1429
-1423
-1421
-1425
-1419
-1419
-1407
-1407
-1409
-1409
-1403
-1395
-1379
-1373
-1365
-1361
-1351
-1347
-1351
-1343
-1347
-1347
-1347
-1347
-1343
-1341
-1337
-1325
-1313
-1315
-1315
-1309
-1303
-1301
-1295
-1293
-1291
-1287
-1287
-1289
-1283
-1283
-1283
-1291
-1291
-1291
-1291
-1289
-1295
-1287
-1281
-1285
-1279
-1273
-1273
-1261
-1261
-1253
-1253
-1251
-1249
-1249
-1247
-1247
-1243
-1239
-1247
-1245
-1237
-1239
-1237
-1223
-1223
-1223
-1217
-1215
-1213
-1213
-1207
-1207
-1209
-1211
-1203
-1199
-1199
-1195
-1187
-1185
-1185
-1189
-1177
-1177
-1177
-1165
-1165
-1163
-1163
-1169
-1161
-1153
-1153
-1145
-1145
-1133
-1123
-1113
-1113
-1113
-1113
-1099
-1099
-1097
-1099
-1099
-1095
-1101
-1109
-1111
-1115
-1115
-1109
-1101
-1109
-1115
-1105
-1105
-1105
-1105
-1099
-1093
-1093
-1089
-1089
-1081
-1071
-1065
-1057
-1053
-1045
-1041
-1035
-1043
-1031
-1031
-1023
-1019
-1009
-999
-995
-985
-985
-979
-971
-967
-961
-951
-939
-939
-937
-927
-927
-927
-925
-921
-905
-893
-891
-877
-877
-875
-875
-873
-873
-877
-873
-867
-867
-873
-873
-873
-865
-867
-861
-861
-861
-859
-867
-867
-855
-855
-849
-839
-831
-819
-813
-819
-819
-817
-809
-801
-797
-781
-781
-783
-775
-775
-775
-783
-775
-769
-763
-763
-757
-753
-755
-763
-767
-767
-763
-763
-763
-763
-765
-765
-761
-769
-767
-765
-765
-767
-769
-769
-755
-751
-751
-751
-751
-743
-737
-739
-745
-745
-741
-739
-733
-727
-729
-729
-723
-717
-721
-721
-715
-705
-705
-699
-699
-695
-693
-699
-689
-689
-689
-689
-679
-669
-665
-661
-665
-655
-647
-643
-637
-649
-649
-649
-643
-655
-649
-645
-649
-641
-641
-649
-649
-649
-649
-643
-633
-633
-635
-635
-637
-637
-631
-627
-633
-619
-615
-607
-607
-595
-595
-593
-587
-585
-583
-583
-583
-585
-587
-585
-583
-587
-587
-587
-581
-589
-593
-585
-581
-573
-567
-567
-565
-577
-565
-575
-567
-557
-557
-549
-549
-549
-539
-541
-541
-535
-545
-549
-541
-525
-525
-521
-517
-521
-517
-515
-521
-517
-517
-517
-517
-507
-511
-509
-509
-509
-505
-495
-497
-493
-489
-491
-489
-489
-491
-491
-489
-489
-489
-499
-505
-505
-503
-507
-503
-503
-497
-505
-503
-501
-501
-501
-501
-499
-503
-509
-505
-497
-497
-489
-489
-495
-489
-475
-475
-477
-467
-461
-461
-469
-469
-469
-465
-451
-451
-447
-447
-443
-443
-443
-437
-437
-437
-437
-435
-439
-441
-441
-441
-441
-435
-437
-437
-431
-419
-415
-407
-413
-413
-411
-411
-411
-415
-421
-421
-425
-425
-415
-419
-417
-421
-427
-431
-437
-437
-433
-439
-431
-433
-423
-433
-433
-433
-427
-433
-433
-437
-437
-439
-439
-425
-423
-423
-423
-417
-415
-413
-411
-401
-399
-399
-399
-411
-397
-397
-395
-395
-383
-383
-383
-385
-385
-385
-387
-389
-389
-381
-381
-381
-381
-383
-379
-373
-369
-363
-363
-365
-355
-347
-351
-359
-371
-371
-367
-373
-377
-377
-377
-381
-385
-381
-375
-377
-373
-371
-371
-371
-371
-375
-375
-373
-373
-373
-379
-379
-379
-379
-371
-371
-361
-351
-341
-333
-333
-337
-331
-331
-325
-311
-311
-317
-305
-307
-313
-311
-313
-309
-307
-317
-309
-311
-315
-319
-303
-303
-287
-277
-279
-289
-289
-289
-293
-291
-291
-291
-289
-289
-289
-289
-289
-281
-281
-281
-287
-291
-287
-285
-289
-281
-281
-285
-295
-293
-297
-297
-295
-299
-305
-303
-305
-305
-291
-287
-289
-289
-293
-287
-287
-291
-285
-271
-271
-271
-257
-257
-245
-233
-231
-231
-231
-229
-229
-235
-235
-235
-235
-235
-237
-233
-233
-227
-227
-229
-229
-235
-243
-241
-245
-239
-229
-229
-239
-239
-239
-237
-241
-237
-237
-235
-227
-215
-221
-223
-223
-223
-223
-223
-219
-223
-221
-221
-207
-207
-207
-205
-207
-209
-205
-201
-199
-195
-201
-209
-207
-193
-191
-197
-203
-203
-197
-199
-199
-199
-195
-199
-197
-197
-197
-197
-207
-215
-215
-211
-205
-205
-205
-205
-209
-209
-213
-211
-219
-219
-217
-211
-219
-217
-217
-217
-213
-215
-215
-217
-219
-215
-215
-209
-217
-227
-227
-229
-229
-233
-233
-229
-225
-225
-219
-211
-211
-213
-207
-211
-213
-213
-213
-211
-207
-205
-205
-205
-205
-197
-199
-195
-197
-197
-203
-203
-195
-191
-193
-197
-195
-199
-203
-213
-221
-221
-221
-221
-219
-223
-223
-213
-207
-207
-207
-219
-221
-221
-217
-217
-221
-219
-217
-217
-217
-223
-223
-215
-213
-213
-203
-203
-209
-209
-209
-203
-203
-205
-207
-207
-207
-201
-193
-191
-193
-189
-189
-189
-185
-185
-181
-181
-183
-183
-171
-167
-167
-167
-167
-171
-175
-179
-173
-171
-171
-169
-169
-169
-167
-171
-171
-171
-167
-167
-173
-175
-167
-167
-167
-167
-161
-153
-153
-153
-153
-153
-147
-141
-147
-147
-147
-147
-151
-151
-151
-149
-143
-143
-139
-141
-137
-131
-133
-127
-129
-131
-137
-129
-129
-127
-125
-123
-123
-127
-129
-129
-121
-121
-131
-121
-121
-129
-129
-127
-131
-127
-121
-119
-121
-121
-119
-111
-103
-103
-101
-101
-99
-99
-97
-97
-101
-101
-101
-101
-97
-97
-81
-81
-81
-77
-77
-75
-75
-69
-69
-73
-77
-71
-59
-59
-57
-65
-51
-51
-47
-57
-57
-57
-57
-55
-59
-69
-77
-69
-73
-69
-73
-71
-71
-71
-77
-77
-79
-79
-73
-73
-73
-75
-77
-73
-67
-61
-61
-57
-53
-59
-53
-51
-57
-53
-53
-49
-49
-49
-49
-47
-43
-43
-51
-43
-43
-51
-39
-37
-33
-41
-45
-47
-47
-39
-35
-43
-45
-53
-55
-55
-55
-55
-55
-53
-51
-51
-51
-49
-49
-35
-33
-33
-37
-37
-35
-27
-27
-25
-17
-15
-15
-23
-21
-31
-33
-31
-31
-27
-27
-23
-21
-25
-25
-29
-21
-33
-33
-39
-41
-41
-45
-43
-39
-39
-33
-29
-29
-29
-31
-29
-33
-33
-33
-27
-27
-19
-19
-27
-15
-15
-1
9
19
19
27
33
33
33
33
41
37
33
33
23
23
23
27
27
33
33
31
35
45
43
41
41
39
37
33
37
43
53
53
51
55
55
51
53
53
53
53
45
35
35
35
29
29
21
19
15
15
15
17
17
21
23
21
29
33
33
33
31
29
25
25
25
33
31
27
29
31
31
31
29
29
29
21
23
33
33
27
17
13
9
9
19
19
25
25
37
45
49
51
49
53
53
57
57
51
51
49
59
59
59
53
49
49
45
41
41
43
37
45
51
63
63
59
67
67
67
69
67
61
51
47
55
55
55
55
49
59
61
73
73
83
93
91
87
87
95
99
101
107
107
113
107
113
113
113
113
113
117
115
115
133
129
139
151
149
149
149
149
151
151
151
151
147
147
149
151
149
149
151
143
143
143
143
143
137
137
131
129
129
129
127
127
129
129
141
139
141
141
139
139
139
141
141
141
143
143
137
137
139
143
143
145
153
151
157
153
149
149
141
139
139
139
139
143
143
137
137
137
137
137
141
137
135
135
133
127
125
125
123
119
119
123
127
115
111
117
115
105
97
95
95
95
101
101
109
111
101
107
107
103
103
103
107
119
119
127
133
133
139
139
143
143
143
149
145
143
145
145
149
143
135
133
133
141
149
149
147
143
147
149
149
149
151
159
169
171
169
171
171
177
183
183
183
183
183
183
183
185
183
169
175
161
159
155
159
171
171
169
175
183
183
183
181
183
179
179
175
163
157
157
165
173
179
179
173
179
183
187
187
187
191
191
191
189
183
183
193
189
187
187
179
183
181
185
185
189
189
185
185
185
181
195
191
203
203
189
189
189
187
187
181
193
193
199
209
197
195
195
195
203
209
217
219
207
197
197
199
199
201
207
213
217
217
217
213
211
211
209
209
215
221
215
213
211
223
223
217
213
207
201
201
205
211
213
209
203
201
197
203
203
205
203
203
209
209
205
213
211
211
211
219
223
223
225
231
231
241
245
247
247
253
265
265
269
265
263
259
255
239
235
229
221
221
221
221
229
233
239
243
243
241
237
233
227
227
221
217
215
221
221
221
217
223
229
225
211
207
207
207
203
203
203
203
189
193
195
193
187
187
195
187
189
185
187
187
187
187
187
189
187
187
177
187
187
187
187
185
183
183
177
179
187
183
183
183
185
171
171
165
167
165
173
177
181
181
181
181
169
171
167
169
173
171
167
173
165
167
173
169
169
171
171
165
171
175
177
171
167
167
153
153
153
155
161
153
141
145
151
151
151
143
147
143
137
123
123
111
115
117
129
129
129
129
133
133
133
133
135
133
145
149
149
147
153
153
153
163
167
161
173
169
169
169
171
173
173
175
171
171
171
169
161
163
171
179
183
195
193
197
197
197
199
195
197
185
191
191
191
191
191
191
183
183
179
185
185
181
187
189
197
203
205
195
185
177
177
175
185
177
177
177
169
177
181
181
177
175
177
177
169
177
185
185
189
183
183
183
185
175
175
167
171
177
181
191
183
179
177
175
175
179
179
175
175
167
165
167
157
155
153
153
151
155
155
155
155
145
145
149
149
147
145
151
147
147
147
145
149
157
159
169
169
173
173
173
173
167
167
167
171
171
175
175
175
167
167
175
177
177
183
183
185
185
179
179
185
189
189
189
189
183
183
183
183
191
201
207
215
207
203
203
203
207
207
205
203
201
203
203
203
201
203
207
207
207
211
209
209
209
209
209
207
201
209
205
205
205
205
205
203
203
205
201
201
197
197
197
197
197
197
193
191
189
189
193
191
191
183
175
171
177
179
185
191
191
193
195
195
191
187
179
175
175
181
173
175
175
175
163
163
161
165
155
149
147
147
143
143
143
141
141
141
135
137
125
119
123
113
111
115
115
113
121
123
115
115
119
115
121
121
121
123
127
125
119
121
117
115
115
121
121
121
117
129
131
137
133
117
113
113
103
107
103
103
103
103
99
89
91
93
93
93
91
91
91
97
101
101
105
107
109
107
97
97
95
95
93
93
93
93
83
81
95
99
97
97
105
105
105
105
103
103
99
97
103
95
103
103
107
105
107
107
95
95
95
85
85
81
85
87
87
79
79
79
75
77
83
75
73
67
71
75
77
77
83
83
89
89
81
79
79
79
73
73
73
75
83
87
83
83
83
87
89
87
93
101
101
101
97
97
105
105
107
105
103
107
103
111
103
103
103
99
99
91
93
93
85
87
81
83
79
79
79
85
85
83
77
77
77
79
79
87
93
89
89
89
93
85
81
77
79
83
89
87
87
87
91
91
101
105
107
109
109
109
109
109
109
109
109
107
101
105
103
103
101
105
97
101
101
93
93
93
93
85
81
79
79
81
93
97
97
97
97
97
97
103
103
107
105
105
105
99
101
99
95
97
99
103
103
105
113
113
111
103
95
103
107
115
115
119
111
107
109
99
97
97
95
101
109
109
111
109
117
121
121
113
117
123
119
119
125
125
123
125
125
123
123
131
125
123
121
119
117
111
111
105
113
123
125
129
127
127
119
119
117
117
113
115
113
121
125
129
129
129
129
129
127
123
113
115
109
113
113
113
111
119
117
121
133
133
137
147
143
137
131
139
137
133
133
129
123
113
109
107
103
103
103
103
95
101
105
105
105
101
101
103
99
103
99
93
93
79
91
85
85
85
85
85
91
91
89
89
89
95
95
103
103
103
103
99
115
115
119
129
129
129
129
127
125
125
133
127
127
135
139
139
131
143
133
125
127
127
127
133
133
135
137
135
133
133
133
145
147
149
147
145
141
147
147
147
145
133
133
123
123
121
113
109
115
115
115
107
113
113
103
105
107
109
115
115
107
101
103
99
97
93
87
89
89
83
83
79
77
79
79
79
81
71
75
73
73
63
53
57
57
55
55
55
55
55
55
55
55
59
59
59
59
73
73
73
75
69
69
65
69
69
63
65
65
65
67
75
77
67
69
65
65
67
67
59
63
71
73
73
67
67
67
67
69
69
69
69
65
65
71
67
67
67
63
63
69
69
71
73
77
77
77
67
69
65
69
71
81
71
71
77
75
75
73
75
77
87
85
85
85
83
83
81
81
81
87
81
77
81
89
83
83
83
79
79
81
81
83
75
75
79
71
63
49
47
47
51
51
45
43
39
41
31
31
27
33
33
43
35
43
51
53
53
53
55
47
45
41
41
41
33
29
29
29
31
31
37
37
45
45
45
45
41
43
33
37
33
27
31
35
35
33
41
33
23
31
31
31
27
23
23
29
31
25
25
25
23
23
33
39
39
39
39
35
39
31
39
39
41
37
37
37
47
53
55
55
55
55
63
71
71
71
71
71
75
75
73
77
81
71
55
47
47
45
37
37
33
41
41
31
35
35
33
33
33
33
29
25
23
17
17
25
25
25
23
17
15
15
25
25
21
13
7
7
11
9
9
3
5
1
1
1
1
1
7
-1
-9
-17
-21
-21
-23
-19
-23
-25
-15
-23
-21
-17
-9
-5
-5
-17
-19
-19
-21
-21
-21
-15
-15
-15
-11
-3
-3
-11
-11
-11
-13
-19
-23
-9
-13
-9
-17
-17
-21
-21
-25
-29
-15
-15
-5
-13
-13
-15
-15
-11
-13
-21
-21
-21
-19
-15
-15
-15
-15
-15
-13
-11
-15
-15
-7
-5
-5
-5
-7
-9
-11
-11
-11
-11
-19
-19
-23
-19
-19
-19
-21
-25
-27
-23
-23
-21
-21
-17
-17
-17
-17
-21
-25
-31
-27
-25
-25
-27
-37
-37
-37
-27
-27
-21
-23
-25
-33
-27
-27
-27
-21
-21
-19
-21
-21
-19
-23
-35
-33
-37
-41
-41
-39
-37
-39
-39
-35
-29
-45
-49
-51
-59
-59
-59
-59
-55
-55
-51
-51
-51
-51
-51
-61
-65
-69
-69
-69
-69
-67
-67
-67
-69
-69
-61
-65
-69
-75
-75
-75
-79
-75
-75
-71
-73
-81
-83
-81
-75
-75
-69
-59
-57
-47
-47
-43
-35
-31
-29
-15
-15
-9
-11
-15
-11
-11
-15
-17
-17
-11
-13
-7
-7
-9
-7
-3
5
7
7
11
13
13
13
13
19
19
19
17
23
23
23
21
21
21
19
21
23
35
41
41
35
35
39
43
43
39
39
31
33
29
23
25
29
17
11
15
17
21
19
17
17
17
25
25
33
33
33
29
35
33
27
31
35
33
35
41
41
41
43
41
35
31
37
39
39
45
49
51
57
59
59
57
53
43
43
43
41
41
41
49
49
39
39
33
33
33
35
35
25
27
21
21
17
19
15
11
13
21
29
29
29
31
39
41
29
29
31
29
29
29
33
29
29
17
25
33
33
45
39
37
27
23
17
15
13
13
9
9
9
17
13
5
5
5
5
1
-1
-7
-3
-1
1
9
9
9
5
5
5
1
1
1
1
-3
-5
-9
-5
-13
-11
-9
-3
3
9
3
3
5
5
7
7
7
-1
-1
-1
-9
-11
-11
-11
-9
-9
-3
1
-7
-7
-11
-11
-11
-13
-15
-11
-5
1
5
17
17
21
23
11
11
11
19
19
19
15
11
9
9
11
3
3
11
11
11
5
11
25
19
25
25
25
25
25
25
27
27
21
21
17
5
5
9
7
3
3
-7
1
1
9
11
11
13
15
13
17
13
17
23
23
23
23
23
31
35
43
47
49
49
41
33
27
29
29
29
25
33
33
33
33
37
43
39
43
43
35
23
27
27
27
27
33
35
43
51
57
59
55
63
65
61
61
75
71
67
69
65
65
63
59
53
45
45
45
41
41
41
41
43
35
35
43
53
57
57
57
47
53
57
61
61
67
75
69
71
83
83
83
81
91
89
89
89
77
77
81
81
75
75
75
75
61
63
63
63
69
75
73
81
79
75
77
83
81
87
87
87
91
87
81
79
83
83
85
89
87
81
73
81
81
73
75
79
75
75
75
81
81
87
85
85
85
81
81
79
79
79
79
75
73
61
55
51
51
49
45
45
45
47
47
51
49
49
47
47
33
33
29
25
33
35
35
35
31
37
37
35
43
45
45
45
45
47
45
57
55
53
51
55
55
55
53
53
59
61
67
63
67
67
65
61
57
63
61
51
51
47
47
47
45
45
39
39
37
31
41
35
33
43
39
43
43
43
31
41
43
43
49
49
45
43
43
47
47
45
39
53
61
65
63
59
57
49
59
59
67
63
61
67
61
65
65
59
55
55
55
63
75
79
79
79
83
83
87
89
89
85
85
85
89
87
87
85
87
89
83
85
87
89
89
89
93
89
91
97
97
95
95
99
87
71
69
77
77
71
67
69
63
69
69
65
67
69
61
67
67
65
73
75
69
67
71
69
75
79
85
83
85
85
91
89
79
79
79
83
91
91
91
91
91
91
93
89
99
109
109
109
115
109
109
109
107
107
103
105
105
111
109
109
107
113
109
121
123
123
115
111
113
119
115
119
117
117
117
121
123
131
129
137
139
143
143
151
151
151
149
153
153
147
147
147
149
151
151
141
139
137
145
147
149
135
135
141
141
149
149
153
153
149
151
151
159
151
151
151
149
155
143
145
149
143
145
145
137
137
129
123
131
121
121
121
121
125
119
117
117
119
125
125
129
127
135
135
135
137
137
147
151
151
147
135
133
131
127
127
133
133
133
143
129
133
129
127
131
131
141
139
141
145
141
141
147
149
153
145
145
145
153
153
157
157
159
159
161
165
169
165
165
167
167
167
165
165
165
159
149
153
143
141
149
149
159
159
161
161
163
163
163
161
155
155
153
157
167
167
167
161
153
153
155
155
149
149
147
147
139
139
139
131
137
135
135
137
135
131
131
131
139
139
139
135
137
143
143
133
135
135
133
135
137
131
133
133
145
151
147
147
147
151
151
159
159
159
159
159
151
151
149
149
149
149
149
149
149
139
139
135
135
135
143
143
143
143
151
151
161
161
155
155
159
159
161
159
159
145
143
147
145
143
131
135
135
135
135
131
135
137
129
137
141
141
141
139
141
141
141
141
145
145
145
147
147
159
159
159
159
163
167
173
173
173
173
171
171
169
177
175
181
181
177
181
179
183
187
185
185
183
181
181
187
187
193
201
203
203
203
191
195
201
201
207
207
201
197
199
199
199
207
217
219
211
209
209
209
205
201
201
197
199
191
189
189
189
189
191
191
185
193
193
189
187
181
177
187
187
181
179
183
183
183
179
179
179
179
171
173
173
171
171
161
159
153
147
163
159
159
161
159
163
165
165
165
173
179
185
187
191
193
193
193
199
199
195
203
207
207
207
213
213
215
221
227
221
221
217
211
219
219
227
221
221
221
221
221
229
229
229
229
227
221
229
229
227
241
241
237
235
235
237
231
223
223
223
223
219
221
219
219
217
211
211
213
207
215
213
213
219
219
219
211
211
213
213
213
205
211
211
207
215
215
211
211
211
211
211
213
219
215
213
207
197
191
183
171
171
167
159
159
159
153
149
147
147
149
149
149
141
141
141
147
149
149
147
147
147
139
145
157
149
141
145
143
143
137
137
145
151
151
153
157
153
151
147
155
155
145
145
137
145
145
143
145
151
151
151
149
149
139
131
131
131
133
133
135
125
125
129
129
125
121
121
121
121
125
127
131
131
131
133
133
131
137
149
149
149
149
143
139
141
141
147
143
153
155
155
161
161
161
167
171
171
173
165
165
159
155
155
155
165
161
171
171
181
185
179
177
173
169
171
171
173
179
177
179
175
179
193
187
187
191
191
191
191
187
191
189
187
181
177
175
175
175
171
171
167
167
171
171
171
177
169
167
167
167
165
173
173
181
181
179
175
181
181
175
173
177
173
173
175
175
175
175
181
183
183
183
191
191
189
189
177
167
167
167
175
169
175
169
167
165
171
171
169
179
183
183
183
183
185
193
193
191
191
185
181
181
179
175
175
171
171
171
167
163
163
167
163
157
151
151
151
151
159
159
159
159
159
155
151
143
149
143
141
141
135
135
133
127
131
129
131
131
131
129
127
139
141
143
129
129
119
113
109
117
113
111
111
111
111
115
115
119
119
123
117
125
123
123
115
119
125
125
131
131
133
137
141
141
141
145
141
147
147
149
151
155
163
169
169
167
163
161
161
161
159
159
149
147
151
149
143
143
147
149
149
151
151
151
155
157
161
165
165
167
167
167
167
167
169
181
175
177
171
171
167
165
161
155
155
153
153
151
151
155
163
171
181
181
183
183
173
169
165
165
171
175
171
171
173
173
165
161
157
155
165
157
167
167
173
177
177
167
165
163
163
163
163
163
163
159
147
147
147
143
143
145
137
137
139
147
151
151
143
153
149
149
149
159
159
157
163
169
167
161
155
155
155
157
157
151
153
155
155
155
165
177
177
181
193
191
191
191
195
195
189
189
191
197
193
193
199
199
199
197
193
197
201
205
205
213
213
221
221
221
221
221
221
219
223
223
223
219
215
217
215
215
215
219
219
211
215
213
215
215
207
205
215
215
223
221
219
215
213
209
209
217
217
217
209
211
203
203
203
203
203
201
203
203
195
189
193
203
199
193
193
193
193
181
189
189
189
183
185
185
185
185
183
169
163
163
163
151
151
159
159
167
175
171
171
177
173
175
177
175
175
175
175
175
183
183
183
183
183
175
175
175
175
175
173
177
181
181
185
191
191
191
189
189
183
183
181
177
177
177
173
171
171
171
171
171
175
179
183
183
177
177
187
183
183
183
185
187
183
183
183
185
187
183
189
191
191
191
189
193
197
197
197
197
195
197
195
195
195
205
207
199
203
213
211
215
215
215
213
215
217
217
219
209
201
193
191
183
187
191
183
179
167
173
167
165
167
163
163
159
163
163
163
163
171
165
165
159
161
169
169
167
167
173
167
167
175
181
185
185
191
195
189
189
187
179
179
179
183
183
181
189
197
189
199
201
211
211
213
215
223
223
223
215
215
215
215
211
209
209
213
213
215
213
211
211
211
211
203
197
193
185
185
191
185
183
187
187
197
197
189
187
187
171
171
161
157
149
155
159
157
159
159
161
163
163
163
165
169
177
179
169
169
173
173
177
177
177
171
171
169
165
173
177
179
173
181
187
187
183
183
183
181
175
181
177
175
181
181
181
189
179
179
181
181
181
175
177
179
175
175
171
173
173
167
167
169
173
173
175
179
179
187
187
175
175
185
185
189
181
179
183
181
179
183
185
189
189
187
179
179
179
177
179
187
187
187
191
191
183
183
183
183
183
183
183
183
189
189
189
183
183
183
191
187
191
191
199
193
197
201
201
203
205
205
197
211
205
205
203
209
213
217
215
215
219
221
223
211
221
221
221
215
215
209
209
209
205
199
197
193
185
197
197
197
191
201
201
203
203
203
201
201
201
201
193
193
193
193
201
211
217
211
217
207
217
209
209
209
209
205
199
205
205
205
205
205
205
209
207
209
221
221
219
219
211
211
217
219
217
217
215
215
215
207
211
209
209
209
211
219
219
219
215
215
219
213
227
221
217
213
207
203
203
205
201
201
201
199
199
197
207
207
201
197
197
199
189
189
195
195
201
201
201
195
197
201
207
203
207
205
201
197
197
197
199
201
205
207
207
207
205
209
209
207
207
207
207
199
199
193
197
197
201
197
197
185
185
185
177
177
181
181
187
175
185
185
179
179
181
179
175
189
189
189
189
189
187
187
187
187
187
183
183
185
185
183
191
181
181
175
169
179
191
187
187
185
189
189
185
197
193
195
201
203
203
195
203
211
209
219
227
229
229
229
225
225
229
229
229
229
223
227
227
231
235
235
233
237
243
243
241
243
233
227
223
215
219
219
219
219
217
217
215
213
215
219
225
225
223
223
219
215
217
217
213
213
207
223
219
219
219
217
225
221
229
231
241
241
233
231
231
233
233
231
237
235
235
235
231
231
235
231
225
227
225
223
223
223
239
241
233
239
239
243
237
233
229
223
223
223
223
225
227
223
223
229
229
229
227
225
233
233
237
237
237
237
237
237
239
241
241
255
261
261
263
263
263
257
257
257
265
265
265
267
273
279
281
279
267
267
257
259
257
257
265
265
263
273
277
275
281
285
285
277
267
263
255
257
261
251
255
253
257
255
259
253
253
249
241
239
249
247
239
243
245
253
265
265
275
261
261
257
257
265
249
253
261
261
261
261
261
259
261
269
265
271
271
275
277
277
271
275
271
271
271
279
277
277
277
275
281
271
267
263
259
257
253
255
259
259
251
251
249
249
249
241
245
243
243
237
239
237
237
229
229
231
235
225
223
221
229
233
231
231
231
241
235
225
223
223
219
219
219
219
227
237
241
239
239
237
237
233
235
233
227
221
221
221
217
221
217
209
203
197
209
207
207
209
209
209
205
205
207
207
207
203
207
203
201
201
201
205
205
213
211
213
217
219
227
237
237
239
241
239
237
231
229
229
225
225
227
231
239
247
239
233
241
247
243
239
229
233
227
227
227
227
233
231
223
223
231
231
239
243
249
239
249
249
243
247
245
251
253
253
253
257
255
247
245
245
245
245
245
235
231
223
223
225
229
225
227
219
219
221
217
211
213
211
213
213
213
217
221
219
217
227
217
219
215
217
217
217
219
219
219
211
211
201
203
201
197
201
201
201
199
191
185
185
185
193
197
197
205
211
209
209
211
213
211
207
203
203
203
203
201
201
185
175
169
169
159
151
147
145
147
147
153
151
155
149
145
139
133
133
135
137
131
133
129
129
129
131
133
133
127
131
139
147
139
139
133
133
143
149
143
145
149
145
145
145
143
145
149
151
151
157
153
159
159
157
157
153
157
163
167
165
161
169
177
183
183
189
195
195
195
195
189
183
185
181
181
185
185
185
183
179
185
185
185
185
185
195
195
187
187
187
187
195
193
195
197
193
199
203
203
203
201
201
205
209
203
203
203
209
217
231
233
231
231
233
233
231
227
213
213
221
221
215
215
223
221
229
235
235
235
243
247
239
239
249
245
235
231
227
227
227
227
219
221
215
215
219
219
211
213
215
213
205
215
219
219
213
221
221
221
213
211
215
215
219
217
213
215
223
223
215
215
211
211
211
211
209
209
213
213
217
223
223
227
221
221
219
229
229
237
245
251
255
259
251
245
239
239
249
249
241
227
231
231
237
237
237
237
237
235
231
229
229
233
231
231
245
241
249
253
253
259
259
257
257
267
269
269
265
267
253
253
241
251
251
251
241
237
237
241
241
241
239
241
231
235
227
235
233
221
221
219
227
227
231
229
227
227
227
233
233
233
225
215
215
219
211
213
207
203
207
207
215
215
215
215
215
215
215
217
217
217
225
229
223
223
231
231
231
231
231
231
229
231
231
227
231
223
223
227
227
227
225
227
227
227
227
227
225
213
213
207
209
213
211
207
211
211
207
205
207
207
197
197
191
183
183
177
183
173
169
169
169
165
167
167
161
159
167
169
177
171
171
169
171
167
159
165
173
173
173
173
183
181
181
191
191
193
193
195
195
187
193
193
193
181
185
193
193
191
181
189
191
193
191
197
197
197
189
189
195
187
187
193
199
199
195
195
199
195
201
197
191
187
195
195
199
195
195
189
189
197
199
199
203
203
203
209
215
215
215
217
217
221
221
225
221
221
221
225
235
235
243
241
241
241
245
249
245
245
251
245
247
241
237
241
239
239
239
241
237
231
231
225
219
219
225
217
213
211
215
215
215
211
211
203
203
195
195
189
189
179
179
179
183
177
181
191
201
195
193
187
185
185
191
191
197
191
189
189
185
189
179
179
183
183
181
181
179
181
181
179
177
179
185
185
185
185
181
193
183
183
185
189
187
183
183
171
171
177
171
171
183
191
191
197
197
191
191
189
187
183
185
185
189
189
181
193
183
183
193
193
189
189
189
189
185
187
181
181
183
193
201
197
197
193
189
183
187
187
183
179
179
175
171
173
179
187
187
187
189
183
193
181
181
181
191
189
191
187
187
189
191
187
201
201
201
195
189
189
181
177
177
175
175
181
179
179
179
179
179
177
177
177
183
185
187
183
183
189
183
175
175
175
183
171
177
175
175
175
171
171
171
167
167
171
171
171
171
177
173
173
185
187
183
173
173
179
177
169
171
173
173
179
181
181
189
189
189
189
189
189
185
185
189
187
181
177
169
179
179
179
173
173
175
175
169
167
167
163
163
167
167
167
169
169
169
171
175
175
173
171
177
183
183
183
185
187
193
189
193
193
193
199
199
197
191
193
193
179
179
173
175
175
173
169
169
181
181
189
191
191
191
191
189
191
191
203
205
205
205
201
203
203
203
199
201
201
197
199
203
205
205
205
211
217
225
223
229
233
229
229
229
229
223
233
237
237
235
233
237
231
231
239
235
235
231
233
229
227
227
229
231
233
237
235
225
225
219
215
213
213
213
209
217
211
211
217
209
213
213
217
219
213
211
207
207
221
221
221
225
219
223
225
225
229
229
231
237
237
233
241
233
233
233
235
231
231
237
237
231
233
233
243
243
235
235
235
241
245
245
255
267
273
269
275
283
271
259
259
261
255
247
239
239
235
235
235
235
237
237
235
237
233
229
229
229
229
225
225
229
229
235
237
235
231
227
227
223
223
213
221
207
207
207
199
199
199
197
197
199
195
193
189
191
187
183
181
173
163
163
163
165
169
169
169
169
175
177
179
179
179
183
183
187
183
177
183
183
191
191
195
193
197
197
199
201
201
197
197
193
203
211
211
213
205
207
213
213
211
205
205
207
207
209
209
209
207
211
205
205
205
199
195
189
189
195
195
195
193
183
175
171
169
171
171
175
173
169
171
171
175
171
175
175
175
181
181
177
177
175
177
167
163
155
159
159
163
173
169
169
169
173
173
169
179
179
179
171
171
173
173
177
177
177
185
189
183
179
179
179
169
171
171
175
175
173
167
161
159
157
157
159
159
159
159
163
157
165
167
167
165
161
161
161
161
161
151
145
153
155
157
157
157
161
161
165
165
167
169
163
159
165
157
157
155
159
155
163
161
163
147
147
139
139
139
141
141
139
139
139
137
139
143
145
149
143
151
151
155
155
155
149
147
147
135
143
141
141
141
143
139
149
149
153
159
165
161
161
171
157
157
157
161
159
159
159
159
157
157
151
159
159
159
161
161
169
169
171
177
179
183
191
191
189
185
179
185
183
181
183
183
187
187
185
187
189
193
189
185
175
175
169
169
175
181
181
183
183
183
179
173
173
171
173
173
173
173
173
175
179
181
181
185
183
183
183
179
179
173
173
173
167
167
161
161
163
165
165
167
167
167
161
161
161
157
151
151
149
151
149
149
149
149
151
151
151
155
155
155
151
151
149
145
141
145
143
137
137
145
147
141
143
141
139
147
149
149
153
139
147
147
149
149
149
149
151
139
131
137
137
149
149
151
145
147
151
161
155
155
155
155
155
151
161
161
161
161
161
161
161
163
159
159
161
159
161
161
161
165
157
155
149
147
155
157
159
159
161
147
155
161
161
165
157
157
149
149
147
147
145
145
137
137
137
137
137
133
133
133
137
137
131
127
131
135
139
135
129
125
127
127
127
133
133
133
141
141
141
139
133
139
139
139
145
139
139
143
135
131
131
123
125
125
129
129
131
129
117
117
119
113
113
125
115
115
119
121
125
117
125
131
133
133
125
125
135
135
147
143
147
147
147
143
135
135
137
133
129
129
125
125
129
131
131
137
137
137
145
145
145
141
147
147
147
145
145
147
147
151
153
151
155
159
161
161
161
161
167
169
165
165
165
149
149
149
147
137
141
135
135
137
137
135
135
145
151
145
145
151
151
151
141
139
131
131
129
129
127
119
119
125
121
117
117
117
115
115
115
115
113
121
121
131
131
131
125
123
123
117
119
113
121
121
121
121
121
121
121
115
113
105
109
111
111
123
123
119
119
123
123
127
123
119
119
117
127
131
131
143
143
139
139
143
143
133
141
131
133
129
133
133
139
141
141
141
141
139
139
149
149
149
145
145
153
161
163
169
173
177
177
177
177
183
183
185
185
183
183
183
183
197
191
191
193
193
191
189
189
187
187
183
177
179
177
177
177
179
179
179
179
179
177
175
171
163
165
165
165
163
163
163
163
159
159
153
153
157
161
159
157
161
161
161
161
161
167
171
171
179
179
169
169
173
173
173
177
175
171
171
171
177
175
175
175
177
181
189
203
205
205
201
201
201
205
205
209
209
203
201
203
215
215
213
217
205
203
199
195
195
195
201
209
209
209
201
211
213
213
215
217
217
223
227
233
233
233
229
221
219
219
223
225
231
231
231
235
235
231
229
223
229
227
229
233
227
227
227
227
221
211
211
211
215
219
227
227
227
225
217
223
223
223
223
225
225
225
221
221
217
213
205
209
207
207
207
205
207
213
215
215
217
217
205
207
209
209
209
203
207
205
205
205
199
199
209
217
219
225
225
235
245
243
243
247
249
251
251
255
255
255
251
251
255
243
247
247
247
247
249
249
245
249
249
249
249
249
239
237
225
225
239
229
223
223
221
229
221
227
227
231
233
233
231
237
241
233
233
229
227
233
233
233
233
235
237
237
237
233
229
241
241
241
247
237
237
237
245
249
241
247
247
253
249
247
247
247
247
247
251
251
251
251
251
251
251
245
247
245
237
237
237
231
231
231
241
241
251
251
251
241
241
241
231
235
241
241
241
253
257
247
233
233
239
241
237
237
239
249
249
249
247
249
249
251
241
241
243
235
231
231
235
235
239
239
239
241
241
235
237
239
239
239
239
233
237
237
231
229
229
229
231
229
229
229
219
215
219
215
211
209
207
205
201
201
207
211
215
215
215
215
215
215
207
207
211
211
211
211
213
213
209
209
209
209
199
191
189
193
187
191
185
183
177
187
187
189
189
189
185
181
179
177
177
191
201
203
203
203
203
203
215
219
223
219
213
213
213
203
203
203
201
199
201
203
207
199
199
193
193
193
193
193
193
199
189
189
189
195
191
191
197
201
201
189
189
191
189
185
193
193
193
193
193
203
203
193
197
197
193
193
199
201
207
207
209
209
209
209
215
213
221
221
221
219
225
225
225
225
219
219
223
223
225
227
233
239
231
237
241
241
227
235
237
241
251
259
259
263
265
265
269
269
275
277
277
277
277
279
273
277
275
279
277
277
271
271
271
267
267
273
273
269
267
267
267
267
265
265
265
257
269
271
267
267
277
277
281
277
283
281
273
263
261
251
257
257
257
257
247
247
247
245
243
239
239
233
233
233
235
229
227
227
227
227
227
225
225
227
235
235
229
229
231
235
233
233
233
233
233
229
229
229
225
231
233
233
229
235
227
225
215
213
213
219
221
223
223
221
225
229
235
229
239
235
231
237
231
233
233
237
235
243
241
237
245
249
251
251
251
249
253
255
255
249
253
257
257
259
251
255
263
261
261
269
265
265
271
273
273
277
277
273
275
267
263
255
261
263
253
261
255
255
255
265
273
277
277
275
277
277
277
277
277
277
279
273
273
273
283
285
285
285
283
281
279
279
279
279
275
275
275
281
283
283
283
285
283
289
291
291
291
291
293
289
285
277
277
273
273
267
265
265
261
271
271
261
261
261
271
285
285
285
283
281
281
281
277
273
269
263
261
261
261
269
269
271
273
279
287
283
283
283
275
277
277
279
275
285
277
261
261
269
259
259
259
259
259
261
261
261
255
255
251
251
251
243
245
249
249
249
249
251
255
255
257
257
257
259
253
243
239
229
229
229
229
239
239
237
241
237
237
235
231
227
217
217
219
219
219
219
219
221
227
223
223
223
221
225
227
227
225
229
229
233
233
231
237
237
249
251
253
253
257
261
261
261
257
259
247
239
251
245
245
245
239
253
253
253
255
255
263
269
271
271
273
271
271
271
271
271
279
289
287
287
287
285
285
279
279
279
275
277
277
277
271
267
271
265
267
267
269
269
269
283
283
277
277
277
295
295
295
299
299
295
295
299
299
289
289
281
281
287
287
287
287
295
293
291
291
291
293
289
293
293
295
293
291
291
295
287
287
297
305
303
303
295
295
303
303
303
303
305
305
303
307
307
319
327
323
327
327
327
327
323
325
313
319
325
331
315
315
315
311
317
319
319
319
315
315
315
315
307
305
307
307
297
289
285
289
289
289
279
285
277
273
265
261
261
261
263
255
249
243
243
245
255
257
257
257
257
257
259
259
255
261
257
257
257
259
253
247
243
239
247
249
253
257
253
245
251
259
265
263
267
267
267
261
261
261
269
267
265
273
275
283
279
273
273
273
273
271
271
265
265
263
263
261
263
257
257
265
265
265
265
265
259
259
259
259
249
247
253
251
251
251
253
257
257
257
257
257
259
255
255
255
243
235
233
223
225
225
223
227
