-10472
-10468
-10462
-10462
-10462
-10450
-10450
-10438
-10422
-10422
-10416
-10404
-10400
-10400
-10388
-10380
-10380
-10380
-10380
-10370
-10366
-10368
-10360
-10354
-10348
-10348
-10338
-10330
-10326
-10320
-10314
-10312
-10306
-10294
-10282
-10282
-10268
-10268
-10260
-10258
-10250
-10246
-10230
-10220
-10220
-10220
-10212
-10210
-10212
-10216
-10216
-10214
-10208
-10198
-10194
-10192
-10192
-10188
-10188
-10180
-10174
-10162
-10154
-10152
-10152
-10146
-10134
-10126
-10124
-10122
-10116
-10102
-10092
-10080
-10072
-10070
-10056
-10050
-10050
-10050
-10034
-10028
-10020
-10010
-10004
-9998
-9998
-9982
-9976
-9958
-9958
-9958
-9944
-9940
-9926
-9922
-9908
-9898
-9888
-9886
-9886
-9878
-9870
-9868
-9866
-9858
-9842
-9842
-9832
-9822
-9814
-9816
-9812
-9812
-9800
-9800
-9790
-9788
-9784
-9774
-9770
-9762
-9762
-9752
-9752
-9752
-9752
-9750
-9754
-9754
-9746
-9736
-9732
-9724
-9724
-9724
-9720
-9718
-9710
-9710
-9710
-9702
-9690
-9690
-9680
-9674
-9668
-9672
-9666
-9658
-9658
-9652
-9646
-9638
-9630
-9620
-9616
-9612
-9604
-9598
-9588
-9588
-9578
-9576
-9572
-9574
-9568
-9560
-9560
-9550
-9538
-9526
-9526
-9514
-9504
-9504
-9500
-9490
-9490
-9480
-9480
-9484
-9474
-9464
-9466
-9454
-9454
-9446
-9436
-9430
-9422
-9416
-9416
-9412
-9402
-9390
-9388
-9388
-9386
-9380
-9380
-9372
-9366
-9356
-9356
-9356
-9348
-9336
-9328
-9314
-9304
-9294
-9290
-9288
-9288
-9278
-9276
-9272
-9266
-9266
-9266
-9266
-9256
-9242
-9240
-9234
-9228
-9228
-9224
-9218
-9216
-9208
-9202
-9192
-9184
-9174
-9166
-9162
-9152
-9152
-9152
-9142
-9134
-9128
-9118
-9118
-9114
-9098
-9088
-9082
-9072
-9072
-9070
-9060
-9060
-9050
-9044
-9036
-9030
-9022
-9018
-9018
-9018
-9016
-9008
-9000
-9000
-8998
-9000
-9000
-9000
-8992
-8986
-8986
-8974
-8974
-8972
-8962
-8956
-8942
-8940
-8924
-8920
-8916
-8914
-8908
-8908
-8902
-8896
-8884
-8882
-8882
-8882
-8882
-8880
-8870
-8868
-8868
-8868
-8864
-8854
-8850
-8844
-8844
-8838
-8838
-8830
-8820
-8814
-8804
-8800
-8798
-8788
-8786
-8778
-8778
-8772
-8772
-8764
-8762
-8750
-8738
-8728
-8720
-8716
-8716
-8710
-8708
-8702
-8702
-8688
-8688
-8688
-8684
-8680
-8678
-8666
-8666
-8662
-8662
-8658
-8658
-8646
-8646
-8646
-8632
-8632
-8620
-8616
-8608
-8602
-8602
-8590
-8580
-8572
-8566
-8570
-8566
-8558
-8546
-8538
-8538
-8536
-8536
-8536
-8532
-8530
-8530
-8516
-8516
-8510
-8510
-8500
-8500
-8500
-8496
-8496
-8486
-8484
-8478
-8476
-8476
-8476
-8476
-8468
-8458
-8452
-8442
-8442
-8432
-8432
-8432
-8428
-8416
-8402
-8394
-8394
-8390
-8380
-8366
-8360
-8350
-8350
-8350
-8346
-8340
-8332
-8332
-8326
-8322
-8322
-8314
-8314
-8310
-8306
-8296
-8284
-8278
-8278
-8274
-8266
-8258
-8254
-8254
-8250
-8248
-8248
-8240
-8236
-8234
-8232
-8228
-8222
-8216
-8214
-8210
-8210
-8204
-8200
-8190
-8182
-8176
-8172
-8160
-8154
-8154
-8154
-8144
-8144
-8144
-8142
-8130
-8120
-8112
-8106
-8106
-8100
-8098
-8094
-8092
-8088
-8076
-8076
-8082
-8072
-8066
-8062
-8052
-8056
-8052
-8046
-8046
-8038
-8038
-8032
-8026
-8026
-8026
-8022
-8016
-8006
-8002
-8000
-7992
-7980
-7974
-7976
-7970
-7966
-7966
-7958
-7958
-7956
-7956
-7956
-7948
-7940
-7936
-7936
-7934
-7934
-7934
-7934
-7924
-7920
-7916
-7916
-7918
-7918
-7918
-7906
-7906
-7906
-7906
-7906
-7904
-7904
-7902
-7902
-7900
-7900
-7900
-7906
-7906
-7906
-7896
-7894
-7884
-7876
-7868
-7866
-7856
-7852
-7850
-7852
-7848
-7842
-7830
-7818
-7810
-7810
-7804
-7808
-7802
-7800
-7792
-7782
-7776
-7774
-7768
-7756
-7746
-7740
-7740
-7740
-7734
-7734
-7726
-7726
-7726
-7718
-7710
-7706
-7702
-7702
-7698
-7696
-7692
-7678
-7672
-7666
-7650
-7642
-7642
-7642
-7636
-7636
-7622
-7612
-7612
-7612
-7612
-7612
-7602
-7596
-7588
-7584
-7584
-7570
-7570
-7568
-7562
-7562
-7562
-7562
-7560
-7556
-7556
-7552
-7552
-7552
-7552
-7552
-7552
-7548
-7548
-7540
-7540
-7534
-7534
-7532
-7526
-7516
-7510
-7508
-7508
-7508
-7508
-7494
-7490
-7482
-7486
-7482
-7490
-7490
-7490
-7482
-7482
-7474
-7474
-7474
-7472
-7472
-7474
-7466
-7466
-7456
-7456
-7458
-7444
-7440
-7434
-7432
-7416
-7416
-7416
-7416
-7414
-7414
-7408
-7400
-7400
-7394
-7380
-7380
-7368
-7360
-7356
-7358
-7358
-7358
-7346
-7352
-7352
-7352
-7344
-7332
-7322
-7310
-7296
-7296
-7284
-7284
-7284
-7284
-7286
-7286
-7280
-7276
-7274
-7276
-7262
-7256
-7256
-7256
-7244
-7236
-7236
-7234
-7232
-7228
-7228
-7226
-7218
-7212
-7200
-7194
-7192
-7176
-7170
-7170
-7166
-7168
-7156
-7156
-7146
-7132
-7126
-7114
-7110
-7114
-7114
-7102
-7106
-7106
-7102
-7102
-7100
-7108
-7102
-7098
-7098
-7098
-7092
-7082
-7082
-7078
-7078
-7076
-7076
-7070
-7068
-7066
-7066
-7066
-7064
-7068
-7056
-7050
-7048
-7048
-7050
-7036
-7030
-7028
-7028
-7028
-7022
-7022
-7022
-7016
-7006
-6998
-6988
-6978
-6976
-6976
-6976
-6978
-6970
-6964
-6964
-6956
-6954
-6954
-6954
-6946
-6946
-6946
-6942
-6944
-6936
-6928
-6916
-6902
-6892
-6892
-6882
-6882
-6882
-6890
-6890
-6890
-6884
-6880
-6882
-6882
-6882
-6886
-6874
-6870
-6856
-6856
-6852
-6852
-6846
-6848
-6844
-6840
-6830
-6824
-6818
-6812
-6812
-6800
-6790
-6790
-6782
-6780
-6776
-6766
-6754
-6750
-6750
-6750
-6750
-6750
-6758
-6754
-6752
-6752
-6752
-6752
-6738
-6738
-6730
-6724
-6710
-6710
-6710
-6698
-6694
-6684
-6674
-6674
-6672
-6670
-6670
-6672
-6664
-6664
-6654
-6644
-6642
-6642
-6642
-6634
-6628
-6616
-6612
-6612
-6602
-6594
-6594
-6598
-6598
-6592
-6592
-6590
-6584
-6584
-6594
-6586
-6584
-6570
-6570
-6560
-6558
-6546
-6548
-6544
-6544
-6532
-6526
-6522
-6522
-6522
-6526
-6526
-6524
-6518
-6508
-6494
-6494
-6496
-6498
-6486
-6486
-6478
-6478
-6470
-6460
-6448
-6448
-6448
-6440
-6432
-6420
-6420
-6418
-6412
-6412
-6408
-6400
-6400
-6400
-6394
-6382
-6388
-6390
-6384
-6374
-6364
-6360
-6360
-6356
-6356
-6360
-6352
-6350
-6338
-6342
-6328
-6328
-6326
-6318
-6318
-6316
-6308
-6308
-6308
-6302
-6298
-6292
-6292
-6282
-6276
-6272
-6266
-6258
-6254
-6242
-6234
-6232
-6232
-6228
-6232
-6220
-6210
-6204
-6204
-6194
-6180
-6170
-6170
-6170
-6170
-6172
-6170
-6166
-6170
-6172
-6164
-6164
-6164
-6164
-6162
-6154
-6146
-6136
-6136
-6136
-6132
-6124
-6118
-6118
-6110
-6102
-6096
-6096
-6096
-6096
-6102
-6096
-6094
-6086
-6076
-6072
-6064
-6062
-6060
-6056
-6046
-6048
-6048
-6038
-6038
-6034
-6026
-6022
-6016
-6020
-6026
-6020
-6012
-6008
-6008
-6014
-6020
-6012
-6012
-6018
-6020
-6024
-6024
-6030
-6030
-6030
-6026
-6026
-6026
-6018
-6018
-6018
-6012
-6016
-6010
-6018
-6010
-6010
-6010
-6008
-6004
-6004
-6006
-6008
-6008
-6002
-6002
-6004
-6000
-5992
-5992
-5992
-5988
-5984
-5976
-5972
-5962
-5962
-5960
-5954
-5954
-5952
-5952
-5946
-5944
-5936
-5936
-5924
-5926
-5926
-5926
-5930
-5938
-5930
-5924
-5924
-5922
-5912
-5906
-5906
-5906
-5900
-5900
-5900
-5894
-5880
-5878
-5878
-5874
-5866
-5858
-5858
-5858
-5846
-5836
-5836
-5836
-5836
-5830
-5836
-5832
-5832
-5826
-5816
-5816
-5808
-5802
-5804
-5792
-5792
-5778
-5778
-5774
-5774
-5772
-5778
-5766
-5764
-5764
-5758
-5756
-5750
-5748
-5752
-5752
-5754
-5748
-5752
-5744
-5736
-5738
-5740
-5730
-5724
-5724
-5724
-5714
-5714
-5714
-5712
-5704
-5704
-5706
-5704
-5696
-5696
-5698
-5704
-5704
-5706
-5702
-5696
-5686
-5680
-5670
-5660
-5654
-5654
-5654
-5660
-5660
-5660
-5654
-5652
-5644
-5634
-5634
-5634
-5634
-5636
-5636
-5620
-5620
-5620
-5620
-5616
-5616
-5616
-5606
-5606
-5600
-5600
-5602
-5598
-5590
-5574
-5574
-5572
-5578
-5578
-5568
-5568
-5568
-5568
-5568
-5568
-5568
-5566
-5566
-5562
-5560
-5560
-5562
-5572
-5572
-5558
-5552
-5546
-5546
-5542
-5542
-5540
-5550
-5550
-5550
-5546
-5542
-5542
-5534
-5528
-5528
-5522
-5526
-5526
-5520
-5522
-5510
-5502
-5496
-5496
-5480
-5478
-5474
-5474
-5464
-5458
-5458
-5456
-5444
-5448
-5448
-5448
-5444
-5432
-5430
-5430
-5422
-5416
-5420
-5420
-5420
-5416
-5408
-5404
-5408
-5402
-5398
-5402
-5402
-5398
-5394
-5394
-5394
-5388
-5380
-5376
-5372
-5368
-5362
-5364
-5362
-5362
-5358
-5348
-5346
-5338
-5338
-5338
-5336
-5336
-5324
-5324
-5322
-5324
-5322
-5310
-5312
-5308
-5306
-5306
-5308
-5308
-5304
-5304
-5304
-5304
-5304
-5308
-5298
-5300
-5298
-5288
-5288
-5288
-5284
-5280
-5268
-5264
-5262
-5262
-5266
-5266
-5258
-5250
-5250
-5250
-5254
-5250
-5252
-5250
-5240
-5242
-5230
-5222
-5222
-5222
-5222
-5224
-5220
-5214
-5214
-5214
-5210
-5202
-5198
-5198
-5194
-5194
-5188
-5178
-5178
-5180
-5180
-5174
-5164
-5150
-5150
-5152
-5156
-5154
-5156
-5156
-5154
-5154
-5154
-5150
-5150
-5156
-5148
-5148
-5148
-5144
-5140
-5132
-5124
-5130
-5138
-5134
-5126
-5124
-5124
-5124
-5116
-5120
-5114
-5114
-5112
-5106
-5106
-5096
-5094
-5084
-5074
-5074
-5074
-5068
-5068
-5068
-5066
-5066
-5060
-5052
-5052
-5048
-5036
-5030
-5032
-5032
-5028
-5022
-5024
-5012
-5014
-5006
-5002
-5004
-5014
-5010
-5008
-4998
-4998
-5000
-4990
-4986
-4984
-4984
-4976
-4976
-4976
-4966
-4958
-4958
-4958
-4964
-4964
-4958
-4958
-4962
-4962
-4968
-4968
-4962
-4962
-4960
-4960
-4960
-4952
-4952
-4948
-4948
-4940
-4940
-4936
-4948
-4948
-4954
-4960
-4952
-4948
-4948
-4942
-4942
-4946
-4938
-4948
-4948
-4944
-4932
-4926
-4926
-4926
-4922
-4922
-4916
-4910
-4910
-4902
-4896
-4896
-4886
-4886
-4874
-4870
-4868
-4868
-4864
-4864
-4860
-4864
-4864
-4856
-4866
-4866
-4856
-4854
-4862
-4862
-4852
-4848
-4838
-4834
-4842
-4836
-4834
-4832
-4820
-4822
-4822
-4818
-4816
-4816
-4814
-4814
-4812
-4816
-4822
-4820
-4820
-4812
-4820
-4820
-4822
-4822
-4814
-4816
-4814
-4808
-4802
-4802
-4794
-4790
-4788
-4774
-4778
-4772
-4772
-4768
-4758
-4758
-4758
-4760
-4756
-4756
-4756
-4760
-4760
-4766
-4764
-4760
-4760
-4754
-4754
-4750
-4742
-4742
-4742
-4740
-4736
-4736
-4732
-4732
-4734
-4734
-4738
-4738
-4730
-4720
-4720
-4718
-4710
-4704
-4704
-4704
-4704
-4690
-4688
-4688
-4680
-4676
-4676
-4678
-4676
-4676
-4680
-4680
-4674
-4666
-4660
-4652
-4648
-4634
-4632
-4632
-4626
-4630
-4624
-4614
-4620
-4614
-4618
-4610
-4616
-4610
-4598
-4596
-4606
-4602
-4594
-4586
-4590
-4596
-4596
-4592
-4584
-4590
-4586
-4582
-4586
-4578
-4574
-4574
-4560
-4550
-4540
-4540
-4532
-4532
-4540
-4542
-4536
-4536
-4530
-4528
-4528
-4530
-4524
-4524
-4524
-4512
-4512
-4512
-4512
-4500
-4492
-4494
-4488
-4492
-4492
-4482
-4480
-4482
-4480
-4478
-4478
-4478
-4478
-4474
-4460
-4446
-4446
-4454
-4452
-4446
-4446
-4446
-4440
-4430
-4424
-4424
-4422
-4408
-4414
-4416
-4410
-4410
-4414
-4414
-4404
-4390
-4390
-4384
-4374
-4366
-4364
-4364
-4366
-4370
-4366
-4366
-4368
-4360
-4360
-4360
-4360
-4368
-4366
-4368
-4364
-4364
-4360
-4360
-4348
-4348
-4348
-4348
-4348
-4344
-4340
-4340
-4346
-4346
-4336
-4336
-4336
-4324
-4324
-4330
-4330
-4322
-4316
-4306
-4306
-4306
-4302
-4298
-4296
-4290
-4280
-4274
-4264
-4254
-4254
-4254
-4254
-4260
-4256
-4248
-4248
-4244
-4244
-4248
-4238
-4238
-4242
-4244
-4240
-4238
-4238
-4238
-4230
-4226
-4228
-4222
-4214
-4210
-4212
-4210
-4200
-4190
-4186
-4184
-4180
-4174
-4174
-4166
-4156
-4148
-4150
-4150
-4142
-4140
-4128
-4136
-4130
-4132
-4132
-4122
-4122
-4118
-4104
-4102
-4086
-4080
-4086
-4086
-4090
-4100
-4100
-4098
-4098
-4094
-4094
-4094
-4094
-4082
-4070
-4064
-4066
-4064
-4064
-4064
-4058
-4052
-4052
-4048
-4042
-4034
-4036
-4036
-4028
-4020
-4016
-4016
-4016
-4024
-4018
-4008
-4012
-4012
-4012
-4008
-4004
-3990
-3982
-3972
-3972
-3966
-3968
-3968
-3974
-3970
-3970
-3970
-3970
-3968
-3960
-3958
-3964
-3962
-3966
-3962
-3960
-3960
-3958
-3956
-3956
-3956
-3956
-3964
-3956
-3956
-3956
-3966
-3964
-3960
-3952
-3956
-3956
-3956
-3960
-3954
-3952
-3952
-3952
-3950
-3942
-3936
-3936
-3928
-3914
-3904
-3904
-3904
-3898
-3900
-3900
-3898
-3898
-3898
-3898
-3898
-3890
-3890
-3890
-3892
-3892
-3892
-3892
-3880
-3880
-3878
-3876
-3884
-3882
-3882
-3876
-3876
-3874
-3874
-3874
-3864
-3854
-3852
-3852
-3848
-3848
-3848
-3840
-3838
-3838
-3828
-3828
-3820
-3820
-3820
-3818
-3816
-3810
-3804
-3804
-3804
-3804
-3792
-3788
-3788
-3788
-3788
-3782
-3784
-3776
-3778
-3776
-3772
-3768
-3768
-3760
-3766
-3764
-3766
-3766
-3768
-3768
-3768
-3764
-3768
-3774
-3770
-3774
-3776
-3770
-3770
-3772
-3776
-3770
-3770
-3764
-3756
-3754
-3758
-3770
-3774
-3774
-3764
-3764
-3756
-3758
-3754
-3756
-3752
-3742
-3744
-3744
-3738
-3738
-3738
-3738
-3738
-3728
-3726
-3724
-3724
-3724
-3720
-3714
-3704
-3700
-3700
-3692
-3694
-3694
-3694
-3694
-3698
-3698
-3700
-3688
-3688
-3688
-3678
-3674
-3670
-3660
-3644
-3644
-3644
-3644
-3644
-3634
-3634
-3628
-3630
-3630
-3634
-3634
-3630
-3620
-3614
-3612
-3606
-3594
-3578
-3578
-3570
-3572
-3574
-3568
-3562
-3562
-3558
-3558
-3554
-3554
-3548
-3548
-3536
-3532
-3532
-3522
-3520
-3512
-3500
-3492
-3488
-3488
-3480
-3472
-3476
-3476
-3474
-3484
-3484
-3480
-3474
-3474
-3474
-3468
-3468
-3470
-3474
-3462
-3466
-3466
-3470
-3460
-3454
-3456
-3458
-3452
-3452
-3454
-3454
-3454
-3444
-3438
-3448
-3438
-3430
-3430
-3430
-3430
-3430
-3430
-3430
-3430
-3436
-3436
-3436
-3424
-3418
-3410
-3398
-3400
-3400
-3402
-3396
-3396
-3394
-3394
-3392
-3394
-3388
-3392
-3394
-3382
-3382
-3374
-3370
-3360
-3348
-3340
-3340
-3334
-3342
-3350
-3346
-3358
-3356
-3354
-3354
-3354
-3350
-3350
-3344
-3348
-3342
-3348
-3348
-3348
-3356
-3362
-3368
-3368
-3368
-3368
-3362
-3362
-3362
-3372
-3368
-3360
-3364
-3364
-3362
-3350
-3344
-3344
-3344
-3338
-3332
-3336
-3336
-3330
-3322
-3310
-3310
-3310
-3306
-3296
-3292
-3292
-3284
-3272
-3270
-3276
-3280
-3286
-3282
-3278
-3278
-3278
-3274
-3274
-3274
-3276
-3280
-3270
-3262
-3250
-3242
-3248
-3240
-3242
-3242
-3238
-3236
-3236
-3228
-3222
-3216
-3216
-3216
-3226
-3222
-3222
-3222
-3226
-3226
-3218
-3208
-3206
-3206
-3214
-3210
-3204
-3200
-3198
-3192
-3186
-3178
-3178
-3172
-3164
-3164
-3164
-3166
-3166
-3158
-3154
-3154
-3158
-3152
-3152
-3152
-3138
-3134
-3132
-3130
-3130
-3128
-3124
-3130
-3132
-3132
-3138
-3138
-3134
-3134
-3134
-3128
-3112
-3114
-3116
-3120
-3126
-3136
-3136
-3136
-3140
-3132
-3132
-3128
-3126
-3128
-3128
-3132
-3124
-3124
-3118
-3116
-3106
-3110
-3102
-3102
-3094
-3102
-3102
-3102
-3108
-3102
-3092
-3086
-3076
-3074
-3070
-3076
-3076
-3076
-3070
-3076
-3076
-3070
-3070
-3070
-3062
-3062
-3048
-3046
-3042
-3040
-3032
-3032
-3034
-3030
-3030
-3016
-3004
-3004
-2998
-2998
-2992
-3000
-3002
-2992
-2988
-2994
-2992
-2992
-2992
-2994
-3002
-3002
-2996
-2994
-2994
-3000
-2992
-2994
-2994
-2996
-2988
-2988
-2986
-2984
-2980
-2976
-2976
-2982
-2980
-2976
-2970
-2970
-2958
-2956
-2958
-2958
-2952
-2942
-2942
-2946
-2946
-2940
-2938
-2938
-2938
-2934
-2926
-2924
-2926
-2922
-2922
-2914
-2914
-2922
-2922
-2910
-2902
-2900
-2896
-2896
-2898
-2892
-2892
-2890
-2890
-2880
-2874
-2866
-2870
-2876
-2874
-2874
-2874
-2872
-2872
-2858
-2846
-2838
-2828
-2828
-2828
-2814
-2814
-2810
-2806
-2796
-2788
-2782
-2782
-2784
-2776
-2778
-2770
-2768
-2770
-2756
-2746
-2742
-2748
-2742
-2740
-2732
-2732
-2730
-2738
-2744
-2740
-2738
-2736
-2736
-2736
-2728
-2716
-2712
-2710
-2708
-2706
-2698
-2704
-2694
-2688
-2688
-2692
-2684
-2684
-2680
-2678
-2676
-2678
-2694
-2694
-2696
-2686
-2678
-2678
-2678
-2676
-2686
-2686
-2688
-2688
-2688
-2688
-2692
-2682
-2674
-2674
-2674
-2674
-2674
-2674
-2676
-2666
-2662
-2666
-2666
-2664
-2660
-2660
-2662
-2662
-2656
-2668
-2668
-2662
-2668
-2668
-2670
-2674
-2666
-2662
-2666
-2666
-2658
-2658
-2664
-2662
-2652
-2652
-2650
-2650
-2648
-2638
-2638
-2634
-2630
-2630
-2612
-2616
-2604
-2604
-2604
-2596
-2600
-2596
-2596
-2592
-2592
-2598
-2598
-2598
-2598
-2598
-2598
-2596
-2596
-2588
-2586
-2578
-2570
-2568
-2566
-2558
-2556
-2556
-2554
-2552
-2546
-2546
-2546
-2544
-2536
-2532
-2520
-2520
-2518
-2514
-2514
-2514
-2514
-2510
-2504
-2502
-2490
-2488
-2494
-2486
-2486
-2486
-2484
-2476
-2466
-2466
-2460
-2452
-2454
-2448
-2448
-2448
-2438
-2438
-2438
-2440
-2442
-2434
-2432
-2432
-2432
-2432
-2428
-2426
-2440
-2444
-2444
-2434
-2420
-2414
-2414
-2414
-2414
-2414
-2412
-2406
-2402
-2404
-2400
-2398
-2396
-2388
-2374
-2374
-2370
-2370
-2370
-2360
-2360
-2346
-2334
-2330
-2338
-2324
-2316
-2316
-2314
-2310
-2306
-2308
-2308
-2312
-2304
-2304
-2302
-2308
-2304
-2302
-2302
-2306
-2304
-2300
-2300
-2300
-2292
-2292
-2292
-2302
-2300
-2308
-2296
-2294
-2282
-2282
-2276
-2266
-2266
-2276
-2276
-2278
-2276
-2274
-2274
-2278
-2280
-2280
-2264
-2264
-2266
-2256
-2254
-2264
-2264
-2264
-2264
-2254
-2254
-2246
-2248
-2242
-2242
-2240
-2244
-2246
-2250
-2248
-2256
-2246
-2240
-2240
-2232
-2234
-2230
-2232
-2234
-2234
-2234
-2234
-2230
-2226
-2222
-2222
-2224
-2220
-2216
-2216
-2212
-2206
-2206
-2210
-2212
-2212
-2214
-2214
-2214
-2218
-2212
-2202
-2204
-2204
-2204
-2204
-2196
-2196
-2196
-2196
-2190
-2192
-2192
-2192
-2188
-2188
-2188
-2196
-2196
-2196
-2206
-2206
-2210
-2218
-2222
-2220
-2224
-2220
-2210
-2210
-2208
-2208
-2204
-2194
-2198
-2198
-2196
-2192
-2192
-2178
-2170
-2170
-2168
-2168
-2168
-2162
-2162
-2158
-2154
-2154
-2158
-2154
-2146
-2146
-2146
-2142
-2142
-2144
-2138
-2128
-2120
-2114
-2110
-2110
-2110
-2110
-2110
-2106
-2106
-2100
-2100
-2098
-2090
-2086
-2084
-2080
-2076
-2072
-2068
-2060
-2064
-2056
-2062
-2068
-2066
-2066
-2062
-2066
-2070
-2072
-2072
-2070
-2076
-2076
-2080
-2084
-2082
-2082
-2082
-2072
-2072
-2080
-2082
-2082
-2082
-2082
-2080
-2080
-2074
-2074
-2074
-2072
-2072
-2072
-2070
-2064
-2068
-2068
-2066
-2068
-2068
-2066
-2070
-2068
-2068
-2066
-2074
-2072
-2060
-2058
-2066
-2066
-2068
-2066
-2066
-2060
-2060
-2064
-2064
-2054
-2056
-2056
-2062
-2062
-2070
-2064
-2060
-2054
-2048
-2048
-2046
-2044
-2030
-2034
-2034
-2034
-2026
-2028
-2028
-2016
-2016
-2014
-2008
-2004
-2008
-2014
-2014
-2016
-2010
-2002
-1994
-1998
-2004
-2000
-1996
-1996
-1996
-1996
-1996
-2000
-2000
-1988
-1988
-1982
-1984
-1980
-1980
-1974
-1986
-1986
-1986
-1986
-1986
-1990
-1990
-1984
-1986
-1976
-1976
-1986
-1986
-1986
-1986
-1998
-2006
-1998
-1998
-1998
-1998
-1994
-1990
-1980
-1972
-1968
-1960
-1964
-1964
-1964
-1968
-1968
-1960
-1950
-1950
-1938
-1940
-1938
-1938
-1944
-1944
-1944
-1942
-1942
-1948
-1948
-1948
-1948
-1948
-1948
-1948
-1944
-1944
-1950
-1942
-1948
-1946
-1946
-1942
-1942
-1944
-1936
-1938
-1938
-1948
-1948
-1952
-1948
-1956
-1956
-1958
-1960
-1960
-1960
-1960
-1960
-1958
-1952
-1952
-1944
-1938
-1944
-1942
-1942
-1944
-1944
-1946
-1950
-1948
-1948
-1942
-1936
-1936
-1940
-1932
-1934
-1932
-1932
-1938
-1940
-1930
-1926
-1926
-1920
-1920
-1920
-1920
-1920
-1918
-1922
-1934
-1944
-1938
-1924
-1924
-1920
-1920
-1920
-1920
-1920
-1920
-1920
-1908
-1906
-1900
-1898
-1898
-1898
-1900
-1908
-1910
-1912
-1910
-1906
-1902
-1902
-1900
-1900
-1900
-1894
-1890
-1888
-1876
-1876
-1874
-1878
-1874
-1866
-1866
-1862
-1858
-1866
-1858
-1860
-1864
-1862
-1852
-1852
-1852
-1846
-1846
-1842
-1834
-1840
-1840
-1838
-1836
-1826
-1812
-1806
-1798
-1794
-1790
-1790
-1786
-1782
-1788
-1786
-1774
-1774
-1780
-1780
-1772
-1758
-1750
-1738
-1738
-1728
-1736
-1732
-1732
-1730
-1724
-1714
-1712
-1712
-1714
-1710
-1710
-1716
-1718
-1716
-1718
-1712
-1712
-1708
-1696
-1696
-1692
-1700
-1704
-1704
-1704
-1706
-1712
-1708
-1708
-1716
-1702
-1698
-1694
-1694
-1694
-1694
-1694
-1688
-1678
-1672
-1672
-1674
-1668
-1662
-1654
-1650
-1652
-1648
-1648
-1650
-1650
-1650
-1652
-1652
-1648
-1638
-1634
-1634
-1634
-1634
-1634
-1638
-1628
-1630
-1632
-1634
-1634
-1624
-1614
-1614
-1604
-1604
-1602
-1606
-1620
-1618
-1618
-1618
-1610
-1602
-1602
-1600
-1600
-1600
-1590
-1588
-1588
-1588
-1588
-1584
-1584
-1584
-1584
-1588
-1594
-1594
-1596
-1596
-1600
-1596
-1590
-1590
-1590
-1596
-1588
-1596
-1602
-1596
-1600
-1596
-1600
-1602
-1604
-1602
-1600
-1600
-1592
-1584
-1586
-1586
-1596
-1596
-1594
-1592
-1584
-1578
-1576
-1578
-1574
-1576
-1576
-1580
-1586
-1580
-1580
-1578
-1578
-1574
-1566
-1572
-1570
-1564
-1564
-1568
-1576
-1576
-1574
-1574
-1574
-1566
-1566
-1556
-1554
-1554
-1554
-1564
-1568
-1562
-1562
-1568
-1574
-1580
-1586
-1594
-1590
-1590
-1594
-1598
-1598
-1598
-1588
-1580
-1580
-1580
-1580
-1578
-1590
-1590
-1596
-1596
-1596
-1602
-1602
-1600
-1600
-1596
-1588
-1580
-1580
-1572
-1578
-1578
-1578
-1578
-1590
-1592
-1592
-1588
-1590
-1586
-1580
-1586
-1586
-1582
-1582
-1586
-1576
-1576
-1582
-1582
-1580
-1580
-1584
-1586
-1576
-1580
-1580
-1576
-1576
-1576
-1576
-1572
-1574
-1574
-1564
-1564
-1566
-1572
-1562
-1562
-1564
-1564
-1564
-1562
-1558
-1550
-1546
-1540
-1534
-1534
-1530
-1536
-1526
-1522
-1522
-1512
-1512
-1518
-1522
-1526
-1526
-1526
-1520
-1510
-1510
-1520
-1508
-1506
-1506
-1506
-1510
-1506
-1506
-1508
-1518
-1522
-1522
-1518
-1516
-1514
-1514
-1514
-1506
-1500
-1500
-1500
-1498
-1498
-1488
-1488
-1484
-1486
-1490
-1480
-1486
-1492
-1490
-1490
-1474
-1468
-1468
-1468
-1468
-1466
-1466
-1468
-1468
-1468
-1470
-1470
-1470
-1468
-1466
-1464
-1464
-1460
-1462
-1462
-1470
-1476
-1476
-1474
-1472
-1464
-1466
-1466
-1466
-1462
-1458
-1450
-1446
-1436
-1428
-1420
-1420
-1412
-1412
-1412
-1404
-1402
-1402
-1402
-1402
-1390
-1390
-1390
-1388
-1388
-1388
-1388
-1380
-1380
-1378
-1378
-1378
-1368
-1372
-1372
-1374
-1368
-1362
-1358
-1358
-1364
-1358
-1358
-1364
-1362
-1362
-1370
-1378
-1378
-1376
-1374
-1366
-1366
-1368
-1362
-1362
-1362
-1358
-1358
-1350
-1350
-1350
-1350
-1344
-1336
-1338
-1338
-1324
-1328
-1336
-1338
-1340
-1340
-1340
-1338
-1338
-1342
-1350
-1352
-1344
-1346
-1346
-1346
-1350
-1350
-1354
-1352
-1352
-1348
-1334
-1334
-1330
-1328
-1328
-1328
-1330
-1330
-1328
-1326
-1326
-1322
-1322
-1320
-1330
-1336
-1348
-1346
-1340
-1332
-1336
-1334
-1334
-1334
-1334
-1334
-1324
-1324
-1326
-1326
-1326
-1318
-1306
-1296
-1290
-1292
-1292
-1300
-1298
-1298
-1288
-1288
-1288
-1282
-1286
-1286
-1286
-1286
-1286
-1286
-1280
-1284
-1284
-1290
-1294
-1288
-1282
-1282
-1282
-1268
-1266
-1258
-1258
-1256
-1268
-1266
-1260
-1256
-1262
-1262
-1258
-1256
-1258
-1266
-1264
-1260
-1260
-1256
-1248
-1240
-1242
-1242
-1240
-1252
-1252
-1248
-1240
-1236
-1236
-1234
-1234
-1234
-1230
-1228
-1224
-1228
-1228
-1226
-1230
-1226
-1226
-1226
-1228
-1218
-1212
-1212
-1214
-1214
-1212
-1212
-1212
-1206
-1206
-1204
-1196
-1196
-1190
-1184
-1174
-1184
-1190
-1186
-1188
-1186
-1184
-1174
-1176
-1176
-1170
-1170
-1168
-1168
-1168
-1164
-1164
-1164
-1168
-1184
-1174
-1174
-1172
-1170
-1168
-1168
-1168
-1160
-1164
-1166
-1164
-1164
-1156
-1152
-1150
-1148
-1140
-1148
-1148
-1144
-1150
-1150
-1144
-1144
-1144
-1144
-1144
-1144
-1146
-1138
-1140
-1140
-1144
-1138
-1134
-1134
-1134
-1134
-1130
-1128
-1128
-1132
-1134
-1134
-1124
-1132
-1126
-1116
-1116
-1122
-1122
-1114
-1118
-1118
-1124
-1124
-1122
-1122
-1106
-1104
-1110
-1110
-1106
-1108
-1112
-1098
-1102
-1106
-1108
-1108
-1108
-1108
-1108
-1102
-1106
-1108
-1104
-1094
-1082
-1090
-1090
-1092
-1092
-1096
-1094
-1102
-1098
-1100
-1094
-1096
-1094
-1094
-1102
-1102
-1102
-1098
-1098
-1098
-1106
-1102
-1088
-1086
-1090
-1090
-1096
-1096
-1096
-1096
-1096
-1094
-1094
-1096
-1096
-1096
-1094
-1092
-1086
-1086
-1086
-1090
-1090
-1098
-1086
-1090
-1088
-1092
-1092
-1090
-1086
-1086
-1090
-1082
-1074
-1074
-1078
-1078
-1078
-1076
-1078
-1078
-1084
-1084
-1084
-1084
-1082
-1080
-1080
-1084
-1086
-1094
-1086
-1084
-1082
-1084
-1086
-1088
-1084
-1084
-1082
-1082
-1082
-1094
-1094
-1094
-1094
-1084
-1076
-1080
-1078
-1086
-1086
-1076
-1082
-1072
-1072
-1070
-1076
-1080
-1072
-1076
-1080
-1084
-1084
-1084
-1088
-1086
-1086
-1094
-1096
-1100
-1100
-1088
-1094
-1094
-1090
-1096
-1098
-1098
-1094
-1092
-1094
-1088
-1090
-1078
-1082
-1084
-1084
-1082
-1082
-1082
-1078
-1080
-1080
-1080
-1080
-1078
-1078
-1072
-1074
-1062
-1066
-1074
-1072
-1076
-1076
-1072
-1070
-1066
-1066
-1066
-1060
-1060
-1056
-1050
-1050
-1050
-1050
-1048
-1046
-1046
-1046
-1046
-1046
-1048
-1050
-1056
-1050
-1050
-1056
-1052
-1056
-1056
-1056
-1056
-1056
-1056
-1062
-1064
-1054
-1056
-1056
-1054
-1050
-1046
-1046
-1036
-1036
-1036
-1032
-1030
-1030
-1030
-1030
-1030
-1026
-1022
-1014
-1016
-1014
-1014
-1016
-1016
-1016
-1016
-1018
-1026
-1026
-1030
-1036
-1044
-1046
-1054
-1054
-1044
-1052
-1048
-1048
-1044
-1038
-1038
-1038
-1038
-1034
-1034
-1030
-1030
-1034
-1032
-1034
-1034
-1028
-1028
-1024
-1020
-1020
-1016
-1018
-1020
-1014
-1018
-1018
-1010
-1002
-1002
-992
-994
-986
-980
-980
-980
-980
-976
-972
-970
-970
-958
-960
-954
-954
-954
-956
-958
-958
-948
-946
-944
-952
-950
-940
-940
-934
-928
-928
-932
-932
-940
-934
-930
-930
-924
-912
-912
-912
-912
-914
-912
-912
-918
-920
-912
-912
-908
-904
-904
-902
-898
-900
-900
-900
-900
-890
-884
-884
-874
-874
-864
-862
-864
-866
-872
-866
-862
-856
-856
-850
-852
-852
-852
-864
-860
-850
-854
-850
-850
-840
-840
-840
-844
-840
-840
-840
-836
-846
-838
-838
-830
-822
-824
-826
-822
-826
-816
-816
-820
-816
-806
-804
-804
-802
-802
-802
-808
-806
-800
-798
-798
-798
-784
-780
-792
-790
-786
-786
-792
-790
-790
-792
-790
-790
-788
-788
-788
-792
-792
-790
-794
-794
-794
-796
-796
-796
-788
-794
-798
-796
-790
-794
-800
-790
-798
-784
-784
-782
-788
-784
-778
-778
-778
-778
-778
-782
-782
-782
-784
-784
-784
-782
-770
-772
-772
-782
-772
-768
-768
-764
-764
-760
-760
-760
-760
-752
-752
-754
-758
-758
-760
-760
-756
-756
-754
-750
-742
-748
-748
-744
-744
-738
-732
-732
-722
-726
-712
-716
-716
-708
-708
-700
-706
-710
-718
-718
-720
-716
-718
-718
-724
-724
-732
-730
-732
-726
-740
-740
-738
-732
-736
-736
-736
-736
-732
-730
-726
-726
-726
-722
-722
-730
-720
-708
-708
-708
-708
-706
-710
-714
-702
-698
-706
-704
-704
-696
-692
-702
-702
-702
-706
-710
-708
-708
-708
-708
-710
-710
-708
-714
-718
-716
-708
-700
-700
-698
-704
-704
-704
-704
-704
-700
-696
-696
-686
-698
-698
-702
-696
-696
-696
-706
-706
-706
-708
-704
-708
-706
-696
-698
-696
-696
-696
-688
-684
-684
-674
-666
-660
-656
-656
-652
-660
-670
-666
-666
-662
-670
-670
-666
-674
-668
-660
-660
-668
-670
-666
-662
-660
-650
-656
-656
-656
-656
-656
-662
-666
-662
-658
-664
-664
-660
-654
-650
-644
-644
-642
-648
-650
-662
-664
-656
-656
-658
-656
-656
-656
-656
-656
-656
-660
-650
-650
-650
-648
-634
-628
-634
-634
-636
-632
-626
-622
-624
-622
-618
-608
-614
-614
-618
-616
-616
-624
-620
-616
-618
-612
-610
-610
-610
-608
-608
-612
-612
-612
-612
-616
-626
-624
-628
-628
-632
-640
-644
-640
-640
-638
-638
-638
-638
-636
-636
-642
-644
-644
-646
-646
-640
-630
-632
-632
-632
-634
-628
-620
-624
-616
-624
-626
-614
-622
-622
-626
-628
-628
-628
-630
-638
-638
-638
-630
-612
-608
-608
-600
-600
-600
-596
-590
-594
-600
-606
-606
-614
-616
-614
-614
-610
-610
-610
-604
-614
-614
-614
-614
-622
-622
-618
-622
-622
-622
-630
-630
-638
-634
-634
-630
-630
-630
-628
-628
-630
-630
-632
-632
-632
-632
-622
-618
-618
-622
-628
-636
-636
-636
-636
-636
-638
-646
-652
-650
-654
-650
-650
-644
-654
-654
-654
-646
-644
-650
-644
-644
-638
-634
-626
-634
-634
-632
-632
-632
-632
-628
-628
-630
-620
-618
-620
-614
-614
-616
-616
-616
-618
-618
-618
-618
-618
-618
-618
-610
-616
-616
-610
-610
-608
-606
-596
-596
-600
-600
-600
-596
-600
-600
-600
-600
-602
-600
-590
-596
-594
-588
-596
-600
-604
-602
-602
-600
-596
-588
-588
-588
-582
-590
-588
-588
-588
-586
-578
-578
-576
-576
-586
-574
-570
-572
-566
-568
-576
-576
-574
-572
-570
-578
-578
-578
-576
-576
-578
-572
-564
-560
-558
-556
-556
-554
-554
-560
-556
-556
-556
-556
-558
-558
-558
-552
-550
-542
-540
-524
-520
-524
-526
-530
-530
-530
-530
-530
-530
-524
-524
-524
-518
-518
-520
-516
-518
-518
-518
-520
-520
-510
-502
-508
-508
-504
-504
-500
-488
-480
-476
-488
-488
-490
-490
-488
-496
-484
-484
-484
-476
-478
-478
-480
-482
-488
-488
-488
-484
-492
-500
-498
-498
-504
-504
-514
-522
-526
-526
-534
-534
-536
-544
-548
-548
-538
-538
-534
-532
-532
-532
-532
-530
-530
-538
-536
-536
-534
-532
-524
-524
-520
-530
-522
-522
-520
-520
-520
-520
-524
-518
-522
-522
-522
-524
-520
-518
-524
-524
-524
-524
-522
-522
-514
-514
-514
-520
-506
-506
-506
-506
-512
-512
-512
-512
-512
-512
-500
-500
-496
-496
-496
-498
-492
-492
-492
-492
-486
-482
-470
-470
-472
-466
-466
-466
-470
-474
-484
-476
-476
-482
-488
-490
-488
-500
-492
-494
-494
-492
-496
-492
-500
-504
-502
-500
-502
-504
-494
-500
-496
-504
-498
-498
-486
-496
-496
-496
-496
-506
-504
-508
-498
-502
-502
-502
-502
-502
-502
-498
-498
-500
-500
-498
-490
-486
-482
-482
-478
-478
-470
-466
-466
-466
-470
-468
-474
-470
-470
-466
-466
-466
-470
-470
-466
-470
-464
-462
-460
-458
-458
-452
-452
-456
-454
-454
-456
-448
-448
-448
-442
-434
-440
-436
-432
-442
-440
-440
-442
-444
-442
-450
-450
-456
-458
-464
-468
-468
-456
-450
-448
-452
-452
-456
-456
-464
-462
-468
-468
-468
-472
-472
-478
-478
-492
-484
-488
-476
-476
-468
-458
-462
-468
-468
-462
-460
-458
-462
-452
-448
-454
-456
-456
-456
-448
-446
-446
-446
-448
-444
-444
-444
-444
-444
-434
-434
-434
-434
-430
-424
-424
-426
-414
-414
-414
-414
-414
-396
-394
-396
-392
-390
-388
-392
-390
-386
-386
-390
-390
-386
-376
-370
-370
-376
-378
-374
-356
-362
-362
-356
-350
-348
-342
-324
-334
-334
-334
-334
-328
-328
-332
-328
-328
-332
-336
-344
-344
-344
-344
-336
-332
-334
-332
-334
-334
-332
-334
-334
-326
-328
-330
-328
-320
-326
-330
-330
-326
-326
-328
-322
-328
-326
-326
-326
-338
-330
-336
-344
-340
-340
-342
-338
-324
-320
-326
-316
-316
-316
-320
-320
-312
-318
-318
-320
-320
-320
-322
-318
-328
-334
-334
-338
-344
-344
-348
-348
-348
-358
-364
-356
-364
-358
-350
-350
-350
-344
-348
-342
-348
-348
-354
-354
-360
-354
-360
-356
-356
-350
-348
-348
-340
-340
-338
-334
-334
-332
-338
-334
-326
-326
-326
-326
-324
-330
-330
-332
-330
-334
-334
-332
-336
-330
-330
-338
-338
-338
-338
-330
-330
-332
-334
-330
-324
-328
-322
-322
-322
-322
-322
-328
-322
-322
-308
-296
-292
-292
-298
-298
-284
-278
-274
-274
-274
-274
-276
-276
-276
-276
-276
-274
-272
-262
-254
-258
-260
-260
-266
-258
-266
-268
-270
-270
-282
-282
-276
-268
-266
-260
-260
-256
-256
-252
-246
-238
-246
-244
-248
-248
-254
-252
-252
-252
-246
-246
-252
-252
-244
-240
-240
-240
-240
-236
-232
-234
-240
-240
-250
-250
-252
-256
-266
-266
-264
-264
-264
-264
-264
-262
-262
-262
-266
-268
-268
-262
-264
-262
-254
-254
-244
-246
-256
-256
-252
-252
-252
-252
-260
-260
-262
-270
-264
-264
-264
-264
-268
-274
-274
-276
-276
-276
-276
-276
-268
-268
-268
-270
-270
-276
-274
-272
-278
-274
-274
-262
-262
-260
-266
-268
-258
-258
-252
-252
-244
-244
-244
-238
-238
-246
-244
-244
-242
-242
-234
-234
-240
-246
-246
-234
-228
-220
-220
-220
-216
-220
-226
-226
-226
-226
-232
-230
-238
-244
-246
-240
-240
-232
-232
-238
-242
-234
-226
-232
-234
-230
-226
-228
-228
-226
-226
-232
-232
-224
-214
-206
-194
-194
-196
-194
-194
-192
-192
-202
-196
-208
-208
-206
-216
-214
-216
-216
-214
-214
-218
-218
-220
-216
-218
-218
-218
-220
-214
-222
-222
-216
-204
-200
-200
-206
-206
-206
-204
-206
-206
-206
-206
-206
-206
-208
-202
-202
-196
-202
-202
-208
-208
-208
-210
-212
-210
-214
-214
-214
-220
-222
-226
-222
-226
-220
-220
-222
-216
-220
-224
-224
-222
-222
-218
-218
-218
-208
-202
-204
-208
-206
-214
-214
-214
-214
-218
-218
-216
-216
-216
-216
-216
-216
-228
-228
-228
-232
-228
-224
-228
-230
-226
-226
-226
-234
-234
-238
-238
-224
-230
-234
-228
-226
-226
-222
-228
-226
-226
-226
-224
-224
-222
-206
-208
-208
-202
-202
-192
-190
-194
-202
-210
-210
-210
-214
-214
-216
-216
-206
-198
-202
-202
-202
-202
-202
-200
-190
-194
-204
-198
-198
-194
-196
-196
-196
-204
-204
-204
-202
-200
-200
-202
-192
-192
-192
-192
-186
-188
-188
-192
-192
-190
-190
-186
-186
-184
-186
-182
-194
-192
-198
-200
-212
-202
-208
-216
-216
-214
-204
-202
-206
-208
-208
-208
-208
-210
-198
-204
-204
-214
-214
-214
-214
-216
-224
-224
-230
-230
-234
-234
-236
-230
-226
-226
-226
-230
-230
-240
-238
-232
-230
-236
-230
-228
-230
-230
-220
-220
-214
-214
-218
-218
-218
-216
-216
-216
-216
-214
-206
-206
-206
-206
-212
-206
-202
-190
-190
-190
-190
-196
-194
-194
-194
-194
-194
-194
-194
-206
-198
-192
-194
-190
-200
-200
-196
-204
-198
-202
-204
-204
-204
-204
-204
-204
-198
-192
-192
-192
-192
-192
-188
-188
-188
-192
-192
-192
-192
-188
-200
-204
-206
-202
-204
-204
-192
-194
-202
-202
-198
-194
-190
-192
-192
-184
-184
-178
-180
-184
-184
-180
-180
-176
-166
-166
-170
-168
-176
-172
-168
-156
-152
-150
-152
-154
-154
-154
-154
-154
-154
-146
-138
-138
-138
-138
-140
-146
-144
-146
-146
-146
-144
-144
-150
-154
-154
-154
-152
-160
-158
-158
-158
-158
-158
-150
-152
-152
-154
-148
-148
-154
-154
-148
-138
-138
-138
-140
-134
-134
-128
-122
-122
-118
-118
-108
-100
-102
-94
-98
-100
-90
-100
-102
-106
-96
-96
-94
-94
-96
-92
-94
-94
-90
-94
-104
-112
-112
-104
-104
-104
-102
-108
-108
-108
-106
-102
-102
-102
-92
-96
-90
-86
-86
-80
-92
-96
-82
-78
-78
-78
-84
-84
-84
-86
-98
-108
-104
-96
-96
-96
-98
-98
-98
-100
-98
-96
-94
-92
-92
-92
-92
-92
-92
-94
-94
-90
-92
-92
-90
-96
-96
-98
-98
-92
-90
-90
-86
-80
-86
-86
-86
-84
-90
-88
-86
-90
-82
-88
-88
-86
-80
-74
-70
-70
-70
-66
-72
-60
-68
-68
-74
-76
-82
-82
-90
-82
-80
-80
-82
-76
-68
-68
-68
-68
-82
-80
-82
-82
-82
-80
-68
-68
-72
-60
-60
-56
-60
-64
-70
-70
-72
-68
-68
-68
-68
-70
-70
-70
-70
-72
-72
-62
-58
-52
-44
-44
-44
-44
-50
-52
-54
-68
-70
-68
-68
-64
-64
-60
-58
-58
-50
-50
-50
-42
-42
-42
-42
-48
-48
-48
-40
-42
-42
-24
-18
-20
-20
-18
-18
-18
-18
-18
-22
-22
-34
-32
-34
-34
-44
-38
-42
-40
-38
-44
-44
-52
-48
-48
-48
-48
-54
-54
-54
-54
-54
-52
-52
-44
-46
-42
-42
-42
-34
-34
-36
-30
-30
-30
-30
-30
-16
-16
-16
-24
-28
-38
-46
-42
-44
-44
-50
-50
-40
-36
-40
-48
-42
-42
-38
-46
-44
-44
-38
-34
-36
-34
-34
-34
-42
-40
-32
-30
-32
-28
-28
-28
-34
-30
-30
-30
-34
-34
-36
-38
-34
-44
-42
-40
-40
-40
-36
-36
-38
-40
-38
-46
-46
-48
-46
-44
-54
-56
-60
-64
-62
-62
-60
-62
-62
-52
-52
-68
-58
-56
-56
-58
-60
-60
-58
-58
-58
-58
-52
-52
-56
-58
-58
-64
-64
-66
-78
-82
-84
-84
-88
-92
-92
-84
-84
-84
-92
-96
-96
-98
-98
-98
-86
-90
-94
-94
-96
-96
-90
-90
-98
-102
-100
-100
-104
-104
-104
-104
-100
-96
-92
-90
-92
-84
-86
-80
-86
-84
-78
-78
-78
-74
-66
-68
-76
-76
-76
-70
-68
-68
-74
-76
-80
-82
-82
-80
-80
-84
-82
-88
-88
-82
-82
-82
-92
-94
-88
-98
-100
-106
-106
-102
-102
-110
-120
-120
-116
-112
-108
-118
-124
-132
-134
-134
-140
-130
-130
-124
-136
-136
-134
-136
-128
-124
-124
-124
-126
-126
-130
-126
-134
-128
-124
-124
-118
-122
-122
-122
-128
-128
-124
-126
-122
-122
-132
-128
-128
-128
-122
-126
-124
-124
-118
-110
-110
-110
-112
-112
-104
-106
-106
-106
-106
-100
-96
-96
-94
-94
-96
-100
-104
-104
-100
-100
-102
-112
-116
-114
-122
-122
-126
-126
-128
-128
-126
-126
-132
-144
-146
-152
-150
-162
-162
-162
-162
-162
-170
-174
-184
-178
-180
-176
-178
-168
-176
-182
-182
-188
-186
-182
-178
-180
-186
-184
-182
-182
-182
-182
-176
-162
-162
-164
-160
-160
-152
-152
-156
-152
-152
-152
-152
-138
-134
-134
-144
-136
-134
-136
-140
-138
-140
-140
-138
-138
-140
-142
-140
-136
-136
-126
-126
-126
-122
-120
-120
-118
-106
-92
-84
-90
-90
-82
-82
-78
-66
-64
-64
-58
-52
-54
-58
-60
-66
-74
-78
-78
-78
-74
-74
-74
-64
-64
-58
-58
-68
-68
-68
-64
-66
-64
-60
-68
-68
-70
-72
-72
-74
-72
-70
-70
-80
-80
-84
-82
-84
-86
-86
-80
-80
-78
-76
-78
-76
-68
-70
-72
-72
-74
-74
-66
-68
-64
-64
-70
-72
-70
-76
-76
-76
-76
-68
-68
-76
-76
-68
-72
-66
-62
-66
-78
-78
-78
-78
-72
-72
-66
-56
-56
-56
-60
-60
-62
-68
-68
-70
-82
-84
-84
-84
-84
-82
-78
-74
-78
-86
-86
-76
-68
-68
-68
-62
-62
-58
-54
-46
-46
-44
-34
-36
-36
-38
-40
-46
-52
-66
-72
-72
-74
-68
-74
-72
-64
-64
-58
-52
-56
-60
-62
-64
-64
-66
-64
-64
-58
-62
-62
-62
-64
-64
-60
-52
-52
-52
-52
-52
-52
-46
-46
-44
-44
-44
-34
-34
-38
-40
-38
-38
-40
-40
-40
-40
-40
-40
-36
-36
-36
-36
-42
-38
-38
-42
-34
-30
-32
-32
-32
-36
-38
-32
-34
-28
-18
-18
-18
-26
-22
-28
-22
-24
-24
-20
-20
-16
-22
-22
-16
-12
-12
-12
-2
4
8
8
8
10
4
12
8
8
8
4
-8
-8
-8
-8
2
2
12
12
12
18
24
28
36
40
40
40
36
36
42
50
50
44
36
42
48
48
48
58
58
68
68
66
78
80
88
88
90
90
84
86
86
86
90
90
88
88
82
72
78
78
78
78
78
80
86
84
84
84
86
86
92
96
100
94
88
100
102
98
98
98
108
108
108
110
108
108
110
112
112
112
112
112
112
120
114
114
112
106
104
104
104
104
114
114
112
112
112
122
120
132
128
128
128
124
124
124
132
132
134
130
136
140
134
134
120
112
112
118
122
126
140
130
124
110
112
112
116
122
124
132
128
122
122
122
122
126
126
136
128
128
128
128
124
132
142
138
130
134
130
130
122
124
126
134
134
134
128
132
130
126
128
128
138
138
148
148
148
144
148
148
148
144
144
140
144
138
138
142
138
138
140
130
136
124
124
120
122
122
118
118
122
132
132
140
136
140
134
130
128
124
124
124
124
124
132
136
136
136
134
130
132
132
132
140
142
148
146
136
124
122
126
126
136
130
130
122
120
128
130
130
130
124
124
124
124
128
132
130
128
128
128
130
138
142
140
140
140
140
140
130
130
130
130
138
138
138
140
154
158
158
158
158
160
160
160
170
176
182
188
188
188
184
190
190
194
196
198
192
192
190
194
192
202
202
208
208
214
216
210
210
206
208
204
202
202
202
204
198
198
198
190
188
192
192
206
210
206
206
208
200
208
208
200
202
188
188
182
180
180
180
182
196
192
200
202
202
202
206
200
204
210
212
220
228
228
230
228
228
238
240
240
242
248
250
256
248
252
250
250
250
240
240
248
248
250
250
248
250
244
238
226
230
224
216
210
210
214
220
226
226
228
228
222
224
224
226
232
228
224
232
220
222
222
222
222
222
224
226
232
240
246
244
244
252
254
256
260
260
262
262
266
266
266
264
264
266
268
268
266
266
260
268
268
266
270
270
270
270
268
260
260
264
264
270
266
266
280
280
276
276
288
288
288
286
284
284
286
282
282
282
286
274
276
272
276
272
270
270
270
268
258
252
252
242
236
236
238
240
240
244
244
244
238
224
228
228
228
228
228
228
226
224
218
220
208
212
214
214
220
220
214
210
214
224
226
232
232
232
228
228
228
230
232
230
230
238
234
236
238
238
238
230
228
228
228
230
234
234
234
230
226
222
232
234
240
242
248
246
240
224
234
236
240
240
228
232
236
236
240
236
236
232
228
228
228
224
224
224
230
230
228
234
230
236
236
234
234
240
244
244
244
240
240
240
240
248
246
246
254
248
250
254
250
250
248
256
256
256
254
254
254
264
272
272
282
286
284
282
274
266
270
264
268
276
268
264
262
262
266
264
272
272
272
274
264
260
260
260
272
274
278
274
272
272
280
280
278
276
276
272
270
270
262
270
270
270
274
270
270
266
264
254
254
248
248
256
258
250
250
250
254
242
234
238
238
234
236
238
240
250
250
252
256
252
252
262
262
264
260
252
250
244
244
244
246
244
244
250
250
250
250
246
252
252
250
254
254
260
264
274
274
270
268
268
268
270
264
264
264
260
266
266
266
256
250
250
248
248
248
252
254
260
262
262
262
268
274
270
270
266
264
264
262
262
258
262
262
252
260
260
260
260
254
254
254
260
262
256
264
258
258
248
252
242
242
248
252
258
258
266
274
284
292
286
286
286
288
292
294
298
288
286
286
286
280
274
274
276
276
280
276
282
282
278
270
278
278
274
274
272
268
278
280
284
290
290
292
292
292
290
292
288
288
284
288
286
282
298
298
298
300
300
308
314
316
318
318
318
316
314
312
314
318
314
314
312
308
308
312
312
312
306
306
304
310
314
310
310
306
306
296
300
290
300
294
292
292
292
292
298
286
290
290
282
282
280
276
278
274
274
274
274
274
278
278
282
278
282
282
280
278
278
274
274
274
274
280
280
280
286
286
282
286
286
294
286
294
288
288
288
294
294
294
296
298
300
298
298
302
298
298
306
306
306
302
296
302
294
292
292
292
280
278
278
272
270
266
262
266
266
266
260
266
266
264
274
274
266
268
270
276
280
284
286
292
286
298
304
304
306
304
298
290
296
296
294
300
306
306
314
302
300
304
304
294
292
284
284
280
278
278
268
260
252
260
250
250
250
250
248
248
248
248
252
248
248
248
248
258
258
258
258
258
258
254
254
264
274
272
276
268
266
260
268
266
266
254
256
256
262
260
260
268
276
284
284
290
282
280
280
280
280
280
268
280
280
280
280
280
272
268
274
270
270
270
274
274
274
280
276
276
284
286
286
286
288
292
292
292
292
298
304
304
298
292
282
282
282
282
288
284
274
278
278
278
274
278
280
284
280
280
282
274
272
272
272
272
268
268
276
276
276
276
280
282
282
282
288
296
306
308
312
324
324
324
318
318
318
324
324
328
328
328
330
336
336
342
336
330
330
332
326
326
328
326
330
334
332
332
326
328
328
328
324
324
334
334
334
336
336
336
328
328
316
308
308
308
310
310
310
310
314
312
312
322
314
322
322
322
318
320
316
316
314
312
308
308
308
306
308
310
310
310
310
302
308
312
320
326
326
324
326
328
326
324
328
322
322
322
322
322
318
316
322
318
310
310
312
316
314
314
314
316
318
326
332
332
332
332
342
344
354
352
352
346
348
356
356
352
356
358
346
346
346
338
336
342
340
338
340
332
330
336
334
338
340
334
334
334
324
328
322
328
328
324
324
324
324
324
330
330
342
338
338
340
338
342
342
342
342
342
340
338
338
344
346
346
346
344
344
344
358
356
346
344
332
338
344
336
334
334
334
340
340
340
336
336
336
346
350
350
354
360
360
354
350
350
344
346
356
356
352
346
346
346
346
350
346
350
350
358
358
358
360
358
356
356
356
364
374
374
380
384
384
384
380
380
382
374
372
362
366
368
366
376
372
378
372
364
362
362
360
360
360
352
354
360
360
370
380
380
380
386
386
394
394
396
398
394
394
398
406
406
408
408
406
396
400
388
388
396
388
390
392
392
400
400
406
406
406
398
398
400
406
406
406
408
404
414
414
406
406
404
398
386
378
372
364
364
366
366
366
376
376
372
372
374
374
368
366
368
368
368
380
376
380
380
380
384
372
374
380
366
364
372
374
374
374
368
372
372
370
374
374
370
366
366
362
360
366
372
372
372
370
374
368
374
374
372
374
382
382
384
384
384
384
384
388
390
386
390
396
398
392
392
392
396
392
392
390
384
384
384
388
374
380
380
390
392
388
378
382
386
384
388
388
394
398
396
396
402
390
394
394
402
398
404
402
400
394
392
386
386
386
374
376
382
380
382
380
384
384
376
378
376
366
366
356
362
370
378
378
370
364
368
372
370
370
360
360
360
358
358
358
364
362
354
354
350
350
346
356
356
358
358
362
358
364
360
360
358
356
356
354
344
342
342
344
350
340
340
332
330
330
330
330
330
324
316
310
306
306
306
310
302
304
302
300
300
302
312
312
316
320
318
314
318
316
310
310
316
316
324
328
330
328
326
330
330
334
344
344
344
344
346
346
352
344
348
350
350
340
340
344
342
334
334
330
330
340
340
340
340
344
342
340
342
342
336
338
352
354
358
358
358
356
360
360
358
352
348
336
336
342
340
340
340
338
338
338
338
338
340
340
336
336
344
340
346
344
348
344
350
344
336
330
326
326
332
330
322
320
322
324
322
316
316
322
322
328
328
330
336
332
330
328
334
330
330
334
336
336
330
330
330
334
334
332
334
338
340
338
338
338
338
346
342
342
340
344
344
344
344
344
348
354
356
358
358
358
358
354
350
348
344
346
350
350
350
350
344
338
334
326
324
330
334
332
342
348
350
350
350
350
348
342
342
340
