-2627
-2623
-2619
-2619
-2613
-2613
-2599
-2595
-2595
-2595
-2589
-2585
-2585
-2585
-2577
-2575
-2575
-2569
-2565
-2559
-2549
-2541
-2531
-2525
-2525
-2519
-2515
-2513
-2501
-2491
-2487
-2489
-2479
-2479
-2471
-2471
-2457
-2449
-2447
-2447
-2439
-2439
-2433
-2421
-2413
-2409
-2397
-2393
-2387
-2385
-2375
-2367
-2369
-2359
-2355
-2339
-2335
-2321
-2317
-2315
-2313
-2301
-2299
-2303
-2295
-2289
-2293
-2293
-2279
-2275
-2275
-2267
-2267
-2267
-2261
-2253
-2243
-2241
-2237
-2233
-2223
-2229
-2223
-2223
-2213
-2203
-2201
-2185
-2185
-2183
-2181
-2181
-2183
-2179
-2175
-2167
-2175
-2163
-2159
-2151
-2137
-2125
-2125
-2125
-2119
-2121
-2107
-2103
-2089
-2089
-2079
-2071
-2063
-2055
-2047
-2041
-2035
-2027
-2029
-2017
-2007
-2015
-2005
-1987
-1977
-1965
-1961
-1953
-1945
-1945
-1943
-1943
-1937
-1925
-1915
-1911
-1905
-1895
-1887
-1883
-1881
-1879
-1871
-1867
-1859
-1849
-1841
-1831
-1819
-1821
-1815
-1809
-1801
-1791
-1781
-1777
-1777
-1767
-1765
-1755
-1755
-1745
-1745
-1747
-1737
-1735
-1725
-1723
-1715
-1705
-1701
-1695
-1691
-1683
-1675
-1669
-1669
-1657
-1657
-1649
-1645
-1641
-1641
-1645
-1635
-1635
-1645
-1641
-1641
-1637
-1635
-1637
-1633
-1635
-1635
-1635
-1627
-1621
-1625
-1619
-1619
-1615
-1615
-1617
-1603
-1597
-1595
-1595
-1591
-1591
-1581
-1569
-1565
-1559
-1547
-1547
-1547
-1553
-1545
-1535
-1527
-1527
-1523
-1523
-1527
-1529
-1523
-1527
-1517
-1517
-1517
-1503
-1497
-1497
-1501
-1495
-1487
-1483
-1479
-1471
-1463
-1465
-1457
-1457
-1447
-1437
-1433
-1421
-1415
-1413
-1403
-1401
-1403
-1395
-1399
-1403
-1401
-1391
-1383
-1385
-1379
-1383
-1375
-1375
-1375
-1367
-1363
-1363
-1361
-1355
-1353
-1341
-1335
-1335
-1327
-1327
-1325
-1325
-1321
-1333
-1333
-1327
-1323
-1325
-1325
-1325
-1325
-1317
-1317
-1307
-1299
-1293
-1281
-1285
-1287
-1275
-1273
-1267
-1267
-1265
-1257
-1245
-1239
-1231
-1221
-1221
-1217
-1217
-1211
-1215
-1219
-1219
-1221
-1215
-1213
-1199
-1195
-1195
-1185
-1185
-1203
-1193
-1187
-1189
-1189
-1189
-1175
-1171
-1157
-1153
-1155
-1147
-1151
-1155
-1165
-1159
-1159
-1171
-1163
-1155
-1155
-1151
-1149
-1143
-1141
-1137
-1139
-1135
-1123
-1111
-1103
-1095
-1095
-1097
-1099
-1099
-1101
-1099
-1099
-1091
-1085
-1093
-1093
-1087
-1087
-1077
-1083
-1083
-1083
-1085
-1081
-1081
-1081
-1075
-1067
-1065
-1053
-1057
-1057
-1055
-1049
-1037
-1041
-1041
-1043
-1035
-1031
-1029
-1023
-1019
-1021
-1007
-1013
-1013
-1013
-1013
-1007
-999
-1001
-997
-993
-989
-983
-977
-977
-975
-975
-965
-965
-965
-963
-959
-965
-967
-967
-971
-961
-961
-953
-965
-969
-969
-969
-973
-979
-979
-975
-967
-973
-973
-973
-973
-965
-967
-975
-975
-965
-959
-959
-965
-965
-957
-945
-945
-937
-937
-937
-941
-941
-941
-945
-943
-935
-939
-925
-919
-927
-927
-927
-929
-929
-925
-925
-931
-925
-919
-919
-919
-921
-917
-915
-911
-909
-903
-901
-901
-893
-891
-891
-891
-891
-887
-893
-889
-883
-877
-881
-887
-883
-877
-867
-869
-855
-843
-843
-839
-833
-829
-823
-815
-809
-809
-809
-805
-809
-809
-811
-809
-815
-813
-809
-799
-783
-783
-785
-785
-783
-781
-777
-781
-771
-771
-765
-763
-763
-763
-761
-759
-753
-757
-759
-759
-757
-757
-757
-759
-755
-755
-747
-739
-731
-725
-725
-725
-729
-727
-725
-731
-719
-711
-707
-707
-695
-695
-691
-693
-683
-689
-691
-691
-691
-679
-679
-675
-673
-673
-681
-679
-669
-665
-657
-653
-655
-665
-663
-661
-661
-653
-657
-651
-655
-657
-651
-647
-651
-647
-651
-639
-641
-633
-629
-629
-627
-623
-609
-609
-601
-591
-593
-593
-593
-585
-575
-567
-577
-573
-567
-571
-577
-583
-583
-583
-583
-577
-585
-589
-587
-587
-583
-593
-593
-587
-585
-585
-583
-585
-589
-589
-585
-587
-575
-571
-563
-561
-561
-563
-559
-557
-557
-557
-559
-561
-563
-567
-567
-569
-561
-561
-557
-555
-555
-543
-541
-535
-525
-525
-521
-521
-521
-513
-513
-507
-503
-503
-503
-499
-499
-497
-499
-491
-491
-483
-483
-489
-477
-467
-467
-457
-457
-447
-449
-451
-449
-443
-441
-441
-441
-435
-441
-447
-445
-437
-433
-439
-439
-447
-437
-437
-439
-435
-437
-433
-435
-435
-431
-435
-429
-429
-431
-429
-429
-429
-429
-429
-417
-419
-417
-417
-413
-413
-413
-413
-403
-409
-411
-405
-405
-409
-407
-421
-425
-425
-431
-437
-437
-437
-433
-435
-441
-437
-427
-419
-417
-417
-415
-415
-407
-407
-401
-403
-395
-401
-397
-399
-407
-405
-405
-397
-393
-389
-389
-391
-385
-387
-393
-395
-393
-393
-393
-389
-387
-387
-387
-389
-383
-381
-381
-385
-375
-367
-375
-377
-371
-375
-381
-381
-371
-371
-383
-377
-385
-379
-381
-381
-381
-375
-375
-377
-365
-367
-365
-357
-351
-343
-337
-337
-329
-327
-327
-327
-327
-327
-325
-323
-319
-323
-327
-327
-317
-313
-313
-313
-311
-311
-309
-309
-315
-303
-303
-299
-303
-291
-291
-291
-291
-289
-279
-287
-289
-291
-291
-285
-295
-295
-285
-285
-281
-281
-285
-279
-279
-279
-281
-271
-273
-273
-265
-269
-263
-263
-265
-267
-271
-271
-283
-285
-285
-285
-283
-277
-273
-277
-279
-279
-279
-273
-273
-279
-283
-281
-277
-279
-275
-273
-261
-261
-255
-263
-265
-253
-253
-237
-229
-223
-225
-217
-207
-205
-203
-201
-205
-201
-201
-203
-203
-201
-203
-197
-197
-197
-197
-195
-189
-189
-189
-189
-191
-187
-193
-187
-181
-181
-181
-175
-179
-189
-187
-179
-177
-175
-175
-175
-167
-157
-165
-167
-173
-175
-183
-189
-183
-189
-189
-177
-175
-169
-163
-161
-163
-159
-159
-165
-165
-171
-171
-165
-171
-167
-173
-173
-169
-171
-171
-175
-183
-189
-183
-185
-185
-185
-181
-179
-171
-173
-171
-171
-175
-173
-173
-173
-167
-169
-161
-163
-167
-167
-161
-165
-163
-163
-163
-163
-157
-161
-163
-161
-163
-169
-169
-165
-171
-175
-177
-177
-173
-171
-173
-173
-171
-175
-169
-169
-165
-167
-171
-161
-161
-153
-151
-153
-151
-151
-163
-155
-157
-153
-153
-149
-145
-149
-153
-151
-143
-149
-149
-153
-141
-141
-141
-137
-143
-131
-133
-133
-131
-137
-141
-141
-131
-139
-143
-137
-139
-139
-135
-135
-143
-133
-125
-111
-109
-117
-117
-113
-109
-95
-93
-89
-87
-87
-91
-81
-79
-77
-73
-57
-57
-55
-55
-57
-67
-75
-75
-77
-81
-83
-83
-77
-77
-77
-73
-73
-73
-75
-79
-93
-93
-89
-89
-91
-91
-85
-85
-85
-75
-71
-71
-71
-71
-59
-55
-51
-49
-53
-59
-55
-55
-59
-57
-63
-61
-59
-49
-49
-57
-59
-59
-69
-69
-69
-67
-67
-63
-59
-59
-55
-55
-53
-53
-53
-63
-53
-59
-59
-53
-57
-51
-41
-31
-31
-33
-35
-39
-35
-31
-31
-31
-35
-37
-35
-39
-33
-27
-31
-31
-41
-35
-41
-41
-45
-43
-39
-33
-23
-29
-29
-23
-29
-31
-35
-33
-33
-35
-43
-43
-45
-57
-57
-57
-61
-49
-43
-43
-47
-49
-51
-41
-51
-43
-35
-35
-37
-25
-29
-19
-21
-25
-19
-15
-19
-23
-21
-23
-21
-27
-31
-27
-33
-35
-37
-35
-29
-33
-33
-37
-37
-33
-25
-27
-33
-29
-27
-17
-11
-5
-5
-1
-1
-9
-9
-5
-11
-21
-21
-15
-15
-9
1
-1
1
3
5
3
3
3
-3
-5
-15
-13
-11
-5
-9
-5
-1
-5
5
5
5
7
15
11
11
5
3
-1
7
-1
7
-3
-3
7
15
15
7
-3
-3
3
11
11
15
17
21
21
21
15
29
25
31
31
37
37
45
41
33
37
41
49
53
45
43
51
61
65
73
71
71
71
73
73
79
79
79
79
79
89
97
93
87
89
89
89
91
91
97
97
107
101
107
111
121
121
123
121
123
119
125
129
127
127
127
125
117
121
121
125
127
135
129
129
135
133
133
131
131
133
129
127
131
131
133
133
141
141
135
139
133
123
123
115
121
125
123
119
107
105
101
95
99
107
103
103
103
103
103
107
107
113
121
127
131
141
139
141
135
131
131
139
129
127
127
125
125
123
133
137
127
127
135
133
133
139
141
129
141
141
139
143
143
151
159
161
153
153
157
157
157
151
161
155
165
165
163
167
163
159
171
163
169
173
173
171
169
171
181
187
187
193
195
193
195
185
185
185
185
185
191
191
191
187
187
187
189
189
189
191
199
197
201
207
207
201
201
201
201
197
197
197
193
197
197
203
205
213
221
217
209
207
215
219
217
201
201
203
197
199
193
189
201
205
209
211
213
225
235
235
233
231
229
221
221
225
225
227
229
235
225
225
225
225
229
237
227
233
233
237
233
233
233
229
225
227
225
225
217
225
225
223
223
231
235
241
243
243
243
239
235
239
241
243
243
247
249
245
245
249
249
249
249
249
249
249
249
243
241
245
239
243
243
247
237
241
241
247
261
267
267
275
271
273
261
271
285
285
281
281
275
279
269
269
271
271
275
279
275
275
275
269
275
273
273
273
281
285
279
279
275
277
281
281
281
279
279
277
269
275
275
273
265
265
275
275
269
275
275
269
265
261
269
267
275
273
273
263
255
255
269
269
261
261
257
245
249
243
233
241
241
239
237
235
237
231
219
209
213
211
205
205
205
203
201
197
197
197
189
191
187
187
187
187
185
189
185
191
191
191
187
181
179
185
181
181
185
185
187
187
177
179
173
175
171
173
181
187
189
189
197
197
189
181
177
191
189
195
195
203
199
199
197
191
185
185
181
185
189
195
195
189
191
191
189
183
183
193
189
189
189
189
189
185
183
183
187
183
183
189
185
185
191
185
181
181
177
179
179
183
183
193
191
187
179
179
177
177
177
173
173
173
173
173
173
179
173
185
185
185
189
193
191
197
201
189
189
187
195
203
197
189
199
197
201
201
201
193
189
191
177
177
179
175
181
179
179
183
177
181
181
181
181
175
167
167
157
155
157
165
171
171
171
167
175
181
193
193
195
201
201
203
201
207
205
203
195
195
195
187
189
189
191
181
193
197
195
195
197
189
187
189
191
189
191
185
185
185
189
197
211
211
205
213
207
205
207
211
213
215
223
217
215
209
209
217
209
207
207
205
217
217
213
219
219
205
205
207
209
221
215
215
215
213
219
219
231
219
219
221
221
213
205
215
213
215
215
217
221
215
215
219
219
227
227
237
235
229
235
227
227
223
227
225
231
241
239
237
247
245
249
251
247
251
253
259
251
249
247
249
243
243
237
241
241
241
241
241
243
241
241
241
237
237
225
229
231
219
215
211
215
209
207
205
201
199
197
197
189
191
191
191
181
185
191
193
195
199
195
201
203
199
195
207
189
191
189
197
199
197
197
201
201
201
199
193
193
189
193
199
199
199
205
207
211
201
193
193
187
187
187
187
187
187
187
193
197
203
211
211
211
211
211
211
207
203
213
209
209
211
211
217
223
219
225
225
227
223
217
221
217
217
215
219
221
215
215
213
207
213
213
215
215
217
217
207
207
203
203
203
213
209
205
205
207
207
209
211
205
209
217
221
219
219
223
217
217
217
217
217
219
213
219
219
221
219
221
221
219
227
231
221
223
223
223
227
215
217
219
213
209
209
209
203
207
205
205
209
203
209
205
209
203
209
217
221
227
227
223
219
217
213
215
215
217
225
233
227
227
219
215
205
209
203
205
199
203
195
193
193
197
195
195
187
187
191
191
181
181
185
177
177
177
173
167
161
163
173
169
173
171
163
169
169
163
167
167
173
181
181
187
191
193
187
195
195
197
201
191
199
205
197
195
205
205
203
213
221
221
221
221
231
227
225
223
221
217
223
219
219
227
225
225
225
219
219
213
209
211
211
207
207
207
221
221
217
207
209
209
209
211
221
221
219
219
223
227
233
233
227
227
227
229
231
231
231
231
225
227
233
239
235
239
241
235
235
233
225
223
225
223
231
233
233
227
227
237
237
227
231
233
235
241
249
249
239
239
245
249
245
247
241
239
237
233
231
231
223
219
219
221
225
235
233
231
235
235
235
243
243
245
241
241
231
237
229
227
229
229
229
223
223
219
223
227
227
225
227
229
231
227
227
225
231
235
243
251
249
249
245
245
243
251
253
251
253
247
245
245
245
233
233
243
243
251
245
245
241
241
241
243
239
247
247
243
243
229
239
241
241
245
233
231
237
237
237
237
235
235
225
229
229
225
225
223
223
225
221
219
217
211
205
203
209
217
223
229
229
229
217
221
227
225
229
225
221
219
217
213
215
215
215
215
223
227
229
229
231
229
227
217
221
223
219
211
219
215
213
213
213
207
195
195
193
193
181
181
179
181
175
177
175
173
173
171
181
181
181
177
187
187
193
189
197
201
205
207
201
205
205
205
205
195
197
197
197
201
201
201
203
201
201
201
201
207
207
211
217
225
225
221
221
221
219
225
219
219
215
215
217
219
213
217
223
233
235
233
237
233
233
233
233
227
225
231
231
231
233
227
227
225
227
233
239
239
239
245
241
241
239
239
237
237
237
227
217
217
219
207
209
217
217
217
219
217
217
213
213
209
207
203
203
205
199
199
197
203
203
203
207
207
207
205
207
213
215
223
225
231
229
237
237
237
239
239
239
241
241
239
239
233
239
251
251
251
251
251
257
257
243
249
255
245
237
237
235
241
247
249
249
249
257
249
249
249
249
245
241
235
233
223
223
219
217
215
221
221
213
209
215
217
217
215
219
211
203
203
203
215
213
213
207
207
207
203
207
213
211
211
209
205
205
211
211
207
203
199
207
211
209
215
211
211
203
195
189
193
195
195
187
185
189
181
187
187
183
181
183
183
181
181
181
181
193
193
189
179
179
181
181
179
183
181
185
197
189
191
195
197
199
185
189
199
197
193
189
187
187
187
183
187
187
185
185
185
189
195
189
189
185
185
185
177
175
179
177
173
169
181
187
185
195
195
197
191
191
187
187
179
187
187
185
181
187
185
185
189
189
189
197
185
175
173
171
167
163
161
161
161
161
157
155
169
173
173
175
185
185
185
185
183
189
187
193
195
189
191
191
191
183
177
171
165
165
167
171
167
159
159
159
159
163
163
163
165
169
165
165
163
165
175
169
169
169
169
169
175
175
175
185
181
177
171
173
173
173
173
173
173
165
173
179
185
189
187
183
195
195
201
195
195
195
191
187
187
185
179
187
183
177
179
193
183
183
179
175
171
179
173
169
175
179
179
187
179
177
177
177
177
185
185
185
185
187
187
185
183
183
181
181
181
179
187
189
185
179
187
179
177
179
175
179
177
181
181
181
189
185
173
173
171
179
181
171
175
175
165
165
173
183
177
177
177
177
183
183
175
169
159
159
159
173
165
161
159
161
161
161
163
165
171
169
169
167
171
163
167
165
165
165
161
159
159
153
147
149
151
153
157
161
161
151
151
155
151
151
153
151
155
155
155
155
155
159
159
163
157
163
159
159
155
143
143
143
143
143
145
151
143
143
151
155
141
141
137
133
135
135
135
141
139
133
131
129
125
119
119
113
113
117
117
109
109
109
105
105
105
113
115
109
109
95
91
99
109
105
103
101
107
109
105
101
95
95
99
103
103
103
115
109
109
105
101
101
105
103
113
107
107
117
117
129
129
129
129
129
125
127
131
131
131
131
131
135
131
129
125
125
127
125
127
127
127
135
135
135
127
127
121
123
125
129
129
135
137
125
131
131
123
125
129
129
129
131
119
121
117
117
107
105
101
101
101
95
91
91
93
101
105
107
103
103
103
95
105
105
97
105
105
111
111
111
111
115
111
119
119
119
111
115
115
117
119
117
113
113
121
123
123
115
113
113
117
121
117
107
103
107
107
103
103
107
109
103
97
97
97
93
81
77
85
85
89
89
79
81
67
73
77
69
69
65
59
69
65
73
75
69
67
75
69
67
67
77
65
57
55
61
59
61
55
63
71
73
77
83
77
79
85
85
79
79
79
85
85
85
77
77
79
79
77
77
75
75
69
67
59
53
59
57
61
61
57
61
57
63
63
63
61
65
69
69
69
69
71
75
75
87
87
99
97
107
109
117
117
121
113
107
105
101
109
107
103
103
103
109
103
103
101
101
107
103
99
101
121
121
131
125
119
109
115
117
123
119
131
131
127
123
123
125
127
117
113
121
121
123
113
115
115
121
117
115
119
123
125
123
127
121
125
125
127
125
123
123
119
121
117
117
123
131
135
129
127
121
119
119
119
119
115
117
117
117
119
117
121
113
109
105
101
101
101
103
103
103
107
111
109
103
103
101
101
107
105
105
105
105
99
101
101
105
113
115
113
111
111
111
111
111
113
113
119
125
125
127
127
127
125
133
123
125
125
117
117
111
111
111
121
121
117
117
117
117
113
111
111
107
107
111
111
113
113
127
123
127
127
127
135
125
137
147
149
143
147
149
145
137
137
147
149
149
141
149
149
147
153
145
145
151
143
143
147
153
149
153
153
157
163
165
165
167
161
163
165
167
165
161
161
161
167
169
171
171
171
169
169
169
171
169
169
163
155
165
169
169
169
173
163
165
163
163
161
157
157
155
153
153
161
161
157
151
147
153
153
157
149
155
155
155
153
161
163
157
155
145
149
147
149
149
143
143
145
141
147
143
145
145
143
147
147
143
143
139
127
127
129
127
127
115
115
115
129
135
135
131
135
145
135
129
135
129
129
121
117
121
119
125
129
123
115
127
127
131
131
131
129
129
129
129
129
127
123
119
121
117
117
117
115
115
111
103
93
93
95
91
91
89
89
85
83
87
87
91
81
83
87
91
95
109
113
111
113
117
123
127
121
115
121
121
121
109
105
107
107
107
113
115
111
111
115
119
121
121
123
121
117
115
117
111
109
109
105
115
123
127
123
125
119
123
117
115
111
115
111
105
105
99
99
95
99
99
99
97
103
101
89
77
71
71
77
73
81
89
89
91
91
91
99
97
93
91
87
95
87
83
83
89
95
91
85
87
87
91
91
95
95
97
105
109
103
95
89
97
97
99
97
97
99
99
89
83
83
87
91
89
87
77
75
87
87
95
95
91
101
101
101
101
93
93
89
89
89
83
87
91
87
85
85
87
91
91
81
81
77
65
75
65
71
77
67
71
67
71
77
75
81
83
79
79
83
83
91
85
89
95
93
89
89
87
91
91
91
87
95
99
101
103
99
95
95
95
97
101
101
103
97
97
105
109
109
109
109
109
105
105
111
109
103
103
99
91
89
91
85
95
93
81
79
75
77
81
81
89
89
93
97
95
95
87
91
91
97
93
95
97
103
103
95
97
97
109
115
111
113
113
115
123
117
133
133
141
137
145
145
145
149
153
157
161
159
153
155
165
163
163
165
165
165
161
161
147
143
143
137
139
137
133
133
135
137
143
145
151
155
155
155
149
157
163
163
163
157
161
157
157
155
155
157
155
161
157
161
169
173
179
183
181
181
189
193
193
191
191
195
185
185
189
187
193
193
193
187
187
191
183
191
191
177
185
191
187
189
179
187
191
191
191
191
177
183
181
173
171
175
173
177
187
187
187
181
175
175
169
167
177
173
185
183
175
185
185
195
195
199
201
205
205
207
215
219
221
221
221
221
223
223
231
229
229
233
229
223
223
229
235
235
233
235
237
239
243
245
253
259
255
259
259
253
253
247
247
251
245
247
243
243
241
243
245
245
231
239
235
223
229
231
239
239
241
241
243
245
243
243
243
243
241
235
233
231
237
241
245
245
245
253
255
253
249
251
251
251
251
253
253
255
263
259
253
249
255
255
259
259
257
247
247
245
249
257
251
255
257
257
261
259
265
265
259
255
255
249
239
235
231
231
229
239
233
223
227
233
235
227
235
235
235
229
229
225
231
225
233
233
233
239
247
247
247
235
235
231
231
231
231
233
237
237
221
215
215
221
221
225
225
225
221
223
225
227
229
219
219
221
223
221
219
225
229
229
229
227
227
227
219
219
213
213
221
225
227
227
227
227
223
223
235
237
225
229
229
229
237
237
237
233
229
237
231
231
229
227
231
227
229
229
221
227
225
217
217
205
215
215
205
205
205
199
199
201
197
195
193
193
201
195
207
199
203
201
201
195
195
195
195
201
211
211
205
205
199
201
203
205
201
205
201
209
209
209
211
211
217
217
217
227
227
229
231
241
237
235
251
253
251
251
251
249
251
253
263
261
251
257
245
245
249
249
251
259
261
259
263
265
261
255
257
257
259
257
263
263
263
263
257
257
259
259
267
275
283
279
275
279
277
265
265
269
263
263
257
249
255
255
257
265
259
261
257
253
251
249
247
253
249
251
245
235
229
235
233
215
221
221
211
205
209
213
219
219
215
213
217
221
227
223
223
223
221
221
229
229
229
229
227
227
221
225
225
227
215
219
215
225
215
225
227
227
221
227
225
225
227
229
229
223
223
217
219
211
211
209
207
217
227
227
225
229
225
213
213
217
205
209
209
209
205
205
215
215
211
211
215
217
215
215
215
209
205
203
203
191
189
191
193
203
203
209
199
205
211
225
225
225
223
221
217
211
207
205
215
217
211
219
219
213
203
209
205
209
207
201
193
193
195
197
199
197
197
207
213
217
217
213
207
213
209
215
215
215
207
209
203
191
199
199
205
205
205
203
205
205
207
211
205
205
199
199
203
203
191
191
185
185
183
187
189
189
189
183
183
189
199
199
195
195
191
193
189
191
187
191
193
201
213
209
215
213
217
215
221
227
239
243
241
237
237
241
239
247
247
247
255
253
253
257
267
267
267
267
267
263
261
259
259
269
269
261
261
263
263
263
263
267
265
263
261
263
263
263
267
267
261
261
265
267
259
259
255
251
247
251
251
251
261
247
253
263
263
263
273
273
275
277
265
271
265
273
285
297
293
285
291
291
289
289
297
301
299
309
297
295
281
279
285
285
287
289
295
299
299
295
299
301
295
289
289
295
295
299
299
299
291
283
283
283
277
277
279
279
289
297
293
289
283
283
283
291
291
287
287
277
289
289
295
293
293
295
295
285
299
301
293
289
281
281
267
263
263
269
275
283
287
285
285
285
285
269
265
265
263
259
253
253
253
253
255
255
241
243
237
231
239
239
239
239
231
235
235
227
227
227
235
241
241
243
239
239
245
253
251
253
255
247
247
241
241
243
235
233
237
233
243
243
243
243
243
239
239
239
239
241
235
231
239
239
247
251
257
259
259
263
251
259
263
253
253
261
259
251
251
253
253
251
253
259
267
277
279
279
281
285
285
285
291
291
285
283
283
283
281
279
277
279
279
275
275
277
281
281
285
279
277
281
273
281
283
281
283
281
269
267
265
267
257
261
265
267
271
259
255
251
257
265
259
267
275
269
277
283
277
277
277
277
277
277
279
279
277
277
271
267
267
271
271
273
273
271
275
271
281
275
281
277
291
289
285
283
287
285
275
281
279
275
273
273
273
273
273
271
265
255
247
249
243
239
251
255
257
261
261
261
267
267
267
261
265
257
257
253
241
247
243
243
243
247
247
241
233
233
235
235
239
243
243
249
247
247
253
253
253
247
243
245
245
245
245
243
249
249
245
239
235
229
231
233
237
227
233
225
223
219
219
211
209
211
211
211
211
209
195
191
205
201
199
197
189
189
191
191
185
183
187
187
181
183
181
173
171
179
185
189
189
181
181
181
179
193
193
187
187
187
187
189
191
199
201
209
207
207
211
203
203
199
203
205
209
213
215
211
213
205
199
197
203
209
213
223
223
217
211
211
203
217
219
219
215
205
205
201
209
223
223
219
227
231
235
235
241
239
239
231
223
237
237
237
241
233
235
235
243
241
245
245
241
239
239
235
243
241
241
231
223
221
217
217
213
213
207
199
201
201
209
213
221
215
229
229
231
231
229
229
229
223
225
223
217
221
215
215
221
209
209
209
209
221
217
217
217
207
201
203
205
203
205
213
217
221
223
229
223
223
223
221
221
219
219
219
219
225
225
217
217
215
219
209
199
199
193
199
195
189
193
189
185
183
183
189
195
195
197
191
195
195
203
199
199
199
203
195
191
187
187
195
193
193
199
199
195
189
191
191
191
197
193
193
199
201
207
207
207
201
197
203
203
197
203
205
209
211
211
209
211
203
213
221
221
221
223
223
223
215
211
211
215
211
213
207
207
205
211
203
203
197
197
191
187
189
187
185
183
177
175
179
185
189
181
191
191
195
195
187
187
191
191
191
191
193
199
203
207
209
205
205
209
219
213
223
225
229
221
225
225
223
225
225
225
219
219
219
213
211
211
211
211
215
219
215
223
225
227
221
215
215
209
211
211
213
213
205
217
215
213
213
213
221
229
223
219
227
235
239
243
243
247
249
251
253
261
251
247
247
237
233
229
213
213
213
213
215
215
217
217
213
217
215
219
207
203
195
201
201
201
201
203
203
209
203
195
195
207
213
211
201
193
189
191
193
193
193
187
183
185
181
183
183
181
189
195
195
203
197
197
195
195
195
187
187
187
193
197
203
205
205
207
213
213
213
205
209
199
207
207
203
205
203
203
203
201
207
205
215
227
235
235
231
237
227
227
225
221
221
221
223
223
223
223
215
215
213
219
231
235
233
233
233
235
235
239
243
241
253
249
249
249
249
255
267
257
259
265
269
261
267
271
271
275
281
275
275
275
275
275
279
279
289
289
289
293
289
291
291
289
295
289
289
291
299
301
285
285
287
277
279
289
301
297
303
299
297
303
305
301
297
299
297
299
293
293
299
293
293
289
283
281
281
281
281
277
287
297
291
279
281
281
275
265
263
255
257
251
251
249
247
247
247
245
249
253
245
249
255
253
263
265
265
271
271
271
271
269
271
271
265
259
259
257
263
265
259
261
259
249
247
251
247
253
247
247
249
237
243
245
235
231
233
233
233
233
233
233
231
225
225
231
233
233
233
227
237
243
243
239
241
241
247
255
253
253
251
241
247
247
239
243
243
233
233
229
231
231
231
231
231
229
221
221
221
229
225
225
225
227
227
229
223
229
229
235
237
237
241
239
235
237
237
241
251
255
265
263
259
265
261
263
261
261
257
259
263
267
265
267
271
267
261
253
255
253
259
259
259
257
257
253
261
261
253
257
259
259
251
239
239
245
245
233
237
233
247
245
243
237
239
241
241
241
241
241
235
245
255
245
249
253
255
255
255
255
259
259
261
261
259
253
255
255
255
255
251
245
245
245
233
227
219
225
231
231
235
235
233
243
239
239
239
237
237
233
219
217
225
229
229
229
233
227
221
217
215
221
213
205
205
197
191
183
179
179
187
185
173
171
183
181
181
181
183
189
195
185
185
183
185
185
179
183
181
173
179
175
171
171
171
171
171
175
169
163
171
175
181
191
187
193
195
195
205
205
207
203
207
203
199
197
187
187
187
183
183
179
175
181
177
167
167
171
167
167
159
163
171
173
175
169
169
169
173
165
165
165
165
171
171
171
169
153
153
153
157
167
167
173
169
167
161
161
161
177
177
181
185
187
187
189
181
181
179
179
183
181
187
189
189
187
183
181
181
181
181
183
185
185
181
187
183
187
193
197
193
199
201
205
209
197
197
201
197
209
205
199
207
209
209
205
205
217
225
221
221
227
229
225
227
225
225
229
237
249
239
239
249
247
253
253
247
257
247
231
237
229
233
221
209
209
215
219
221
217
223
217
211
215
215
213
215
223
219
211
215
211
211
217
213
213
213
205
209
195
197
195
195
189
181
181
183
183
181
191
197
197
197
189
189
195
189
189
187
185
181
173
173
167
163
163
167
167
167
159
159
153
153
149
157
145
151
147
153
151
161
167
167
175
175
189
185
191
191
195
195
185
179
175
173
179
179
177
177
187
187
179
179
173
173
181
179
181
179
185
187
193
193
187
193
203
195
195
189
189
187
183
179
175
169
169
177
183
195
195
195
189
193
187
187
187
189
191
189
183
183
179
171
167
167
167
171
171
183
179
183
183
181
181
181
173
161
159
155
155
161
157
165
173
165
179
181
177
171
171
177
183
181
181
187
181
181
187
187
187
193
191
199
205
195
195
191
197
205
201
197
199
197
193
195
197
199
191
189
189
185
183
185
185
193
197
195
199
197
211
207
207
209
209
213
219
229
229
229
241
231
237
245
249
249
249
247
247
247
245
247
247
253
255
251
255
251
261
261
261
261
263
257
257
267
265
267
275
273
279
281
279
279
277
277
269
269
267
267
267
261
265
259
247
259
259
249
249
249
255
257
267
267
271
267
275
275
275
279
277
283
283
283
277
269
269
275
275
275
269
269
269
269
275
279
275
279
279
279
279
279
285
283
283
289
289
291
301
307
295
289
287
277
279
281
279
279
275
275
265
263
255
251
251
249
241
251
245
239
243
243
245
245
253
257
267
271
277
273
271
271
271
265
269
269
273
273
277
277
281
271
275
265
265
257
243
247
247
247
253
251
253
253
263
265
277
267
269
271
271
259
259
257
255
257
259
265
265
269
269
265
257
251
249
237
233
233
233
231
235
229
225
225
217
223
227
225
223
225
223
217
215
215
209
215
201
203
199
193
189
189
193
189
191
191
183
181
183
185
185
187
177
177
177
181
183
181
183
185
183
185
183
183
181
189
195
197
201
205
209
199
211
221
217
219
219
215
215
223
223
231
231
229
235
233
235
235
223
215
211
213
213
207
207
207
205
199
197
197
197
199
199
205
207
203
205
201
197
195
183
183
183
185
181
179
183
187
187
197
193
191
189
193
191
195
191
191
193
181
175
171
171
171
165
161
167
159
157
167
169
173
175
175
169
167
173
175
179
181
187
187
193
191
191
189
177
183
183
179
177
183
189
179
179
179
179
183
185
189
187
183
189
179
175
177
181
183
173
169
163
159
163
163
163
163
161
161
165
169
159
169
175
171
177
169
169
169
175
175
171
171
177
181
189
199
199
205
211
215
215
211
215
215
215
215
211
215
205
207
207
205
207
205
205
195
191
191
191
185
185
185
183
183
171
167
167
167
161
151
149
149
151
147
139
131
119
127
127
131
127
119
127
121
121
121
119
129
137
137
137
143
145
145
147
157
157
157
153
159
163
163
163
165
165
163
161
169
169
169
169
169
167
165
167
161
163
155
163
169
169
167
167
167
163
157
161
157
155
167
167
157
157
149
139
137
141
145
145
153
159
157
157
157
157
157
161
159
153
145
145
131
141
153
151
159
153
153
155
163
163
167
163
163
157
153
151
145
145
143
145
149
149
143
147
151
145
149
139
143
143
137
139
139
139
145
145
145
151
143
133
131
137
145
145
143
147
149
149
147
145
149
143
151
145
145
153
161
161
159
151
151
149
151
147
149
151
157
149
147
149
141
141
153
153
151
147
153
159
171
175
175
173
173
167
163
165
167
157
161
157
175
175
177
173
169
169
173
165
161
161
157
151
153
151
155
155
161
157
151
151
153
153
161
157
157
169
169
179
175
175
181
181
189
185
185
187
193
191
193
195
197
189
185
191
187
185
193
191
195
195
207
201
201
195
195
189
189
191
185
193
191
197
201
201
201
195
195
195
199
205
207
207
209
205
205
203
203
201
191
183
185
189
195
195
193
193
189
191
191
203
201
207
205
205
205
197
197
193
193
193
193
187
191
197
191
191
193
205
201
189
189
191
197
201
201
201
201
201
203
203
209
215
215
215
225
223
221
221
219
221
211
221
223
227
233
225
229
229
231
235
237
239
235
229
225
225
221
219
221
211
215
215
209
221
223
229
229
229
221
219
215
209
217
221
231
227
239
241
245
247
237
237
235
237
237
237
245
253
253
253
257
259
259
259
259
259
263
271
265
269
277
277
277
287
287
279
273
277
277
285
285
289
289
295
295
287
291
299
299
299
299
293
279
273
273
271
269
271
271
279
271
277
271
267
259
257
249
245
245
243
235
241
247
255
245
255
249
243
243
241
241
241
237
243
253
245
245
245
245
245
245
247
243
241
235
239
231
231
237
225
231
227
229
235
235
235
223
223
223
223
219
223
225
217
211
209
199
195
185
185
185
185
183
179
183
181
175
185
189
195
201
201
207
211
217
217
221
221
223
229
229
215
215
215
213
213
213
215
215
217
217
213
215
215
215
213
213
213
213
213
211
211
211
203
203
197
201
191
199
191
191
185
177
177
175
177
173
165
161
161
161
167
167
173
165
167
163
169
169
169
167
167
173
169
169
165
169
169
171
165
163
165
165
157
163
159
157
155
167
171
165
161
171
167
175
175
175
177
173
173
169
169
161
155
143
143
133
129
121
121
131
123
125
121
123
123
115
109
107
107
105
109
113
111
109
111
101
103
101
93
93
101
103
99
89
97
97
99
95
99
99
101
95
95
105
105
105
111
113
113
115
107
101
105
99
105
99
103
95
83
81
79
77
69
67
71
75
75
77
83
83
95
99
95
95
107
95
87
91
95
95
99
107
103
103
103
105
107
109
109
109
91
91
93
97
103
107
115
115
117
111
115
113
113
117
119
117
113
113
117
117
107
107
113
113
113
121
129
127
129
125
121
125
139
143
135
129
125
125
127
125
123
119
119
121
115
115
113
113
113
105
91
83
71
71
75
71
67
61
55
49
41
39
35
29
17
21
15
11
11
5
1
7
9
13
17
17
21
11
9
9
9
19
27
19
19
21
27
23
21
17
13
11
11
11
11
17
13
15
11
11
15
13
9
5
3
11
1
7
13
13
17
13
13
13
17
9
5
11
11
11
13
13
17
17
25
27
27
27
29
37
33
33
37
41
27
25
27
21
21
23
21
19
19
29
31
17
17
19
19
19
19
19
19
11
15
15
11
11
7
7
7
11
11
17
21
21
25
25
25
23
21
27
33
31
29
29
31
43
43
43
49
55
53
49
49
45
43
37
41
31
31
43
57
59
59
59
53
65
71
65
65
71
69
57
67
61
65
59
59
59
59
57
55
55
51
55
55
55
43
45
39
39
39
35
33
25
21
17
25
27
27
27
29
29
29
25
31
31
25
25
37
35
31
45
55
57
59
59
69
79
85
85
85
85
85
89
91
93
77
73
69
69
77
77
77
79
79
79
69
69
73
81
85
85
79
85
93
89
89
79
75
77
77
75
67
57
57
61
61
53
51
55
63
61
59
53
53
47
43
45
45
55
53
53
61
57
57
59
57
55
53
41
29
25
21
21
19
29
25
25
21
27
27
15
19
17
17
15
7
3
3
-3
-3
3
11
13
13
15
25
15
27
21
23
17
17
17
17
19
19
13
13
11
17
13
13
13
5
3
7
7
7
1
1
-3
-3
-7
-7
-3
-3
-1
3
5
5
9
13
9
11
17
17
15
-1
-1
1
-9
1
-3
1
-11
-11
-11
-15
-15
-23
-23
-27
-27
-27
-29
-25
-25
-29
-27
-21
-27
-23
-23
-23
-25
-21
-29
-19
-21
-17
-17
-19
-19
-11
-13
-17
-15
-19
-25
-21
-23
-23
-31
-31
-35
-37
-37
-37
-37
-37
-33
-25
-37
-35
-41
-45
-47
-51
-49
-45
-51
-51
-51
-51
-51
-57
-61
-61
-61
-51
-51
-43
-41
-41
-45
-47
-49
-45
-45
-49
-51
-55
-49
-45
-49
-55
-55
-59
-55
-53
-49
-57
-49
-55
-55
-57
-57
-49
-43
-53
-63
-67
-69
-69
-69
-75
-63
-55
-47
-45
-55
-61
-55
-55
-55
-55
-49
-53
-53
-51
-45
-41
-37
-37
-41
-47
-41
-33
-37
-23
-27
-27
-33
-25
-31
-31
-35
-35
-39
-39
-55
-55
-47
-47
-55
-55
-49
-51
-51
-51
-49
-47
-37
-43
-49
-41
-41
-31
-25
-25
-25
-37
-37
-51
-51
-47
-41
-49
-49
-49
-51
-53
-53
-49
-51
-51
-51
-63
-61
-61
-61
-57
-55
-57
-59
-59
-59
-61
-65
-53
-49
-49
-49
-55
-55
-53
-39
-39
-43
-35
-35
-35
-25
-25
-37
-33
-39
-39
-41
-39
-41
-43
-45
-39
-41
-41
-45
-37
-39
-27
-31
-21
-9
-15
-21
-19
-29
-27
-27
-27
-17
-11
-15
-9
-13
-17
-11
-5
-3
7
5
7
7
7
7
11
7
7
11
19
5
5
1
1
5
7
7
7
13
7
13
13
13
13
13
13
9
9
9
5
5
3
1
1
-5
-3
5
17
25
23
19
25
27
27
21
21
19
17
17
21
13
13
17
15
19
19
19
19
17
15
13
15
17
17
17
19
17
9
17
21
21
21
21
25
25
31
31
27
35
37
33
31
29
29
19
19
27
27
27
29
29
35
33
29
29
23
23
17
19
19
13
13
17
23
29
27
27
31
29
35
35
31
27
27
23
27
27
27
27
27
25
25
25
25
35
35
39
37
27
29
29
29
29
27
17
29
29
25
25
27
29
31
31
31
35
33
33
37
45
53
53
53
47
57
53
57
47
53
53
57
57
55
53
49
49
55
53
57
51
51
55
47
47
49
49
41
45
43
41
41
47
47
53
59
59
71
71
65
71
71
61
67
69
75
83
87
87
89
89
91
99
99
99
85
95
95
79
75
75
79
79
79
81
67
67
67
71
71
73
69
65
71
71
77
77
81
87
79
79
89
101
93
93
89
89
83
83
89
99
113
121
121
121
127
123
119
113
113
113
121
121
129
115
115
127
127
129
137
135
135
143
137
145
131
137
139
137
137
143
141
143
145
143
143
137
137
137
137
129
129
123
129
121
123
123
123
127
129
125
119
111
123
129
129
125
117
111
115
121
121
123
127
127
127
127
127
135
141
141
137
129
125
133
121
125
129
131
129
123
131
129
127
133
127
129
123
125
129
137
143
137
141
137
129
129
131
131
131
127
125
125
125
133
123
125
127
139
139
139
139
145
139
139
131
133
129
141
151
155
147
147
161
167
165
165
165
159
157
159
163
167
173
171
171
167
163
169
177
183
181
179
179
179
183
181
179
173
173
185
193
195
203
197
203
203
203
203
207
207
207
207
209
215
215
213
213
219
221
229
225
227
225
229
233
233
225
221
221
225
223
225
225
233
223
217
211
203
209
199
199
203
195
187
187
179
167
159
151
157
155
149
147
151
151
145
139
133
133
135
135
135
137
135
127
131
127
123
127
123
117
115
113
103
103
115
115
107
111
117
119
121
125
115
115
113
119
119
111
115
109
109
107
101
111
107
107
111
113
109
107
113
111
107
