-2625
-2615
-2603
-2593
-2583
-2579
-2573
-2565
-2565
-2555
-2545
-2545
-2541
-2543
-2549
-2545
-2545
-2537
-2537
-2537
-2527
-2517
-2509
-2497
-2489
-2485
-2475
-2469
-2463
-2451
-2451
-2437
-2437
-2437
-2429
-2425
-2417
-2413
-2405
-2391
-2387
-2377
-2369
-2365
-2353
-2349
-2341
-2339
-2339
-2329
-2325
-2323
-2323
-2323
-2311
-2303
-2303
-2293
-2283
-2271
-2269
-2255
-2253
-2245
-2237
-2221
-2217
-2205
-2195
-2195
-2195
-2191
-2191
-2179
-2167
-2161
-2161
-2161
-2163
-2161
-2151
-2135
-2135
-2129
-2133
-2123
-2115
-2119
-2119
-2109
-2107
-2101
-2101
-2097
-2097
-2101
-2091
-2091
-2081
-2071
-2067
-2065
-2067
-2067
-2063
-2063
-2059
-2055
-2053
-2047
-2047
-2035
-2029
-2021
-2011
-2007
-1997
-1993
-1981
-1981
-1971
-1971
-1969
-1961
-1957
-1949
-1941
-1941
-1931
-1921
-1909
-1905
-1907
-1897
-1883
-1883
-1877
-1877
-1869
-1865
-1859
-1861
-1855
-1847
-1837
-1839
-1827
-1815
-1811
-1797
-1797
-1795
-1791
-1791
-1789
-1791
-1783
-1777
-1773
-1765
-1763
-1759
-1763
-1761
-1759
-1747
-1745
-1745
-1747
-1743
-1733
-1733
-1733
-1733
-1725
-1719
-1715
-1703
-1703
-1691
-1689
-1679
-1679
-1685
-1673
-1673
-1669
-1665
-1669
-1661
-1657
-1655
-1647
-1651
-1647
-1647
-1647
-1639
-1625
-1625
-1617
-1601
-1593
-1581
-1581
-1571
-1573
-1567
-1553
-1549
-1553
-1549
-1537
-1541
-1535
-1527
-1519
-1519
-1519
-1523
-1519
-1523
-1517
-1517
-1509
-1509
-1499
-1499
-1495
-1495
-1481
-1471
-1469
-1463
-1455
-1441
-1435
-1423
-1423
-1417
-1407
-1395
-1395
-1387
-1387
-1385
-1387
-1383
-1377
-1381
-1371
-1363
-1351
-1337
-1327
-1329
-1329
-1321
-1321
-1315
-1305
-1305
-1299
-1297
-1289
-1289
-1277
-1271
-1261
-1257
-1247
-1237
-1229
-1235
-1235
-1239
-1235
-1225
-1225
-1227
-1223
-1223
-1223
-1219
-1217
-1207
-1199
-1193
-1193
-1195
-1195
-1189
-1181
-1167
-1165
-1159
-1149
-1149
-1153
-1141
-1137
-1131
-1127
-1117
-1117
-1111
-1111
-1105
-1099
-1093
-1085
-1085
-1069
-1063
-1063
-1063
-1063
-1065
-1069
-1061
-1061
-1061
-1055
-1047
-1033
-1031
-1033
-1031
-1021
-1017
-1009
-1009
-1007
-995
-989
-985
-985
-981
-981
-977
-985
-981
-979
-975
-973
-973
-967
-967
-965
-963
-961
-965
-957
-959
-953
-953
-951
-947
-939
-943
-935
-935
-935
-935
-939
-939
-929
-923
-923
-921
-923
-925
-919
-911
-907
-907
-913
-913
-905
-899
-897
-891
-891
-881
-877
-873
-861
-851
-843
-839
-837
-837
-825
-827
-823
-825
-829
-829
-823
-817
-805
-809
-799
-797
-797
-801
-807
-811
-813
-805
-801
-801
-805
-801
-795
-787
-787
-785
-785
-791
-791
-783
-783
-783
-785
-781
-783
-781
-771
-767
-773
-771
-779
-773
-761
-753
-755
-759
-761
-767
-775
-769
-773
-777
-771
-765
-759
-757
-757
-757
-749
-739
-739
-739
-733
-733
-733
-735
-733
-719
-709
-709
-709
-715
-705
-709
-711
-709
-709
-705
-697
-697
-693
-687
-685
-693
-685
-685
-679
-667
-665
-663
-651
-651
-639
-633
-643
-633
-635
-633
-633
-623
-619
-617
-615
-621
-621
-617
-611
-617
-605
-605
-603
-607
-599
-599
-589
-589
-587
-587
-585
-579
-577
-577
-577
-575
-563
-575
-575
-577
-577
-575
-565
-559
-559
-571
-579
-579
-587
-589
-585
-583
-581
-587
-579
-579
-587
-581
-569
-569
-559
-563
-567
-567
-563
-553
-561
-555
-555
-555
-559
-559
-559
-559
-561
-557
-557
-553
-551
-559
-565
-565
-561
-561
-565
-563
-565
-569
-569
-569
-567
-575
-575
-567
-569
-561
-559
-559
-555
-553
-557
-559
-547
-549
-549
-553
-549
-541
-543
-545
-545
-545
-545
-541
-541
-545
-545
-541
-551
-551
-551
-555
-555
-561
-565
-561
-565
-569
-569
-571
-569
-571
-569
-571
-571
-557
-557
-563
-563
-549
-543
-537
-539
-529
-521
-511
-509
-503
-497
-497
-497
-501
-497
-497
-501
-501
-501
-491
-485
-485
-477
-473
-465
-465
-465
-465
-465
-461
-461
-465
-465
-465
-463
-463
-463
-463
-469
-459
-459
-451
-449
-445
-441
-449
-449
-439
-435
-427
-423
-423
-419
-417
-409
-409
-413
-407
-407
-395
-391
-391
-389
-395
-389
-387
-377
-381
-379
-379
-383
-387
-389
-389
-387
-395
-389
-391
-391
-389
-391
-379
-379
-375
-381
-381
-385
-385
-385
-381
-381
-385
-383
-395
-399
-389
-381
-373
-373
-375
-375
-377
-387
-385
-377
-377
-373
-359
-357
-357
-357
-355
-369
-369
-367
-359
-359
-363
-363
-365
-373
-371
-371
-373
-369
-371
-367
-359
-357
-349
-353
-349
-353
-351
-349
-335
-343
-343
-343
-339
-343
-339
-335
-331
-333
-331
-329
-325
-323
-323
-315
-313
-309
-309
-305
-305
-303
-309
-315
-307
-301
-301
-293
-285
-279
-279
-273
-273
-277
-279
-271
-271
-269
-275
-279
-275
-277
-277
-267
-259
-261
-261
-253
-253
-253
-249
-249
-249
-247
-243
-245
-243
-245
-243
-247
-247
-245
-245
-245
-245
-243
-245
-257
-257
-257
-255
-253
-243
-235
-235
-235
-229
-215
-221
-221
-225
-219
-221
-219
-215
-211
-215
-215
-227
-227
-227
-225
-227
-227
-231
-237
-243
-245
-243
-243
-247
-239
-245
-239
-237
-247
-247
-245
-245
-247
-251
-247
-247
-255
-257
-257
-267
-265
-261
-265
-271
-273
-271
-271
-275
-263
-267
-265
-261
-263
-263
-273
-275
-273
-271
-271
-261
-253
-253
-249
-241
-233
-229
-219
-221
-213
-213
-215
-221
-213
-211
-205
-205
-197
-211
-211
-215
-201
-195
-197
-197
-203
-215
-219
-215
-225
-235
-235
-225
-219
-219
-215
-213
-213
-215
-203
-201
-203
-207
-207
-197
-203
-203
-213
-205
-199
-205
-205
-205
-201
-201
-205
-201
-211
-211
-203
-203
-207
-205
-199
-193
-193
-187
-187
-181
-185
-187
-187
-191
-185
-193
-187
-185
-183
-175
-175
-169
-161
-151
-159
-155
-147
-153
-155
-155
-155
-167
-167
-169
-159
-163
-153
-151
-151
-153
-143
-143
-137
-137
-133
-135
-135
-127
-111
-117
-129
-129
-129
-125
-115
-113
-113
-127
-115
-107
-113
-117
-115
-115
-121
-123
-115
-111
-99
-99
-99
-109
-115
-125
-127
-125
-125
-123
-121
-121
-121
-121
-131
-131
-137
-141
-143
-143
-151
-137
-137
-135
-141
-141
-139
-129
-129
-129
-129
-123
-129
-127
-129
-123
-119
-119
-119
-125
-119
-109
-99
-89
-89
-85
-83
-81
-83
-71
-67
-71
-69
-75
-69
-65
-59
-61
-59
-51
-59
-69
-75
-75
-81
-75
-69
-57
-59
-65
-65
-63
-61
-65
-65
-63
-59
-59
-73
-71
-75
-71
-73
-69
-71
-59
-63
-65
-67
-67
-69
-63
-63
-63
-55
-57
-49
-47
-43
-43
-45
-37
-37
-39
-37
-33
-33
-27
-23
-15
-25
-33
-35
-41
-41
-39
-33
-27
-33
-25
-23
-23
-23
-17
-15
-19
-13
-13
-23
-19
-17
-21
-13
-11
-9
-13
-11
-17
-9
-11
-7
-13
-9
-13
-11
-9
-15
-15
-5
1
1
1
13
13
23
23
21
23
23
31
31
31
31
31
31
37
41
43
41
41
39
43
45
39
35
39
47
41
39
41
41
41
47
53
51
39
39
51
41
31
35
35
29
31
37
33
35
37
35
35
35
33
33
29
31
27
17
9
11
11
15
9
13
9
9
9
1
1
5
11
11
11
13
9
7
7
9
9
7
7
7
9
15
21
19
17
17
17
29
31
29
31
33
29
29
29
21
25
29
23
17
17
31
43
47
53
51
51
49
49
57
61
69
71
65
61
55
59
69
65
61
59
61
69
71
69
71
73
65
63
69
69
71
71
79
79
85
93
101
103
101
99
99
105
107
101
101
93
83
85
81
87
89
89
87
93
95
95
85
75
69
69
69
75
73
61
67
67
67
65
75
77
77
77
73
71
65
69
73
65
79
83
81
73
75
75
75
67
59
61
61
59
63
61
61
59
43
43
43
43
43
43
41
45
47
45
35
41
45
49
55
49
53
51
55
49
47
43
39
33
39
31
25
27
21
15
15
17
27
23
21
23
23
25
27
33
33
31
15
9
3
-1
13
13
1
5
19
25
27
29
37
41
41
41
51
47
57
63
61
61
61
67
67
65
71
71
71
71
65
63
63
59
57
55
55
59
59
59
65
65
61
59
69
67
67
63
63
63
71
59
57
55
43
45
45
47
49
53
51
61
69
79
83
93
91
95
95
107
109
109
105
105
105
105
113
103
103
105
115
115
123
117
113
117
113
125
123
125
127
137
137
137
129
121
123
121
125
125
133
127
123
125
113
111
111
113
119
123
121
119
121
121
131
131
137
127
127
125
131
143
141
137
137
141
149
139
141
137
139
135
141
137
131
139
139
143
151
157
157
159
157
159
163
163
165
163
163
157
149
149
149
141
139
135
133
139
139
145
143
145
155
159
149
149
151
151
155
155
153
155
153
153
159
165
157
153
157
157
157
159
159
163
155
155
167
157
157
157
145
141
135
139
135
137
129
127
133
133
125
117
117
125
121
131
127
129
127
127
129
125
125
117
117
121
125
127
123
119
115
119
119
111
117
115
115
111
111
111
113
109
105
111
99
89
83
87
87
87
79
79
77
71
71
81
83
83
81
77
73
83
87
89
89
91
83
79
77
71
69
61
71
71
65
65
65
65
67
71
65
69
63
65
65
69
73
83
83
83
87
89
89
89
91
93
93
97
107
107
105
105
109
109
109
107
105
105
101
103
105
109
113
119
131
135
133
141
137
137
133
129
133
133
133
141
129
123
123
127
129
135
137
133
137
141
141
141
147
147
143
149
151
151
151
149
149
151
145
139
133
133
133
141
145
133
139
141
131
131
129
135
135
141
141
137
135
135
137
139
139
143
139
141
141
135
137
143
143
135
137
141
147
147
147
147
145
145
135
135
137
133
133
135
135
139
137
145
133
125
127
127
133
133
123
129
129
141
145
159
161
161
155
155
165
165
161
165
165
171
177
181
181
177
177
175
173
171
173
173
171
165
169
175
175
175
173
165
171
175
167
169
159
161
159
159
163
167
173
173
173
163
155
155
149
149
151
153
155
151
149
151
151
151
151
151
151
155
155
163
163
173
171
175
167
173
175
169
153
149
161
163
163
149
149
141
141
141
141
141
141
133
133
131
131
133
133
133
129
133
133
135
139
139
141
143
127
141
149
155
157
157
157
161
169
161
169
161
163
157
155
155
155
149
153
155
147
143
143
145
155
147
153
153
153
159
159
167
173
173
169
169
171
171
159
159
155
151
149
155
159
159
159
169
169
169
173
167
169
169
169
169
169
171
173
173
177
177
183
185
185
185
189
189
187
177
171
171
169
167
165
171
167
167
171
177
177
183
185
179
185
193
195
189
191
185
175
175
175
175
181
183
185
185
175
167
165
161
161
153
149
145
139
137
137
137
127
127
127
125
123
125
121
111
111
111
113
113
117
119
119
119
123
123
129
121
123
123
119
119
123
129
129
125
127
119
121
125
119
115
115
115
103
105
107
109
113
109
105
99
99
95
99
97
95
95
95
99
99
99
95
97
97
91
89
91
91
93
95
95
99
99
99
95
87
85
85
83
75
75
69
67
75
81
83
87
83
83
85
85
85
83
81
83
89
89
101
101
99
105
105
103
103
103
101
101
115
119
119
121
117
125
123
111
111
111
101
101
111
111
113
113
109
111
117
103
91
91
91
97
105
99
95
105
99
101
101
99
105
101
101
97
105
107
121
117
113
113
107
111
113
109
103
107
107
107
109
117
117
125
127
131
129
127
131
123
121
125
121
121
115
115
109
107
107
107
115
115
111
121
121
121
127
133
123
131
131
139
139
129
119
119
133
133
129
129
127
133
133
135
131
129
125
125
129
125
125
125
125
139
141
147
153
159
163
165
165
167
175
171
167
165
161
159
155
155
161
167
171
171
179
177
183
181
181
181
181
185
185
185
185
187
189
193
191
189
189
189
189
189
183
177
181
181
189
183
177
175
181
185
183
191
183
185
187
187
197
195
197
201
191
191
199
197
197
205
201
201
199
199
199
203
205
207
193
185
183
179
173
175
181
189
189
185
183
183
183
195
191
191
189
185
185
181
181
181
173
173
171
181
185
189
191
189
189
189
193
191
185
183
179
179
175
175
169
171
187
181
177
177
171
175
181
181
175
171
167
167
155
153
147
153
159
159
167
177
169
169
169
175
171
163
163
163
169
165
161
157
155
147
153
157
155
155
155
155
155
155
155
157
155
157
153
149
151
155
161
155
155
157
151
141
143
141
141
137
141
141
141
139
137
131
127
127
125
121
131
131
131
127
123
125
127
129
129
133
133
123
121
121
123
123
135
131
129
129
131
137
137
137
133
141
141
141
149
149
157
155
157
151
155
157
153
153
151
143
143
149
159
147
147
155
163
157
153
157
151
151
151
151
145
145
145
151
149
143
137
137
139
137
147
149
153
153
151
153
157
163
163
171
169
161
163
161
159
151
141
141
141
141
145
131
121
119
127
127
131
139
139
139
135
129
127
137
133
127
133
135
129
123
123
123
123
131
131
137
133
135
137
143
147
153
157
157
155
155
155
159
151
153
151
153
151
149
153
147
151
139
139
139
153
149
149
147
157
155
163
159
161
159
159
167
167
163
167
167
171
169
169
165
153
155
149
149
143
145
137
137
137
147
139
141
143
143
143
145
149
147
141
135
139
141
141
147
145
149
139
139
135
133
129
131
137
129
133
143
141
139
143
143
137
127
133
125
131
129
141
147
153
157
155
167
167
173
185
185
181
185
191
189
189
193
195
195
197
205
201
197
193
191
183
175
177
173
169
179
183
177
179
179
179
179
187
183
189
195
197
195
197
193
193
201
201
209
211
209
201
205
205
199
205
209
199
201
201
195
191
193
193
201
199
199
199
203
197
197
197
207
211
211
211
211
211
215
215
217
217
213
217
217
209
209
209
207
207
207
199
201
201
193
199
191
193
197
193
193
189
185
177
177
163
155
155
163
163
163
163
163
169
169
175
185
185
183
189
189
183
181
187
195
203
205
201
189
197
205
205
205
209
207
197
199
199
199
203
201
209
203
205
201
197
193
189
195
203
207
211
223
225
219
223
225
231
235
233
233
233
223
221
231
233
233
233
241
241
235
239
231
239
237
241
243
243
247
249
245
241
235
247
249
253
251
247
243
253
257
245
249
247
249
245
245
245
259
251
245
243
243
249
255
261
255
257
263
251
251
247
245
245
241
249
251
245
247
251
253
247
247
247
247
241
237
227
229
229
227
233
243
257
253
257
257
253
263
263
261
259
261
271
255
251
261
257
257
253
241
241
243
241
237
233
233
235
235
229
229
233
227
215
223
225
225
229
237
237
237
239
243
239
243
247
251
251
251
251
253
253
253
247
247
235
235
235
235
235
239
239
239
237
233
235
235
237
231
231
235
235
233
241
231
229
233
237
245
245
243
247
239
239
239
235
233
227
231
231
229
241
245
243
243
243
249
255
249
249
249
241
241
245
245
249
249
251
263
263
263
263
251
253
253
251
257
257
257
255
253
261
263
263
263
267
265
261
257
251
251
259
263
257
251
251
251
249
251
249
249
245
253
245
237
223
223
225
215
211
199
195
201
193
193
193
197
197
197
203
203
201
201
195
201
201
205
205
201
201
201
195
195
195
201
203
203
203
209
205
193
193
201
207
207
207
207
211
211
215
211
211
219
215
225
225
221
221
229
229
225
225
229
229
229
225
229
231
229
233
237
239
235
239
243
243
243
247
245
255
261
259
257
261
265
261
263
255
251
243
239
243
243
243
245
241
241
241
243
233
233
231
233
233
233
227
225
221
221
223
219
213
215
219
221
221
229
231
231
245
245
247
247
243
245
245
243
239
237
231
231
229
233
233
241
241
241
243
243
241
239
241
243
245
253
259
259
259
263
263
261
259
261
261
263
259
259
253
249
245
247
247
241
239
239
235
233
233
231
231
229
233
237
249
253
261
261
263
277
277
273
261
261
263
267
265
265
265
259
259
263
259
259
271
267
273
267
267
267
261
263
271
269
273
269
277
279
261
263
267
253
245
241
241
245
245
241
249
247
249
245
245
243
245
245
249
249
243
243
243
243
253
253
255
241
249
245
239
239
243
247
243
241
237
237
233
233
223
221
221
229
229
217
217
217
215
217
223
233
243
245
237
235
227
233
241
237
241
235
237
237
237
243
243
243
243
247
241
241
237
235
231
223
231
239
231
229
229
227
217
227
241
241
233
233
235
227
229
229
235
231
231
237
231
227
227
225
225
213
209
207
201
201
213
213
219
219
217
221
209
209
213
213
213
209
211
211
215
219
219
219
219
227
231
231
233
233
227
231
227
239
239
231
233
233
235
239
249
251
261
259
259
257
259
267
267
267
263
269
267
269
269
265
271
271
271
279
287
301
293
281
281
277
277
277
277
279
285
285
299
287
285
283
283
279
273
267
275
283
283
291
291
281
285
275
271
283
283
283
287
283
277
277
281
279
269
275
277
275
285
293
293
291
285
273
269
263
267
267
263
267
273
267
267
261
261
269
265
273
273
285
287
285
273
271
279
279
279
275
273
277
273
273
279
279
265
265
263
263
257
259
265
265
265
275
277
277
277
277
277
275
271
273
273
279
279
271
271
275
269
279
285
283
287
295
297
293
293
287
283
283
281
281
275
273
257
257
253
257
263
263
263
271
273
273
275
273
273
275
271
275
273
271
263
257
257
259
263
263
263
267
261
261
253
253
253
247
247
251
249
247
245
239
239
233
233
235
233
229
229
229
233
235
235
237
237
241
241
233
227
225
225
225
225
227
227
227
229
229
229
229
231
225
219
215
219
219
221
225
221
221
227
217
219
221
223
229
223
223
223
223
225
225
219
217
217
217
215
217
211
211
217
217
217
217
225
225
225
227
235
235
235
227
225
227
237
237
235
239
239
239
241
241
253
255
249
249
245
249
247
259
259
251
247
247
241
237
237
229
225
225
225
231
245
249
241
243
249
245
245
245
251
245
247
247
241
241
245
245
245
247
243
247
247
243
253
257
253
265
267
253
249
249
245
255
255
255
255
259
257
259
261
257
255
251
245
243
253
243
243
253
247
247
249
249
251
257
253
249
245
245
237
237
237
233
233
237
237
237
233
231
223
215
207
207
203
203
203
203
207
207
207
207
207
205
205
205
203
203
211
209
217
223
221
225
229
229
229
239
243
245
245
249
255
253
253
257
259
259
259
267
263
253
259
263
263
265
265
267
269
267
269
269
277
283
285
283
281
279
281
281
281
279
281
283
277
277
277
273
281
281
275
269
267
275
275
277
267
269
263
269
275
275
283
285
283
283
275
273
269
271
269
273
271
269
271
271
271
275
275
275
275
281
273
275
275
275
279
277
277
269
265
267
263
263
263
255
253
259
263
253
255
255
251
249
261
265
259
253
253
241
247
245
245
243
243
237
235
235
235
235
227
231
239
235
243
239
243
243
241
245
245
241
249
245
235
231
235
243
239
241
241
241
233
229
231
231
233
235
235
241
249
249
249
243
243
247
247
253
249
251
243
241
239
235
235
235
237
237
233
233
227
231
231
225
223
215
215
209
207
207
203
203
197
193
193
189
185
185
183
177
185
187
181
181
181
181
181
181
175
181
189
189
191
179
181
181
187
189
187
191
189
195
199
203
203
203
207
203
203
211
211
211
211
211
211
217
217
215
215
221
223
225
221
221
211
215
209
207
209
209
219
219
221
219
219
219
213
215
211
211
209
215
209
217
217
209
207
209
211
213
213
213
209
203
209
203
205
213
223
207
213
217
217
209
209
209
205
195
199
199
187
195
201
207
207
199
199
193
193
187
193
193
193
197
193
193
197
195
195
191
185
185
183
183
183
183
183
185
183
189
189
191
187
187
187
187
187
183
181
169
169
175
175
177
177
177
161
165
157
157
159
153
145
147
147
151
157
159
165
165
165
161
161
163
165
157
157
159
165
165
165
161
157
157
167
167
163
163
149
141
133
127
121
127
123
127
129
129
125
129
131
125
133
127
123
133
133
135
143
139
143
143
151
147
147
147
159
159
161
155
151
151
157
153
149
147
145
145
145
145
145
151
149
149
147
149
149
151
155
159
165
163
157
159
161
157
153
145
151
153
149
153
145
145
145
137
137
147
153
155
161
161
165
169
169
169
167
165
161
161
171
159
159
159
163
159
159
165
167
167
171
179
179
177
175
175
167
167
169
169
159
163
165
161
163
167
173
179
185
185
185
183
183
183
181
185
177
177
179
179
175
175
169
175
181
187
187
183
183
175
165
173
175
179
171
171
171
171
167
161
161
161
167
171
161
161
157
163
159
163
163
161
165
161
161
171
177
177
177
177
185
181
181
169
169
165
161
169
169
173
167
167
163
157
151
155
155
157
167
165
153
153
153
161
161
167
171
173
179
183
185
193
193
199
199
207
205
205
197
201
201
207
207
207
207
215
215
215
219
231
231
221
225
227
215
209
197
191
191
191
193
193
183
183
169
171
175
177
167
161
161
165
163
163
155
153
157
153
157
155
155
155
159
165
163
159
147
147
141
139
139
131
131
135
135
145
147
145
145
151
151
151
141
147
141
149
149
141
143
145
151
151
151
153
153
153
157
165
169
169
169
167
171
171
159
165
153
139
137
137
131
129
129
123
121
127
119
115
107
107
103
111
111
111
111
115
109
109
111
97
95
95
95
91
101
103
103
103
111
115
109
107
91
83
83
83
83
91
87
91
83
77
83
83
79
79
79
79
79
81
87
87
87
95
89
89
89
89
95
101
105
113
113
113
109
113
113
111
109
109
105
107
107
109
109
101
93
95
93
93
93
87
89
89
89
89
97
99
99
99
103
105
105
105
95
87
91
97
99
109
109
109
99
107
107
107
107
111
107
115
107
117
117
123
115
115
115
123
121
121
121
113
113
105
111
115
115
115
111
107
107
109
111
111
111
111
111
111
111
111
117
119
119
121
111
115
111
111
105
105
105
105
111
105
103
101
97
85
87
91
89
77
75
71
73
73
65
65
67
77
77
77
77
77
83
71
77
79
79
79
71
65
77
87
87
87
95
93
93
99
105
105
99
99
97
105
109
109
109
109
105
109
109
105
105
107
109
105
99
107
107
113
101
101
101
109
111
115
113
113
119
119
111
105
105
105
105
107
109
113
113
119
115
107
117
109
105
107
115
119
115
119
113
117
109
113
117
131
125
115
119
119
117
111
111
111
95
95
95
103
101
101
89
95
93
93
95
101
93
95
99
95
107
107
103
107
105
109
109
111
109
105
93
95
89
93
93
95
87
89
89
89
95
93
93
95
95
95
95
95
95
89
81
87
91
99
99
111
107
113
113
107
109
103
97
105
111
105
109
107
107
105
93
95
97
97
89
95
97
103
103
99
99
97
95
97
97
99
103
103
107
103
111
115
119
109
109
109
105
101
103
95
95
93
97
97
99
107
103
103
109
109
105
113
117
117
117
117
117
117
117
115
115
125
133
129
129
133
137
141
141
153
155
153
153
153
153
159
159
161
165
167
167
171
171
171
175
175
179
177
177
177
181
177
177
181
175
175
173
171
167
165
171
171
169
175
177
179
171
169
167
171
171
173
171
173
173
171
181
183
183
183
183
185
181
183
181
181
181
175
173
177
177
179
181
183
179
179
173
167
165
165
167
167
167
167
165
163
161
161
153
161
177
185
183
177
177
177
175
173
171
171
171
171
169
173
179
177
179
181
185
191
191
193
187
191
191
191
187
185
185
193
193
197
197
197
189
189
191
185
185
183
175
167
173
179
181
185
173
167
161
163
155
155
153
151
155
157
149
149
149
147
151
153
153
159
157
149
149
151
159
161
161
161
155
153
163
171
173
175
167
171
159
159
163
151
151
153
157
159
157
157
157
153
157
157
157
165
169
165
159
157
151
157
155
153
157
159
157
157
159
155
161
161
157
161
163
161
159
159
163
161
149
149
151
151
147
141
133
141
141
149
145
149
157
155
155
155
163
163
163
159
157
157
147
147
147
141
129
127
127
125
133
139
133
137
133
135
149
149
145
143
139
133
133
137
141
143
143
141
147
151
151
147
153
155
151
155
163
165
159
155
149
137
137
135
133
131
131
137
125
127
121
123
117
119
117
123
115
117
111
105
103
103
103
107
113
105
103
103
91
85
83
75
71
77
81
77
75
73
73
73
71
61
61
59
61
71
67
71
69
69
69
69
65
65
63
63
63
69
67
61
71
67
63
63
75
75
73
73
75
81
73
77
79
79
73
73
75
75
87
83
85
91
87
83
83
83
83
91
91
95
99
105
101
109
119
123
119
119
125
123
125
127
119
127
129
125
121
119
117
113
119
125
125
129
125
125
129
127
123
117
117
121
121
117
117
111
107
117
109
107
107
115
121
127
129
127
127
127
123
123
121
121
119
125
133
135
135
141
141
139
141
137
137
129
119
119
121
121
123
123
123
119
123
123
125
125
125
121
125
125
127
125
137
149
153
153
155
155
149
153
153
153
151
153
159
149
151
157
157
167
161
165
159
159
161
159
149
149
149
155
157
153
145
143
151
157
151
145
157
153
155
153
153
155
155
153
159
169
155
157
153
157
157
151
159
149
139
137
145
147
155
159
153
153
147
139
141
133
133
129
129
129
127
127
129
127
123
119
119
119
119
113
111
115
115
111
113
113
113
111
105
105
105
95
93
89
85
93
91
95
95
99
99
95
101
111
109
101
105
109
119
119
119
131
137
131
127
129
133
133
133
139
135
133
133
139
131
131
119
115
111
103
103
109
109
113
115
119
127
127
127
113
109
107
107
103
103
103
111
113
117
107
107
107
115
115
109
113
109
95
95
95
89
91
91
83
87
83
79
83
75
75
67
67
77
77
77
73
71
71
77
85
85
91
99
101
97
99
99
101
93
89
89
91
89
91
87
103
105
105
105
97
105
105
109
101
101
95
95
93
93
95
95
91
93
97
103
105
111
107
101
113
117
117
117
115
115
111
111
111
105
105
103
105
101
97
91
89
95
97
91
87
75
75
83
83
91
93
93
87
89
83
87
87
85
77
75
77
67
67
67
71
67
71
75
73
77
81
81
83
83
83
89
89
85
85
71
75
73
67
75
75
81
81
81
79
71
73
75
75
81
77
83
87
91
91
87
87
87
95
87
91
99
103
103
95
95
89
93
91
91
89
85
85
81
79
87
87
83
85
79
79
79
93
97
99
107
121
119
121
127
127
131
131
135
127
123
119
119
113
113
113
113
109
107
115
115
117
117
117
103
103
107
113
121
119
123
135
131
131
139
129
131
129
123
129
123
123
123
119
119
119
125
131
131
131
131
131
135
135
125
123
121
121
117
107
105
105
95
103
103
107
95
91
95
85
85
85
85
89
85
95
95
95
95
95
95
89
87
89
97
93
97
95
93
93
101
91
91
91
89
87
97
93
93
93
97
103
93
89
89
97
95
95
101
107
109
107
107
111
115
99
103
101
97
103
103
99
93
101
93
95
95
105
103
111
111
113
103
107
103
91
87
87
81
83
83
89
97
99
99
99
97
87
89
81
81
83
83
81
73
73
65
59
63
65
67
69
69
63
71
59
59
67
77
87
87
87
79
85
85
85
89
103
99
103
93
97
97
99
99
101
99
93
93
91
91
101
99
95
91
85
77
71
77
77
79
77
83
85
93
93
105
101
101
101
105
103
93
93
77
79
85
89
89
87
99
101
99
103
111
99
95
99
105
105
107
107
107
111
111
117
117
117
125
123
111
109
103
105
105
95
95
99
107
113
119
129
129
129
121
111
101
105
109
111
111
115
107
109
107
107
97
89
91
91
87
87
95
99
103
105
97
105
109
109
119
127
127
127
127
127
133
135
145
145
145
143
141
145
135
133
133
123
123
119
111
111
113
113
117
117
113
113
115
123
125
125
115
111
111
111
111
109
105
103
103
91
85
89
75
69
69
67
53
65
65
67
73
73
73
73
73
73
73
65
63
61
65
69
77
73
75
71
71
65
65
67
59
53
53
49
43
45
35
39
39
35
33
33
31
37
45
53
53
55
57
61
61
65
65
55
55
51
53
57
57
49
47
41
43
37
37
39
29
41
31
31
29
27
25
29
29
37
37
35
41
43
45
51
45
55
53
59
61
61
71
65
69
69
73
71
69
73
73
69
67
71
63
63
61
61
59
63
67
71
57
59
55
51
51
55
57
57
53
53
61
61
59
69
71
71
71
65
59
67
75
75
85
91
91
91
85
99
103
105
99
93
83
95
111
101
95
97
97
97
109
105
97
103
101
93
87
87
87
87
81
73
83
85
87
85
85
79
79
71
59
59
57
57
51
59
51
47
59
55
55
47
43
49
55
55
51
45
41
41
35
37
29
29
37
29
23
23
23
29
25
19
25
25
23
21
21
25
23
29
35
29
31
31
33
39
39
39
39
39
35
29
25
25
25
25
31
27
27
31
37
33
33
33
29
29
23
13
17
17
9
7
9
11
15
23
25
23
23
13
23
19
17
19
19
19
21
17
25
25
19
19
17
17
27
17
19
15
11
11
15
21
21
17
23
33
33
41
29
25
15
15
9
13
15
19
25
25
25
29
33
33
35
33
35
29
25
27
31
33
35
37
37
43
47
45
45
53
45
51
43
43
43
47
51
43
43
45
35
27
23
29
31
33
43
35
35
31
39
41
37
51
51
57
53
41
43
39
43
43
41
41
39
35
39
43
51
47
37
45
49
51
43
47
41
37
41
31
33
33
37
41
41
41
35
39
35
35
33
31
29
35
45
51
51
47
47
43
39
39
37
35
43
53
53
47
45
43
47
45
47
47
43
43
47
47
47
47
59
59
67
67
55
57
59
67
65
69
67
65
63
67
75
83
73
65
65
65
55
59
59
59
53
61
61
65
67
61
57
53
55
43
41
47
51
55
55
55
55
53
53
65
69
69
71
79
77
75
77
83
87
87
95
97
99
101
101
107
109
117
117
123
123
131
127
129
127
119
121
119
119
119
119
125
125
125
129
121
115
105
113
113
113
119
119
113
107
113
115
111
103
103
101
105
97
113
113
107
109
111
109
115
125
131
127
133
131
133
133
137
137
147
147
147
147
143
143
147
151
145
141
141
145
153
159
153
163
159
159
159
167
167
165
153
151
149
149
141
137
139
135
135
125
121
129
125
127
125
121
123
121
121
121
123
123
125
135
123
119
117
117
117
121
123
117
119
125
131
133
131
131
123
119
117
129
133
135
133
119
123
119
115
109
113
117
119
115
115
115
107
107
107
107
107
111
105
107
107
111
111
111
103
103
95
93
93
87
87
85
85
87
81
87
89
81
85
75
67
69
73
73
79
91
91
91
87
89
87
89
89
91
89
93
95
91
91
91
89
85
79
77
77
89
75
67
67
53
51
49
55
57
59
57
59
67
73
65
63
63
67
59
67
67
67
73
75
75
75
75
75
75
87
87
83
81
81
79
75
81
71
69
65
73
75
71
65
55
57
49
49
49
49
63
65
61
51
59
59
55
51
53
53
53
53
53
61
63
71
67
61
59
63
59
51
61
61
61
57
43
47
43
45
45
45
45
43
43
41
31
39
29
25
25
27
29
33
37
39
47
39
41
37
33
21
21
25
27
27
27
27
27
27
35
29
37
39
43
49
45
47
53
55
57
61
65
61
57
67
75
81
81
85
79
79
81
85
89
83
83
83
75
83
77
71
83
83
91
87
97
89
85
95
95
87
87
83
87
89
95
87
79
73
75
75
85
97
101
103
103
105
107
111
99
95
95
87
91
91
91
91
93
85
85
85
91
89
89
85
91
91
91
91
95
93
93
93
97
91
89
85
99
107
105
107
113
107
113
111
111
111
111
117
113
107
93
93
95
95
91
91
99
105
105
105
99
99
91
95
93
85
89
89
81
75
79
75
75
73
73
73
73
73
73
73
75
81
79
71
79
79
69
61
61
61
59
55
55
55
51
51
51
43
43
43
45
51
51
51
49
53
55
57
49
53
47
47
47
41
39
39
47
49
45
43
45
41
41
41
43
49
49
47
55
55
57
53
47
43
43
39
39
43
51
45
45
47
51
49
49
55
57
55
65
69
71
77
75
69
73
73
83
83
83
83
83
77
69
71
69
69
67
57
49
49
57
49
53
53
57
55
51
43
55
53
57
55
57
59
63
63
63
63
55
55
57
51
61
65
61
61
55
53
39
35
37
29
29
29
31
23
27
27
33
33
33
35
35
31
43
49
57
53
49
49
53
55
61
63
67
73
71
65
67
67
75
75
73
75
73
77
75
75
79
77
73
73
77
81
77
81
81
81
81
81
71
71
71
65
65
65
67
65
65
61
55
51
51
51
51
51
51
59
57
57
55
55
49
49
55
55
55
45
41
37
37
39
33
33
23
19
23
19
19
19
21
21
19
21
21
21
15
15
9
13
17
11
15
15
27
27
27
17
21
13
11
3
3
1
7
7
5
3
-1
-1
-1
-1
-3
-7
-5
-9
-13
-13
-11
-13
-9
-9
-11
-1
7
17
23
13
13
13
21
17
21
23
23
23
23
19
19
17
11
9
19
23
25
21
21
19
17
31
37
37
37
37
35
41
33
35
33
25
31
35
41
41
39
45
45
45
51
47
47
47
51
55
59
61
49
59
59
65
49
55
51
49
65
73
69
71
67
63
75
73
73
75
79
69
71
83
77
69
69
63
73
81
81
95
91
91
83
99
97
97
93
97
101
99
93
93
93
93
89
101
105
99
95
93
93
95
95
93
97
105
109
105
99
103
103
111
111
111
113
111
117
127
127
131
133
137
135
123
113
107
105
107
109
121
115
107
113
107
107
103
105
103
109
109
107
121
117
113
121
121
125
119
119
121
123
115
115
121
121
127
123
113
113
121
127
121
123
131
135
133
119
123
117
111
111
111
123
123
129
133
135
133
133
133
135
135
139
139
137
137
137
127
129
133
137
141
141
135
139
139
139
145
143
145
145
151
147
147
147
147
141
141
141
141
141
141
139
139
139
139
141
141
151
151
159
159
149
151
153
155
155
155
163
163
167
167
171
171
171
171
171
173
177
179
167
163
167
167
167
163
171
165
159
153
147
139
139
145
141
149
147
145
145
147
161
155
161
159
159
159
169
169
177
177
185
185
189
185
183
175
167
167
173
177
169
171
175
171
173
183
177
183
165
163
159
159
159
153
145
145
145
153
153
161
167
169
161
153
153
153
153
151
147
153
151
151
147
143
143
143
143
143
153
157
155
147
145
145
139
139
139
143
147
139
141
137
131
127
123
123
129
129
121
121
133
133
131
127
123
113
109
119
117
117
119
119
121
121
123
125
131
131
123
109
111
111
117
123
125
127
133
135
131
131
123
125
119
111
107
113
117
121
127
121
119
119
121
117
117
121
121
121
121
127
123
115
109
117
115
115
119
115
117
119
115
117
117
117
117
121
117
109
101
101
99
109
105
111
113
109
105
103
103
103
111
111
107
107
109
115
117
119
117
115
121
117
117
115
115
113
119
115
111
117
117
123
129
129
125
121
125
125
125
129
129
129
129
121
125
125
125
129
125
125
123
123
115
121
121
111
111
105
101
105
101
107
111
105
107
109
115
111
105
101
101
107
109
107
107
107
101
107
105
113
123
117
109
115
119
121
131
139
141
137
139
139
135
135
135
131
131
133
127
127
135
135
135
135
135
129
133
133
129
139
137
147
149
147
139
143
141
143
143
143
153
161
165
167
167
167
171
165
169
175
171
171
165
173
157
157
169
167
171
167
169
169
173
169
173
175
181
175
167
161
161
155
151
149
149
155
155
155
151
155
157
161
163
163
157
157
155
159
159
163
159
157
157
165
165
165
163
165
159
149
137
145
145
145
151
149
143
143
141
143
141
141
133
133
137
147
141
141
141
139
135
131
131
139
141
141
141
135
135
135
135
135
123
115
105
105
101
101
97
101
103
111
111
109
109
111
117
117
121
119
119
119
119
125
121
125
127
119
119
111
113
119
127
131
129
141
143
143
143
143
137
133
127
121
115
119
119
109
113
115
117
117
117
123
123
129
123
127
121
121
119
119
123
115
113
111
111
107
101
101
101
101
101
93
91
89
97
91
95
95
95
95
93
89
89
89
85
79
79
75
83
77
81
81
81
79
71
71
69
63
67
61
61
61
63
65
63
67
79
83
81
75
73
83
89
85
83
81
87
89
85
83
79
73
67
67
69
63
63
65
61
61
57
67
65
61
71
75
73
73
69
65
65
69
63
69
65
67
63
61
67
61
51
51
55
53
43
39
41
41
39
33
43
43
43
33
31
31
31
39
43
43
39
39
37
41
47
47
57
59
55
51
55
55
59
63
61
59
57
63
55
55
55
65
69
73
73
73
71
73
73
69
69
63
71
69
73
75
71
77
79
79
77
79
83
71
69
65
71
69
71
73
69
71
71
73
67
59
51
51
51
53
53
59
63
55
59
51
51
43
43
47
41
41
51
67
65
65
69
69
65
65
63
61
53
53
53
53
45
45
45
39
43
55
51
37
27
31
31
41
37
37
43
37
37
37
35
39
45
33
35
33
39
33
35
37
37
37
49
51
51
51
51
51
59
71
71
77
75
79
95
101
95
99
107
113
105
109
115
115
117
111
111
115
115
107
103
117
117
111
101
111
115
111
111
113
105
101
101
105
107
111
111
111
111
113
109
109
109
111
107
105
97
95
93
91
89
91
91
91
87
89
89
83
77
77
77
73
73
73
71
65
73
73
83
81
77
77
81
77
77
71
71
71
75
81
81
75
67
71
71
69
67
65
67
71
69
73
75
75
73
69
69
69
71
65
61
59
61
61
59
59
67
67
71
71
77
77
77
79
79
83
83
89
93
93
95
91
87
89
97
97
97
101
105
105
107
105
105
105
99
99
97
95
101
95
101
107
103
105
99
99
99
109
97
95
103
109
105
109
113
107
