-2627
-2627
-2627
-2627
-2615
-2609
-2595
-2595
-2595
-2595
-2595
-2591
-2585
-2585
-2585
-2585
-2581
-2581
-2565
-2559
-2559
-2547
-2547
-2545
-2539
-2539
-2525
-2525
-2523
-2523
-2515
-2505
-2491
-2479
-2473
-2469
-2453
-2453
-2453
-2453
-2453
-2453
-2447
-2447
-2435
-2435
-2427
-2421
-2415
-2405
-2393
-2393
-2393
-2393
-2377
-2369
-2369
-2371
-2369
-2365
-2365
-2357
-2357
-2357
-2357
-2357
-2357
-2357
-2357
-2357
-2343
-2329
-2329
-2321
-2313
-2305
-2305
-2301
-2301
-2299
-2297
-2289
-2289
-2289
-2289
-2289
-2289
-2289
-2289
-2285
-2285
-2285
-2285
-2285
-2271
-2261
-2261
-2253
-2245
-2245
-2233
-2233
-2221
-2209
-2207
-2207
-2199
-2199
-2193
-2193
-2189
-2189
-2189
-2183
-2169
-2161
-2153
-2141
-2141
-2141
-2141
-2141
-2141
-2141
-2141
-2133
-2133
-2133
-2129
-2129
-2129
-2115
-2115
-2117
-2123
-2117
-2117
-2119
-2119
-2119
-2111
-2107
-2107
-2101
-2101
-2093
-2095
-2095
-2091
-2081
-2081
-2067
-2067
-2067
-2059
-2059
-2059
-2059
-2061
-2055
-2055
-2055
-2055
-2055
-2055
-2055
-2055
-2043
-2043
-2043
-2043
-2033
-2033
-2033
-2037
-2037
-2037
-2035
-2029
-2027
-2027
-2025
-2017
-2017
-2017
-2011
-2011
-2001
-2001
-2001
-1989
-1989
-1989
-1993
-1995
-1995
-1989
-1989
-1989
-1985
-1985
-1985
-1979
-1979
-1985
-1985
-1985
-1985
-1985
-1975
-1975
-1967
-1961
-1961
-1953
-1953
-1953
-1959
-1959
-1961
-1961
-1961
-1961
-1955
-1957
-1955
-1955
-1955
-1947
-1933
-1925
-1925
-1923
-1923
-1915
-1913
-1913
-1907
-1895
-1895
-1895
-1899
-1889
-1895
-1895
-1891
-1885
-1887
-1887
-1877
-1877
-1867
-1867
-1853
-1851
-1851
-1851
-1843
-1843
-1845
-1833
-1829
-1827
-1827
-1827
-1823
-1823
-1817
-1817
-1805
-1795
-1795
-1789
-1789
-1789
-1791
-1785
-1785
-1783
-1783
-1783
-1787
-1787
-1785
-1785
-1775
-1777
-1777
-1777
-1771
-1763
-1759
-1755
-1755
-1755
-1755
-1755
-1749
-1749
-1749
-1745
-1745
-1741
-1731
-1725
-1725
-1725
-1725
-1727
-1715
-1717
-1713
-1705
-1705
-1697
-1683
-1683
-1679
-1667
-1667
-1667
-1667
-1661
-1661
-1657
-1657
-1653
-1641
-1627
-1623
-1623
-1615
-1615
-1615
-1615
-1599
-1589
-1589
-1589
-1581
-1581
-1583
-1581
-1577
-1577
-1571
-1571
-1559
-1555
-1545
-1537
-1533
-1531
-1531
-1521
-1525
-1525
-1527
-1519
-1519
-1519
-1525
-1523
-1523
-1509
-1509
-1509
-1505
-1509
-1509
-1513
-1513
-1513
-1507
-1507
-1511
-1513
-1513
-1495
-1485
-1485
-1471
-1467
-1467
-1467
-1471
-1471
-1461
-1459
-1443
-1443
-1443
-1439
-1439
-1431
-1425
-1421
-1421
-1421
-1421
-1411
-1405
-1405
-1405
-1395
-1395
-1385
-1385
-1385
-1381
-1373
-1371
-1371
-1371
-1371
-1363
-1365
-1365
-1365
-1365
-1371
-1365
-1365
-1365
-1353
-1353
-1343
-1337
-1337
-1337
-1337
-1337
-1337
-1337
-1337
-1327
-1327
-1327
-1327
-1327
-1327
-1327
-1327
-1327
-1327
-1327
-1327
-1319
-1325
-1319
-1317
-1317
-1321
-1321
-1321
-1321
-1321
-1323
-1327
-1319
-1309
-1301
-1301
-1301
-1291
-1285
-1275
-1275
-1275
-1269
-1259
-1259
-1259
-1253
-1241
-1241
-1241
-1241
-1245
-1239
-1239
-1239
-1239
-1223
-1223
-1219
-1213
-1213
-1213
-1207
-1195
-1195
-1191
-1191
-1191
-1181
-1181
-1175
-1173
-1167
-1167
-1167
-1159
-1151
-1147
-1147
-1147
-1155
-1155
-1161
-1161
-1161
-1161
-1165
-1159
-1159
-1157
-1157
-1157
-1165
-1157
-1157
-1157
-1157
-1153
-1161
-1161
-1161
-1161
-1157
-1157
-1161
-1149
-1153
-1151
-1151
-1151
-1151
-1143
-1141
-1137
-1137
-1137
-1137
-1137
-1131
-1119
-1119
-1119
-1119
-1119
-1125
-1117
-1113
-1113
-1113
-1105
-1101
-1101
-1095
-1095
-1085
-1073
-1065
-1065
-1065
-1067
-1067
-1065
-1065
-1057
-1057
-1057
-1057
-1069
-1071
-1075
-1075
-1073
-1073
-1073
-1073
-1075
-1075
-1075
-1067
-1059
-1063
-1063
-1059
-1049
-1049
-1045
-1051
-1053
-1053
-1055
-1047
-1037
-1033
-1033
-1039
-1039
-1039
-1031
-1027
-1025
-1019
-1019
-1019
-1019
-1019
-1019
-1019
-1011
-1009
-1011
-1011
-1011
-1011
-991
-987
-987
-977
-979
-975
-971
-971
-971
-963
-961
-959
-955
-953
-953
-955
-955
-955
-955
-955
-955
-955
-957
-969
-961
-951
-951
-949
-949
-941
-933
-933
-939
-945
-947
-941
-941
-943
-943
-945
-949
-949
-945
-945
-945
-949
-959
-959
-959
-959
-959
-957
-959
-957
-957
-957
-955
-953
-953
-953
-953
-959
-959
-959
-959
-959
-953
-949
-949
-949
-949
-943
-943
-943
-943
-943
-943
-943
-939
-939
-935
-935
-933
-923
-915
-915
-907
-907
-905
-897
-891
-887
-885
-877
-877
-877
-877
-869
-869
-861
-861
-851
-853
-847
-847
-849
-849
-853
-857
-857
-849
-837
-825
-825
-825
-813
-805
-789
-789
-783
-783
-775
-777
-773
-773
-763
-759
-753
-747
-753
-743
-743
-733
-733
-723
-721
-721
-721
-717
-711
-705
-707
-703
-697
-695
-695
-691
-695
-695
-699
-699
-699
-697
-697
-697
-697
-701
-701
-703
-697
-695
-695
-697
-689
-689
-685
-685
-675
-675
-669
-667
-671
-675
-675
-675
-675
-675
-667
-667
-667
-667
-667
-667
-667
-677
-673
-661
-661
-653
-653
-653
-653
-643
-643
-639
-639
-637
-637
-637
-637
-635
-633
-633
-627
-615
-613
-613
-613
-613
-613
-615
-615
-615
-609
-609
-615
-607
-609
-603
-609
-601
-601
-597
-597
-595
-583
-583
-583
-583
-583
-579
-579
-573
-579
-579
-579
-579
-579
-579
-581
-573
-563
-563
-553
-549
-543
-543
-535
-529
-529
-527
-527
-531
-537
-537
-529
-521
-521
-513
-513
-517
-517
-507
-507
-505
-505
-507
-507
-507
-507
-507
-501
-495
-489
-481
-481
-481
-481
-481
-477
-477
-475
-483
-483
-483
-483
-483
-483
-483
-483
-485
-485
-487
-485
-487
-483
-479
-475
-475
-473
-473
-473
-473
-473
-481
-481
-473
-473
-473
-475
-469
-469
-473
-471
-463
-463
-469
-471
-471
-469
-469
-465
-465
-465
-465
-465
-465
-465
-465
-453
-443
-443
-443
-439
-439
-433
-433
-433
-431
-431
-431
-435
-425
-425
-435
-431
-431
-439
-431
-429
-429
-425
-419
-419
-417
-417
-417
-419
-417
-411
-411
-411
-415
-423
-423
-423
-423
-423
-423
-421
-419
-419
-419
-413
-413
-413
-413
-409
-411
-409
-407
-397
-393
-393
-393
-387
-383
-379
-381
-381
-381
-381
-385
-385
-385
-389
-391
-391
-391
-391
-387
-387
-391
-391
-389
-385
-391
-385
-385
-385
-383
-379
-379
-379
-379
-379
-371
-361
-361
-351
-351
-353
-353
-357
-357
-357
-357
-357
-357
-343
-343
-343
-345
-351
-345
-337
-337
-337
-337
-325
-327
-325
-325
-325
-325
-325
-313
-313
-315
-327
-327
-327
-327
-327
-327
-323
-323
-323
-319
-319
-317
-309
-311
-311
-311
-311
-313
-311
-311
-311
-317
-311
-311
-303
-299
-299
-293
-293
-291
-291
-291
-291
-285
-285
-285
-291
-279
-279
-281
-281
-279
-279
-285
-285
-285
-285
-297
-297
-297
-293
-293
-293
-283
-283
-271
-271
-271
-269
-269
-269
-271
-271
-273
-283
-283
-283
-283
-283
-283
-283
-283
-281
-281
-281
-281
-281
-275
-275
-271
-281
-273
-273
-273
-275
-275
-275
-275
-277
-273
-269
-271
-271
-265
-265
-259
-259
-259
-259
-247
-247
-247
-247
-247
-251
-257
-257
-265
-267
-267
-257
-257
-257
-257
-253
-253
-253
-253
-255
-251
-259
-259
-259
-255
-255
-255
-255
-255
-251
-247
-247
-247
-247
-247
-247
-251
-261
-261
-267
-267
-267
-273
-273
-273
-273
-273
-273
-263
-263
-267
-275
-269
-269
-263
-247
-241
-243
-245
-245
-245
-245
-245
-241
-241
-241
-239
-237
-237
-247
-247
-241
-241
-241
-239
-241
-241
-241
-241
-241
-233
-229
-229
-229
-227
-227
-227
-227
-233
-237
-237
-225
-229
-229
-229
-231
-235
-235
-235
-239
-229
-233
-239
-239
-239
-239
-239
-239
-239
-231
-235
-233
-233
-233
-229
-235
-237
-249
-247
-247
-247
-247
-247
-243
-243
-243
-241
-231
-231
-231
-231
-227
-223
-223
-227
-219
-219
-223
-223
-219
-219
-221
-223
-223
-219
-219
-219
-209
-205
-199
-203
-215
-215
-211
-209
-207
-205
-203
-205
-207
-207
-213
-213
-211
-215
-213
-213
-213
-213
-213
-213
-213
-213
-213
-213
-213
-211
-211
-207
-203
-203
-207
-211
-211
-211
-211
-213
-213
-213
-213
-213
-201
-195
-193
-193
-195
-193
-195
-191
-197
-197
-197
-197
-183
-183
-175
-173
-165
-165
-153
-153
-153
-149
-149
-157
-157
-157
-157
-151
-161
-161
-165
-165
-165
-165
-165
-165
-165
-165
-171
-163
-159
-159
-159
-155
-155
-155
-167
-167
-167
-163
-163
-157
-143
-143
-145
-155
-155
-155
-155
-153
-153
-153
-153
-149
-151
-151
-151
-149
-151
-149
-149
-149
-149
-149
-149
-147
-147
-145
-135
-135
-135
-135
-145
-143
-131
-131
-131
-131
-131
-127
-127
-127
-131
-131
-131
-131
-125
-121
-125
-121
-123
-123
-123
-123
-117
-107
-107
-103
-101
-101
-109
-93
-93
-93
-89
-85
-85
-85
-87
-87
-87
-91
-91
-89
-89
-89
-81
-83
-73
-63
-63
-57
-57
-57
-57
-47
-43
-43
-41
-31
-31
-31
-31
-31
-31
-31
-31
-23
-23
-29
-25
-37
-37
-31
-31
-31
-31
-31
-33
-33
-33
-33
-33
-27
-27
-27
-27
-27
-27
-27
-27
-27
-27
-27
-25
-31
-31
-31
-33
-37
-33
-33
-29
-35
-35
-35
-35
-35
-35
-35
-35
-37
-43
-43
-43
-37
-37
-41
-49
-59
-59
-51
-51
-51
-47
-47
-33
-33
-43
-41
-47
-47
-47
-47
-43
-43
-45
-39
-37
-39
-39
-35
-29
-29
-31
-31
-31
-33
-33
-33
-33
-33
-33
-31
-31
-37
-33
-45
-43
-43
-45
-45
-45
-37
-37
-31
-31
-39
-39
-33
-33
-41
-41
-41
-41
-41
-47
-47
-57
-49
-43
-43
-43
-51
-43
-41
-45
-45
-41
-41
-41
-41
-35
-39
-35
-35
-35
-35
-35
-39
-39
-39
-39
-37
-45
-45
-45
-51
-51
-51
-51
-51
-51
-51
-51
-51
-55
-55
-55
-53
-59
-59
-59
-49
-47
-47
-47
-39
-37
-37
-37
-37
-33
-33
-33
-33
-33
-33
-37
-37
-51
-51
-47
-57
-57
-57
-57
-57
-53
-67
-65
-63
-63
-63
-63
-63
-63
-63
-71
-71
-71
-71
-71
-81
-95
-95
-95
-95
-91
-91
-91
-89
-85
-85
-79
-79
-75
-75
-75
-75
-77
-85
-85
-85
-77
-79
-83
-79
-79
-79
-79
-81
-81
-81
-81
-83
-83
-83
-83
-83
-83
-83
-77
-77
-77
-79
-75
-77
-77
-77
-87
-89
-89
-99
-101
-101
-101
-101
-101
-107
-103
-103
-101
-101
-93
-93
-93
-93
-101
-101
-105
-105
-109
-109
-97
-97
-93
-87
-87
-95
-91
-93
-93
-89
-83
-83
-83
-83
-83
-83
-81
-81
-79
-77
-71
-71
-69
-69
-69
-61
-61
-61
-63
-63
-63
-63
-63
-63
-59
-59
-59
-55
-55
-49
-49
-49
-49
-41
-41
-27
-39
-31
-31
-33
-31
-31
-31
-35
-35
-35
-35
-35
-31
-31
-31
-31
-31
-29
-29
-29
-25
-25
-25
-25
-15
-15
-17
-13
-13
-3
-3
-3
-7
-11
-11
1
-7
-7
-7
-3
-3
-3
-3
-1
1
-1
1
1
1
1
7
9
-3
-7
-7
-7
-7
1
5
5
5
5
5
5
5
7
7
11
13
11
11
11
9
9
9
9
9
9
9
13
25
25
25
15
15
17
17
17
21
21
19
21
15
15
15
13
13
13
7
17
17
11
11
11
11
15
15
13
13
17
23
21
11
13
13
13
11
19
19
19
19
5
5
5
5
5
3
11
11
13
13
13
11
9
9
11
25
25
25
25
31
31
31
25
25
25
25
25
25
31
29
29
31
31
31
35
39
55
57
57
59
59
59
59
59
59
55
51
47
51
45
45
45
45
45
45
45
45
45
47
47
59
59
73
71
71
71
71
73
73
73
63
59
59
63
61
61
61
61
61
71
71
71
71
71
71
65
65
67
67
67
67
67
77
77
77
77
77
77
77
81
79
79
81
81
81
83
83
79
85
93
93
93
93
93
93
97
97
97
97
97
97
93
93
93
91
91
103
103
103
103
109
109
109
115
113
119
119
111
111
111
111
111
113
113
113
113
113
113
113
113
113
113
113
99
99
99
91
97
99
99
99
105
105
115
115
119
119
119
121
121
121
121
113
113
113
113
113
113
113
113
117
117
107
107
107
107
107
105
105
105
117
127
127
123
121
121
121
125
129
129
129
129
131
131
147
147
141
141
141
141
139
139
139
141
141
141
145
151
155
157
157
157
161
161
167
167
173
173
173
173
173
169
169
175
175
171
171
171
171
177
169
169
169
165
161
171
171
171
171
171
177
187
177
177
183
183
183
183
183
183
187
195
191
191
191
187
187
203
203
201
201
201
201
201
201
201
197
197
197
197
197
197
197
203
203
203
203
203
203
203
203
211
211
221
217
217
217
217
217
217
217
213
215
215
219
215
215
215
219
213
213
213
213
215
215
215
221
227
227
227
227
219
215
215
213
219
213
225
225
225
235
233
233
233
233
241
237
239
237
237
229
229
221
221
211
209
209
209
209
203
203
205
205
207
207
207
207
207
205
201
201
201
201
201
201
205
205
205
205
205
205
205
203
203
203
197
197
197
195
189
189
185
185
185
185
187
183
195
191
191
191
195
195
193
193
193
193
193
189
189
185
185
185
185
185
185
185
179
173
177
173
173
173
173
173
173
173
181
183
183
183
181
181
185
183
181
181
181
175
183
183
179
179
179
189
189
189
193
193
195
189
195
195
197
195
187
187
187
187
187
187
187
187
193
193
193
193
193
193
199
201
207
207
209
209
201
201
195
201
201
201
201
201
209
209
209
207
213
213
213
219
217
217
213
213
213
213
213
207
215
217
217
217
217
219
215
215
215
213
201
197
197
197
197
197
197
197
197
191
191
191
183
183
187
187
187
179
179
175
175
175
179
177
177
181
181
181
181
181
181
189
189
179
175
175
175
165
163
163
163
163
163
163
163
159
159
163
157
151
151
151
151
143
143
143
139
139
139
139
133
133
135
143
139
139
139
139
139
139
139
139
135
137
125
125
117
117
117
111
109
105
105
105
105
105
105
105
101
103
103
95
95
95
95
95
91
99
99
99
99
101
101
101
101
111
107
107
107
107
109
109
105
93
93
99
99
99
99
99
107
107
107
97
97
97
97
89
85
85
85
85
85
85
85
85
85
85
85
85
85
85
85
85
83
73
77
75
75
77
65
57
63
53
53
53
57
59
51
49
55
55
55
55
45
51
51
51
57
53
53
53
53
53
53
59
63
63
63
63
63
63
65
65
67
75
87
87
83
83
83
85
87
87
85
73
73
73
81
77
83
93
93
95
95
95
95
107
107
107
113
113
113
113
113
111
111
107
109
103
99
97
97
99
99
103
103
99
99
99
99
101
99
99
99
99
105
105
103
99
93
93
93
93
93
93
89
95
95
95
99
101
101
101
101
101
101
101
99
99
99
99
99
99
99
99
105
103
109
109
109
111
111
109
99
97
97
103
117
111
111
113
113
107
113
111
121
121
115
115
111
111
111
115
115
115
111
111
113
113
113
121
121
119
119
119
121
121
121
119
119
119
127
127
127
119
119
119
119
117
109
109
109
109
107
109
109
109
115
119
123
119
119
119
119
119
119
119
121
117
117
117
125
127
127
135
147
143
135
125
139
139
129
129
135
129
129
133
133
133
131
131
129
133
129
129
129
129
125
121
123
115
115
115
111
111
109
107
113
113
107
107
107
107
101
101
101
101
103
103
103
103
95
87
91
85
87
85
77
71
71
71
71
69
67
67
67
67
67
59
71
71
69
69
69
65
65
59
55
55
51
51
49
53
53
53
53
47
45
43
39
47
57
53
53
47
47
49
61
61
61
61
61
61
61
65
65
61
61
61
61
67
67
59
61
61
59
53
59
55
55
55
63
57
57
55
51
51
59
59
67
75
75
79
83
83
83
85
89
85
85
85
85
83
83
91
91
99
99
99
99
99
103
93
101
101
101
103
103
99
99
93
93
89
89
89
91
89
91
89
89
89
89
89
83
83
81
81
79
79
79
79
73
73
67
61
61
61
61
57
57
57
57
57
57
57
55
55
55
55
55
61
61
53
43
43
43
43
49
49
43
43
49
49
49
49
49
51
51
51
59
59
59
59
59
53
57
57
55
55
55
55
55
55
55
55
51
51
51
53
53
49
53
53
53
53
49
49
57
57
63
63
63
65
63
61
61
61
61
61
61
61
61
61
61
61
61
61
67
75
67
69
69
69
69
69
69
81
81
81
81
81
81
81
81
75
71
73
65
65
65
65
67
71
71
69
69
69
75
75
75
73
73
73
73
57
47
47
47
41
41
41
41
41
41
41
41
41
39
39
45
45
47
47
47
47
47
41
41
35
37
43
43
43
49
45
45
41
41
39
33
25
23
25
27
27
27
31
31
31
31
31
31
31
31
27
23
23
23
23
19
13
7
7
7
19
21
21
21
21
25
25
25
25
29
25
29
29
33
33
33
33
33
33
37
37
43
47
47
57
57
53
63
63
63
63
63
71
67
67
71
73
73
73
69
69
69
67
65
65
65
61
61
55
51
55
55
55
55
61
61
61
61
61
55
55
55
57
57
57
57
61
61
55
51
51
55
55
47
47
47
47
51
51
57
57
57
45
45
45
55
59
55
59
67
67
73
77
69
67
67
67
81
81
83
87
93
101
91
85
93
93
93
99
99
111
111
103
89
95
89
89
87
87
93
93
93
87
87
87
95
99
101
101
95
87
87
91
93
93
79
77
77
79
79
79
81
81
93
93
99
99
99
101
101
97
85
85
83
85
85
97
97
97
101
107
93
99
109
113
113
113
119
119
119
119
117
117
117
117
111
111
111
109
109
121
121
115
115
113
107
107
107
107
107
105
95
95
95
99
99
99
95
95
93
95
95
95
93
89
89
89
93
105
97
97
97
97
95
95
95
95
95
95
99
99
109
111
113
109
109
109
109
109
109
107
109
109
109
109
109
109
109
119
119
119
119
119
125
125
125
125
133
125
125
125
129
129
129
135
135
135
135
135
135
135
133
133
133
133
133
129
133
133
133
135
137
137
135
135
135
143
143
143
139
141
145
145
147
147
145
149
149
149
147
145
145
145
143
143
143
143
133
127
127
133
135
141
135
135
135
131
131
131
131
139
129
125
125
125
125
117
117
109
109
109
109
109
109
113
107
107
107
107
111
111
111
103
117
117
117
117
117
117
125
121
121
121
121
121
121
113
111
111
119
119
121
121
121
121
119
117
117
117
117
117
117
117
117
117
117
117
107
107
109
101
101
99
99
91
93
93
93
93
93
93
93
97
99
93
89
89
89
89
89
89
89
81
83
83
83
89
89
75
79
75
67
83
85
85
87
83
79
79
79
79
79
79
79
75
71
71
65
59
59
65
71
69
79
79
79
71
81
81
81
73
73
73
73
67
67
67
67
67
67
67
67
73
73
65
65
65
71
71
71
71
71
55
57
57
57
57
57
55
55
55
51
57
69
69
69
71
73
73
73
69
71
71
73
73
73
73
73
71
71
63
67
67
67
73
73
73
75
75
75
75
81
75
71
69
69
61
61
61
57
59
59
59
59
71
71
71
77
77
75
75
75
75
73
73
69
69
71
67
59
55
53
53
51
51
53
51
51
57
55
61
61
61
61
61
61
59
59
59
59
59
59
63
71
71
71
69
69
69
77
81
81
85
85
81
81
85
85
93
93
105
105
105
105
105
95
95
105
109
107
107
107
101
101
101
101
97
97
97
97
91
101
101
101
93
93
93
93
103
103
103
103
111
119
117
111
111
111
111
101
101
99
99
99
99
99
101
101
101
101
101
101
99
99
99
99
99
101
105
101
103
103
103
103
103
105
105
109
109
109
121
121
121
121
121
117
117
117
117
117
111
111
111
111
111
113
113
115
115
111
111
115
115
127
127
127
129
131
131
131
127
127
133
127
123
119
115
115
105
105
105
105
105
111
111
115
115
115
107
111
103
95
101
101
97
99
99
99
99
101
103
97
97
89
79
79
69
71
71
71
69
71
71
79
85
85
81
81
81
81
81
81
77
77
77
77
77
77
83
83
75
75
75
75
75
75
75
75
75
71
71
71
69
69
83
85
89
89
89
89
89
89
89
89
91
97
97
85
85
85
85
85
85
83
81
81
81
81
81
81
81
81
81
81
81
81
81
79
79
83
83
83
81
95
95
95
95
91
91
91
85
85
85
97
99
93
89
83
83
83
79
79
75
79
79
73
73
73
73
71
71
71
71
71
69
69
69
67
71
71
67
67
67
69
69
69
69
69
69
71
71
71
67
67
67
67
67
67
67
67
67
65
65
65
69
71
71
75
75
83
83
89
89
89
85
89
91
91
95
95
95
95
85
89
91
87
87
87
81
81
79
79
79
75
75
75
77
77
77
77
79
75
73
77
71
71
71
79
75
75
73
73
73
69
67
67
57
57
57
57
57
59
59
59
63
65
65
65
65
65
65
65
67
67
67
67
67
63
65
61
65
65
65
61
71
71
77
75
79
75
75
71
77
75
69
69
71
57
69
69
69
71
71
79
79
77
77
77
69
69
67
69
69
73
71
71
71
71
71
71
77
77
69
69
69
67
71
71
71
71
71
71
59
59
59
59
63
63
63
63
63
63
63
63
57
57
55
65
65
65
61
57
57
57
57
51
51
51
51
51
51
41
41
41
49
49
49
49
45
45
43
43
41
41
49
47
47
47
47
47
45
45
45
45
49
45
45
43
27
27
35
35
35
41
41
39
39
35
35
39
39
47
47
51
51
39
39
33
33
35
35
39
39
41
45
45
45
45
47
49
51
53
53
55
55
57
57
55
51
51
45
45
45
41
41
41
35
35
43
43
37
37
37
31
31
31
31
29
37
39
39
51
51
51
51
45
55
41
37
37
37
41
41
41
49
49
49
49
51
49
57
57
53
53
45
45
45
41
41
47
47
47
51
51
51
51
51
51
51
41
39
39
39
33
33
39
41
49
49
49
49
63
65
55
59
67
67
67
67
67
67
57
57
57
55
55
57
57
57
53
45
45
45
45
37
41
41
41
41
41
41
51
51
51
51
55
55
55
55
55
55
55
55
45
45
45
55
55
57
57
57
57
63
67
67
67
67
59
59
59
65
55
55
55
57
53
53
53
47
47
47
47
51
51
53
57
57
53
53
53
51
53
53
55
55
57
57
57
47
47
47
47
47
47
47
47
47
47
47
45
49
55
61
61
61
61
65
65
59
65
53
53
63
61
61
59
61
63
65
65
63
63
63
63
63
63
63
59
69
69
69
63
69
69
69
69
69
69
71
71
71
71
71
79
79
79
71
71
71
71
71
71
71
71
71
79
75
85
95
99
101
101
101
101
99
113
113
113
113
121
117
117
115
125
123
123
123
125
131
135
135
135
139
139
139
139
139
141
147
147
143
139
139
139
131
131
133
125
125
135
131
125
125
125
125
125
127
127
123
123
123
123
119
119
119
119
121
121
121
121
121
113
113
113
113
113
115
115
113
111
113
113
113
113
103
97
97
93
95
95
95
99
97
97
97
89
89
89
89
91
91
91
95
95
97
97
101
101
101
101
101
95
95
95
89
93
91
97
97
97
97
87
81
81
75
65
65
69
69
73
73
69
75
75
79
77
77
83
83
83
81
81
87
87
83
83
71
71
65
65
63
63
63
63
61
61
63
63
57
57
57
57
57
57
57
57
57
51
51
51
53
53
43
39
39
39
39
39
39
39
39
33
37
35
35
35
29
35
35
35
35
35
35
35
35
35
33
33
33
33
31
31
33
33
33
37
43
43
43
35
33
39
39
39
39
47
45
43
49
53
53
53
53
53
53
53
51
53
53
55
57
63
63
51
51
51
65
71
67
67
67
63
59
53
53
53
53
53
53
53
59
59
59
67
67
73
75
77
77
79
79
69
67
79
77
75
73
73
73
73
83
87
87
87
87
87
85
85
85
85
91
93
103
105
105
109
109
109
111
111
111
111
111
111
113
113
113
123
123
123
123
123
123
133
133
133
133
133
139
139
139
139
139
139
139
139
147
143
143
141
133
133
139
131
131
131
131
131
131
131
131
131
131
135
135
127
127
133
133
133
133
139
139
139
129
121
125
125
117
117
119
119
119
119
119
119
119
119
117
111
111
109
109
109
109
107
101
101
99
99
109
113
113
113
113
113
113
113
113
113
113
113
121
125
125
125
129
129
121
113
109
109
109
105
105
109
109
109
109
109
109
109
109
109
113
115
115
115
115
107
103
103
101
101
97
97
99
99
95
95
95
103
103
103
103
103
103
91
91
89
89
89
93
87
93
97
97
97
103
103
103
107
107
111
103
103
103
119
119
131
131
139
145
145
145
141
143
145
145
145
145
145
145
145
145
145
141
147
141
141
141
141
141
131
131
141
133
133
139
133
133
133
133
133
133
133
133
129
135
135
135
135
135
135
143
143
137
137
139
149
149
145
145
145
145
145
149
149
149
151
147
147
147
147
147
147
151
151
149
151
151
151
147
149
147
147
147
143
153
153
157
157
157
157
165
165
165
163
159
159
155
155
155
153
153
157
159
163
163
163
163
163
163
171
173
177
177
183
199
199
199
201
201
201
199
199
199
199
209
213
211
211
211
211
215
215
219
219
219
213
217
217
217
231
231
231
231
229
229
229
233
229
231
239
231
231
231
231
231
233
233
233
233
231
231
243
243
233
233
233
233
233
231
231
227
217
217
217
217
219
227
227
227
227
227
227
227
233
227
227
223
223
223
215
215
219
223
229
237
237
237
231
231
231
231
231
231
231
227
227
227
227
227
227
229
231
231
231
229
229
229
229
231
231
227
233
233
233
233
233
243
243
245
255
263
263
263
267
275
271
271
275
275
275
275
275
277
271
273
275
275
277
277
275
275
279
287
287
287
287
287
291
291
291
289
289
293
283
281
281
281
281
281
271
271
271
263
263
257
257
257
263
255
255
255
265
259
259
259
271
271
271
269
269
269
267
267
267
265
269
271
271
271
269
273
273
273
273
269
269
261
261
261
261
257
257
255
255
255
255
255
251
253
251
251
243
243
243
241
243
239
239
241
241
241
241
237
237
237
231
227
227
227
227
227
217
217
217
209
209
215
215
215
215
215
215
215
215
217
217
213
217
217
225
225
225
225
225
225
223
223
223
223
223
223
223
221
219
221
227
225
225
225
223
223
223
227
235
241
241
249
249
249
249
249
239
231
221
221
225
225
213
213
209
205
205
205
207
213
213
213
207
207
207
207
207
207
191
191
191
191
191
195
195
195
189
185
185
187
193
183
183
187
187
187
187
185
189
187
187
187
187
183
183
183
183
167
171
171
171
175
175
175
169
169
165
165
165
165
165
165
165
165
169
169
169
169
169
169
163
163
169
167
161
161
165
165
165
165
165
167
167
165
173
173
173
173
169
165
165
151
157
155
155
147
147
147
147
147
147
147
143
143
141
133
133
133
133
133
133
139
139
147
147
141
143
143
137
137
141
141
141
141
143
141
143
143
139
129
129
129
131
123
117
117
117
115
115
115
107
107
107
105
105
105
105
105
105
105
105
121
123
123
117
117
113
113
113
113
111
123
123
123
111
111
111
105
107
99
99
99
99
95
95
95
95
95
107
107
107
107
107
107
107
109
115
115
115
115
115
115
115
111
111
119
123
123
115
115
121
121
121
129
125
125
125
125
125
135
137
133
131
131
131
123
123
123
113
113
113
113
103
103
103
105
107
103
105
105
111
121
127
127
131
137
139
139
139
139
139
147
147
147
145
149
149
149
153
151
151
151
157
157
157
157
165
163
165
165
165
159
151
143
143
143
143
147
147
147
139
131
137
135
139
137
135
135
135
135
129
121
119
119
125
125
123
113
113
115
121
127
127
135
141
145
149
149
151
161
161
159
157
157
147
145
143
149
155
155
147
145
145
145
151
153
153
153
153
147
147
147
147
145
151
153
153
153
153
161
161
159
155
155
157
157
153
153
153
151
151
159
155
153
153
153
163
163
163
171
171
179
177
171
171
171
171
171
179
175
181
185
185
185
187
187
179
177
177
181
183
189
185
185
185
181
181
175
175
169
169
169
169
169
169
169
169
171
171
177
177
185
189
189
187
187
183
177
175
175
175
169
169
169
169
157
157
157
157
163
163
169
167
167
167
167
167
167
167
165
165
165
165
161
161
161
161
167
163
163
159
163
169
167
167
153
149
149
141
141
141
145
145
135
137
137
139
139
141
141
141
139
139
139
139
139
137
139
145
145
145
141
147
147
141
139
137
147
143
147
147
147
147
147
147
147
147
147
147
147
147
139
139
139
137
137
133
139
143
143
143
141
141
141
141
145
151
151
151
151
143
143
143
143
143
147
147
147
147
145
137
141
141
141
149
149
149
149
147
147
147
151
151
151
147
149
149
159
159
161
161
159
165
155
155
155
155
161
161
155
157
167
167
163
163
169
171
171
171
173
173
169
169
169
169
169
171
171
171
167
167
171
167
175
175
175
167
173
165
165
165
165
165
165
159
167
167
167
171
175
175
175
177
185
185
183
181
183
179
173
175
175
175
175
175
177
187
187
183
183
183
183
183
183
183
183
183
183
181
181
181
179
191
195
205
205
213
213
213
207
207
207
207
205
197
197
197
197
197
197
197
197
197
197
201
197
197
197
197
197
211
215
213
213
213
213
213
213
221
221
221
225
225
223
229
229
229
225
221
217
217
211
211
213
213
211
221
221
221
221
221
221
229
233
233
241
229
229
229
229
229
229
229
229
229
229
223
223
227
229
229
223
223
223
215
215
215
221
217
217
217
217
207
207
207
207
203
203
203
203
211
213
213
213
221
221
225
225
233
233
233
243
249
249
249
245
245
245
239
237
237
243
243
243
243
243
235
235
239
245
245
245
245
257
257
259
257
251
251
245
245
241
227
227
235
239
239
239
239
239
239
239
239
239
239
239
233
227
235
219
215
211
211
211
203
207
207
207
209
209
221
221
221
219
211
211
211
215
221
221
223
223
229
237
237
239
239
247
253
253
253
243
243
247
247
247
247
239
243
243
243
243
243
243
233
235
235
235
235
235
235
235
239
239
239
239
239
241
249
253
253
253
257
257
257
257
263
263
257
257
257
263
263
259
259
259
259
263
267
267
265
265
255
265
271
271
271
265
265
265
269
269
275
275
279
279
279
279
279
287
289
299
297
297
293
299
299
299
299
301
301
301
301
303
299
299
299
299
299
291
295
295
283
283
283
283
271
271
265
265
269
263
263
263
263
263
263
263
265
265
271
277
277
277
281
279
279
271
271
267
267
267
267
277
277
277
271
271
271
275
281
281
281
285
285
285
285
289
289
289
289
289
289
287
287
289
295
301
301
301
303
297
301
301
301
301
297
287
281
281
281
277
277
289
289
289
277
273
273
273
265
265
265
265
261
261
261
269
269
269
269
275
275
273
273
273
265
259
265
265
265
265
265
271
271
271
277
275
269
263
263
263
259
259
259
261
261
257
245
243
241
241
241
241
241
241
241
241
233
237
237
237
231
239
237
237
237
237
233
233
233
233
233
243
247
255
251
251
251
251
251
251
249
239
235
235
235
235
235
233
233
233
233
239
239
235
225
221
221
221
221
221
217
217
217
217
221
217
217
213
213
215
225
225
233
233
237
231
231
235
235
233
233
227
221
221
221
223
223
223
223
223
217
217
227
219
223
223
223
223
223
229
229
229
237
237
237
245
251
251
251
249
245
245
245
247
247
247
247
247
247
247
247
247
247
247
247
235
235
229
225
231
227
227
221
219
219
219
227
237
241
235
235
235
235
235
235
229
229
239
239
233
223
223
223
223
221
221
221
227
227
227
227
227
227
227
227
227
227
227
227
227
231
229
229
227
225
217
221
229
237
227
227
227
227
221
223
223
223
223
223
223
223
225
225
225
227
227
227
233
229
235
235
235
235
231
233
223
215
215
209
219
209
215
215
215
215
215
213
215
213
213
213
213
219
223
223
229
227
223
215
223
229
233
235
229
229
229
233
233
233
233
233
233
233
235
231
231
227
227
229
229
233
229
229
227
227
225
225
225
225
215
215
215
215
215
217
229
241
241
245
245
245
237
237
237
241
243
243
243
243
247
247
249
249
245
247
247
245
245
245
245
245
245
245
241
241
235
229
229
229
229
229
229
229
231
215
215
215
215
209
209
217
217
217
217
217
217
217
223
221
225
225
219
215
225
227
223
221
221
221
229
229
229
229
229
227
221
223
213
213
201
203
195
187
191
191
181
181
181
181
181
181
181
181
181
189
189
189
185
185
185
173
173
169
169
167
167
167
167
167
169
169
169
171
171
171
171
163
163
163
159
165
165
163
163
157
157
157
149
149
151
151
151
155
145
145
145
145
147
147
147
151
135
143
143
143
149
149
149
149
149
149
149
147
149
149
145
145
141
141
139
139
139
141
149
143
143
143
143
143
143
135
135
145
145
149
153
153
153
153
161
161
161
161
173
173
173
173
173
177
177
177
179
179
181
179
175
175
175
175
175
173
181
183
183
195
193
193
191
191
187
187
187
185
185
185
191
199
201
201
201
201
201
201
205
205
205
205
205
205
205
209
215
215
205
195
195
191
193
193
193
193
193
187
193
193
187
187
187
185
187
187
187
187
185
185
183
183
187
191
183
183
183
183
181
187
187
183
181
183
183
177
177
177
179
183
183
177
177
173
165
161
161
163
167
167
167
167
167
175
175
175
187
183
183
183
183
183
183
183
183
183
179
181
179
177
177
177
177
177
177
177
177
173
173
173
169
169
169
169
173
173
173
173
175
177
177
179
179
179
179
185
185
185
185
187
187
189
185
183
181
181
189
183
183
171
179
179
183
183
185
181
171
169
169
167
157
159
151
151
145
145
145
145
145
145
149
159
159
159
159
163
159
165
167
159
159
159
153
151
151
153
153
153
149
149
153
153
149
147
147
147
141
141
141
149
157
157
157
157
167
167
167
167
167
167
165
165
171
171
171
171
171
171
171
167
167
167
173
173
173
173
173
175
185
185
185
187
185
181
181
173
169
169
161
159
159
161
161
159
159
159
159
163
163
163
163
153
153
153
153
153
153
157
157
169
169
169
171
171
171
171
171
171
171
171
171
177
177
169
169
169
169
169
157
157
147
147
155
155
155
165
157
153
153
153
153
157
159
155
155
159
157
157
167
165
169
169
161
155
155
155
155
155
161
161
161
163
173
177
169
179
175
175
177
173
173
163
163
163
163
167
167
167
167
167
167
157
157
155
155
155
155
157
165
165
165
159
171
171
171
173
173
173
183
179
175
171
171
171
173
173
175
175
173
173
173
181
179
179
189
189
191
195
191
191
195
195
195
185
191
191
193
191
187
187
187
195
195
195
195
203
203
203
205
205
209
209
205
201
201
201
201
213
215
215
215
213
213
209
201
205
209
209
207
207
201
203
203
203
199
199
199
199
195
193
193
193
193
189
189
193
197
197
201
201
207
211
211
211
219
219
225
225
219
219
219
215
197
197
197
197
195
189
189
189
181
181
181
187
197
193
191
189
189
189
191
191
191
191
175
175
175
169
173
173
165
165
165
165
167
175
175
175
175
163
165
171
175
175
175
177
177
185
181
189
193
193
191
191
191
191
193
195
195
195
195
195
195
195
195
195
195
195
195
195
195
197
195
195
203
197
189
193
197
197
197
193
197
191
191
193
193
193
193
193
193
193
193
195
195
195
193
189
189
187
179
175
175
173
177
177
173
173
165
165
165
165
159
159
159
163
163
163
163
157
157
157
153
153
153
157
163
165
157
157
159
157
161
161
161
167
167
167
167
167
167
167
169
169
169
169
169
169
173
173
175
175
175
175
181
181
175
179
183
179
173
173
177
177
179
179
175
183
183
183
183
183
183
173
173
173
179
179
179
177
179
183
183
183
181
181
173
173
179
179
175
169
169
175
175
175
167
167
167
167
161
161
161
161
169
167
163
159
159
159
155
155
155
155
155
157
157
157
157
163
163
163
163
163
157
163
165
165
165
163
163
163
157
149
145
141
139
139
131
139
139
147
143
143
143
143
145
145
145
145
147
141
141
151
151
151
153
153
155
153
153
153
161
161
161
161
161
161
161
157
157
163
173
173
173
173
179
175
175
175
175
175
183
183
187
195
191
177
177
179
179
179
179
179
181
183
183
177
179
193
193
195
195
195
195
203
203
203
203
205
205
205
205
205
205
205
201
199
199
199
199
199
201
201
201
199
205
205
211
221
221
217
217
217
217
217
217
219
219
219
219
219
219
219
219
219
217
217
217
217
217
217
213
213
213
213
213
213
223
223
223
225
225
229
229
233
233
233
233
225
223
231
231
227
227
227
221
225
227
227
227
223
223
223
223
223
221
217
217
225
223
223
223
223
223
223
223
223
223
231
221
221
221
221
209
207
207
207
211
211
209
209
209
209
209
207
207
207
203
203
215
209
209
209
215
215
205
207
207
213
227
227
227
227
227
231
231
239
239
245
239
235
235
237
237
237
237
231
231
231
231
231
231
227
227
227
227
227
227
225
225
225
225
225
231
231
229
229
229
229
229
229
225
225
229
219
219
225
225
225
237
231
233
231
231
235
235
243
243
235
231
235
235
235
235
231
229
219
215
215
219
213
219
219
219
219
221
221
219
217
217
217
219
219
223
223
223
225
227
223
219
219
219
213
211
211
205
205
213
213
217
217
217
217
217
217
217
211
211
211
211
207
195
195
195
195
193
193
193
193
199
199
203
211
211
207
199
193
193
193
193
193
193
193
189
189
185
185
183
189
189
189
189
191
189
189
189
189
189
189
189
185
175
181
181
181
183
193
193
187
175
175
173
179
179
173
173
177
175
185
185
185
175
175
175
173
173
161
161
165
165
165
165
165
171
171
169
169
175
175
169
159
161
161
161
153
153
153
145
145
145
143
145
139
139
143
141
141
141
147
147
147
143
137
137
145
145
145
145
145
137
137
137
137
137
137
137
137
143
143
143
153
153
157
157
157
157
157
157
153
153
153
153
153
153
153
153
153
153
151
141
141
133
133
125
125
133
133
133
133
129
129
129
129
123
123
121
121
121
121
119
119
125
125
123
113
115
113
117
123
121
117
125
131
129
121
121
113
113
111
109
109
109
119
119
119
119
117
117
117
121
121
123
123
123
123
123
119
119
123
123
123
129
129
129
129
125
119
119
115
119
119
111
113
113
117
119
119
119
119
119
121
121
113
113
113
113
113
113
109
109
109
113
113
113
109
109
109
109
105
101
103
103
103
103
107
101
101
103
103
103
111
111
111
111
111
111
107
107
107
107
107
105
107
97
97
97
103
103
103
107
95
95
87
83
85
81
81
87
89
89
89
97
99
99
99
99
99
99
99
99
99
99
103
103
103
103
99
99
101
