-2615
-2609
-2599
-2599
-2585
-2575
-2573
-2563
-2563
-2557
-2553
-2545
-2547
-2539
-2529
-2523
-2523
-2513
-2509
-2505
-2501
-2499
-2487
-2491
-2483
-2475
-2475
-2463
-2453
-2443
-2443
-2439
-2435
-2427
-2423
-2421
-2415
-2401
-2401
-2393
-2387
-2385
-2385
-2377
-2369
-2369
-2357
-2345
-2333
-2327
-2319
-2315
-2315
-2307
-2291
-2273
-2265
-2257
-2255
-2247
-2239
-2239
-2239
-2231
-2233
-2227
-2219
-2205
-2195
-2195
-2189
-2193
-2193
-2185
-2185
-2181
-2177
-2169
-2161
-2147
-2147
-2147
-2137
-2133
-2133
-2133
-2133
-2137
-2133
-2121
-2115
-2107
-2101
-2093
-2091
-2079
-2069
-2069
-2065
-2055
-2055
-2049
-2049
-2041
-2037
-2025
-2025
-2023
-2029
-2015
-2015
-2015
-2003
-2009
-2003
-2003
-2003
-2001
-1997
-1999
-1989
-1987
-1981
-1969
-1973
-1973
-1965
-1947
-1951
-1941
-1937
-1929
-1925
-1925
-1919
-1913
-1921
-1915
-1909
-1901
-1901
-1891
-1887
-1879
-1881
-1871
-1869
-1869
-1865
-1857
-1857
-1857
-1849
-1843
-1837
-1827
-1825
-1823
-1825
-1817
-1817
-1813
-1817
-1809
-1801
-1793
-1793
-1785
-1783
-1783
-1781
-1777
-1781
-1775
-1769
-1761
-1757
-1757
-1757
-1751
-1749
-1745
-1749
-1745
-1739
-1739
-1745
-1737
-1737
-1729
-1725
-1725
-1723
-1723
-1719
-1715
-1713
-1711
-1703
-1693
-1687
-1687
-1683
-1677
-1677
-1679
-1669
-1659
-1659
-1651
-1651
-1639
-1629
-1621
-1611
-1611
-1611
-1611
-1597
-1591
-1591
-1591
-1581
-1571
-1565
-1551
-1539
-1545
-1543
-1537
-1531
-1523
-1507
-1499
-1491
-1481
-1475
-1463
-1463
-1451
-1441
-1437
-1437
-1439
-1435
-1429
-1425
-1425
-1427
-1419
-1413
-1413
-1411
-1407
-1403
-1397
-1389
-1385
-1381
-1369
-1369
-1375
-1375
-1375
-1365
-1363
-1357
-1357
-1365
-1361
-1359
-1359
-1347
-1335
-1323
-1317
-1311
-1309
-1297
-1285
-1285
-1283
-1279
-1289
-1285
-1277
-1271
-1265
-1257
-1257
-1247
-1245
-1245
-1235
-1235
-1237
-1235
-1235
-1233
-1229
-1221
-1221
-1233
-1223
-1221
-1217
-1217
-1211
-1211
-1217
-1209
-1203
-1197
-1197
-1185
-1177
-1181
-1177
-1177
-1177
-1181
-1189
-1189
-1183
-1193
-1193
-1195
-1195
-1195
-1195
-1193
-1191
-1191
-1183
-1183
-1179
-1179
-1179
-1179
-1177
-1177
-1179
-1171
-1167
-1161
-1163
-1163
-1159
-1159
-1159
-1159
-1161
-1163
-1163
-1163
-1155
-1155
-1149
-1145
-1145
-1135
-1135
-1125
-1125
-1121
-1121
-1121
-1109
-1103
-1095
-1093
-1097
-1091
-1091
-1085
-1077
-1071
-1067
-1059
-1051
-1049
-1045
-1045
-1039
-1039
-1033
-1035
-1029
-1029
-1023
-1017
-1013
-1003
-1003
-995
-995
-991
-993
-985
-977
-977
-971
-971
-969
-955
-961
-963
-947
-945
-939
-933
-933
-925
-917
-913
-909
-909
-909
-909
-909
-905
-897
-887
-873
-875
-875
-875
-875
-873
-873
-867
-869
-863
-847
-839
-833
-831
-827
-821
-821
-817
-807
-805
-799
-807
-809
-809
-805
-805
-811
-807
-801
-799
-799
-795
-789
-797
-797
-797
-787
-777
-787
-789
-781
-775
-775
-773
-775
-773
-773
-773
-779
-781
-783
-785
-785
-783
-785
-787
-781
-769
-759
-759
-761
-761
-757
-757
-767
-767
-755
-755
-755
-743
-743
-743
-743
-743
-745
-745
-745
-749
-755
-761
-755
-755
-745
-733
-727
-723
-727
-719
-721
-711
-709
-705
-707
-707
-707
-699
-697
-697
-689
-687
-687
-687
-681
-677
-677
-671
-669
-669
-673
-679
-679
-679
-673
-673
-669
-665
-663
-663
-663
-661
-657
-651
-647
-645
-647
-647
-643
-643
-641
-633
-647
-645
-645
-645
-643
-631
-629
-629
-629
-629
-619
-613
-613
-611
-611
-617
-601
-595
-595
-591
-585
-587
-591
-587
-587
-581
-591
-591
-591
-591
-587
-583
-577
-587
-587
-587
-581
-573
-571
-571
-573
-573
-567
-569
-569
-575
-569
-559
-559
-559
-555
-561
-561
-557
-557
-561
-551
-559
-553
-553
-545
-529
-527
-535
-535
-535
-531
-531
-535
-541
-535
-537
-537
-537
-527
-527
-523
-533
-533
-527
-517
-517
-517
-517
-511
-515
-513
-509
-513
-513
-513
-509
-509
-499
-489
-489
-489
-489
-481
-471
-471
-471
-469
-473
-473
-473
-469
-477
-471
-465
-469
-471
-467
-467
-457
-451
-449
-449
-439
-425
-419
-421
-415
-415
-413
-411
-413
-413
-413
-407
-407
-405
-401
-399
-403
-405
-409
-409
-401
-401
-401
-399
-405
-403
-413
-413
-411
-403
-395
-379
-375
-383
-387
-393
-387
-381
-369
-363
-367
-357
-351
-355
-349
-351
-351
-351
-361
-359
-355
-355
-355
-353
-345
-339
-333
-333
-329
-329
-329
-335
-335
-337
-329
-327
-321
-321
-321
-319
-319
-319
-319
-315
-315
-315
-315
-313
-311
-307
-311
-303
-303
-293
-287
-277
-275
-271
-271
-273
-265
-257
-257
-243
-245
-237
-235
-241
-247
-247
-253
-251
-257
-257
-257
-257
-247
-239
-239
-245
-239
-223
-223
-223
-223
-225
-223
-219
-211
-213
-221
-221
-225
-225
-227
-233
-227
-227
-225
-225
-219
-211
-213
-213
-213
-203
-203
-215
-219
-209
-215
-211
-207
-207
-207
-209
-203
-207
-193
-193
-191
-191
-201
-195
-199
-195
-205
-205
-199
-195
-199
-205
-205
-201
-201
-193
-205
-205
-197
-193
-185
-183
-179
-185
-185
-191
-189
-193
-187
-189
-191
-191
-191
-189
-197
-209
-201
-197
-199
-201
-203
-203
-217
-217
-223
-231
-221
-219
-217
-217
-209
-203
-201
-203
-193
-187
-185
-193
-197
-201
-201
-201
-201
-209
-209
-201
-201
-199
-189
-191
-189
-189
-183
-183
-183
-183
-189
-179
-175
-169
-169
-169
-165
-161
-161
-155
-157
-153
-153
-151
-161
-159
-159
-167
-165
-173
-169
-161
-157
-147
-147
-141
-135
-131
-125
-125
-119
-119
-123
-125
-125
-119
-125
-117
-117
-109
-101
-109
-109
-109
-111
-107
-109
-103
-97
-95
-95
-93
-93
-103
-103
-103
-95
-95
-99
-93
-89
-89
-91
-91
-99
-99
-93
-89
-83
-83
-83
-79
-79
-79
-73
-73
-63
-57
-59
-59
-61
-61
-63
-63
-61
-61
-57
-51
-57
-61
-65
-55
-51
-49
-49
-41
-41
-43
-45
-47
-43
-35
-37
-39
-33
-27
-37
-37
-37
-39
-35
-41
-49
-49
-49
-57
-57
-55
-55
-43
-53
-49
-49
-49
-43
-43
-43
-31
-31
-31
-23
-21
-21
-9
-1
9
5
5
9
9
13
7
-3
-5
-5
-1
-3
1
-3
-3
-3
-3
-3
7
11
11
21
27
27
27
27
27
25
31
37
37
37
37
37
43
47
49
51
53
53
53
53
49
41
33
27
31
35
25
25
27
27
31
31
31
31
27
29
25
25
25
25
31
27
27
31
31
31
27
27
27
27
25
31
31
31
35
35
31
31
31
27
31
35
35
39
45
47
53
61
63
65
63
61
71
71
65
77
85
85
93
91
91
103
109
115
115
107
115
121
121
125
125
125
127
127
119
113
117
117
115
117
115
115
115
105
105
103
103
103
103
111
111
109
111
107
103
103
101
97
95
89
91
91
91
87
83
83
81
81
81
91
93
97
97
97
93
93
81
81
81
83
93
95
95
103
103
103
111
111
111
109
97
97
107
105
115
113
113
113
119
125
125
125
125
125
125
125
121
123
123
123
119
127
125
125
125
125
125
129
129
133
133
129
117
109
109
95
99
95
95
95
95
95
101
97
97
97
107
109
115
115
117
107
107
111
105
107
97
89
89
89
89
89
93
93
101
85
93
99
105
105
105
105
113
119
121
121
111
99
97
97
97
93
105
93
97
105
111
99
99
95
89
89
87
95
85
91
91
91
91
89
91
91
97
97
95
99
91
91
91
93
95
99
99
99
99
99
87
91
85
81
83
77
77
83
83
81
71
71
61
61
59
63
63
75
69
67
71
75
81
73
73
71
71
71
71
71
65
65
77
77
85
87
77
79
77
79
77
77
83
83
83
83
75
75
77
77
73
81
83
83
85
89
97
97
107
103
103
97
91
89
89
97
99
103
113
113
111
115
115
115
127
125
127
127
121
125
117
123
107
103
113
117
117
117
121
113
113
115
113
115
115
117
117
117
131
133
127
129
129
129
125
125
121
127
113
113
119
115
115
115
111
101
97
107
105
109
99
95
93
99
101
103
103
101
91
81
81
81
91
93
93
97
97
91
91
91
91
91
87
87
91
91
77
81
81
87
95
103
103
105
115
119
121
127
133
127
127
127
119
115
119
121
111
111
115
111
119
127
121
119
119
113
109
103
91
91
95
89
93
93
93
85
85
81
81
85
85
85
83
77
81
81
77
61
67
71
77
77
69
71
73
77
71
69
69
75
73
77
69
75
75
75
73
75
77
71
69
75
79
79
89
89
93
93
93
103
105
101
107
107
107
109
107
107
107
103
103
103
101
103
103
95
89
89
95
91
95
99
107
109
109
109
119
123
123
119
119
121
125
119
119
117
117
117
107
107
105
105
105
101
93
77
67
67
73
79
79
89
89
91
91
89
89
79
91
91
97
99
99
103
105
107
107
107
107
107
113
109
107
107
99
93
81
87
87
85
85
87
89
89
87
89
85
85
83
91
91
89
79
73
71
71
71
59
55
53
55
63
57
65
61
63
75
75
61
73
73
73
75
73
73
73
65
69
69
69
73
73
73
71
65
67
67
67
67
75
73
73
73
73
73
73
63
67
67
69
69
73
77
75
83
83
93
89
97
97
97
105
97
89
91
91
89
89
81
79
79
79
81
91
91
91
89
89
87
87
85
85
85
93
99
99
103
105
101
101
101
105
103
107
97
97
97
99
105
97
99
99
95
105
109
119
119
115
109
109
109
107
99
97
101
101
101
115
121
119
119
115
115
115
115
115
121
117
119
115
111
107
105
111
111
113
109
109
109
111
111
103
95
95
95
95
93
93
97
99
99
95
93
97
97
85
83
79
83
77
83
83
85
83
81
81
81
89
95
99
101
101
101
103
105
111
103
97
97
97
99
103
103
93
95
91
91
91
103
109
109
109
109
109
103
99
103
99
95
99
99
99
95
87
91
91
81
87
87
83
83
77
87
87
81
81
87
87
91
99
101
101
85
83
83
83
87
89
89
91
89
83
81
83
89
91
97
105
101
99
99
99
107
103
109
101
101
101
101
91
101
101
99
99
87
97
105
99
99
91
97
107
99
99
101
109
109
109
107
101
101
101
101
103
105
113
113
113
113
111
107
101
111
113
121
127
127
125
125
125
123
121
117
113
107
99
99
97
101
101
107
103
115
115
107
107
111
121
123
133
133
133
143
143
137
141
143
153
149
149
159
163
159
163
163
169
175
173
175
173
171
165
169
165
171
171
175
175
175
177
185
183
177
181
189
191
197
199
201
193
195
193
195
193
201
201
201
199
189
191
197
199
199
199
199
205
203
203
197
191
191
189
189
191
189
195
193
193
187
187
177
179
181
181
189
187
189
195
191
197
191
191
193
193
193
195
189
187
175
175
181
179
177
175
175
159
161
155
151
143
143
145
139
139
145
145
145
153
151
157
165
165
165
169
169
169
169
173
177
179
179
185
179
179
179
179
183
185
183
187
183
177
175
175
171
171
177
179
179
173
173
173
173
169
163
167
173
167
167
167
169
157
151
147
155
153
153
153
155
155
155
149
155
161
157
157
155
155
145
137
137
133
127
131
131
131
131
131
131
123
129
129
137
133
131
125
125
125
125
125
125
115
115
111
109
109
105
105
105
105
105
103
111
111
111
109
105
99
97
103
103
99
93
99
103
103
111
107
105
107
107
117
125
129
129
129
129
125
133
133
137
131
131
129
139
139
151
153
157
163
163
163
163
175
175
175
183
187
191
185
191
191
191
195
197
197
205
207
207
207
207
211
211
205
207
211
209
209
209
217
217
213
217
221
229
229
229
229
227
227
229
229
229
235
235
233
233
233
233
233
233
235
235
233
235
233
229
229
235
241
243
245
245
245
257
255
255
253
257
263
263
271
271
271
267
267
267
267
267
263
257
261
255
255
263
267
271
273
277
273
269
269
269
271
269
261
253
253
251
251
253
255
255
263
271
271
269
259
259
257
253
253
253
251
249
241
241
245
235
225
227
229
231
223
223
217
217
215
213
207
217
217
219
203
209
207
215
217
217
209
205
205
197
195
203
191
189
185
181
171
171
171
169
169
167
169
169
175
179
185
177
175
167
157
157
153
153
145
147
149
149
141
141
141
143
143
137
139
139
133
141
139
147
139
143
151
151
153
145
151
161
161
167
169
177
175
185
185
185
187
193
189
187
179
179
179
187
181
181
185
185
187
183
183
189
187
187
187
193
197
193
181
181
179
179
181
181
185
181
175
167
167
159
159
157
161
165
157
165
165
165
167
167
167
167
163
173
181
181
177
177
185
185
181
173
177
177
181
185
189
201
201
199
199
203
195
195
195
191
191
199
205
207
201
201
203
203
199
199
199
199
205
205
205
205
205
207
207
197
195
207
199
199
205
197
199
207
207
207
205
199
199
203
203
205
215
209
211
213
203
203
201
201
199
199
201
197
197
203
203
197
197
191
191
189
189
199
199
193
191
191
191
185
179
175
171
173
173
175
181
177
177
177
177
177
177
183
183
183
185
187
179
193
193
189
191
183
183
191
189
185
187
187
189
189
177
181
185
179
189
183
185
177
177
177
183
183
183
187
191
195
195
195
195
195
185
183
185
185
191
203
203
197
193
185
193
195
193
189
191
189
191
183
185
185
185
189
193
193
191
189
193
205
205
205
201
205
205
203
201
205
211
203
205
205
203
199
199
197
191
191
189
187
187
185
185
185
175
179
179
189
187
193
193
193
197
193
193
193
197
201
195
195
191
191
191
189
189
189
193
193
185
185
195
195
195
191
191
195
191
189
183
189
181
181
185
185
185
187
193
193
193
193
193
191
189
195
201
199
199
199
201
207
201
203
203
203
207
211
211
211
215
219
223
223
223
223
221
231
229
229
235
227
229
229
215
215
221
213
201
199
199
205
205
213
213
217
223
217
225
225
227
227
231
231
229
237
243
247
253
255
249
259
259
251
247
251
251
247
247
245
249
247
245
245
243
243
241
239
239
239
231
231
231
231
237
227
235
231
231
235
235
237
239
231
227
225
231
227
227
223
217
227
227
229
229
229
225
233
245
243
243
249
249
247
253
253
253
257
255
263
261
257
259
259
263
263
261
253
253
253
249
253
251
251
253
259
251
247
251
253
269
261
261
261
261
265
265
265
267
267
279
279
273
273
273
275
269
269
267
265
267
273
275
265
257
247
249
243
243
241
245
251
251
257
269
263
259
261
259
263
265
271
267
271
269
263
263
261
259
261
261
261
261
257
257
255
251
247
243
245
245
253
253
251
261
261
257
257
253
263
259
257
259
261
261
251
251
251
259
263
273
283
289
289
289
295
291
291
299
299
295
291
281
281
277
271
267
267
261
265
265
265
255
247
249
251
253
253
253
253
255
257
255
261
261
255
255
253
251
255
255
249
257
257
261
261
263
263
267
261
261
259
259
255
255
251
251
251
255
259
259
259
259
253
255
259
265
261
261
259
259
259
251
243
247
247
251
251
241
247
247
247
247
247
253
253
249
243
239
237
235
237
245
245
247
243
243
247
247
255
255
255
263
267
267
261
257
263
271
277
271
271
271
277
289
289
289
289
289
289
289
287
293
297
299
303
307
307
311
315
311
303
301
307
307
307
309
301
305
305
309
307
301
301
301
305
305
305
303
303
309
305
307
299
305
299
305
299
299
299
299
303
317
317
311
301
301
303
303
305
307
305
293
303
293
287
289
287
287
281
273
269
269
269
267
267
267
271
271
271
283
291
291
291
293
285
289
275
275
275
281
291
291
291
283
289
283
287
285
297
293
299
299
307
307
307
303
303
303
313
321
321
321
317
325
335
345
345
341
337
335
335
329
321
321
325
317
315
313
303
311
311
311
313
325
327
327
327
333
333
333
333
335
337
337
335
335
337
343
343
357
357
357
361
367
369
361
365
365
365
365
371
367
367
373
373
373
375
375
375
365
363
365
365
365
365
369
361
365
369
369
367
359
349
347
343
341
343
341
341
341
341
349
351
351
351
347
343
343
339
339
339
341
341
335
335
325
321
311
311
305
307
307
307
309
309
309
315
315
317
313
309
309
313
315
309
309
309
295
291
295
293
285
285
289
293
295
295
295
295
291
295
295
295
287
285
285
293
297
297
297
291
291
289
289
285
285
299
285
275
275
277
277
273
273
269
261
261
269
269
267
263
269
269
269
279
269
269
269
269
265
265
269
269
273
261
263
269
269
269
261
257
257
255
255
255
255
259
269
267
267
271
275
275
273
273
269
279
283
283
269
267
267
267
271
271
269
269
269
279
279
269
265
263
269
271
279
263
261
269
273
273
273
271
271
267
269
269
277
285
285
273
277
281
277
281
281
279
279
279
279
277
277
281
279
267
263
273
279
285
285
289
289
291
287
289
291
291
295
299
301
291
291
287
283
283
291
297
299
299
299
297
297
297
295
305
305
311
311
313
315
315
315
307
307
311
311
319
313
305
305
305
299
293
299
299
299
295
293
293
287
285
283
279
289
297
297
297
297
297
299
289
285
291
291
291
293
291
291
285
291
291
281
283
283
285
281
275
273
273
273
273
267
263
263
271
277
277
283
297
301
301
307
305
305
303
303
301
303
305
311
311
313
319
319
319
319
317
317
319
319
311
307
307
301
289
289
293
293
293
285
281
275
275
275
269
267
267
273
261
259
253
255
249
257
261
261
259
253
253
251
247
249
253
243
249
249
249
241
241
241
241
241
243
243
243
247
257
257
261
261
261
267
271
279
279
275
281
281
281
285
291
293
293
293
293
291
291
293
289
289
289
293
291
283
283
285
291
285
285
285
285
285
285
285
285
285
291
291
289
281
281
281
295
295
295
295
291
291
291
297
297
297
297
307
307
311
311
309
315
319
319
321
321
321
319
321
321
321
327
327
329
329
331
327
331
335
343
341
345
337
329
315
315
315
315
315
315
317
323
323
323
323
313
313
313
313
313
313
315
315
319
323
323
327
321
321
323
323
317
315
315
311
313
303
301
307
297
297
285
285
285
285
295
295
301
301
307
307
307
307
305
313
315
315
315
309
309
309
309
317
323
323
325
325
325
325
323
323
323
313
311
307
311
325
313
319
319
319
319
319
319
319
319
319
321
321
315
315
315
315
317
311
305
305
313
319
319
313
305
311
303
307
307
307
303
303
301
301
301
297
293
293
293
287
287
285
277
263
251
247
239
237
235
235
233
233
235
231
237
247
245
251
255
255
255
255
241
241
247
259
259
259
253
249
249
241
241
241
245
243
235
227
223
221
229
221
221
217
213
209
201
201
201
199
203
213
209
209
225
219
221
221
217
217
223
225
223
223
223
227
229
229
229
235
237
245
249
261
263
259
255
259
251
257
257
255
257
261
249
251
255
253
253
255
259
259
265
265
273
275
271
271
281
277
277
273
267
261
253
253
253
253
247
245
241
241
241
229
229
229
229
229
221
217
217
217
217
219
219
215
217
213
217
221
221
221
219
229
227
217
217
217
217
211
211
209
201
203
203
197
195
187
197
189
187
179
175
175
175
173
169
169
173
167
167
159
157
151
155
147
151
147
149
151
141
141
141
141
153
149
147
149
149
149
149
141
141
137
133
129
127
133
133
141
145
145
159
159
153
157
159
165
173
169
169
175
165
165
157
157
151
151
153
157
157
155
151
151
151
149
149
149
149
141
145
153
153
143
143
151
145
145
137
135
135
137
137
137
127
127
133
127
121
121
123
119
119
115
115
115
121
129
125
125
125
125
119
119
119
113
107
115
115
117
121
117
113
101
101
93
95
95
95
97
85
83
77
77
83
83
83
83
83
69
69
69
63
71
69
67
67
53
49
45
49
43
43
33
33
29
33
39
43
43
37
33
27
23
27
25
25
29
21
19
19
21
11
9
9
17
17
17
9
11
17
17
19
25
27
23
29
35
35
39
35
43
41
43
43
43
43
41
47
35
35
41
37
35
47
41
41
45
39
29
25
27
41
43
51
55
55
47
51
51
51
47
49
45
41
43
43
45
57
53
45
39
35
39
31
33
45
53
47
49
49
55
55
55
53
47
43
41
35
35
31
33
27
27
27
27
27
29
25
19
19
21
19
23
25
25
35
35
41
39
39
49
49
57
57
53
55
63
63
61
53
51
51
51
49
49
39
33
45
47
47
53
49
49
45
53
57
63
65
65
57
65
65
57
57
69
79
79
79
81
69
69
69
61
63
55
51
51
57
49
45
39
35
31
31
31
31
23
15
11
11
11
11
-1
-1
7
5
15
19
13
11
17
29
25
27
23
23
27
27
17
13
15
13
7
11
9
7
7
5
5
5
1
-9
-9
-3
9
11
11
11
7
7
11
11
11
11
13
13
11
9
7
1
-3
-5
-3
-5
-5
-5
-11
-13
-9
-11
-9
-7
-1
7
7
-5
-7
-7
-9
-7
-5
-5
-3
1
9
5
11
11
11
11
11
7
9
11
7
7
7
3
3
3
-5
-5
-5
-5
-5
-5
-7
1
1
-9
-9
-9
1
9
11
11
5
5
9
11
17
33
31
31
31
37
35
29
33
27
21
21
33
33
43
43
43
43
43
45
47
49
49
49
53
53
59
59
47
41
41
41
39
35
35
27
27
31
35
43
41
35
43
41
41
41
37
49
47
37
43
47
43
43
51
53
57
57
57
53
47
53
59
63
59
55
57
55
57
71
67
57
65
69
69
71
71
73
73
83
91
83
71
69
69
71
77
75
75
81
81
89
81
85
87
87
87
91
87
87
89
79
73
73
73
79
73
77
77
87
85
79
73
71
65
65
81
89
93
93
93
89
87
83
85
85
77
75
75
75
73
85
95
87
87
93
93
93
91
83
83
89
87
87
79
69
71
71
63
57
57
57
51
49
49
41
47
45
45
41
41
35
39
37
41
49
47
51
59
61
61
55
55
55
63
57
55
55
57
49
49
35
31
31
27
27
31
31
33
41
41
45
35
27
25
29
31
33
37
41
41
31
21
21
25
29
35
35
39
43
43
39
33
33
33
37
37
33
29
33
37
29
39
41
41
45
45
43
39
45
49
59
59
73
71
69
71
65
65
65
75
81
75
75
81
79
79
81
79
79
69
69
61
57
55
55
49
59
65
75
85
75
83
73
73
73
79
83
83
85
93
107
111
125
127
129
135
131
131
137
143
145
151
153
159
163
159
159
155
147
151
149
149
149
151
151
151
151
153
149
149
149
149
149
149
157
157
151
151
151
155
159
159
159
159
159
163
165
167
173
177
177
179
179
179
187
187
181
179
177
181
181
193
189
189
189
203
211
211
213
209
209
211
205
205
205
209
209
209
209
213
215
217
223
223
229
225
225
217
217
211
211
211
213
225
225
223
225
225
225
219
211
205
205
205
213
211
217
227
227
233
237
237
243
243
245
253
257
261
261
259
259
259
255
255
255
255
255
255
255
255
255
255
263
255
263
255
255
255
255
261
261
261
265
263
253
253
253
249
245
239
247
247
255
255
255
253
247
247
247
243
241
243
241
249
255
261
261
263
263
267
271
273
281
285
285
285
285
287
287
289
287
289
289
287
291
291
289
291
293
293
291
291
291
291
289
293
289
277
273
275
273
263
269
269
257
263
257
257
253
253
253
259
253
245
245
253
253
253
251
251
253
253
261
251
255
247
243
243
245
249
249
243
237
241
237
233
233
233
235
239
235
239
239
243
243
241
241
241
247
253
253
249
249
251
247
247
247
243
243
251
249
247
249
255
259
255
255
257
255
255
255
259
255
249
249
247
247
247
247
257
257
259
259
261
261
261
251
255
263
265
257
245
243
243
239
243
249
249
249
249
251
257
267
271
271
271
269
263
263
261
255
251
253
253
247
251
251
253
243
237
237
231
237
243
243
241
241
237
237
237
239
237
229
223
225
225
221
225
235
235
235
235
227
225
227
231
233
225
225
225
215
215
217
213
213
213
217
217
217
217
223
229
229
229
229
225
229
229
237
241
231
229
235
231
241
241
233
223
233
233
229
241
233
229
231
231
225
227
227
231
231
233
235
235
239
233
217
217
215
219
213
213
207
207
207
207
207
207
205
207
199
205
205
199
187
185
179
189
197
187
183
177
181
179
179
189
201
203
197
201
195
195
197
201
201
215
213
215
219
217
215
225
217
213
217
219
219
215
219
219
219
225
225
227
223
217
209
201
201
201
199
199
199
205
201
205
203
209
205
209
203
213
211
211
211
209
209
209
209
209
213
209
207
203
199
199
199
199
191
195
195
191
193
193
193
193
193
193
187
187
189
189
195
199
203
201
189
179
175
169
169
171
173
183
191
191
191
193
199
191
193
199
201
207
211
213
213
213
213
213
211
201
201
207
207
209
209
207
211
207
207
211
211
211
211
211
223
219
231
227
233
241
243
237
237
237
237
237
239
241
251
255
255
253
253
255
251
251
251
247
247
237
245
245
245
247
243
243
237
239
239
239
249
249
239
231
231
233
237
237
237
237
241
241
233
235
223
229
231
231
231
227
231
225
237
231
241
241
247
255
255
255
255
245
255
257
257
259
259
257
259
255
255
253
255
255
259
259
247
241
249
247
259
249
247
247
241
241
237
237
243
241
241
251
245
249
237
235
243
243
245
237
233
241
243
249
243
253
251
255
255
251
239
235
235
235
235
237
237
225
227
237
237
243
243
243
243
243
237
233
237
245
247
247
247
251
251
251
253
253
253
259
259
261
267
277
283
289
287
293
283
281
281
281
279
291
291
291
291
295
287
287
295
289
283
273
271
271
273
271
279
277
277
273
273
271
265
263
269
269
271
275
277
265
263
255
245
245
241
233
223
219
213
211
213
213
213
213
215
219
217
229
221
217
217
209
209
207
199
201
201
201
203
203
199
199
195
195
187
197
183
177
181
181
181
177
169
169
169
165
163
161
161
165
165
173
177
169
175
167
169
167
161
161
169
169
163
163
167
169
169
173
183
175
173
175
167
169
175
185
185
185
189
189
195
197
201
205
199
197
195
185
185
185
199
191
191
191
193
189
195
195
195
193
187
185
185
179
185
179
179
167
167
167
175
175
173
171
173
177
179
185
185
183
183
183
169
167
167
163
165
165
165
161
153
147
147
147
151
143
143
139
141
147
147
147
143
141
139
127
119
129
129
129
137
141
145
141
137
131
129
129
137
139
147
147
149
147
147
141
141
145
137
141
145
145
147
153
161
169
157
157
157
157
163
161
163
163
165
165
171
169
165
159
159
153
151
147
149
151
153
159
155
149
151
157
165
167
179
177
173
171
171
171
175
185
187
187
189
199
199
203
203
203
207
207
211
211
211
221
217
221
213
213
215
221
211
211
207
205
203
207
211
207
201
201
201
203
203
207
207
207
203
203
209
203
203
205
207
213
215
211
211
211
211
209
209
209
215
219
221
235
233
233
225
225
227
233
231
229
217
217
211
211
205
205
207
211
203
203
203
205
207
207
207
207
215
211
211
209
207
211
209
217
217
217
223
227
225
225
225
225
225
225
217
215
211
211
215
215
209
217
211
211
215
215
211
203
203
203
199
201
197
191
191
197
197
197
205
215
215
219
219
217
203
195
209
201
201
201
203
205
213
215
215
217
213
205
203
203
219
219
221
227
237
235
241
231
231
233
235
233
217
217
217
217
217
217
209
209
209
215
215
215
213
215
215
217
219
223
223
233
239
247
239
239
239
241
247
247
243
249
255
267
265
259
259
261
257
257
257
261
253
253
255
255
255
255
255
255
257
257
261
257
263
257
257
265
265
265
257
261
257
263
259
259
259
253
245
247
249
251
249
249
243
243
243
249
253
255
249
255
255
259
255
261
259
255
263
265
269
255
261
261
253
247
243
243
243
249
251
251
251
257
257
257
255
255
253
251
249
249
245
245
245
245
245
243
241
239
239
239
245
243
245
245
251
255
255
251
251
251
243
243
247
247
251
257
257
257
257
263
255
251
251
247
255
255
255
255
255
255
253
253
255
253
251
259
255
257
261
269
269
269
273
273
273
273
275
279
273
269
261
273
273
279
277
269
269
271
267
275
273
275
277
285
281
281
281
281
271
271
265
263
263
263
263
263
271
271
279
277
281
281
287
291
289
289
299
311
311
301
297
295
301
303
307
309
315
317
317
317
319
319
309
307
307
309
299
303
303
303
293
293
293
297
305
305
303
303
297
287
291
291
281
281
281
281
275
273
271
265
267
269
269
269
269
273
273
259
259
259
265
267
267
267
271
277
277
285
285
293
293
291
291
293
285
291
293
293
287
287
281
281
271
267
263
271
267
273
281
281
283
275
279
279
281
281
285
293
295
287
287
287
289
285
293
293
293
295
295
295
299
297
291
291
303
303
297
289
287
283
285
273
275
279
285
291
283
281
275
273
267
269
269
267
261
255
253
251
249
243
243
241
245
245
245
239
251
251
249
241
241
241
237
235
235
235
235
235
235
239
241
233
233
233
237
241
243
239
243
243
239
241
241
237
235
251
251
255
253
253
255
249
249
249
249
257
257
257
259
257
247
243
243
239
239
239
237
237
241
235
233
235
235
237
239
235
231
231
231
231
233
237
225
215
221
219
217
219
219
219
219
219
227
227
233
233
231
231
229
229
229
221
225
235
241
241
239
235
231
229
221
213
221
223
223
221
221
219
219
223
221
221
217
217
213
213
213
207
213
197
205
205
203
211
207
207
211
217
217
213
213
213
213
205
205
211
217
217
221
221
231
235
233
233
245
253
257
255
255
255
253
249
251
251
245
253
243
237
237
237
237
239
243
241
239
235
235
241
241
245
239
235
243
249
249
251
253
253
253
253
255
255
251
243
245
243
245
245
249
249
235
239
249
249
245
255
253
259
253
263
263
265
261
261
267
271
271
269
269
271
277
281
281
281
277
273
269
271
267
265
265
269
261
261
271
269
275
277
271
273
271
271
273
281
285
279
281
281
289
287
281
283
283
289
287
287
283
281
281
279
279
279
281
289
279
271
271
283
281
281
281
285
281
287
289
291
295
287
287
275
279
273
273
273
273
265
257
245
245
245
239
241
241
241
241
241
229
229
233
233
237
249
249
249
249
251
243
237
237
229
235
235
235
231
235
223
223
225
225
229
229
229
229
229
223
217
207
207
207
213
217
217
223
233
231
231
239
239
239
239
239
239
239
227
213
209
213
213
209
205
209
211
209
209
209
215
211
211
213
219
215
219
217
217
217
221
219
219
219
219
219
219
217
217
209
211
203
203
207
207
215
211
217
219
229
229
225
225
225
225
227
223
219
217
221
219
221
221
207
209
211
203
201
193
191
191
191
179
177
177
173
175
175
183
183
187
185
183
187
195
201
201
203
209
217
227
229
229
229
235
243
239
239
245
245
243
251
251
255
261
261
263
251
255
259
259
257
257
259
259
269
265
251
249
243
243
237
237
237
231
231
233
229
227
227
227
227
227
223
225
225
221
231
223
223
215
215
209
199
199
193
189
191
191
193
197
197
201
201
195
189
187
179
177
177
169
165
165
173
173
159
161
161
157
167
167
169
167
167
179
187
193
195
201
197
197
193
199
203
203
203
213
221
211
211
211
207
207
207
211
207
201
205
199
191
193
193
189
189
187
175
181
181
183
189
201
195
203
193
193
193
193
185
185
181
181
183
183
183
171
171
169
169
169
173
175
175
165
165
165
165
161
161
161
159
147
143
135
137
135
123
119
119
125
125
137
137
141
141
143
159
165
165
169
169
183
183
183
183
183
187
189
191
185
185
189
193
191
197
195
199
187
189
187
193
195
195
193
193
189
193
191
183
179
183
181
181
181
181
183
183
183
177
173
171
171
161
169
169
169
177
175
167
161
165
165
165
165
171
171
171
171
171
175
175
177
179
179
179
179
179
179
191
187
187
187
177
179
181
177
177
177
173
179
179
177
175
173
173
185
185
179
179
179
175
175
173
175
169
181
181
181
189
189
195
193
197
199
199
201
203
193
197
191
193
191
195
195
193
195
205
207
209
207
207
201
195
195
193
193
193
183
183
177
177
173
173
175
175
177
175
175
187
187
187
187
185
187
191
191
191
189
187
177
183
183
191
191
189
189
189
189
181
183
191
191
183
187
193
185
181
181
185
185
185
189
189
189
189
189
185
183
189
183
183
177
177
179
181
179
175
171
175
175
169
179
173
165
167
167
169
167
155
153
153
153
155
155
155
165
157
159
163
159
165
165
177
177
177
181
177
177
173
177
189
189
183
189
197
197
205
205
199
205
209
209
219
223
223
223
219
219
219
217
217
219
223
207
203
205
205
199
199
197
193
195
195
193
197
201
203
199
203
199
193
189
193
199
199
195
193
201
199
195
189
189
195
185
183
193
193
189
185
191
195
199
195
203
195
199
195
197
199
201
211
209
211
217
213
219
219
221
217
227
227
227
229
229
229
229
229
223
227
221
227
219
219
217
217
217
205
213
217
219
211
209
217
219
219
223
217
217
219
221
221
223
223
225
223
223
217
217
213
221
233
233
237
241
241
241
241
245
237
231
237
241
245
249
247
249
251
243
239
239
245
247
253
253
247
243
243
243
243
243
239
233
227
223
221
223
223
227
229
231
231
235
235
235
237
233
229
229
229
229
229
231
235
235
227
219
221
229
229
229
229
237
237
233
231
231
231
237
241
241
245
241
241
241
243
247
235
237
239
245
245
247
251
255
255
243
247
247
241
245
245
241
247
255
247
251
251
247
247
243
239
239
239
247
247
249
261
249
239
235
237
227
223
223
219
219
219
219
219
213
213
219
219
227
223
219
229
235
243
237
235
237
235
231
225
225
221
221
219
219
219
223
223
219
217
215
217
209
207
199
195
197
195
189
191
195
195
193
193
195
195
197
197
197
201
203
199
199
207
209
205
205
205
205
197
197
207
207
207
207
199
199
199
199
205
209
209
209
209
217
221
221
221
209
207
207
211
211
209
207
199
211
207
203
203
207
207
207
207
205
215
213
205
195
207
203
209
217
213
217
219
227
219
231
223
227
229
233
229
229
227
229
229
223
223
223
225
219
217
215
201
203
203
207
207
207
207
209
201
199
199
209
209
209
207
203
207
205
205
201
201
201
201
203
201
199
207
207
201
197
199
191
185
185
185
187
187
175
175
173
173
179
171
171
167
167
171
169
167
169
181
181
185
189
195
199
199
199
205
191
197
197
197
195
197
201
201
201
205
205
199
207
209
199
201
201
205
199
207
205
205
209
217
217
219
223
229
229
229
237
243
245
243
243
245
245
243
249
245
249
249
249
249
249
249
245
245
243
233
227
229
227
223
211
201
195
195
195
197
197
197
197
197
197
191
191
191
191
191
191
187
187
189
189
195
191
191
191
191
201
201
197
195
195
191
183
183
183
177
177
169
167
167
167
167
177
181
181
181
181
183
189
189
191
191
191
187
193
199
199
205
203
197
197
203
201
199
203
201
195
191
185
175
181
181
181
179
173
173
161
159
159
155
153
157
153
155
153
153
155
159
155
153
147
145
145
137
135
127
127
127
117
119
119
117
119
117
117
117
115
111
113
117
117
117
127
135
135
127
127
123
119
119
113
113
113
109
109
115
111
119
125
129
127
127
131
131
131
135
129
129
123
123
117
121
121
125
121
121
117
117
115
125
125
133
133
133
131
125
125
127
127
131
137
141
143
143
147
153
157
157
161
161
165
165
167
165
161
161
161
161
161
171
163
163
167
185
177
177
177
181
193
197
193
199
207
207
207
211
211
213
213
209
205
211
213
213
209
215
213
207
205
203
201
207
209
203
203
205
205
205
207
207
211
215
215
211
211
211
219
219
219
225
241
245
241
229
229
229
227
227
221
221
221
229
229
225
225
215
209
211
205
195
203
199
199
203
203
195
189
183
187
187
181
183
183
195
193
187
187
181
181
175
175
181
189
189
189
187
191
189
185
187
187
187
187
187
179
175
169
177
177
167
161
161
163
163
159
159
155
155
165
165
165
167
165
165
169
165
165
171
175
173
173
173
169
171
167
165
161
159
157
155
147
147
147
145
139
139
127
117
117
113
113
115
119
113
113
117
117
123
125
123
119
113
107
109
107
107
107
113
111
111
119
117
119
119
117
111
109
109
107
107
113
113
99
99
87
87
97
91
87
85
87
85
93
89
97
93
93
91
85
85
85
83
83
83
83
83
85
93
93
93
93
93
91
91
91
91
101
101
101
107
107
115
115
119
119
117
117
119
121
121
121
121
121
117
119
107
107
109
117
119
121
119
127
127
125
129
125
125
129
129
127
123
127
127
129
129
129
119
121
121
115
113
113
117
111
111
111
117
119
119
119
117
121
121
119
119
125
125
125
125
125
125
125
123
127
129
129
127
129
127
131
129
123
119
123
123
123
117
113
117
119
117
117
117
109
109
113
111
105
109
109
115
115
117
121
125
125
125
131
131
137
137
135
135
135
139
131
129
125
117
117
117
117
117
117
117
121
125
127
127
127
127
127
123
121
119
119
123
125
133
139
141
147
143
147
153
155
155
151
151
151
151
147
151
157
157
155
155
155
155
157
145
141
141
139
131
131
131
127
131
131
135
133
127
127
137
145
145
137
137
137
137
137
133
135
135
129
129
143
143
141
141
141
149
149
149
149
149
153
153
153
149
149
137
131
131
117
119
117
105
105
105
109
109
109
107
107
115
105
105
101
109
103
103
103
103
103
103
103
103
95
95
89
89
87
89
103
103
97
101
91
91
95
83
83
83
83
79
79
79
81
71
75
83
83
75
77
77
77
71
69
71
67
63
63
63
59
73
79
85
85
93
93
83
83
83
75
77
75
71
69
69
73
73
69
57
57
49
49
49
43
43
43
33
33
33
35
29
31
31
43
39
39
37
37
37
43
39
39
33
33
33
33
33
33
33
33
33
35
31
33
27
37
