-2621
-2621
-2611
-2601
-2587
-2579
-2573
-2563
-2555
-2547
-2539
-2533
-2525
-2517
-2511
-2497
-2497
-2489
-2481
-2471
-2471
-2461
-2453
-2453
-2453
-2453
-2449
-2439
-2443
-2441
-2435
-2425
-2425
-2419
-2417
-2405
-2405
-2403
-2393
-2385
-2381
-2381
-2379
-2375
-2377
-2371
-2373
-2373
-2365
-2357
-2357
-2345
-2343
-2333
-2329
-2321
-2315
-2309
-2309
-2309
-2299
-2293
-2293
-2283
-2291
-2289
-2277
-2269
-2267
-2265
-2251
-2237
-2237
-2229
-2225
-2225
-2225
-2223
-2221
-2215
-2215
-2209
-2197
-2199
-2199
-2195
-2189
-2191
-2181
-2179
-2169
-2165
-2163
-2163
-2151
-2141
-2139
-2141
-2141
-2139
-2125
-2117
-2105
-2091
-2089
-2081
-2079
-2079
-2071
-2073
-2063
-2059
-2055
-2055
-2045
-2039
-2039
-2033
-2029
-2025
-2021
-2021
-2021
-2013
-2011
-2011
-1999
-1995
-1995
-1995
-1995
-1987
-1981
-1985
-1977
-1971
-1971
-1969
-1965
-1965
-1955
-1955
-1947
-1943
-1941
-1931
-1931
-1929
-1933
-1931
-1925
-1927
-1915
-1907
-1907
-1889
-1887
-1885
-1887
-1877
-1873
-1873
-1865
-1857
-1861
-1855
-1855
-1851
-1851
-1837
-1837
-1837
-1835
-1835
-1825
-1827
-1813
-1815
-1809
-1797
-1783
-1777
-1769
-1765
-1751
-1749
-1753
-1749
-1759
-1749
-1743
-1737
-1727
-1727
-1731
-1731
-1729
-1731
-1731
-1727
-1719
-1707
-1697
-1695
-1697
-1695
-1693
-1693
-1679
-1677
-1675
-1661
-1659
-1651
-1647
-1641
-1641
-1633
-1641
-1639
-1639
-1631
-1629
-1633
-1625
-1617
-1611
-1607
-1607
-1605
-1607
-1603
-1595
-1589
-1581
-1575
-1575
-1575
-1569
-1569
-1563
-1563
-1559
-1561
-1551
-1547
-1541
-1545
-1537
-1541
-1535
-1525
-1521
-1521
-1521
-1511
-1505
-1505
-1507
-1505
-1505
-1499
-1509
-1499
-1493
-1485
-1479
-1465
-1463
-1453
-1451
-1443
-1441
-1429
-1419
-1411
-1411
-1399
-1397
-1393
-1389
-1385
-1375
-1365
-1367
-1367
-1359
-1355
-1363
-1359
-1355
-1349
-1349
-1349
-1349
-1341
-1337
-1331
-1327
-1327
-1327
-1323
-1323
-1323
-1311
-1309
-1309
-1307
-1307
-1307
-1311
-1303
-1301
-1301
-1293
-1285
-1285
-1277
-1273
-1277
-1279
-1277
-1271
-1267
-1273
-1281
-1281
-1281
-1281
-1269
-1269
-1257
-1245
-1247
-1251
-1241
-1239
-1241
-1227
-1217
-1223
-1221
-1221
-1219
-1217
-1225
-1221
-1223
-1215
-1227
-1229
-1231
-1225
-1223
-1223
-1225
-1231
-1225
-1223
-1215
-1207
-1207
-1199
-1205
-1201
-1199
-1197
-1199
-1199
-1201
-1201
-1199
-1207
-1199
-1199
-1197
-1187
-1181
-1171
-1169
-1175
-1167
-1167
-1165
-1159
-1147
-1143
-1137
-1137
-1125
-1125
-1117
-1115
-1113
-1107
-1097
-1093
-1095
-1083
-1085
-1081
-1081
-1067
-1069
-1069
-1063
-1071
-1075
-1071
-1079
-1079
-1079
-1075
-1075
-1075
-1073
-1059
-1063
-1053
-1053
-1047
-1045
-1049
-1045
-1045
-1047
-1045
-1045
-1039
-1037
-1037
-1037
-1037
-1031
-1019
-1021
-1021
-1005
-997
-995
-995
-991
-993
-991
-989
-979
-973
-975
-977
-977
-977
-969
-969
-981
-991
-977
-971
-971
-965
-967
-961
-961
-975
-979
-975
-975
-975
-971
-973
-965
-965
-959
-963
-955
-953
-953
-949
-955
-955
-947
-947
-949
-945
-941
-941
-935
-933
-931
-939
-931
-931
-923
-907
-903
-903
-895
-901
-903
-909
-911
-911
-905
-903
-909
-909
-921
-923
-919
-915
-909
-895
-883
-881
-879
-871
-865
-865
-871
-863
-863
-859
-865
-861
-861
-853
-851
-851
-851
-849
-845
-831
-835
-839
-835
-831
-821
-817
-811
-819
-819
-817
-813
-813
-813
-809
-809
-809
-799
-789
-789
-789
-777
-787
-785
-775
-781
-769
-761
-757
-751
-751
-753
-759
-759
-759
-743
-747
-741
-741
-739
-727
-731
-725
-727
-723
-717
-721
-729
-721
-719
-717
-719
-711
-711
-709
-697
-695
-695
-681
-675
-669
-665
-665
-663
-665
-669
-669
-667
-661
-655
-661
-659
-663
-653
-643
-643
-643
-639
-639
-635
-639
-635
-629
-617
-615
-615
-611
-601
-605
-593
-585
-587
-581
-573
-573
-573
-573
-571
-575
-569
-567
-567
-561
-557
-551
-551
-545
-541
-545
-535
-529
-537
-529
-521
-511
-507
-507
-511
-511
-519
-519
-519
-511
-515
-515
-521
-515
-519
-519
-519
-519
-525
-525
-521
-529
-523
-523
-525
-525
-521
-511
-511
-511
-505
-509
-505
-511
-511
-509
-507
-507
-503
-503
-507
-505
-505
-509
-501
-501
-503
-503
-497
-489
-483
-471
-467
-477
-477
-483
-483
-479
-479
-479
-479
-473
-461
-453
-453
-443
-443
-441
-451
-447
-447
-443
-437
-431
-433
-441
-435
-431
-437
-435
-435
-433
-441
-445
-441
-433
-433
-435
-437
-443
-451
-451
-451
-451
-449
-445
-435
-435
-441
-439
-445
-435
-435
-429
-431
-437
-437
-431
-431
-431
-437
-439
-441
-453
-449
-453
-449
-445
-445
-445
-435
-431
-431
-427
-417
-417
-413
-409
-403
-397
-395
-385
-391
-397
-407
-407
-401
-411
-415
-415
-421
-425
-413
-413
-419
-419
-419
-419
-415
-405
-407
-403
-397
-389
-389
-385
-379
-377
-377
-377
-377
-375
-379
-383
-379
-385
-385
-387
-385
-395
-395
-395
-401
-397
-393
-399
-403
-403
-411
-411
-407
-415
-409
-417
-425
-425
-421
-421
-425
-421
-427
-425
-433
-421
-419
-407
-401
-397
-387
-401
-393
-395
-395
-383
-387
-385
-391
-397
-399
-399
-395
-403
-397
-395
-397
-399
-397
-397
-397
-387
-379
-375
-369
-369
-369
-369
-367
-367
-363
-371
-373
-381
-381
-375
-379
-387
-381
-379
-381
-381
-383
-375
-367
-363
-359
-357
-357
-353
-355
-347
-351
-351
-349
-351
-343
-337
-331
-331
-323
-331
-331
-335
-325
-323
-315
-323
-325
-323
-327
-323
-317
-317
-323
-321
-321
-309
-309
-305
-305
-299
-299
-297
-297
-303
-295
-289
-289
-289
-289
-293
-283
-281
-277
-279
-279
-273
-273
-275
-279
-279
-289
-291
-287
-283
-283
-283
-283
-283
-283
-283
-283
-289
-291
-289
-291
-291
-289
-295
-289
-297
-307
-307
-311
-313
-315
-317
-321
-321
-317
-317
-317
-311
-299
-295
-289
-287
-283
-281
-285
-285
-285
-285
-279
-279
-279
-277
-271
-259
-251
-257
-265
-255
-251
-249
-255
-255
-255
-247
-253
-243
-243
-245
-247
-245
-235
-227
-227
-233
-223
-223
-223
-227
-227
-233
-227
-233
-229
-223
-217
-225
-225
-237
-225
-227
-225
-223
-223
-227
-227
-231
-229
-223
-221
-211
-213
-213
-227
-217
-217
-219
-225
-229
-229
-221
-219
-219
-219
-229
-229
-229
-229
-231
-239
-235
-231
-239
-241
-241
-245
-241
-233
-233
-219
-215
-211
-211
-211
-203
-201
-193
-195
-195
-199
-199
-197
-197
-195
-199
-195
-183
-187
-193
-193
-197
-197
-197
-187
-187
-187
-181
-185
-173
-163
-165
-157
-159
-159
-163
-153
-149
-141
-133
-139
-133
-125
-123
-121
-111
-111
-111
-103
-109
-103
-103
-95
-91
-87
-87
-83
-83
-81
-75
-75
-77
-77
-77
-81
-81
-79
-73
-67
-59
-57
-51
-51
-47
-45
-53
-51
-51
-47
-49
-49
-41
-29
-29
-29
-23
-29
-37
-37
-47
-51
-51
-57
-51
-53
-59
-61
-53
-53
-53
-53
-53
-55
-49
-49
-55
-49
-41
-41
-33
-31
-41
-33
-31
-21
-21
-19
-5
-5
-7
-5
5
9
7
9
13
19
19
29
31
31
31
25
25
25
19
11
13
25
31
27
21
29
17
11
13
13
3
7
7
9
1
-5
-3
-5
-9
-5
-5
1
1
5
3
7
1
-5
-5
-9
-13
-19
-13
-23
-23
-23
-15
-15
-11
-1
-1
-1
-5
3
-9
1
7
3
-1
9
9
9
19
23
23
15
17
19
13
7
7
13
11
7
15
15
9
19
19
15
25
23
23
23
27
31
29
29
33
25
25
25
21
21
17
19
13
19
27
23
21
15
17
25
13
19
19
21
27
29
33
33
31
35
35
25
33
25
33
37
45
43
43
35
41
45
35
31
25
27
31
25
17
17
25
25
27
27
25
25
25
31
21
15
21
21
11
3
1
5
1
-3
-9
-9
-5
-13
-15
-11
-11
-11
-15
-15
-13
-13
-25
-21
-25
-21
-21
-21
-21
-23
-27
-25
-25
-21
-19
-25
-23
-25
-23
-21
-21
-13
-5
-5
-5
1
1
9
9
9
15
7
7
13
15
15
7
5
9
17
13
27
29
43
31
23
27
27
29
31
27
25
25
25
29
45
55
53
59
57
63
71
67
75
77
77
85
89
89
87
87
87
81
75
83
83
85
87
87
87
87
97
99
99
95
89
83
81
81
87
85
91
91
87
87
91
89
83
81
73
73
73
69
69
77
89
89
91
95
91
91
91
81
89
83
85
81
79
79
91
89
95
93
97
105
97
99
99
99
103
103
95
95
95
99
93
77
77
77
77
79
81
79
87
83
83
83
85
93
91
87
87
91
91
95
95
87
91
89
89
89
93
97
105
105
105
115
115
115
125
133
127
133
143
147
143
145
139
135
137
135
141
135
145
145
141
141
141
141
145
145
137
123
123
119
115
119
121
121
119
117
125
113
101
105
113
119
125
117
121
117
105
105
105
111
117
123
119
121
121
125
125
125
125
125
125
121
125
129
127
123
125
129
125
125
127
131
137
143
139
143
143
145
141
133
133
133
143
139
139
139
141
137
131
133
131
129
127
129
129
127
127
123
129
129
129
129
121
121
117
117
111
117
119
117
113
115
115
113
109
99
105
97
99
93
91
93
89
87
87
85
97
97
91
91
91
91
91
91
91
91
91
93
87
89
95
99
97
93
91
99
101
97
99
93
89
89
91
91
93
87
83
81
81
79
81
81
81
73
79
75
65
65
61
59
63
67
69
69
83
83
79
73
65
65
59
59
61
61
61
61
61
47
59
57
49
49
45
41
43
33
31
39
45
43
39
39
45
51
43
43
43
47
47
47
45
47
47
47
53
53
53
57
61
63
67
65
61
61
61
63
65
67
71
69
75
77
79
81
85
83
83
73
75
75
73
65
65
65
65
75
75
75
75
75
81
89
95
97
97
97
99
99
97
99
101
99
107
107
109
97
97
97
97
97
95
99
107
103
99
93
95
105
109
109
109
111
119
125
127
127
125
133
127
127
125
121
121
129
125
121
117
121
117
115
125
131
117
115
101
101
101
93
87
93
93
89
81
81
73
73
71
73
65
65
51
45
41
47
49
41
35
33
37
37
33
29
29
29
33
25
17
17
15
21
25
33
33
25
25
25
23
13
13
13
23
29
29
15
13
13
15
11
23
19
17
21
17
19
25
25
33
35
33
41
41
45
49
49
51
53
61
59
71
61
65
57
59
61
57
55
55
55
55
55
61
59
51
43
41
41
41
37
49
49
35
41
41
39
43
43
51
49
53
59
59
55
53
53
53
49
55
59
59
69
63
73
71
71
77
63
63
71
75
65
73
75
77
71
71
63
59
55
63
59
67
61
61
57
53
47
51
59
59
61
59
59
63
57
57
55
55
57
51
53
57
69
69
73
73
75
65
61
61
57
65
63
63
63
71
79
81
79
79
83
89
91
91
93
95
91
95
99
99
99
111
99
107
113
111
101
103
103
105
105
107
105
105
103
105
101
101
97
95
85
83
79
87
87
87
89
91
93
99
97
95
93
93
93
93
97
105
107
101
101
105
109
109
109
109
117
115
111
101
103
97
93
89
95
99
105
105
109
115
111
115
113
111
115
119
119
115
115
123
131
129
127
131
135
133
125
127
125
129
129
125
129
131
135
131
137
141
147
147
151
147
147
147
147
147
147
147
149
151
161
163
163
163
167
179
179
179
189
189
193
193
197
197
197
193
197
191
191
187
191
193
191
195
197
191
189
183
183
189
189
181
187
179
179
177
173
169
161
173
173
173
179
177
175
175
179
179
185
189
197
207
203
201
201
193
195
193
193
193
199
203
193
197
191
189
191
193
187
185
183
177
177
179
179
187
191
191
201
201
201
193
185
183
173
169
169
167
167
167
163
163
151
151
157
149
157
151
149
153
149
155
153
159
159
161
163
163
161
159
159
159
163
155
149
155
155
161
161
161
161
169
169
175
179
179
175
179
169
169
163
163
163
175
171
171
165
165
169
169
167
167
167
173
173
173
165
171
185
181
181
169
173
177
165
155
155
157
155
159
165
155
155
153
153
153
153
153
157
161
165
177
173
171
169
169
173
173
173
171
181
189
187
191
191
187
197
191
187
187
185
183
187
187
187
187
181
175
181
191
193
201
197
197
193
191
191
199
203
203
201
197
195
197
193
193
199
209
209
215
221
215
211
211
207
207
207
205
207
211
207
197
201
197
201
199
201
205
205
195
191
187
187
187
189
185
189
179
173
175
181
187
183
183
191
187
177
177
183
175
175
177
173
167
163
161
157
159
155
157
157
153
159
159
169
171
163
163
165
165
161
163
163
163
165
155
157
161
161
163
159
157
157
157
153
151
149
147
147
155
161
169
169
163
165
175
173
173
173
179
179
181
181
181
181
183
191
193
199
195
195
191
189
181
173
165
163
177
175
177
171
167
163
165
161
167
165
159
151
157
155
151
151
151
149
149
149
153
153
153
151
153
157
149
149
149
153
163
171
181
183
181
181
173
171
169
169
169
169
169
169
171
177
177
177
187
199
203
197
203
211
219
219
221
227
233
237
235
231
225
233
219
203
197
189
189
193
191
199
207
203
195
193
199
201
207
207
203
199
197
197
189
191
191
195
195
199
193
191
191
197
197
199
193
189
193
191
195
195
207
205
209
207
207
205
211
207
203
203
207
203
203
203
203
201
197
199
195
197
197
199
189
189
189
187
179
177
177
177
175
181
181
181
181
181
185
191
191
191
189
181
173
173
173
167
167
171
171
169
167
155
151
153
149
149
159
161
171
165
161
159
163
159
167
169
169
161
161
163
163
171
173
171
171
171
171
171
171
175
163
163
159
159
159
147
157
159
149
147
149
155
163
171
177
177
177
177
177
173
163
169
175
175
179
179
165
171
181
181
181
181
175
169
159
159
161
163
157
167
163
155
153
153
155
155
155
151
149
149
141
141
145
139
139
139
131
129
127
125
125
131
139
137
125
123
119
115
109
111
109
109
107
95
91
97
103
105
105
103
99
99
95
97
89
99
103
103
111
97
105
107
103
101
97
97
93
95
97
97
103
107
113
117
127
127
129
135
129
129
129
119
123
129
129
129
139
147
143
143
147
147
141
143
135
141
139
143
153
153
149
149
151
147
145
149
155
155
143
139
147
149
157
159
159
157
159
163
153
155
163
159
157
153
149
149
139
141
147
147
149
151
155
163
157
157
165
165
155
153
151
149
147
149
145
153
153
147
151
145
135
135
135
131
133
135
129
119
119
123
123
129
125
125
125
129
133
137
145
149
149
143
143
137
125
129
129
125
115
119
109
109
111
111
113
117
113
101
113
115
109
107
113
113
115
117
121
127
123
111
119
117
113
105
95
83
83
79
79
77
67
63
69
65
63
65
69
73
73
73
73
77
77
77
77
77
83
71
77
85
91
93
91
85
91
91
101
89
101
91
89
83
87
83
83
85
85
85
85
83
85
83
85
89
85
79
75
75
77
75
75
75
79
75
63
65
69
67
63
73
73
73
73
71
71
65
67
63
59
65
71
77
85
79
79
67
67
61
73
71
81
87
93
93
101
101
99
95
95
95
99
111
107
109
111
111
103
103
103
99
101
93
93
83
81
75
75
71
69
77
67
67
67
61
69
67
75
77
69
71
79
81
83
95
95
91
91
85
85
83
87
85
87
75
67
65
61
59
49
49
49
55
59
55
57
51
51
45
45
43
43
55
53
57
63
63
67
81
81
91
89
85
91
93
83
83
85
89
97
97
97
97
93
87
97
93
91
87
77
71
67
71
65
63
67
69
63
51
49
51
53
63
61
69
63
55
63
63
53
53
55
65
65
65
67
61
57
59
57
69
73
73
69
71
71
71
71
75
63
63
65
69
73
79
69
69
69
69
65
65
63
65
61
67
77
69
69
69
81
79
83
79
91
87
83
83
83
81
85
81
81
77
81
81
81
83
83
79
79
75
67
65
61
61
63
57
61
55
53
51
45
55
55
55
57
53
61
65
51
57
57
51
53
47
37
45
47
57
49
49
49
49
45
51
59
63
65
63
67
69
69
69
63
69
71
77
77
81
85
85
85
79
83
87
91
81
89
93
101
97
97
87
83
81
85
79
79
85
85
87
87
81
75
75
75
77
71
71
63
59
59
53
55
55
55
59
59
59
59
63
63
73
79
73
73
81
87
85
89
87
91
93
93
93
95
91
85
85
79
77
87
85
81
81
81
87
91
101
93
93
97
103
107
107
107
105
103
109
101
105
105
105
111
105
97
99
103
103
111
111
113
103
101
105
103
115
111
117
125
127
115
105
109
109
99
103
107
107
107
101
99
107
111
105
107
111
111
117
115
107
101
99
99
107
105
105
107
117
109
107
111
97
95
95
87
87
89
89
93
95
89
89
93
89
91
91
93
93
93
85
85
91
89
89
85
85
93
93
87
93
93
93
93
95
89
89
79
85
85
85
93
93
105
105
101
93
91
91
83
91
97
103
99
93
105
109
109
109
113
113
103
103
103
95
89
95
103
103
107
107
123
119
115
117
113
103
105
109
117
115
121
119
119
119
117
115
115
121
115
115
109
109
109
105
105
103
97
95
95
103
99
97
93
103
103
111
119
129
129
127
127
121
109
111
111
117
117
111
119
119
111
119
109
111
115
111
115
115
119
119
119
121
125
123
121
121
121
133
137
145
139
129
129
123
131
133
137
137
137
131
137
141
141
153
159
159
163
163
161
167
167
161
167
167
165
169
161
157
151
151
151
151
159
161
163
163
163
167
167
167
167
177
171
177
183
183
183
177
177
169
173
175
175
185
187
189
181
181
179
179
177
177
177
177
179
179
179
181
181
179
179
189
189
189
187
187
187
191
187
187
191
185
185
193
193
193
193
185
197
203
209
205
205
203
205
205
209
211
211
209
205
205
199
199
201
191
183
183
179
191
191
189
191
193
193
195
195
193
197
199
203
199
199
197
197
197
187
179
177
183
183
183
185
179
181
187
187
187
187
185
185
193
187
187
187
193
201
195
197
187
187
181
181
181
181
183
183
183
181
177
173
169
173
175
171
169
169
169
175
175
175
177
175
175
173
171
173
179
189
189
195
179
183
191
191
191
193
189
193
193
195
191
191
197
201
201
201
201
195
193
197
201
203
201
203
207
213
213
213
213
209
211
211
207
207
215
215
213
217
211
211
201
191
187
177
179
175
169
161
169
173
175
169
175
173
167
173
177
177
171
171
185
179
173
177
179
179
179
175
175
179
183
191
195
191
185
181
185
185
185
179
173
165
165
155
155
155
155
149
149
155
151
151
151
151
151
147
145
141
141
135
137
129
123
123
121
119
119
119
119
119
115
113
109
113
111
111
111
103
91
89
91
91
93
97
93
93
91
87
87
95
97
101
97
99
101
111
107
107
105
109
117
121
123
125
131
145
147
153
147
149
153
153
153
157
157
165
157
153
141
141
139
145
141
141
147
149
149
153
153
155
161
161
171
169
171
171
173
173
181
183
189
195
197
193
193
193
193
187
189
187
183
191
193
193
191
191
191
183
179
177
169
177
169
167
157
161
161
165
167
151
155
151
153
153
149
155
151
157
155
167
157
155
159
165
157
157
167
161
169
169
169
169
161
155
153
163
161
161
169
163
161
169
167
165
161
165
153
153
153
153
145
149
143
143
143
143
145
143
141
141
141
135
127
125
125
119
127
119
123
125
125
129
133
133
133
133
127
129
139
145
145
145
155
155
161
157
153
145
145
145
145
141
145
143
145
147
147
147
137
139
145
149
149
149
143
143
145
145
147
149
143
143
131
119
119
111
113
111
115
115
119
123
111
111
111
111
111
111
117
117
119
119
121
121
121
121
117
117
119
131
131
131
137
135
131
129
127
123
123
121
123
105
107
107
107
99
105
103
107
107
107
107
111
111
113
115
119
113
111
113
113
117
119
121
115
111
109
119
119
117
109
103
107
105
101
107
103
103
109
111
111
111
115
115
123
115
115
115
115
117
117
117
117
111
121
125
121
127
123
121
121
125
125
125
127
115
109
109
109
107
105
105
105
103
95
87
83
87
85
85
97
101
99
97
97
89
75
73
71
79
83
89
79
79
83
85
79
81
89
81
79
85
79
81
75
71
79
69
79
75
75
79
79
79
75
65
77
79
75
79
81
79
77
69
73
75
81
79
83
73
69
67
73
75
77
81
81
83
75
77
75
81
81
87
87
87
81
83
91
87
91
91
91
95
95
91
91
83
75
75
79
85
85
73
75
75
75
73
73
73
73
73
77
75
69
63
63
65
65
65
65
67
75
81
79
79
83
71
61
59
59
63
59
59
59
67
81
83
77
83
89
95
105
105
99
95
99
99
95
95
93
85
85
85
91
91
89
91
89
93
95
93
91
93
91
93
93
93
93
93
99
99
99
109
111
113
123
117
113
109
109
115
115
113
107
105
101
101
103
101
103
107
109
109
109
107
117
105
105
101
93
93
93
93
93
93
93
93
93
85
85
85
93
93
93
93
87
81
71
69
71
73
79
81
81
85
85
77
79
73
71
75
73
79
79
79
79
79
83
83
83
85
87
89
89
95
101
105
109
117
115
117
121
121
121
113
115
111
113
113
115
119
117
113
123
125
135
135
135
139
139
139
147
149
155
155
155
155
155
153
163
175
175
175
183
187
191
189
189
189
189
189
189
183
187
197
209
203
203
201
197
201
201
193
185
179
175
175
165
163
163
169
165
161
165
167
157
159
159
165
167
167
167
165
171
171
171
177
183
183
187
191
195
201
195
197
195
195
195
201
199
199
193
189
185
189
189
189
189
189
183
189
191
187
191
189
179
183
189
189
183
183
177
177
179
175
173
169
169
165
163
169
171
175
177
177
175
171
171
169
169
165
163
163
159
163
157
157
157
167
167
159
167
167
165
163
165
165
155
145
147
149
149
153
153
149
151
151
157
149
141
137
129
141
141
143
147
147
141
141
141
149
151
151
151
143
129
129
133
127
129
129
129
129
129
123
123
123
117
109
109
101
101
99
99
99
103
95
99
103
103
97
89
89
95
95
91
85
81
75
81
81
87
91
99
103
107
109
109
109
109
117
117
115
111
103
97
97
93
101
101
105
111
115
115
117
117
119
133
125
125
115
121
117
117
117
111
119
125
123
125
127
127
129
133
129
133
133
121
121
121
121
121
119
117
117
117
117
115
119
123
113
113
113
115
115
115
121
123
125
127
135
135
135
129
131
135
125
123
129
127
127
119
111
107
97
101
107
107
107
109
109
111
111
119
129
137
137
139
129
133
125
123
121
127
137
141
137
137
127
119
119
121
117
125
123
133
135
139
139
143
139
141
145
145
143
143
143
133
137
137
137
139
137
131
131
131
133
143
131
127
115
117
121
127
127
131
125
125
125
121
121
117
119
119
117
117
107
105
105
105
105
101
91
91
103
103
101
101
101
97
101
89
89
91
91
93
105
111
117
115
111
111
105
105
105
111
103
107
107
113
115
115
115
111
111
105
109
109
103
101
95
99
99
93
95
109
103
103
103
105
117
113
111
99
91
87
87
77
67
67
55
51
55
63
67
65
65
75
63
59
63
63
51
55
55
63
57
67
65
65
65
69
79
63
65
67
67
65
71
65
65
61
53
59
57
63
65
59
53
47
37
39
35
37
41
37
41
37
37
39
39
37
35
25
25
25
25
17
11
11
21
21
19
25
33
33
45
57
63
65
59
61
67
69
75
69
65
67
75
75
75
69
63
63
67
61
61
71
73
69
69
69
73
69
57
59
69
69
65
65
77
85
85
87
91
89
97
97
91
91
89
89
93
91
91
91
93
89
89
91
87
85
83
85
85
91
91
99
99
95
87
99
95
99
99
95
85
77
81
89
83
83
83
91
91
87
87
89
95
93
95
103
101
101
101
101
91
85
85
79
75
85
85
85
85
89
87
87
103
113
119
119
117
123
123
115
123
119
109
111
101
103
105
111
117
117
105
101
101
103
111
113
113
111
117
109
117
121
115
115
119
121
127
127
131
131
129
133
133
137
133
127
121
127
125
121
129
123
121
123
133
133
137
133
133
147
153
153
151
161
161
167
175
173
167
165
157
157
151
151
151
149
161
161
157
161
157
159
153
153
145
145
149
145
141
139
137
139
141
137
137
137
141
145
145
147
147
147
147
147
151
143
143
145
145
153
155
155
163
165
165
171
173
173
173
175
175
179
185
185
195
189
195
191
191
191
187
187
191
183
181
169
163
163
161
161
159
155
155
155
163
155
149
149
145
147
147
147
141
145
145
143
143
143
145
145
143
147
147
147
151
155
153
145
139
133
125
121
131
133
137
137
123
123
131
137
127
133
127
127
137
137
129
137
141
137
139
141
131
131
129
131
131
123
131
135
133
131
135
135
131
123
123
123
127
127
119
117
117
117
119
125
125
129
125
125
119
121
117
111
109
109
107
115
125
127
135
131
141
147
139
143
137
151
153
149
149
147
143
135
135
141
135
127
135
137
133
133
133
141
139
137
143
143
141
129
129
129
127
131
135
131
135
139
139
139
133
135
135
135
135
131
139
131
131
131
129
129
123
123
121
115
121
113
113
111
107
107
103
109
117
127
125
125
117
117
113
113
113
113
113
113
113
113
119
121
119
123
123
127
123
117
113
105
111
111
109
115
117
119
119
119
119
119
119
123
119
119
121
121
115
115
107
115
105
109
115
115
109
121
119
119
127
127
127
125
123
129
117
115
115
105
105
99
99
99
91
99
99
99
103
101
97
99
99
99
93
87
81
85
85
87
89
93
93
99
95
87
85
77
79
73
73
81
85
85
73
73
77
81
83
83
77
77
77
69
67
71
65
65
67
71
73
71
63
63
73
71
61
53
53
51
51
51
51
51
41
41
37
37
41
33
31
31
21
23
21
29
37
45
49
51
53
61
61
57
53
45
45
53
57
57
67
69
69
75
75
75
79
69
59
51
51
51
45
45
45
45
45
51
51
49
55
49
37
33
43
53
49
41
49
49
49
49
47
47
47
47
47
35
43
49
51
51
53
53
57
57
59
49
49
47
49
59
47
43
43
43
43
29
33
31
31
37
37
41
43
49
49
49
55
61
61
61
57
49
49
53
47
37
35
35
41
47
45
39
43
45
43
43
45
43
49
57
49
55
55
59
51
43
47
47
53
57
55
67
69
69
77
75
71
65
71
59
59
67
63
65
63
63
63
59
59
59
59
63
69
69
61
61
61
61
53
45
51
47
49
53
51
51
43
43
45
47
41
31
25
19
19
25
23
21
17
17
15
15
17
25
23
19
23
23
31
31
27
27
23
23
25
27
37
37
33
33
31
31
35
35
35
29
39
39
37
29
23
19
17
17
23
21
29
29
33
23
23
21
27
21
27
25
33
33
29
31
25
27
25
23
29
37
35
35
45
43
47
51
47
47
43
41
41
41
41
41
35
33
33
37
41
35
35
35
29
37
41
41
45
37
41
41
39
39
39
37
37
37
37
35
35
29
31
29
29
29
35
41
41
45
39
41
35
37
41
49
57
49
47
51
55
49
49
43
39
39
39
29
33
27
27
23
17
15
13
11
11
3
3
3
7
13
9
11
9
9
5
3
13
19
27
27
29
17
15
7
7
7
13
11
13
17
9
17
11
5
7
-3
1
5
-1
3
-9
-1
5
-3
-5
3
-3
-5
-3
1
5
3
9
9
3
3
-5
-11
-15
-19
-11
-13
-13
-23
-19
-15
-13
-11
-11
-9
-3
-11
1
-3
-9
-5
-5
-1
1
3
-1
-5
-5
-7
-13
-11
-9
-11
-17
-25
-25
-29
-29
-37
-29
-41
-31
-31
-31
-31
-35
-35
-19
-19
-11
-9
-7
-13
-19
-17
-15
-7
-7
-5
-7
-21
-17
-15
-5
-5
-3
-3
-3
-1
1
-3
-3
-7
-11
1
1
-7
-1
-1
-1
-5
-9
-7
-1
-1
-7
-7
-7
-9
-7
-17
-9
-13
-11
-11
-9
-3
-1
-5
-3
-9
-9
-13
-5
-9
-9
-7
-1
7
7
11
17
21
13
15
19
17
25
25
25
19
19
23
15
15
21
21
19
15
15
15
11
11
17
5
5
17
13
9
13
9
9
9
11
13
17
13
11
15
11
9
9
3
13
13
13
13
13
5
9
3
-1
3
-5
-5
-13
-19
-15
-15
-5
-15
-13
-13
-13
-19
-21
-21
-21
-21
-23
-15
-7
-9
-9
3
-5
-13
-13
-19
-9
-13
-25
-21
-33
-33
-35
-41
-37
-33
-41
-39
-41
-37
-37
-37
-37
-35
-31
-23
-25
-21
-33
-21
-17
-23
-35
-35
-49
-49
-47
-49
-55
-53
-55
-51
-55
-61
-73
-77
-79
-75
-79
-79
-77
-77
-87
-85
-89
-85
-87
-89
-89
-89
-79
-79
-77
-81
-83
-83
-83
-91
-91
-93
-107
-107
-107
-101
-101
-103
-101
-95
-89
-87
-87
-83
-83
-85
-89
-89
-91
-79
-71
-73
-69
-69
-67
-67
-57
-55
-53
-59
-59
-59
-63
-71
-71
-69
-73
-73
-59
-53
-53
-47
-45
-51
-57
-55
-57
-51
-59
-61
-57
-53
-57
-57
-57
-59
-57
-67
-63
-61
-59
-55
-55
-57
-49
-55
-55
-51
-49
-53
-57
-57
-53
-57
-49
-43
-37
-43
-43
-45
-39
-43
-35
-35
-37
-37
-31
-27
-33
-23
-21
-25
-35
-35
-37
-39
-47
-49
-51
-53
-49
-47
-51
-51
-55
-45
-45
-51
-55
-53
-51
-57
-67
-71
-71
-69
-77
-75
-75
-75
-77
-69
-63
-53
-53
-57
-55
-55
-49
-41
-43
-49
-49
-49
-49
-47
-45
-45
-53
-51
-53
-53
-55
-55
-55
-61
-61
-61
-63
-59
-67
-67
-69
-69
-57
-55
-51
-55
-57
-53
-55
-43
-51
-51
-49
-61
-57
-51
-45
-43
-39
-43
-41
-47
-51
-53
-59
-53
-55
-63
-65
-75
-77
-65
-57
-47
-47
-47
-47
-49
-43
-51
-51
-53
-53
-57
-57
-57
-53
-51
-57
-55
-53
-57
-55
-57
-57
-59
-53
-53
-59
-59
-73
-79
-87
-89
-79
-89
-91
-91
-81
-81
-69
-69
-77
-65
-67
-65
-65
-65
-75
-75
-75
-83
-79
-75
-75
-71
-73
-71
-73
-73
-79
-67
-57
-55
-49
-49
-57
-57
-49
-45
-49
-49
-47
-47
-47
-39
-39
-41
-45
-51
-53
-49
-53
-49
-45
-37
-33
-29
-29
-31
-27
-17
-11
-11
-1
3
7
5
5
7
9
3
5
5
5
5
11
7
7
5
13
15
15
11
17
21
25
29
37
47
53
53
53
53
59
61
63
57
57
51
43
37
37
53
41
41
43
47
51
55
57
53
53
53
53
53
57
43
43
47
49
49
43
37
35
33
41
41
39
45
45
45
47
47
47
41
37
29
23
25
17
25
15
15
13
13
13
13
11
7
11
5
19
13
25
33
33
39
41
45
41
39
37
35
33
31
27
35
33
43
41
39
33
39
47
53
47
35
37
35
31
33
33
33
41
41
39
49
49
49
47
37
43
49
57
57
57
65
61
57
63
71
69
69
75
75
75
73
75
75
75
73
87
97
99
89
93
93
89
85
85
79
71
71
61
61
61
69
65
69
63
67
63
57
67
63
63
65
61
67
67
63
63
69
69
77
73
75
75
81
89
101
105
103
107
103
101
99
107
105
105
109
109
95
95
91
95
95
99
103
99
99
99
93
93
93
89
93
93
91
89
83
85
85
87
79
79
79
77
79
73
73
83
75
75
67
65
61
61
61
55
55
53
53
55
51
59
55
61
69
65
71
69
65
63
71
69
69
65
77
65
71
69
67
77
77
77
81
81
89
93
93
99
107
99
99
89
89
85
75
75
81
85
93
93
83
77
77
77
77
77
67
59
63
61
61
65
75
73
75
71
65
69
69
75
79
89
93
87
87
95
95
105
105
105
115
115
121
123
123
129
129
133
143
145
145
153
145
145
153
153
153
141
141
143
143
139
135
137
141
157
151
151
161
161
157
149
153
153
155
155
161
173
171
159
167
173
171
163
167
165
169
167
155
155
151
155
151
153
155
157
165
165
161
165
171
171
171
173
173
177
177
185
177
173
173
173
171
177
177
173
173
173
175
177
169
167
161
161
161
161
153
159
159
161
161
147
143
143
145
147
149
149
159
163
165
169
169
169
169
169
169
169
169
159
157
151
147
147
147
139
145
133
131
133
137
137
141
137
143
143
143
143
147
153
161
157
151
151
151
141
141
145
143
141
141
133
135
137
129
121
119
119
123
123
129
129
119
121
119
119
119
127
123
133
129
137
147
141
141
141
133
133
131
133
129
121
119
111
115
113
121
121
117
125
127
127
115
117
113
123
115
111
111
101
101
101
103
103
105
109
119
119
117
115
115
121
127
135
125
121
131
125
127
121
121
121
133
129
127
123
121
123
123
135
127
125
125
115
117
125
131
141
131
129
137
137
137
133
135
135
127
131
133
129
135
133
133
125
121
109
109
111
119
129
133
133
135
141
151
151
161
159
165
163
151
149
145
149
161
163
159
155
155
159
161
161
161
161
155
151
153
151
155
159
155
159
155
157
167
169
173
173
171
173
177
175
175
175
179
179
185
183
187
195
195
191
191
193
191
185
183
177
181
185
185
187
191
199
199
205
203
195
191
185
191
183
183
169
165
163
163
159
159
151
153
147
141
133
139
139
141
135
135
143
143
139
145
147
141
135
131
125
127
127
129
135
135
135
135
139
137
137
137
137
141
137
137
139
141
141
151
155
159
153
147
143
131
135
145
149
155
163
163
159
157
151
155
151
153
163
163
163
169
173
173
175
167
169
173
173
173
173
177
177
173
167
171
169
163
167
171
169
159
159
159
155
157
153
151
149
139
141
143
143
135
127
133
133
143
145
145
147
147
147
147
161
161
165
169
169
163
163
159
159
163
163
159
157
165
165
165
161
157
157
155
165
165
165
167
167
157
153
151
151
157
159
151
151
141
137
137
131
135
139
141
143
141
131
133
139
141
143
143
145
141
137
139
139
139
129
131
135
139
149
153
155
163
157
155
155
165
155
155
147
147
153
153
149
145
149
151
153
155
151
151
149
149
149
141
141
135
141
139
143
129
131
127
117
127
127
127
127
127
131
127
133
133
135
135
125
129
129
137
135
143
143
133
137
137
147
149
159
165
165
161
167
173
173
175
179
177
177
185
177
175
175
185
179
181
183
185
185
193
195
197
199
197
197
199
199
201
199
199
199
205
197
197
197
205
211
211
211
211
211
215
213
205
193
193
201
199
199
199
211
203
199
189
193
193
193
183
187
183
183
183
181
173
175
181
177
163
157
149
147
141
133
133
135
135
135
143
149
143
137
141
151
151
149
149
155
155
149
161
157
157
159
151
153
153
157
149
143
151
153
145
149
149
159
159
159
157
143
143
143
143
149
153
143
139
139
139
139
143
141
137
137
147
135
139
139
135
133
125
119
113
115
111
115
117
127
127
129
129
121
119
121
127
127
133
131
131
133
133
129
135
139
139
139
139
153
153
155
159
149
143
143
151
151
151
157
149
155
147
151
137
135
139
147
153
151
153
163
165
167
167
163
161
163
163
163
155
145
157
159
159
163
163
167
167
177
173
177
173
169
159
157
161
163
169
169
163
163
163
169
169
159
169
181
181
181
189
187
187
187
189
193
193
193
181
177
179
179
175
179
179
177
179
179
181
181
181
179
175
175
175
171
173
165
167
183
183
187
193
197
199
199
201
201
197
195
197
207
217
219
215
205
199
199
199
191
191
191
191
189
189
189
189
181
185
189
189
187
187
189
189
193
183
187
191
195
195
195
177
169
175
179
177
177
177
177
173
173
169
159
167
167
165
169
169
177
179
185
187
187
187
173
171
171
173
179
179
179
181
177
177
187
191
195
199
197
203
203
189
193
193
183
185
189
189
179
183
183
187
191
193
193
193
195
199
201
195
193
193
191
193
201
201
211
207
207
201
201
203
203
205
205
197
191
195
195
199
199
199
205
205
211
211
211
211
211
199
199
191
191
185
191
193
193
197
203
207
201
205
203
209
205
201
205
205
205
203
199
199
207
203
203
205
211
211
211
211
211
211
215
207
211
211
211
211
217
213
211
205
205
195
197
197
195
195
199
197
193
193
195
187
201
197
187
187
191
181
183
189
187
191
189
197
199
201
201
199
195
195
195
191
191
187
181
183
189
181
171
173
177
177
183
183
191
189
189
189
189
191
191
203
201
195
195
199
199
205
205
213
211
207
207
205
205
201
203
201
193
185
189
189
189
189
195
191
187
189
189
189
191
183
187
187
187
183
177
171
181
181
183
175
175
185
185
181
197
189
189
187
185
183
187
189
187
189
187
183
179
175
177
177
165
169
169
169
171
163
163
173
171
167
167
165
163
169
167
163
165
171
167
167
173
173
173
167
171
171
165
167
167
167
165
159
157
157
155
159
159
161
159
159
159
159
171
175
177
177
179
181
189
195
195
195
189
189
189
189
189
181
181
185
183
191
185
187
187
193
189
189
183
175
175
175
171
171
171
171
175
171
173
187
187
187
193
189
187
187
189
195
191
193
193
187
181
183
189
199
191
191
191
189
183
175
175
173
175
183
185
185
193
193
201
199
207
207
207
209
211
205
195
193
203
203
201
203
201
193
195
193
183
187
191
201
213
213
207
201
195
207
207
205
209
203
203
195
199
199
201
193
195
195
195
199
205
205
205
205
211
209
209
207
199
199
205
203
193
191
189
185
185
187
183
183
167
159
161
153
155
153
147
145
143
143
143
143
153
153
153
151
153
155
157
153
153
147
147
147
159
155
163
163
163
171
171
171
177
177
179
181
183
181
181
183
171
173
177
175
165
165
165
165
165
173
173
169
169
177
177
175
179
173
173
173
173
181
187
185
185
193
189
195
193
189
187
189
189
193
185
183
183
187
193
187
191
197
197
195
199
193
193
183
187
193
185
179
183
185
185
185
189
191
181
183
183
179
179
179
175
177
167
167
169
169
165
169
173
173
175
171
171
167
167
173
187
187
183
189
193
189
189
185
181
185
179
185
183
183
183
183
183
187
195
195
197
193
189
179
187
187
193
193
191
185
179
171
171
163
159
159
173
165
157
151
151
161
153
155
155
155
161
161
161
163
167
173
179
193
193
199
205
209
211
211
211
207
205
201
201
203
197
199
205
209
213
215
221
219
217
221
209
217
209
213
207
213
209
211
215
213
209
215
219
215
215
215
209
201
195
195
191
191
197
197
197
197
205
209
213
209
209
211
211
209
201
193
199
195
195
195
189
193
185
191
191
199
199
205
209
217
217
225
227
227
227
233
229
227
223
