-10470
-10468
-10462
-10456
-10448
-10446
-10446
-10446
-10446
-10446
-10438
-10438
-10438
-10426
-10420
-10420
-10420
-10406
-10400
-10394
-10386
-10386
-10374
-10368
-10350
-10350
-10350
-10350
-10344
-10344
-10342
-10346
-10346
-10340
-10330
-10330
-10328
-10320
-10320
-10310
-10302
-10298
-10298
-10298
-10298
-10290
-10290
-10290
-10280
-10276
-10276
-10266
-10266
-10266
-10262
-10262
-10262
-10262
-10262
-10246
-10246
-10246
-10246
-10238
-10230
-10222
-10214
-10212
-10216
-10202
-10200
-10188
-10182
-10174
-10174
-10166
-10166
-10166
-10160
-10152
-10152
-10144
-10136
-10136
-10136
-10130
-10130
-10116
-10116
-10116
-10116
-10116
-10116
-10114
-10114
-10114
-10100
-10092
-10086
-10086
-10072
-10058
-10054
-10054
-10054
-10054
-10054
-10046
-10038
-10026
-10024
-10024
-10016
-10012
-10012
-10004
-10004
-10000
-9992
-9992
-9980
-9980
-9980
-9964
-9964
-9964
-9954
-9950
-9950
-9938
-9938
-9938
-9938
-9938
-9938
-9930
-9930
-9930
-9922
-9918
-9908
-9904
-9904
-9904
-9908
-9896
-9896
-9900
-9900
-9894
-9894
-9894
-9894
-9894
-9898
-9890
-9890
-9890
-9886
-9886
-9886
-9880
-9880
-9880
-9874
-9874
-9874
-9874
-9872
-9864
-9864
-9864
-9864
-9864
-9854
-9854
-9846
-9848
-9848
-9848
-9848
-9840
-9832
-9832
-9832
-9828
-9822
-9806
-9798
-9798
-9798
-9798
-9798
-9798
-9788
-9788
-9788
-9774
-9774
-9774
-9764
-9764
-9764
-9766
-9766
-9764
-9758
-9758
-9756
-9748
-9748
-9740
-9730
-9718
-9718
-9718
-9718
-9718
-9702
-9702
-9694
-9690
-9690
-9690
-9678
-9670
-9664
-9650
-9654
-9654
-9654
-9650
-9646
-9644
-9644
-9644
-9636
-9624
-9624
-9616
-9616
-9616
-9614
-9606
-9606
-9598
-9598
-9598
-9588
-9588
-9586
-9586
-9586
-9592
-9592
-9592
-9592
-9592
-9588
-9588
-9572
-9562
-9562
-9562
-9554
-9554
-9554
-9548
-9534
-9534
-9530
-9522
-9512
-9512
-9512
-9516
-9502
-9502
-9502
-9502
-9496
-9496
-9492
-9492
-9482
-9482
-9474
-9474
-9476
-9464
-9464
-9446
-9452
-9454
-9440
-9432
-9432
-9426
-9416
-9416
-9412
-9412
-9412
-9402
-9402
-9396
-9390
-9394
-9384
-9384
-9374
-9374
-9374
-9374
-9372
-9372
-9372
-9376
-9376
-9372
-9372
-9372
-9374
-9374
-9368
-9368
-9362
-9352
-9350
-9350
-9350
-9342
-9342
-9336
-9336
-9330
-9332
-9328
-9320
-9318
-9316
-9316
-9316
-9300
-9300
-9300
-9300
-9294
-9288
-9288
-9284
-9284
-9284
-9274
-9274
-9274
-9274
-9270
-9270
-9264
-9256
-9246
-9242
-9238
-9238
-9238
-9238
-9222
-9210
-9210
-9204
-9196
-9186
-9186
-9182
-9172
-9176
-9176
-9176
-9176
-9170
-9170
-9164
-9164
-9164
-9156
-9156
-9156
-9156
-9146
-9146
-9140
-9140
-9134
-9132
-9128
-9126
-9120
-9110
-9110
-9110
-9100
-9100
-9090
-9090
-9090
-9074
-9064
-9064
-9062
-9062
-9062
-9062
-9066
-9066
-9066
-9066
-9060
-9048
-9038
-9032
-9032
-9032
-9024
-9024
-9020
-9014
-9006
-9006
-9006
-8994
-8984
-8984
-8976
-8968
-8956
-8956
-8956
-8948
-8940
-8940
-8940
-8940
-8940
-8940
-8940
-8932
-8924
-8922
-8922
-8918
-8912
-8902
-8894
-8894
-8896
-8890
-8890
-8890
-8882
-8882
-8882
-8876
-8876
-8884
-8880
-8880
-8880
-8878
-8878
-8872
-8872
-8872
-8872
-8862
-8862
-8862
-8862
-8864
-8866
-8866
-8872
-8870
-8862
-8862
-8862
-8862
-8862
-8862
-8862
-8852
-8852
-8856
-8856
-8856
-8856
-8856
-8856
-8852
-8856
-8856
-8844
-8844
-8834
-8834
-8830
-8830
-8818
-8818
-8812
-8796
-8786
-8786
-8778
-8778
-8770
-8770
-8770
-8770
-8774
-8776
-8770
-8766
-8758
-8752
-8752
-8752
-8752
-8752
-8746
-8746
-8746
-8734
-8732
-8728
-8722
-8714
-8704
-8696
-8690
-8682
-8682
-8682
-8668
-8660
-8660
-8658
-8664
-8664
-8652
-8652
-8652
-8652
-8640
-8640
-8640
-8640
-8632
-8632
-8622
-8622
-8622
-8612
-8614
-8602
-8602
-8594
-8594
-8594
-8594
-8578
-8578
-8578
-8578
-8578
-8578
-8578
-8578
-8578
-8578
-8570
-8570
-8570
-8570
-8570
-8570
-8562
-8562
-8560
-8560
-8556
-8556
-8544
-8538
-8534
-8534
-8534
-8534
-8526
-8520
-8516
-8506
-8508
-8504
-8496
-8496
-8488
-8474
-8474
-8468
-8468
-8462
-8462
-8452
-8446
-8446
-8442
-8438
-8426
-8426
-8426
-8422
-8422
-8422
-8422
-8422
-8418
-8418
-8418
-8418
-8418
-8418
-8400
-8400
-8400
-8390
-8394
-8394
-8394
-8398
-8394
-8392
-8386
-8376
-8364
-8352
-8352
-8344
-8344
-8344
-8344
-8344
-8344
-8342
-8342
-8336
-8336
-8336
-8328
-8324
-8324
-8326
-8324
-8324
-8318
-8316
-8312
-8312
-8312
-8312
-8304
-8300
-8294
-8294
-8294
-8294
-8294
-8294
-8290
-8284
-8284
-8284
-8280
-8274
-8266
-8260
-8260
-8260
-8260
-8260
-8258
-8250
-8250
-8244
-8238
-8224
-8224
-8218
-8208
-8208
-8204
-8204
-8204
-8204
-8186
-8186
-8182
-8182
-8184
-8184
-8184
-8184
-8184
-8184
-8184
-8184
-8184
-8184
-8184
-8178
-8172
-8172
-8168
-8168
-8168
-8168
-8162
-8152
-8144
-8140
-8130
-8120
-8120
-8116
-8116
-8106
-8104
-8094
-8090
-8084
-8084
-8084
-8084
-8084
-8082
-8082
-8082
-8072
-8056
-8056
-8058
-8058
-8056
-8056
-8052
-8044
-8044
-8044
-8032
-8032
-8016
-8022
-8012
-8012
-8004
-8004
-8002
-8002
-8002
-8002
-8002
-7996
-7980
-7978
-7980
-7980
-7966
-7964
-7960
-7960
-7960
-7960
-7948
-7948
-7948
-7948
-7938
-7924
-7924
-7912
-7912
-7912
-7912
-7904
-7906
-7900
-7894
-7894
-7894
-7894
-7894
-7894
-7894
-7888
-7882
-7882
-7882
-7874
-7874
-7874
-7874
-7872
-7872
-7872
-7862
-7850
-7850
-7850
-7850
-7850
-7850
-7850
-7850
-7856
-7850
-7850
-7836
-7838
-7838
-7832
-7832
-7832
-7832
-7824
-7824
-7824
-7824
-7824
-7824
-7812
-7812
-7812
-7808
-7800
-7800
-7800
-7800
-7800
-7786
-7786
-7786
-7786
-7788
-7788
-7780
-7772
-7772
-7764
-7764
-7764
-7754
-7754
-7754
-7754
-7754
-7754
-7754
-7762
-7766
-7758
-7758
-7758
-7746
-7746
-7744
-7744
-7744
-7744
-7748
-7748
-7748
-7748
-7748
-7748
-7740
-7740
-7740
-7734
-7730
-7730
-7728
-7728
-7724
-7724
-7724
-7724
-7724
-7718
-7718
-7716
-7718
-7718
-7718
-7718
-7712
-7712
-7702
-7702
-7704
-7692
-7688
-7688
-7688
-7688
-7676
-7666
-7662
-7650
-7650
-7650
-7650
-7650
-7650
-7640
-7640
-7626
-7626
-7626
-7610
-7598
-7598
-7598
-7592
-7592
-7578
-7578
-7578
-7574
-7570
-7562
-7562
-7560
-7560
-7560
-7560
-7552
-7544
-7542
-7534
-7534
-7534
-7536
-7536
-7536
-7528
-7522
-7522
-7522
-7522
-7518
-7512
-7504
-7504
-7504
-7504
-7504
-7504
-7504
-7504
-7504
-7494
-7480
-7480
-7480
-7480
-7472
-7472
-7472
-7472
-7468
-7468
-7452
-7452
-7452
-7446
-7432
-7432
-7422
-7418
-7418
-7418
-7418
-7418
-7410
-7410
-7402
-7398
-7398
-7386
-7386
-7390
-7394
-7382
-7376
-7376
-7366
-7366
-7366
-7366
-7348
-7342
-7342
-7342
-7340
-7336
-7324
-7318
-7318
-7306
-7298
-7298
-7298
-7298
-7298
-7290
-7290
-7278
-7278
-7278
-7272
-7266
-7266
-7260
-7260
-7262
-7262
-7262
-7262
-7258
-7258
-7258
-7258
-7254
-7254
-7254
-7248
-7248
-7248
-7244
-7230
-7220
-7208
-7206
-7206
-7206
-7208
-7212
-7204
-7194
-7194
-7194
-7194
-7194
-7194
-7194
-7190
-7180
-7174
-7172
-7172
-7162
-7162
-7162
-7160
-7160
-7158
-7152
-7148
-7136
-7136
-7136
-7126
-7128
-7128
-7128
-7128
-7128
-7122
-7114
-7118
-7110
-7120
-7120
-7108
-7100
-7100
-7100
-7088
-7086
-7086
-7086
-7084
-7084
-7084
-7084
-7078
-7074
-7074
-7074
-7072
-7078
-7074
-7074
-7074
-7074
-7074
-7074
-7066
-7058
-7058
-7050
-7050
-7050
-7042
-7042
-7040
-7046
-7042
-7042
-7024
-7026
-7026
-7020
-7016
-7010
-7000
-6990
-6978
-6964
-6958
-6958
-6958
-6952
-6952
-6952
-6952
-6940
-6940
-6938
-6926
-6928
-6916
-6910
-6908
-6908
-6906
-6906
-6910
-6910
-6910
-6896
-6896
-6896
-6896
-6904
-6904
-6904
-6902
-6902
-6902
-6896
-6890
-6886
-6888
-6888
-6878
-6878
-6878
-6876
-6864
-6864
-6864
-6864
-6860
-6860
-6856
-6856
-6846
-6846
-6846
-6846
-6846
-6840
-6840
-6836
-6836
-6836
-6834
-6832
-6832
-6828
-6828
-6826
-6818
-6818
-6818
-6818
-6820
-6822
-6822
-6822
-6806
-6806
-6806
-6810
-6810
-6810
-6810
-6810
-6804
-6804
-6804
-6804
-6798
-6798
-6798
-6784
-6784
-6780
-6780
-6782
-6770
-6770
-6770
-6764
-6764
-6764
-6762
-6766
-6758
-6758
-6752
-6748
-6744
-6744
-6746
-6750
-6750
-6738
-6738
-6744
-6744
-6744
-6744
-6744
-6744
-6738
-6738
-6738
-6738
-6730
-6716
-6712
-6706
-6706
-6706
-6700
-6700
-6700
-6696
-6692
-6680
-6680
-6680
-6680
-6684
-6684
-6684
-6684
-6678
-6678
-6672
-6672
-6672
-6664
-6664
-6664
-6664
-6664
-6652
-6652
-6642
-6638
-6638
-6630
-6620
-6620
-6620
-6620
-6620
-6618
-6618
-6618
-6618
-6618
-6602
-6590
-6590
-6580
-6584
-6576
-6564
-6560
-6560
-6560
-6554
-6552
-6540
-6532
-6532
-6532
-6526
-6526
-6514
-6518
-6518
-6520
-6520
-6516
-6508
-6508
-6508
-6492
-6492
-6498
-6492
-6488
-6488
-6492
-6492
-6484
-6484
-6482
-6472
-6472
-6470
-6472
-6460
-6460
-6460
-6460
-6448
-6448
-6448
-6436
-6436
-6434
-6434
-6434
-6434
-6434
-6434
-6434
-6428
-6428
-6428
-6412
-6400
-6400
-6400
-6390
-6390
-6384
-6384
-6384
-6384
-6384
-6380
-6380
-6372
-6372
-6372
-6372
-6372
-6362
-6352
-6352
-6350
-6348
-6332
-6332
-6328
-6320
-6320
-6320
-6318
-6318
-6308
-6298
-6292
-6288
-6282
-6278
-6270
-6272
-6260
-6254
-6254
-6254
-6248
-6254
-6254
-6254
-6240
-6226
-6226
-6226
-6216
-6216
-6202
-6198
-6198
-6184
-6178
-6174
-6164
-6162
-6154
-6154
-6152
-6148
-6148
-6148
-6148
-6148
-6148
-6148
-6148
-6148
-6136
-6136
-6136
-6136
-6124
-6124
-6124
-6124
-6124
-6122
-6118
-6118
-6118
-6112
-6112
-6112
-6108
-6108
-6102
-6102
-6096
-6096
-6088
-6084
-6084
-6076
-6076
-6072
-6062
-6062
-6050
-6050
-6050
-6050
-6050
-6050
-6046
-6046
-6044
-6044
-6044
-6032
-6022
-6022
-6022
-6022
-6026
-6034
-6034
-6022
-6022
-6022
-6022
-6020
-6018
-6018
-6018
-6004
-6002
-5998
-5998
-5998
-5998
-5998
-6002
-5998
-5998
-5998
-5998
-5998
-5990
-5982
-5982
-5974
-5974
-5974
-5974
-5964
-5964
-5956
-5956
-5956
-5956
-5956
-5956
-5952
-5952
-5946
-5946
-5952
-5952
-5952
-5946
-5938
-5938
-5938
-5938
-5938
-5936
-5932
-5932
-5932
-5932
-5918
-5918
-5918
-5916
-5910
-5906
-5900
-5892
-5892
-5892
-5892
-5888
-5880
-5880
-5880
-5878
-5878
-5882
-5878
-5878
-5878
-5878
-5878
-5878
-5878
-5878
-5878
-5878
-5882
-5882
-5882
-5882
-5882
-5884
-5872
-5868
-5854
-5852
-5852
-5852
-5852
-5850
-5850
-5854
-5854
-5842
-5842
-5834
-5826
-5826
-5816
-5814
-5812
-5806
-5806
-5806
-5802
-5800
-5800
-5796
-5796
-5798
-5788
-5788
-5780
-5780
-5780
-5780
-5774
-5776
-5776
-5772
-5764
-5764
-5762
-5762
-5760
-5760
-5750
-5754
-5754
-5748
-5748
-5748
-5748
-5748
-5748
-5740
-5742
-5742
-5738
-5732
-5732
-5732
-5732
-5728
-5728
-5728
-5720
-5718
-5710
-5710
-5706
-5706
-5696
-5692
-5684
-5684
-5680
-5670
-5670
-5658
-5660
-5650
-5650
-5650
-5650
-5650
-5650
-5650
-5648
-5648
-5648
-5644
-5646
-5640
-5636
-5628
-5624
-5614
-5610
-5610
-5610
-5610
-5610
-5610
-5610
-5608
-5604
-5600
-5600
-5600
-5600
-5600
-5600
-5592
-5584
-5574
-5574
-5568
-5568
-5568
-5558
-5548
-5540
-5534
-5534
-5534
-5534
-5534
-5534
-5534
-5528
-5528
-5530
-5530
-5516
-5518
-5518
-5518
-5518
-5518
-5506
-5498
-5490
-5484
-5484
-5474
-5470
-5470
-5470
-5470
-5470
-5470
-5470
-5470
-5474
-5476
-5468
-5462
-5462
-5462
-5460
-5460
-5468
-5468
-5460
-5448
-5442
-5442
-5442
-5434
-5428
-5428
-5428
-5418
-5418
-5418
-5416
-5422
-5406
-5406
-5406
-5400
-5400
-5400
-5400
-5402
-5400
-5400
-5392
-5380
-5380
-5380
-5380
-5382
-5380
-5380
-5372
-5364
-5366
-5364
-5356
-5364
-5364
-5364
-5366
-5366
-5366
-5366
-5362
-5362
-5356
-5352
-5348
-5340
-5344
-5344
-5344
-5342
-5352
-5352
-5352
-5352
-5358
-5358
-5360
-5354
-5342
-5342
-5342
-5340
-5330
-5322
-5318
-5330
-5330
-5330
-5326
-5312
-5306
-5298
-5298
-5294
-5294
-5294
-5298
-5298
-5298
-5286
-5278
-5278
-5280
-5280
-5270
-5262
-5256
-5260
-5260
-5254
-5258
-5266
-5266
-5264
-5264
-5264
-5256
-5250
-5250
-5238
-5238
-5234
-5234
-5226
-5226
-5226
-5226
-5226
-5226
-5226
-5226
-5226
-5218
-5236
-5236
-5232
-5232
-5230
-5228
-5224
-5224
-5224
-5224
-5224
-5224
-5224
-5218
-5218
-5218
-5220
-5220
-5220
-5210
-5206
-5206
-5206
-5202
-5196
-5196
-5194
-5198
-5198
-5198
-5194
-5194
-5190
-5190
-5190
-5186
-5176
-5176
-5176
-5174
-5166
-5166
-5166
-5156
-5152
-5152
-5152
-5150
-5150
-5140
-5138
-5138
-5142
-5142
-5150
-5150
-5140
-5130
-5130
-5130
-5118
-5118
-5124
-5118
-5126
-5126
-5116
-5108
-5108
-5098
-5090
-5090
-5090
-5084
-5080
-5080
-5080
-5080
-5080
-5076
-5068
-5060
-5056
-5048
-5048
-5048
-5048
-5046
-5046
-5042
-5042
-5044
-5040
-5034
-5034
-5034
-5032
-5032
-5020
-5020
-5028
-5028
-5026
-5018
-5018
-5018
-5018
-5008
-5006
-5008
-5008
-5002
-4998
-4998
-4998
-4988
-4992
-4988
-4980
-4972
-4972
-4966
-4966
-4968
-4968
-4966
-4966
-4960
-4960
-4956
-4956
-4956
-4950
-4950
-4942
-4938
-4938
-4936
-4934
-4932
-4932
-4932
-4932
-4936
-4932
-4926
-4926
-4924
-4926
-4920
-4918
-4914
-4914
-4916
-4918
-4918
-4910
-4910
-4910
-4910
-4918
-4912
-4912
-4912
-4904
-4904
-4888
-4880
-4878
-4886
-4892
-4902
-4900
-4900
-4900
-4904
-4904
-4904
-4904
-4902
-4902
-4894
-4890
-4890
-4898
-4898
-4886
-4886
-4886
-4882
-4882
-4882
-4882
-4882
-4882
-4878
-4874
-4870
-4864
-4864
-4864
-4864
-4864
-4864
-4864
-4864
-4864
-4864
-4864
-4854
-4854
-4852
-4848
-4844
-4850
-4850
-4850
-4844
-4840
-4844
-4846
-4846
-4840
-4834
-4834
-4834
-4834
-4834
-4834
-4834
-4834
-4828
-4828
-4826
-4822
-4822
-4822
-4814
-4814
-4814
-4804
-4804
-4804
-4804
-4800
-4794
-4786
-4796
-4796
-4786
-4786
-4786
-4786
-4786
-4780
-4780
-4778
-4778
-4770
-4760
-4760
-4756
-4752
-4756
-4756
-4756
-4748
-4748
-4748
-4740
-4740
-4740
-4740
-4740
-4746
-4744
-4744
-4744
-4748
-4748
-4754
-4748
-4748
-4748
-4744
-4736
-4736
-4740
-4740
-4736
-4736
-4742
-4742
-4738
-4738
-4738
-4730
-4730
-4724
-4730
-4730
-4718
-4718
-4718
-4718
-4718
-4714
-4710
-4708
-4708
-4704
-4704
-4704
-4704
-4704
-4704
-4704
-4700
-4686
-4686
-4674
-4666
-4656
-4652
-4652
-4652
-4646
-4646
-4646
-4646
-4648
-4648
-4648
-4648
-4648
-4648
-4654
-4654
-4658
-4658
-4658
-4656
-4656
-4656
-4656
-4652
-4646
-4646
-4646
-4646
-4640
-4630
-4618
-4606
-4596
-4596
-4598
-4598
-4598
-4594
-4596
-4598
-4598
-4596
-4596
-4590
-4584
-4578
-4572
-4572
-4564
-4558
-4554
-4554
-4554
-4554
-4552
-4550
-4552
-4540
-4540
-4542
-4534
-4534
-4534
-4528
-4526
-4528
-4528
-4528
-4528
-4528
-4526
-4526
-4514
-4514
-4516
-4508
-4508
-4500
-4492
-4492
-4492
-4502
-4502
-4502
-4502
-4490
-4490
-4490
-4488
-4488
-4488
-4494
-4490
-4494
-4494
-4494
-4488
-4488
-4488
-4488
-4488
-4488
-4486
-4486
-4484
-4482
-4482
-4482
-4482
-4484
-4484
-4484
-4484
-4484
-4468
-4468
-4468
-4468
-4468
-4468
-4468
-4468
-4468
-4466
-4466
-4466
-4458
-4456
-4452
-4452
-4452
-4452
-4452
-4448
-4438
-4438
-4438
-4438
-4438
-4438
-4434
-4428
-4422
-4428
-4428
-4420
-4412
-4408
-4408
-4408
-4404
-4402
-4402
-4402
-4392
-4406
-4404
-4404
-4404
-4402
-4404
-4404
-4404
-4392
-4392
-4384
-4382
-4386
-4386
-4386
-4380
-4372
-4372
-4356
-4356
-4342
-4332
-4322
-4322
-4320
-4324
-4308
-4300
-4312
-4302
-4302
-4308
-4308
-4308
-4304
-4312
-4312
-4312
-4308
-4314
-4302
-4302
-4294
-4298
-4294
-4294
-4290
-4290
-4290
-4290
-4286
-4286
-4286
-4286
-4286
-4284
-4276
-4276
-4276
-4274
-4270
-4270
-4266
-4254
-4252
-4252
-4252
-4248
-4248
-4248
-4248
-4250
-4250
-4250
-4246
-4254
-4250
-4250
-4252
-4252
-4246
-4246
-4248
-4248
-4248
-4250
-4244
-4244
-4244
-4234
-4234
-4228
-4228
-4224
-4224
-4216
-4216
-4216
-4232
-4228
-4224
-4224
-4224
-4224
-4224
-4224
-4224
-4224
-4224
-4214
-4216
-4216
-4212
-4212
-4214
-4214
-4214
-4214
-4214
-4214
-4214
-4214
-4220
-4216
-4216
-4216
-4216
-4216
-4204
-4204
-4204
-4208
-4208
-4208
-4208
-4212
-4212
-4212
-4212
-4212
-4210
-4210
-4208
-4200
-4200
-4210
-4216
-4216
-4216
-4210
-4212
-4212
-4206
-4206
-4206
-4206
-4198
-4198
-4198
-4198
-4190
-4190
-4194
-4194
-4194
-4188
-4188
-4188
-4186
-4186
-4192
-4192
-4184
-4184
-4184
-4172
-4166
-4166
-4166
-4166
-4166
-4168
-4164
-4164
-4164
-4164
-4160
-4160
-4160
-4150
-4150
-4150
-4150
-4150
-4152
-4152
-4152
-4152
-4154
-4154
-4154
-4150
-4148
-4148
-4148
-4148
-4148
-4146
-4152
-4140
-4140
-4140
-4130
-4130
-4130
-4128
-4132
-4122
-4128
-4128
-4128
-4128
-4120
-4120
-4112
-4112
-4112
-4112
-4122
-4122
-4122
-4122
-4122
-4120
-4118
-4110
-4108
-4114
-4106
-4106
-4106
-4106
-4106
-4096
-4096
-4096
-4096
-4092
-4092
-4086
-4078
-4082
-4082
-4082
-4082
-4080
-4078
-4072
-4078
-4078
-4078
-4078
-4078
-4078
-4076
-4076
-4076
-4076
-4076
-4074
-4072
-4072
-4058
-4060
-4064
-4064
-4058
-4058
-4058
-4058
-4058
-4052
-4054
-4054
-4050
-4052
-4046
-4046
-4046
-4048
-4044
-4044
-4044
-4044
-4044
-4044
-4044
-4044
-4044
-4044
-4046
-4046
-4046
-4050
-4038
-4038
-4038
-4042
-4040
-4040
-4040
-4034
-4036
-4036
-4030
-4026
-4026
-4026
-4020
-4008
-4008
-4004
-3998
-4000
-4000
-4000
-3998
-3996
-3994
-3994
-3994
-3984
-3982
-3974
-3974
-3974
-3974
-3974
-3974
-3968
-3974
-3974
-3974
-3974
-3974
-3974
-3974
-3974
-3974
-3974
-3974
-3984
-3984
-3984
-3980
-3982
-3986
-3986
-3988
-3984
-3980
-3980
-3988
-3988
-3978
-3968
-3968
-3958
-3958
-3958
-3958
-3958
-3958
-3948
-3948
-3938
-3938
-3938
-3938
-3930
-3930
-3930
-3930
-3922
-3914
-3910
-3910
-3912
-3912
-3912
-3912
-3904
-3904
-3904
-3908
-3904
-3904
-3900
-3900
-3898
-3894
-3894
-3884
-3874
-3874
-3874
-3874
-3866
-3870
-3870
-3870
-3870
-3858
-3858
-3858
-3858
-3848
-3848
-3848
-3848
-3848
-3836
-3836
-3834
-3834
-3818
-3824
-3820
-3814
-3814
-3814
-3816
-3816
-3816
-3816
-3816
-3816
-3816
-3822
-3822
-3824
-3822
-3806
-3794
-3798
-3796
-3786
-3790
-3790
-3792
-3792
-3790
-3790
-3788
-3786
-3786
-3786
-3790
-3788
-3788
-3788
-3790
-3790
-3790
-3790
-3790
-3790
-3790
-3790
-3778
-3776
-3776
-3768
-3764
-3758
-3754
-3748
-3744
-3744
-3736
-3740
-3740
-3740
-3740
-3734
-3722
-3722
-3722
-3720
-3720
-3720
-3720
-3720
-3720
-3712
-3712
-3714
-3710
-3702
-3702
-3700
-3694
-3694
-3694
-3688
-3674
-3678
-3678
-3678
-3682
-3682
-3682
-3684
-3682
-3682
-3686
-3696
-3696
-3684
-3672
-3662
-3662
-3652
-3652
-3650
-3650
-3650
-3638
-3638
-3634
-3634
-3634
-3634
-3636
-3636
-3636
-3640
-3644
-3644
-3644
-3644
-3644
-3644
-3644
-3644
-3644
-3644
-3648
-3640
-3640
-3636
-3632
-3630
-3626
-3626
-3626
-3626
-3626
-3618
-3618
-3618
-3616
-3616
-3616
-3616
-3616
-3612
-3612
-3620
-3614
-3616
-3604
-3604
-3604
-3602
-3590
-3578
-3578
-3578
-3564
-3564
-3564
-3558
-3558
-3550
-3538
-3534
-3534
-3526
-3518
-3518
-3518
-3518
-3514
-3514
-3514
-3514
-3514
-3514
-3518
-3514
-3514
-3514
-3514
-3510
-3504
-3502
-3508
-3508
-3508
-3508
-3502
-3492
-3492
-3492
-3492
-3494
-3494
-3494
-3500
-3498
-3484
-3478
-3478
-3474
-3474
-3480
-3480
-3480
-3480
-3480
-3476
-3464
-3464
-3464
-3464
-3458
-3448
-3448
-3452
-3452
-3442
-3442
-3440
-3438
-3438
-3438
-3434
-3432
-3428
-3428
-3428
-3432
-3432
-3432
-3432
-3432
-3430
-3430
-3430
-3430
-3430
-3430
-3430
-3416
-3412
-3412
-3412
-3410
-3416
-3416
-3416
-3422
-3414
-3410
-3410
-3406
-3410
-3404
-3410
-3412
-3412
-3408
-3398
-3390
-3392
-3392
-3392
-3394
-3394
-3394
-3394
-3394
-3394
-3392
-3388
-3378
-3378
-3380
-3370
-3370
-3370
-3368
-3368
-3370
-3368
-3368
-3368
-3368
-3368
-3362
-3362
-3360
-3360
-3360
-3352
-3352
-3352
-3344
-3344
-3334
-3334
-3334
-3332
-3330
-3326
-3326
-3320
-3320
-3320
-3310
-3310
-3302
-3298
-3298
-3298
-3298
-3298
-3304
-3308
-3304
-3298
-3298
-3298
-3302
-3304
-3296
-3290
-3294
-3294
-3292
-3292
-3292
-3292
-3292
-3292
-3292
-3292
-3292
-3296
-3300
-3296
-3294
-3294
-3294
-3294
-3294
-3282
-3290
-3286
-3282
-3282
-3276
-3286
-3282
-3282
-3282
-3282
-3286
-3278
-3278
-3278
-3278
-3278
-3274
-3276
-3276
-3270
-3270
-3258
-3256
-3256
-3256
-3256
-3254
-3244
-3244
-3248
-3238
-3232
-3232
-3232
-3232
-3228
-3228
-3228
-3218
-3214
-3204
-3204
-3204
-3200
-3200
-3200
-3200
-3200
-3194
-3194
-3194
-3194
-3194
-3200
-3200
-3200
-3200
-3200
-3198
-3198
-3198
-3200
-3196
-3196
-3192
-3194
-3194
-3190
-3196
-3196
-3192
-3192
-3192
-3192
-3192
-3192
-3192
-3192
-3192
-3192
-3192
-3192
-3194
-3192
-3194
-3188
-3188
-3188
-3186
-3186
-3186
-3186
-3186
-3186
-3182
-3190
-3190
-3190
-3190
-3180
-3180
-3180
-3180
-3180
-3180
-3180
-3180
-3170
-3174
-3168
-3168
-3168
-3168
-3168
-3170
-3170
-3172
-3158
-3158
-3144
-3138
-3126
-3126
-3142
-3142
-3134
-3134
-3134
-3134
-3136
-3136
-3126
-3120
-3120
-3110
-3112
-3112
-3112
-3112
-3108
-3108
-3108
-3100
-3098
-3098
-3092
-3092
-3092
-3094
-3096
-3096
-3090
-3084
-3084
-3088
-3092
-3092
-3092
-3078
-3078
-3064
-3064
-3056
-3048
-3048
-3052
-3052
-3052
-3052
-3052
-3050
-3044
-3044
-3046
-3046
-3040
-3040
-3040
-3032
-3032
-3034
-3024
-3024
-3024
-3016
-3012
-3012
-3016
-3022
-3020
-3020
-3014
-3014
-3014
-3014
-3004
-3004
-3004
-3004
-3004
-2996
-2996
-2996
-2996
-2992
-2992
-2992
-2990
-2986
-2986
-2982
-2970
-2970
-2970
-2970
-2970
-2960
-2952
-2952
-2954
-2960
-2962
-2966
-2966
-2968
-2960
-2956
-2956
-2954
-2954
-2954
-2942
-2946
-2948
-2952
-2954
-2946
-2940
-2940
-2932
-2932
-2932
-2928
-2916
-2922
-2916
-2916
-2912
-2908
-2904
-2904
-2914
-2914
-2914
-2914
-2914
-2914
-2910
-2910
-2910
-2910
-2904
-2898
-2898
-2898
-2890
-2890
-2890
-2890
-2892
-2892
-2892
-2892
-2886
-2886
-2880
-2880
-2880
-2880
-2880
-2878
-2872
-2866
-2870
-2872
-2872
-2872
-2872
-2872
-2870
-2858
-2854
-2854
-2850
-2848
-2848
-2854
-2854
-2870
-2876
-2880
-2880
-2880
-2880
-2880
-2874
-2868
-2860
-2862
-2854
-2852
-2840
-2830
-2838
-2834
-2834
-2836
-2832
-2830
-2830
-2830
-2824
-2812
-2812
-2816
-2814
-2816
-2816
-2804
-2802
-2802
-2802
-2800
-2800
-2790
-2790
-2790
-2792
-2784
-2784
-2784
-2780
-2790
-2790
-2790
-2790
-2790
-2790
-2794
-2794
-2794
-2794
-2794
-2790
-2790
-2790
-2790
-2790
-2790
-2790
-2790
-2790
-2774
-2774
-2774
-2774
-2774
-2764
-2764
-2764
-2762
-2762
-2762
-2752
-2760
-2760
-2760
-2760
-2756
-2756
-2756
-2756
-2748
-2744
-2744
-2744
-2744
-2764
-2764
-2764
-2764
-2764
-2770
-2770
-2770
-2770
-2770
-2778
-2778
-2788
-2792
-2784
-2778
-2774
-2774
-2774
-2774
-2778
-2778
-2778
-2774
-2774
-2774
-2774
-2774
-2774
-2774
-2762
-2760
-2760
-2762
-2756
-2762
-2762
-2764
-2752
-2752
-2750
-2750
-2750
-2752
-2752
-2752
-2738
-2728
-2728
-2728
-2728
-2728
-2728
-2732
-2732
-2732
-2730
-2730
-2734
-2734
-2730
-2730
-2728
-2728
-2720
-2720
-2720
-2720
-2720
-2720
-2724
-2730
-2730
-2730
-2730
-2730
-2734
-2734
-2734
-2736
-2736
-2734
-2734
-2738
-2738
-2736
-2736
-2736
-2726
-2732
-2732
-2734
-2732
-2736
-2728
-2730
-2730
-2730
-2730
-2736
-2736
-2736
-2736
-2736
-2736
-2736
-2736
-2736
-2736
-2734
-2734
-2734
-2736
-2730
-2730
-2726
-2726
-2720
-2720
-2710
-2710
-2704
-2704
-2704
-2702
-2702
-2702
-2702
-2702
-2702
-2702
-2702
-2698
-2698
-2696
-2696
-2696
-2696
-2696
-2696
-2696
-2696
-2692
-2686
-2686
-2686
-2684
-2684
-2680
-2680
-2684
-2682
-2680
-2684
-2684
-2684
-2684
-2682
-2684
-2684
-2674
-2674
-2668
-2664
-2664
-2658
-2660
-2666
-2676
-2676
-2676
-2682
-2678
-2676
-2676
-2676
-2668
-2668
-2672
-2678
-2678
-2678
-2678
-2678
-2670
-2670
-2672
-2672
-2672
-2670
-2670
-2670
-2670
-2670
-2670
-2670
-2670
-2670
-2670
-2658
-2658
-2654
-2654
-2654
-2654
-2660
-2660
-2660
-2656
-2656
-2656
-2664
-2664
-2664
-2656
-2648
-2648
-2648
-2648
-2644
-2638
-2640
-2634
-2626
-2634
-2634
-2620
-2620
-2620
-2620
-2620
-2616
-2616
-2608
-2610
-2596
-2598
-2598
-2602
-2602
-2602
-2598
-2590
-2590
-2590
-2580
-2580
-2580
-2576
-2584
-2588
-2588
-2594
-2594
-2596
-2596
-2596
-2594
-2594
-2594
-2594
-2594
-2586
-2578
-2578
-2590
-2592
-2592
-2590
-2590
-2592
-2598
-2606
-2608
-2602
-2598
-2596
-2600
-2600
-2600
-2602
-2600
-2602
-2602
-2602
-2602
-2600
-2598
-2598
-2590
-2590
-2594
-2592
-2588
-2580
-2580
-2580
-2580
-2574
-2582
-2582
-2582
-2582
-2582
-2582
-2582
-2580
-2580
-2572
-2572
-2572
-2564
-2564
-2560
-2560
-2556
-2556
-2548
-2544
-2544
-2544
-2542
-2530
-2532
-2530
-2530
-2526
-2528
-2538
-2540
-2550
-2552
-2552
-2552
-2558
-2554
-2562
-2562
-2562
-2562
-2558
-2554
-2554
-2554
-2556
-2556
-2556
-2558
-2558
-2558
-2558
-2558
-2552
-2552
-2554
-2544
-2544
-2542
-2536
-2536
-2536
-2520
-2512
-2512
-2512
-2510
-2508
-2508
-2508
-2508
-2500
-2500
-2500
-2500
-2500
-2500
-2500
-2500
-2500
-2500
-2500
-2500
-2496
-2496
-2496
-2490
-2490
-2490
-2480
-2480
-2480
-2478
-2474
-2474
-2474
-2466
-2462
-2462
-2462
-2462
-2462
-2456
-2462
-2462
-2462
-2464
-2464
-2464
-2454
-2446
-2442
-2434
-2436
-2436
-2436
-2438
-2438
-2438
-2432
-2432
-2432
-2432
-2432
-2432
-2432
-2430
-2430
-2430
-2418
-2418
-2418
-2418
-2416
-2416
-2416
-2416
-2422
-2422
-2420
-2420
-2422
-2418
-2416
-2408
-2408
-2406
-2406
-2406
-2416
-2416
-2408
-2408
-2408
-2414
-2414
-2414
-2410
-2410
-2404
-2404
-2404
-2404
-2404
-2404
-2400
-2400
-2402
-2400
-2390
-2394
-2390
-2390
-2390
-2390
-2390
-2380
-2384
-2384
-2384
-2384
-2376
-2376
-2376
-2374
-2374
-2362
-2368
-2364
-2356
-2364
-2364
-2364
-2364
-2370
-2370
-2382
-2376
-2374
-2374
-2370
-2364
-2364
-2360
-2360
-2360
-2360
-2360
-2360
-2360
-2346
-2346
-2340
-2338
-2338
-2338
-2332
-2332
-2330
-2332
-2326
-2326
-2326
-2326
-2326
-2326
-2326
-2320
-2324
-2324
-2330
-2330
-2330
-2326
-2326
-2326
-2330
-2326
-2326
-2326
-2316
-2316
-2316
-2320
-2316
-2316
-2320
-2318
-2318
-2318
-2318
-2314
-2306
-2306
-2306
-2300
-2292
-2286
-2282
-2280
-2290
-2290
-2290
-2294
-2294
-2290
-2288
-2288
-2286
-2286
-2300
-2300
-2302
-2304
-2304
-2304
-2296
-2296
-2296
-2296
-2296
-2288
-2288
-2284
-2288
-2288
-2286
-2286
-2288
-2288
-2292
-2290
-2290
-2308
-2300
-2292
-2286
-2286
-2286
-2286
-2286
-2278
-2278
-2288
-2288
-2272
-2274
-2274
-2264
-2264
-2264
-2264
-2254
-2254
-2254
-2250
-2244
-2244
-2244
-2238
-2238
-2232
-2232
-2232
-2232
-2230
-2230
-2226
-2226
-2214
-2218
-2214
-2214
-2212
-2212
-2206
-2206
-2206
-2204
-2202
-2206
-2206
-2206
-2206
-2206
-2206
-2206
-2210
-2214
-2214
-2212
-2212
-2212
-2212
-2204
-2204
-2196
-2196
-2196
-2196
-2192
-2192
-2192
-2192
-2200
-2200
-2192
-2192
-2198
-2192
-2186
-2182
-2182
-2182
-2194
-2186
-2182
-2178
-2178
-2178
-2178
-2178
-2178
-2178
-2178
-2174
-2174
-2174
-2170
-2164
-2166
-2166
-2166
-2174
-2166
-2160
-2162
-2162
-2160
-2160
-2160
-2160
-2160
-2164
-2164
-2164
-2164
-2164
-2164
-2164
-2164
-2158
-2162
-2158
-2158
-2158
-2158
-2162
-2162
-2162
-2156
-2156
-2156
-2156
-2156
-2156
-2156
-2156
-2158
-2158
-2148
-2148
-2148
-2148
-2148
-2148
-2148
-2148
-2148
-2164
-2164
-2158
-2170
-2160
-2160
-2150
-2150
-2152
-2152
-2160
-2158
-2158
-2158
-2158
-2158
-2158
-2158
-2146
-2142
-2142
-2142
-2138
-2138
-2138
-2128
-2132
-2130
-2120
-2120
-2132
-2132
-2130
-2130
-2130
-2130
-2130
-2130
-2130
-2130
-2130
-2128
-2128
-2128
-2130
-2122
-2124
-2124
-2114
-2114
-2114
-2114
-2118
-2120
-2116
-2112
-2110
-2108
-2114
-2114
-2104
-2104
-2100
-2098
-2098
-2098
-2098
-2098
-2106
-2106
-2110
-2110
-2110
-2110
-2110
-2110
-2110
-2110
-2112
-2104
-2104
-2112
-2112
-2112
-2112
-2112
-2112
-2100
-2100
-2102
-2102
-2096
-2096
-2096
-2108
-2108
-2108
-2108
-2108
-2106
-2106
-2106
-2096
-2096
-2096
-2096
-2088
-2088
-2088
-2088
-2088
-2084
-2084
-2080
-2080
-2092
-2092
-2092
-2088
-2092
-2092
-2090
-2090
-2090
-2090
-2090
-2090
-2090
-2082
-2082
-2082
-2082
-2078
-2078
-2078
-2078
-2076
-2070
-2070
-2070
-2072
-2068
-2066
-2056
-2056
-2056
-2048
-2050
-2050
-2052
-2052
-2046
-2040
-2030
-2030
-2030
-2022
-2022
-2018
-2012
-2012
-2012
-1998
-1998
-1998
-1998
-1994
-1994
-1990
-1990
-1996
-1996
-2002
-2002
-1994
-1998
-1998
-1998
-1992
-1992
-1992
-1984
-1970
-1970
-1970
-1970
-1970
-1970
-1972
-1972
-1972
-1972
-1968
-1980
-1980
-1980
-1984
-1984
-1988
-1978
-1978
-1978
-1972
-1972
-1972
-1972
-1972
-1970
-1976
-1974
-1974
-1968
-1974
-1974
-1974
-1982
-1982
-1982
-1966
-1960
-1960
-1956
-1956
-1956
-1960
-1952
-1952
-1952
-1952
-1950
-1946
-1934
-1924
-1924
-1924
-1928
-1928
-1928
-1928
-1928
-1928
-1928
-1928
-1930
-1930
-1930
-1924
-1914
-1914
-1914
-1914
-1912
-1910
-1918
-1908
-1908
-1922
-1928
-1928
-1932
-1932
-1926
-1922
-1922
-1922
-1922
-1924
-1916
-1910
-1902
-1904
-1904
-1908
-1908
-1908
-1908
-1908
-1904
-1904
-1902
-1902
-1902
-1902
-1902
-1904
-1890
-1886
-1886
-1888
-1882
-1882
-1882
-1886
-1886
-1886
-1878
-1876
-1876
-1872
-1872
-1868
-1868
-1862
-1862
-1860
-1856
-1856
-1860
-1860
-1854
-1858
-1856
-1856
-1856
-1856
-1856
-1856
-1850
-1850
-1850
-1844
-1842
-1846
-1846
-1846
-1850
-1850
-1850
-1850
-1846
-1836
-1836
-1836
-1836
-1822
-1832
-1820
-1814
-1810
-1810
-1810
-1802
-1804
-1808
-1816
-1814
-1814
-1804
-1798
-1790
-1790
-1782
-1782
-1782
-1780
-1780
-1784
-1784
-1784
-1776
-1768
-1772
-1770
-1770
-1770
-1776
-1776
-1778
-1774
-1768
-1768
-1758
-1756
-1756
-1760
-1752
-1744
-1744
-1738
-1736
-1736
-1740
-1740
-1728
-1730
-1728
-1726
-1726
-1728
-1724
-1720
-1720
-1716
-1716
-1716
-1718
-1718
-1714
-1710
-1710
-1712
-1712
-1712
-1712
-1706
-1706
-1706
-1712
-1712
-1712
-1712
-1712
-1710
-1710
-1708
-1708
-1708
-1710
-1718
-1718
-1714
-1704
-1710
-1710
-1710
-1710
-1710
-1710
-1710
-1710
-1708
-1706
-1706
-1706
-1706
-1714
-1714
-1720
-1720
-1720
-1724
-1724
-1724
-1724
-1716
-1716
-1708
-1706
-1704
-1708
-1712
-1702
-1702
-1702
-1702
-1694
-1694
-1694
-1688
-1688
-1670
-1670
-1676
-1676
-1676
-1676
-1678
-1682
-1674
-1674
-1674
-1674
-1668
-1668
-1668
-1666
-1666
-1666
-1658
-1658
-1658
-1658
-1658
-1658
-1658
-1658
-1662
-1662
-1662
-1658
-1658
-1658
-1652
-1644
-1644
-1644
-1644
-1628
-1628
-1628
-1628
-1628
-1628
-1620
-1614
-1610
-1606
-1606
-1606
-1606
-1608
-1608
-1602
-1606
-1594
-1594
-1598
-1606
-1596
-1598
-1598
-1602
-1600
-1600
-1600
-1604
-1606
-1598
-1598
-1608
-1602
-1598
-1602
-1602
-1602
-1602
-1604
-1604
-1604
-1604
-1604
-1604
-1616
-1610
-1610
-1610
-1622
-1622
-1622
-1626
-1624
-1624
-1626
-1624
-1628
-1622
-1622
-1622
-1626
-1618
-1618
-1622
-1622
-1622
-1610
-1610
-1610
-1608
-1600
-1600
-1602
-1594
-1594
-1594
-1602
-1594
-1594
-1598
-1598
-1598
-1586
-1584
-1586
-1578
-1578
-1592
-1592
-1594
-1594
-1594
-1598
-1590
-1588
-1600
-1600
-1592
-1592
-1598
-1602
-1602
-1602
-1592
-1582
-1584
-1584
-1584
-1576
-1576
-1576
-1576
-1572
-1574
-1578
-1574
-1576
-1576
-1576
-1572
-1572
-1572
-1572
-1572
-1572
-1572
-1572
-1572
-1572
-1576
-1576
-1576
-1576
-1576
-1570
-1570
-1578
-1574
-1574
-1574
-1572
-1572
-1572
-1572
-1572
-1562
-1556
-1556
-1554
-1552
-1546
-1544
-1544
-1552
-1552
-1554
-1564
-1572
-1568
-1574
-1574
-1574
-1570
-1570
-1568
-1562
-1566
-1566
-1566
-1566
-1562
-1560
-1560
-1560
-1568
-1564
-1564
-1564
-1564
-1560
-1560
-1560
-1560
-1562
-1572
-1572
-1568
-1570
-1564
-1564
-1564
-1564
-1564
-1568
-1566
-1566
-1566
-1562
-1562
-1552
-1552
-1552
-1554
-1554
-1554
-1554
-1554
-1550
-1550
-1550
-1544
-1544
-1544
-1544
-1532
-1532
-1532
-1532
-1526
-1524
-1524
-1524
-1524
-1524
-1526
-1526
-1522
-1520
-1522
-1522
-1522
-1522
-1522
-1522
-1528
-1528
-1528
-1528
-1528
-1522
-1522
-1522
-1524
-1518
-1514
-1508
-1508
-1508
-1508
-1506
-1506
-1512
-1502
-1498
-1498
-1498
-1496
-1496
-1496
-1498
-1498
-1498
-1494
-1494
-1494
-1496
-1496
-1496
-1496
-1496
-1496
-1496
-1484
-1486
-1480
-1480
-1478
-1484
-1484
-1484
-1482
-1482
-1476
-1480
-1476
-1476
-1470
-1470
-1470
-1462
-1454
-1456
-1470
-1470
-1466
-1466
-1466
-1462
-1462
-1462
-1462
-1462
-1450
-1446
-1446
-1444
-1436
-1436
-1436
-1436
-1436
-1436
-1436
-1436
-1436
-1436
-1438
-1432
-1432
-1440
-1440
-1440
-1444
-1442
-1436
-1436
-1440
-1440
-1440
-1434
-1434
-1434
-1430
-1422
-1418
-1418
-1418
-1418
-1418
-1418
-1418
-1418
-1418
-1418
-1428
-1434
-1434
-1434
-1434
-1426
-1432
-1422
-1420
-1416
-1412
-1408
-1408
-1408
-1408
-1398
-1396
-1394
-1400
-1406
-1406
-1406
-1406
-1406
-1406
-1410
-1414
-1414
-1414
-1414
-1414
-1420
-1420
-1412
-1412
-1404
-1412
-1412
-1412
-1412
-1412
-1412
-1418
-1418
-1418
-1410
-1410
-1408
-1396
-1398
-1398
-1394
-1388
-1384
-1384
-1384
-1376
-1372
-1372
-1376
-1372
-1372
-1372
-1372
-1374
-1374
-1378
-1378
-1366
-1366
-1366
-1366
-1366
-1366
-1366
-1366
-1358
-1356
-1350
-1348
-1348
-1350
-1352
-1354
-1352
-1352
-1352
-1346
-1342
-1342
-1340
-1340
-1340
-1340
-1338
-1338
-1338
-1338
-1334
-1334
-1334
-1330
-1330
-1332
-1332
-1332
-1332
-1342
-1342
-1342
-1342
-1340
-1336
-1336
-1336
-1336
-1336
-1326
-1326
-1326
-1340
-1340
-1340
-1338
-1336
-1328
-1324
-1324
-1324
-1330
-1330
-1330
-1332
-1332
-1332
-1336
-1336
-1336
-1336
-1336
-1336
-1336
-1336
-1330
-1330
-1330
-1330
-1330
-1328
-1328
-1328
-1328
-1328
-1328
-1326
-1328
-1322
-1322
-1322
-1326
-1326
-1326
-1330
-1330
-1330
-1332
-1332
-1332
-1328
-1328
-1328
-1328
-1328
-1328
-1328
-1328
-1328
-1328
-1328
-1328
-1328
-1328
-1328
-1336
-1332
-1328
-1330
-1326
-1326
-1324
-1330
-1340
-1340
-1332
-1322
-1320
-1318
-1318
-1306
-1304
-1304
-1296
-1298
-1298
-1298
-1298
-1302
-1302
-1296
-1296
-1296
-1296
-1296
-1296
-1296
-1296
-1296
-1296
-1294
-1294
-1288
-1288
-1286
-1286
-1282
-1274
-1270
-1270
-1270
-1270
-1258
-1262
-1262
-1262
-1262
-1266
-1266
-1266
-1264
-1264
-1264
-1264
-1264
-1256
-1256
-1256
-1256
-1252
-1252
-1242
-1242
-1242
-1242
-1242
-1236
-1226
-1226
-1224
-1224
-1224
-1230
-1230
-1230
-1234
-1234
-1232
-1232
-1228
-1226
-1226
-1226
-1226
-1222
-1224
-1234
-1230
-1230
-1230
-1222
-1222
-1222
-1222
-1222
-1220
-1220
-1216
-1210
-1210
-1210
-1210
-1214
-1214
-1214
-1214
-1214
-1214
-1214
-1208
-1202
-1202
-1206
-1202
-1202
-1196
-1198
-1198
-1198
-1198
-1198
-1198
-1200
-1200
-1200
-1190
-1190
-1190
-1196
-1190
-1194
-1194
-1188
-1182
-1182
-1182
-1182
-1182
-1186
-1186
-1186
-1184
-1184
-1184
-1176
-1170
-1170
-1170
-1170
-1170
-1170
-1170
-1170
-1170
-1182
-1182
-1176
-1170
-1172
-1172
-1172
-1172
-1172
-1172
-1176
-1164
-1164
-1150
-1142
-1142
-1142
-1142
-1142
-1142
-1142
-1142
-1142
-1142
-1142
-1142
-1142
-1144
-1146
-1146
-1146
-1140
-1140
-1140
-1140
-1140
-1138
-1134
-1134
-1130
-1130
-1130
-1130
-1130
-1130
-1130
-1130
-1130
-1118
-1122
-1122
-1122
-1122
-1122
-1122
-1124
-1124
-1124
-1124
-1120
-1114
-1106
-1106
-1108
-1102
-1102
-1096
-1096
-1092
-1088
-1094
-1094
-1094
-1090
-1080
-1082
-1082
-1082
-1080
-1080
-1080
-1082
-1092
-1094
-1094
-1094
-1102
-1102
-1098
-1098
-1094
-1094
-1094
-1094
-1094
-1094
-1104
-1104
-1104
-1104
-1104
-1104
-1110
-1110
-1110
-1110
-1114
-1114
-1118
-1122
-1122
-1122
-1122
-1122
-1124
-1128
-1132
-1122
-1128
-1128
-1126
-1126
-1126
-1126
-1126
-1126
-1132
-1132
-1128
-1128
-1126
-1126
-1126
-1126
-1126
-1132
-1132
-1132
-1130
-1130
-1134
-1134
-1130
-1130
-1134
-1144
-1132
-1128
-1132
-1142
-1142
-1132
-1132
-1128
-1128
-1126
-1116
-1116
-1112
-1114
-1108
-1106
-1106
-1100
-1100
-1100
-1102
-1102
-1102
-1098
-1112
-1112
-1112
-1112
-1114
-1118
-1122
-1122
-1124
-1120
-1116
-1116
-1114
-1112
-1126
-1132
-1132
-1140
-1142
-1134
-1134
-1134
-1126
-1116
-1116
-1116
-1114
-1110
-1114
-1116
-1130
-1130
-1126
-1122
-1122
-1114
-1114
-1108
-1108
-1116
-1116
-1114
-1108
-1108
-1122
-1122
-1130
-1130
-1122
-1120
-1116
-1116
-1122
-1122
-1122
-1122
-1124
-1124
-1124
-1134
-1132
-1132
-1132
-1132
-1132
-1132
-1132
-1132
-1144
-1144
-1144
-1146
-1146
-1146
-1154
-1156
-1152
-1152
-1152
-1164
-1164
-1168
-1170
-1176
-1174
-1166
-1162
-1156
-1156
-1162
-1162
-1162
-1162
-1162
-1156
-1158
-1158
-1156
-1158
-1154
-1154
-1150
-1144
-1144
-1144
-1144
-1144
-1146
-1146
-1140
-1142
-1146
-1146
-1150
-1144
-1144
-1144
-1144
-1144
-1144
-1138
-1138
-1138
-1148
-1140
-1144
-1144
-1146
-1146
-1146
-1146
-1156
-1156
-1156
-1156
-1156
-1156
-1156
-1156
-1156
-1156
-1156
-1162
-1166
-1168
-1168
-1158
-1158
-1158
-1152
-1154
-1154
-1154
-1154
-1154
-1154
-1154
-1148
-1156
-1156
-1156
-1160
-1160
-1160
-1160
-1160
-1160
-1160
-1160
-1162
-1162
-1162
-1162
-1168
-1168
-1172
-1176
-1178
-1174
-1174
-1174
-1170
-1166
-1166
-1172
-1172
-1172
-1176
-1176
-1172
-1170
-1182
-1172
-1172
-1172
-1168
-1164
-1164
-1164
-1164
-1164
-1164
-1162
-1164
-1158
-1154
-1148
-1148
-1152
-1152
-1152
-1152
-1152
-1148
-1148
-1148
-1148
-1148
-1154
-1154
-1154
-1154
-1152
-1152
-1152
-1154
-1152
-1152
-1152
-1152
-1148
-1148
-1148
-1148
-1148
-1148
-1148
-1140
-1140
-1126
-1126
-1126
-1128
-1128
-1128
-1120
-1124
-1124
-1124
-1124
-1124
-1124
-1124
-1122
-1116
-1124
-1126
-1120
-1120
-1120
-1122
-1118
-1118
-1110
-1110
-1100
-1094
-1094
-1088
-1088
-1088
-1076
-1070
-1070
-1060
-1052
-1046
-1040
-1040
-1036
-1036
-1032
-1032
-1022
-1022
-1020
-1020
-1022
-1030
-1022
-1022
-1022
-1022
-1022
-1022
-1016
-1016
-1010
-1010
-1010
-1010
-1008
-1008
-1014
-1014
-1006
-1008
-1008
-1008
-1008
-1008
-1008
-1012
-1010
-1010
-1010
-1010
-1010
-1012
-1012
-1008
-1008
-1000
-1000
-1000
-996
-1002
-1008
-1008
-1010
-1010
-1004
-1004
-1004
-1010
-1010
-1010
-1006
-1014
-1008
-1008
-1004
-1006
-1006
-1006
-1006
-1006
-1006
-1006
-1006
-1006
-1002
-1000
-1000
-1000
-996
-996
-996
-992
-998
-988
-988
-988
-984
-984
-990
-990
-990
-994
-994
-994
-994
-994
-1000
-1000
-1006
-1006
-1000
-1000
-992
-996
-996
-990
-990
-992
-992
-990
-988
-994
-986
-986
-980
-980
-978
-978
-978
-966
-970
-970
-970
-964
-964
-964
-964
-962
-956
-956
-956
-956
-956
-950
-950
-950
-950
-940
-934
-932
-936
-936
-936
-936
-936
-932
-932
-932
-928
-928
-926
-926
-926
-926
-920
-926
-918
-902
-898
-894
-892
-892
-892
-892
-892
-894
-890
-884
-884
-884
-888
-886
-886
-886
-882
-888
-884
-884
-888
-884
-884
-892
-896
-898
-898
-900
-900
-900
-898
-898
-902
-902
-902
-902
-902
-900
-892
-886
-886
-878
-878
-884
-884
-890
-890
-886
-892
-892
-892
-898
-898
-900
-898
-898
-898
-890
-882
-884
-882
-882
-882
-882
-882
-886
-892
-892
-892
-886
-886
-884
-878
-882
-880
-884
-886
-882
-882
-882
-876
-876
-876
-876
-874
-874
-874
-874
-866
-866
-866
-866
-866
-866
-866
-866
-866
-866
-868
-868
-864
-864
-860
-848
-850
-858
-866
-866
-866
-866
-866
-866
-866
-866
-866
-866
-866
-866
-866
-864
-864
-864
-864
-864
-870
-870
-870
-868
-866
-872
-872
-872
-872
-872
-866
-866
-866
-864
-864
-866
-864
-864
-864
-872
-874
-880
-880
-882
-882
-882
-884
-888
-888
-872
-872
-868
-868
-868
-868
-868
-876
-870
-860
-860
-872
-868
-872
-872
-872
-868
-864
-860
-860
-862
-870
-870
-862
-862
-870
-870
-870
-870
-864
-864
-868
-858
-852
-844
-844
-838
-838
-838
-840
-840
-840
-840
-840
-836
-836
-836
-828
-828
-828
-828
-828
-828
-820
-820
-820
-816
-816
-816
-810
-810
-810
-808
-808
-808
-812
-816
-816
-818
-814
-814
-804
-804
-804
-806
-806
-806
-808
-814
-798
-798
-790
-790
-790
-788
-788
-782
-776
-776
-774
-778
-778
-778
-778
-778
-772
-776
-774
-776
-778
-788
-788
-788
-788
-788
-788
-788
-786
-790
-790
-792
-792
-790
-790
-790
-790
-792
-792
-792
-792
-792
-788
-780
-780
-784
-776
-768
-768
-776
-776
-776
-776
-776
-776
-776
-768
-766
-768
-768
-772
-766
-766
-764
-764
-770
-770
-770
-770
-770
-762
-762
-762
-762
-752
-752
-746
-746
-746
-746
-748
-750
-750
-750
-750
-756
-754
-754
-754
-754
-754
-754
-748
-744
-742
-742
-742
-742
-734
-734
-734
-744
-744
-744
-744
-744
-744
-740
-740
-740
-748
-748
-752
-748
-746
-734
-730
-730
-724
-736
-732
-730
-726
-728
-728
-728
-722
-720
-722
-722
-722
-714
-714
-714
-714
-714
-712
-712
-712
-720
-720
-720
-722
-720
-724
-722
-722
-722
-722
-722
-722
-722
-722
-714
-714
-714
-712
-716
-718
-722
-722
-722
-720
-710
-706
-706
-706
-698
-698
-698
-698
-702
-702
-702
-700
-700
-700
-708
-708
-714
-708
-702
-704
-704
-704
-704
-700
-700
-700
-700
-698
-696
-696
-696
-690
-690
-694
-694
-688
-688
-688
-680
-680
-680
-680
-674
-678
-672
-672
-664
-672
-666
-666
-662
-662
-654
-658
-658
-662
-656
-658
-662
-662
-662
-662
-658
-658
-658
-648
-640
-640
-642
-642
-642
-642
-646
-648
-636
-636
-636
-636
-636
-632
-632
-622
-622
-622
-622
-622
-622
-614
-614
-618
-618
-614
-614
-598
-600
-600
-600
-600
-604
-604
-600
-600
-600
-604
-604
-606
-606
-606
-606
-604
-598
-594
-594
-594
-598
-600
-600
-600
-606
-610
-614
-612
-612
-604
-604
-602
-602
-602
-608
-608
-604
-604
-602
-602
-606
-606
-608
-608
-608
-608
-608
-612
-616
-624
-618
-618
-612
-612
-612
-608
-608
-608
-608
-596
-596
-590
-590
-590
-590
-590
-586
-586
-586
-582
-582
-582
-578
-576
-576
-576
-572
-574
-574
-578
-578
-572
-572
-572
-568
-568
-568
-568
-568
-568
-568
-570
-576
-576
-576
-576
-576
-576
-576
-576
-576
-576
-576
-576
-576
-574
-578
-578
-578
-578
-578
-578
-574
-574
-570
-570
-566
-562
-558
-558
-558
-558
-558
-558
-558
-558
-544
-542
-542
-546
-544
-544
-544
-544
-540
-540
-540
-540
-544
-552
-558
-558
-560
-560
-560
-560
-560
-560
-560
-560
-560
-560
-560
-560
-560
-556
-546
-542
-542
-538
-538
-532
-532
-532
-530
-530
-522
-522
-522
-522
-522
-522
-520
-520
-530
-528
-528
-528
-514
-506
-506
-506
-508
-504
-508
-504
-504
-504
-504
-488
-488
-488
-490
-494
-494
-494
-486
-486
-486
-486
-486
-478
-478
-476
-476
-488
-488
-490
-490
-490
-490
-484
-484
-484
-474
-470
-480
-486
-482
-486
-486
-496
-496
-494
-488
-488
-488
-484
-486
-486
-486
-486
-486
-482
-494
-494
-494
-506
-506
-508
-520
-520
-514
-522
-528
-518
-516
-516
-516
-518
-518
-518
-518
-510
-498
-498
-498
-498
-498
-498
-498
-490
-484
-484
-484
-484
-482
-482
-482
-482
-482
-482
-494
-496
-490
-490
-490
-490
-492
-492
-492
-480
-480
-478
-478
-478
-470
-470
-472
-472
-470
-470
-460
-454
-448
-458
-458
-458
-452
-452
-444
-442
-440
-440
-444
-450
-450
-450
-450
-450
-444
-444
-436
-434
-436
-448
-448
-444
-444
-444
-444
-434
-434
-434
-434
-434
-434
-434
-438
-428
-428
-418
-416
-410
-410
-410
-410
-406
-406
-406
-412
-414
-414
-414
-414
-420
-416
-408
-408
-408
-400
-398
-398
-398
-398
-392
-396
-396
-396
-396
-394
-394
-394
-394
-398
-398
-398
-398
-400
-400
-404
-404
-404
-402
-402
-402
-410
-416
-416
-416
-410
-410
-410
-418
-414
-414
-414
-414
-418
-412
-412
-412
-410
-412
-412
-402
-402
-396
-394
-398
-400
-400
-400
-400
-400
-402
-402
-402
-402
-402
-402
-400
-400
-406
-406
-410
-410
-410
-418
-422
-422
-422
-422
-412
-400
-398
-394
-402
-402
-406
-408
-408
-408
-408
-408
-416
-416
-426
-426
-422
-422
-422
-422
-424
-426
-432
-432
-432
-432
-432
-434
-438
-438
-438
-440
-440
-448
-448
-448
-450
-446
-446
-444
-446
-446
-444
-450
-450
-452
-452
-452
-454
-444
-444
-444
-444
-448
-456
-462
-456
-456
-456
-466
-466
-466
-466
-466
-466
-466
-466
-466
-460
-460
-460
-462
-462
-454
-448
-448
-450
-450
-450
-450
-450
-450
-450
-450
-450
-450
-448
-448
-452
-452
-452
-452
-452
-454
-454
-462
-452
-452
-444
-444
-444
-448
-448
-448
-448
-448
-446
-446
-446
-446
-446
-450
-450
-452
-452
-452
-448
-456
-450
-450
-452
-452
-450
-450
-450
-450
-450
-450
-450
-450
-460
-454
-464
-468
-478
-478
-482
-482
-486
-488
-496
-496
-496
-510
-510
-510
-510
-510
-510
-510
-498
-498
-498
-498
-494
-494
-494
-494
-494
-496
-496
-496
-490
-490
-490
-488
-496
-490
-490
-490
-484
-490
-490
-490
-488
-480
-480
-480
-478
-478
-478
-478
-478
-478
-478
-478
-488
-488
-488
-498
-498
-498
-490
-490
-486
-484
-486
-480
-488
-494
-494
-488
-482
-478
-478
-470
-470
-470
-474
-474
-474
-474
-474
-476
-476
-476
-476
-476
-476
-476
-482
-482
-482
-494
-486
-488
-488
-488
-492
-492
-492
-492
-492
-496
-496
-496
-496
-496
-496
-496
-496
-494
-494
-496
-490
-488
-492
-490
-494
-494
-494
-494
-494
-496
-504
-504
-496
-488
-488
-486
-486
-480
-480
-484
-486
-486
-490
-490
-490
-494
-496
-496
-496
-492
-490
-490
-490
-492
-492
-506
-502
-502
-502
-498
-498
-498
-498
-488
-488
-488
-484
-480
-480
-480
-480
-484
-480
-480
-480
-474
-474
-474
-474
-472
-472
-472
-472
-472
-468
-468
-468
-468
-468
-464
-464
-476
-476
-476
-472
-472
-462
-462
-470
-476
-476
-476
-476
-476
-474
-474
-474
-472
-460
-460
-460
-460
-458
-458
-454
-454
-454
-454
-454
-448
-448
-462
-468
-468
-472
-466
-466
-466
-466
-466
-466
-466
-456
-456
-452
-456
-454
-454
-454
-454
-456
-456
-456
-456
-454
-450
-450
-448
-448
-448
-438
-440
-432
-426
-430
-430
-432
-428
-428
-432
-432
-432
-432
-432
-426
-418
-418
-418
-430
-428
-428
-428
-424
-424
-420
-420
-418
-418
-418
-420
-418
-412
-410
-406
-406
-406
-406
-406
-406
-406
-406
-410
-400
-400
-402
-402
-406
-398
-390
-388
-378
-374
-378
-378
-378
-378
-378
-378
-374
-372
-364
-364
-364
-362
-358
-358
-358
-358
-350
-340
-342
-342
-342
-342
-346
-346
-346
-346
-336
-340
-336
-336
-336
-340
-346
-346
-346
-346
-356
-356
-356
-356
-352
-344
-344
-344
-344
-348
-344
-344
-344
-338
-332
-334
-342
-342
-342
-338
-338
-338
-338
-338
-342
-344
-344
-336
-330
-330
-332
-328
-328
-324
-324
-324
-324
-318
-316
-316
-316
-316
-314
-314
-314
-314
-320
-320
-320
-320
-328
-328
-332
-328
-316
-314
-314
-320
-328
-326
-326
-326
-326
-326
-326
-320
-320
-326
-326
-326
-334
-334
-334
-334
-334
-334
-328
-328
-334
-334
-334
-334
-334
-324
-324
-324
-324
-324
-324
-330
-342
-334
-334
-334
-334
-326
-326
-326
-328
-330
-330
-326
-330
-330
-332
-326
-322
-318
-318
-318
-312
-312
-320
-324
-324
-324
-322
-322
-312
-312
-312
-312
-312
-320
-314
-306
-306
-306
-302
-302
-304
-296
-296
-296
-298
-304
-304
-304
-304
-312
-312
-314
-314
-310
-310
-312
-314
-310
-304
-304
-298
-300
-300
-300
-296
-286
-286
-286
-286
-278
-294
-294
-294
-294
-298
-292
-300
-300
-302
-302
-320
-320
-320
-320
-320
-322
-322
-322
-322
-322
-324
-324
-320
-320
-320
-320
-320
-314
-314
-314
-314
-314
-314
-318
-318
-316
-316
-310
-312
-316
-308
-308
-308
-310
-310
-310
-310
-312
-312
-318
-322
-316
-308
-304
-294
-294
-294
-294
-294
-294
-294
-292
-292
-292
-292
-292
-304
-304
-302
-302
-300
-300
-308
-300
-300
-298
-292
-282
-286
-286
-286
-286
-286
-284
-280
-272
-272
-272
-276
-276
-276
-276
-276
-274
-274
-288
-290
-288
-288
-288
-278
-278
-272
-270
-270
-258
-262
-258
-258
-244
-244
-252
-252
-252
-252
-252
-248
-250
-250
-250
-250
-248
-242
-242
-242
-242
-244
-240
-238
-238
-234
-228
-220
-214
-214
-224
-224
-224
-224
-224
-224
-212
-214
-210
-204
-204
-196
-194
-186
-180
-176
-172
-170
-170
-170
-178
-178
-174
-174
-174
-174
-176
-176
-176
-176
-168
-168
-168
-164
-168
-168
-170
-170
-170
-170
-164
-164
-164
-164
-164
-156
-156
-156
-156
-156
-156
-156
-160
-160
-160
-148
-148
-152
-152
-144
-140
-136
-144
-144
-146
-146
-146
-152
-158
-158
-152
-152
-152
-152
-148
-146
-146
-146
-146
-146
-156
-156
-158
-158
-164
-164
-162
-168
-168
-162
-158
-158
-154
-146
-148
-142
-142
-142
-140
-136
-140
-138
-138
-138
-138
-138
-138
-144
-144
-138
-144
-144
-144
-144
-144
-142
-136
-136
-132
-132
-136
-136
-136
-136
-136
-130
-132
-132
-132
-132
-130
-130
-138
-138
-148
-148
-148
-148
-148
-148
-148
-146
-146
-146
-150
-154
-154
-154
-154
-154
-166
-166
-166
-166
-166
-158
-158
-160
-160
-160
-162
-162
-162
-162
-162
-156
-140
-140
-138
-134
-138
-138
-138
-132
-132
-132
-130
-130
-122
-120
-116
-116
-116
-114
-122
-116
-120
-120
-120
-120
-118
-126
-134
-136
-130
-122
-122
-118
-124
-124
-130
-132
-134
-134
-130
-130
-130
-128
-134
-134
-136
-140
-156
-156
-156
-162
-166
-166
-166
-170
-170
-164
-164
-160
-164
-164
-164
-166
-166
-174
-172
-172
-172
-160
-160
-166
-166
-166
-170
-170
-170
-170
-170
-170
-164
-164
-156
-156
-154
-152
-152
-150
-152
-152
-152
-148
-148
-144
-134
-132
-132
-132
-134
-134
-134
-126
-130
-134
-134
-134
-134
-138
-138
-144
-146
-146
-142
-142
-142
-142
-138
-138
-136
-136
-136
-128
-128
-128
-130
-124
-124
-124
-122
-122
-122
-126
-124
-124
-124
-124
-124
-128
-128
-118
-110
-110
-110
-110
-108
-104
-96
-100
-108
-116
-116
-114
-114
