-2617
-2607
-2605
-2605
-2605
-2597
-2597
-2587
-2577
-2573
-2573
-2567
-2561
-2547
-2547
-2541
-2533
-2527
-2513
-2499
-2487
-2473
-2461
-2451
-2449
-2437
-2435
-2435
-2423
-2415
-2407
-2399
-2399
-2395
-2389
-2385
-2379
-2379
-2369
-2363
-2347
-2347
-2347
-2347
-2339
-2329
-2325
-2325
-2321
-2319
-2319
-2319
-2307
-2301
-2289
-2289
-2277
-2269
-2263
-2255
-2251
-2249
-2247
-2241
-2243
-2243
-2243
-2235
-2225
-2217
-2215
-2215
-2217
-2217
-2211
-2205
-2197
-2197
-2199
-2203
-2203
-2193
-2179
-2169
-2159
-2159
-2159
-2159
-2159
-2153
-2151
-2147
-2137
-2135
-2127
-2127
-2121
-2121
-2119
-2113
-2099
-2091
-2085
-2081
-2079
-2073
-2065
-2053
-2053
-2057
-2057
-2049
-2049
-2039
-2035
-2021
-2011
-2007
-2009
-1995
-1987
-1979
-1975
-1967
-1959
-1955
-1943
-1943
-1935
-1927
-1925
-1921
-1913
-1911
-1903
-1903
-1891
-1885
-1885
-1873
-1869
-1873
-1873
-1869
-1869
-1867
-1861
-1859
-1853
-1861
-1859
-1865
-1859
-1861
-1865
-1865
-1869
-1857
-1847
-1845
-1843
-1843
-1843
-1841
-1841
-1835
-1821
-1819
-1815
-1811
-1811
-1809
-1801
-1797
-1783
-1777
-1783
-1767
-1763
-1753
-1761
-1755
-1745
-1739
-1743
-1737
-1727
-1723
-1707
-1695
-1685
-1685
-1675
-1671
-1663
-1655
-1645
-1637
-1627
-1613
-1611
-1609
-1611
-1607
-1603
-1593
-1583
-1571
-1575
-1561
-1557
-1553
-1555
-1541
-1543
-1527
-1523
-1517
-1505
-1499
-1489
-1493
-1493
-1487
-1481
-1477
-1469
-1465
-1475
-1467
-1471
-1471
-1473
-1467
-1463
-1455
-1457
-1455
-1451
-1451
-1449
-1447
-1453
-1459
-1459
-1461
-1449
-1439
-1429
-1423
-1423
-1415
-1415
-1423
-1419
-1417
-1415
-1417
-1415
-1409
-1411
-1411
-1401
-1405
-1389
-1381
-1381
-1375
-1379
-1371
-1365
-1363
-1351
-1343
-1345
-1345
-1343
-1339
-1339
-1343
-1337
-1337
-1337
-1327
-1323
-1327
-1337
-1335
-1327
-1327
-1315
-1313
-1313
-1307
-1291
-1287
-1281
-1287
-1271
-1271
-1271
-1271
-1265
-1265
-1267
-1267
-1261
-1259
-1257
-1253
-1247
-1247
-1245
-1245
-1253
-1247
-1241
-1229
-1229
-1221
-1217
-1211
-1215
-1215
-1215
-1219
-1213
-1199
-1203
-1199
-1193
-1189
-1187
-1183
-1185
-1185
-1185
-1173
-1173
-1173
-1163
-1163
-1157
-1155
-1159
-1157
-1157
-1153
-1151
-1149
-1145
-1147
-1143
-1133
-1137
-1137
-1129
-1127
-1115
-1105
-1109
-1109
-1103
-1103
-1101
-1093
-1093
-1093
-1085
-1077
-1069
-1077
-1075
-1073
-1079
-1065
-1065
-1067
-1059
-1065
-1057
-1047
-1047
-1045
-1047
-1053
-1053
-1055
-1057
-1049
-1041
-1041
-1037
-1037
-1029
-1027
-1021
-1017
-1015
-1015
-1015
-1021
-1015
-1015
-1011
-999
-999
-999
-999
-999
-993
-981
-973
-969
-971
-971
-971
-971
-963
-969
-961
-959
-955
-949
-947
-947
-939
-951
-947
-939
-933
-927
-927
-927
-919
-919
-913
-913
-911
-911
-905
-901
-891
-881
-879
-883
-883
-883
-877
-877
-877
-869
-863
-857
-859
-853
-853
-853
-849
-849
-837
-845
-841
-829
-821
-813
-803
-807
-807
-801
-803
-799
-799
-789
-783
-797
-789
-781
-783
-779
-783
-779
-771
-763
-773
-769
-767
-759
-757
-749
-749
-749
-755
-759
-761
-761
-759
-759
-745
-745
-737
-737
-737
-737
-731
-725
-721
-721
-719
-719
-715
-719
-723
-725
-725
-713
-717
-725
-725
-723
-717
-717
-713
-713
-719
-709
-709
-707
-703
-701
-701
-695
-695
-695
-691
-685
-685
-689
-689
-685
-685
-683
-675
-677
-669
-667
-675
-679
-671
-675
-671
-673
-677
-679
-671
-671
-667
-667
-661
-661
-653
-651
-643
-641
-637
-637
-635
-633
-629
-619
-619
-623
-615
-611
-611
-611
-611
-611
-611
-605
-599
-599
-599
-595
-585
-579
-573
-573
-571
-567
-569
-561
-561
-555
-555
-547
-541
-547
-543
-553
-545
-541
-531
-531
-531
-521
-521
-513
-505
-513
-507
-519
-511
-513
-515
-509
-505
-503
-503
-503
-501
-497
-505
-499
-489
-481
-477
-477
-477
-475
-465
-461
-451
-451
-447
-447
-439
-439
-427
-415
-405
-413
-403
-403
-409
-413
-409
-401
-405
-409
-413
-409
-399
-403
-405
-405
-403
-395
-395
-395
-399
-399
-401
-399
-391
-397
-385
-379
-373
-365
-363
-357
-357
-365
-373
-367
-365
-367
-367
-365
-365
-365
-359
-355
-353
-361
-357
-353
-349
-349
-359
-351
-351
-349
-339
-339
-335
-335
-327
-333
-325
-325
-331
-329
-327
-327
-319
-323
-329
-327
-323
-319
-319
-315
-319
-323
-325
-325
-323
-329
-331
-325
-327
-327
-333
-331
-321
-337
-343
-343
-337
-339
-345
-345
-343
-343
-349
-335
-331
-331
-329
-321
-317
-321
-327
-319
-315
-313
-311
-311
-311
-311
-313
-311
-313
-313
-305
-303
-311
-307
-303
-311
-301
-293
-281
-291
-291
-291
-291
-283
-289
-289
-295
-291
-289
-289
-283
-283
-275
-273
-275
-271
-275
-273
-273
-267
-267
-267
-277
-279
-291
-289
-289
-281
-287
-279
-279
-279
-279
-287
-281
-281
-277
-263
-257
-257
-257
-261
-251
-237
-239
-241
-241
-243
-243
-233
-233
-235
-247
-247
-247
-247
-257
-259
-259
-259
-259
-253
-259
-269
-271
-267
-265
-267
-265
-263
-263
-265
-265
-261
-261
-261
-261
-265
-263
-265
-273
-267
-265
-265
-265
-265
-261
-271
-273
-273
-271
-261
-261
-271
-259
-269
-269
-275
-279
-285
-283
-283
-283
-275
-275
-285
-275
-275
-281
-281
-279
-275
-275
-279
-275
-275
-273
-273
-271
-271
-271
-261
-261
-261
-253
-247
-247
-243
-243
-253
-247
-245
-245
-249
-249
-251
-259
-259
-257
-253
-257
-257
-257
-255
-255
-255
-255
-259
-255
-253
-247
-247
-249
-249
-251
-247
-249
-249
-251
-255
-255
-247
-247
-237
-237
-235
-229
-229
-229
-235
-243
-241
-245
-249
-243
-229
-233
-241
-239
-237
-237
-239
-243
-247
-241
-239
-239
-231
-237
-231
-223
-223
-219
-213
-213
-203
-211
-209
-213
-201
-201
-193
-189
-181
-177
-177
-177
-175
-163
-157
-157
-159
-155
-155
-151
-149
-137
-135
-133
-133
-127
-125
-119
-117
-119
-109
-109
-109
-103
-103
-101
-101
-101
-101
-101
-89
-87
-83
-89
-87
-87
-73
-73
-73
-73
-73
-73
-61
-69
-63
-65
-65
-61
-61
-65
-65
-63
-69
-69
-67
-61
-53
-47
-55
-55
-55
-43
-41
-43
-37
-35
-41
-47
-47
-45
-45
-45
-41
-41
-41
-39
-53
-53
-59
-59
-57
-57
-49
-33
-31
-31
-27
-27
-15
-3
-7
-5
-1
-1
-9
-7
-7
-9
-9
3
7
7
15
27
27
27
27
29
27
35
39
39
49
49
45
49
49
49
55
57
61
63
63
59
51
49
47
47
47
47
43
35
25
23
23
23
27
17
17
19
21
19
29
25
29
37
33
41
47
55
57
55
51
45
49
45
45
41
37
37
37
35
31
39
41
43
43
43
43
57
57
49
55
53
45
51
57
55
55
55
55
49
41
31
21
21
33
33
35
37
41
41
41
37
31
25
25
19
15
19
17
23
35
33
35
35
39
41
37
33
29
25
37
39
43
43
39
33
33
43
47
45
45
47
53
55
57
61
53
53
53
61
45
39
41
37
37
41
55
45
55
55
55
59
55
63
63
59
57
57
57
57
65
73
69
69
71
71
75
77
79
87
87
85
87
77
81
83
77
77
79
75
69
83
83
75
75
73
73
71
65
67
67
61
67
57
57
49
51
49
39
39
39
33
23
23
23
17
23
23
23
19
31
31
35
35
25
25
9
13
9
9
9
5
3
5
7
7
1
-3
-3
7
7
3
11
17
19
15
7
13
13
15
9
7
7
15
17
21
19
21
23
41
41
45
51
57
63
69
75
71
69
71
71
79
93
95
107
101
99
105
97
105
107
107
109
107
107
113
111
113
109
109
111
111
111
105
105
103
103
95
87
81
83
79
77
77
79
77
71
65
65
69
77
79
83
73
69
65
65
71
73
85
87
83
89
93
91
91
95
103
99
101
99
99
99
93
97
99
93
93
93
85
85
85
87
95
95
105
105
111
107
109
109
111
123
129
139
143
147
147
147
147
139
135
141
141
147
147
147
147
147
143
143
143
147
149
145
145
147
135
135
131
131
131
131
127
131
131
129
129
127
117
113
101
105
101
101
97
107
117
119
113
113
111
115
109
115
127
127
135
137
135
129
123
129
133
135
135
135
127
125
127
129
125
125
121
125
117
111
121
119
119
119
127
133
133
133
133
137
141
141
141
147
149
147
165
167
167
163
159
155
153
157
157
157
151
155
155
159
157
151
157
163
155
159
159
159
151
147
147
151
153
153
151
151
151
153
155
155
157
157
149
155
155
157
163
169
171
173
175
175
171
169
179
179
187
177
179
173
171
179
179
189
193
197
197
187
187
185
183
175
167
167
167
169
175
175
175
181
181
177
179
173
173
175
175
177
177
179
179
179
179
183
185
189
181
177
177
183
193
197
195
201
189
187
185
185
183
189
195
199
205
201
197
195
195
193
185
187
181
181
175
177
179
175
173
165
165
169
171
163
159
159
159
159
159
159
159
163
163
163
167
173
171
179
181
183
181
191
195
201
207
205
209
209
205
189
189
195
195
195
195
195
205
211
209
207
199
201
197
195
197
197
197
197
197
191
183
183
183
179
177
193
201
203
201
201
201
205
203
203
207
207
213
207
211
205
203
203
203
199
203
201
195
193
183
185
181
191
197
193
195
193
185
193
197
195
195
195
195
187
187
179
167
157
145
141
137
135
133
133
139
145
145
135
137
131
127
123
133
131
131
131
137
139
133
133
139
141
141
137
137
137
137
137
143
153
151
147
145
145
145
137
137
133
131
123
123
123
125
117
117
107
95
107
99
91
85
83
83
75
77
77
81
81
91
97
95
95
93
93
93
95
93
81
83
79
79
75
73
73
77
81
85
79
71
75
71
73
73
65
55
57
57
67
67
73
77
83
69
67
69
69
67
65
79
81
87
85
87
87
87
87
83
79
87
87
87
87
93
97
97
101
99
95
91
85
93
89
87
89
85
93
85
85
95
95
93
99
101
97
97
93
93
105
105
103
105
113
111
121
119
113
113
117
119
123
115
123
125
127
131
133
145
139
147
147
147
147
147
147
149
149
141
141
147
157
161
165
165
167
167
167
169
175
179
187
179
185
193
193
193
193
193
199
197
199
195
197
193
191
191
193
205
205
207
207
207
205
211
221
225
223
223
223
217
223
219
213
211
209
209
201
199
201
205
201
201
211
211
213
209
209
207
205
205
209
201
207
203
209
209
209
215
215
211
207
207
217
211
205
211
213
215
215
219
217
217
219
219
209
205
203
203
199
201
201
189
187
187
177
185
189
185
179
185
181
183
189
191
177
177
179
177
183
183
177
179
169
159
155
155
155
159
159
157
153
151
151
143
147
139
133
135
131
143
139
145
131
121
123
123
111
107
109
109
117
119
121
121
121
125
127
125
131
123
121
123
127
131
139
139
139
137
141
143
145
149
145
145
141
143
145
141
137
137
137
147
147
143
143
151
157
157
159
159
153
153
153
155
159
159
159
149
153
149
149
147
151
151
153
155
163
165
165
163
163
159
159
171
171
169
169
169
167
155
145
145
145
143
139
137
141
141
151
149
149
151
153
149
161
153
159
159
169
173
173
171
171
163
163
163
163
177
177
171
169
171
171
177
177
177
173
171
167
167
175
175
175
175
187
179
179
177
177
175
179
179
179
179
169
169
161
157
151
155
149
155
151
147
153
143
155
155
159
161
161
161
161
159
171
171
169
177
183
189
181
187
187
181
183
183
183
187
187
189
181
181
181
185
185
185
185
187
185
187
175
175
177
183
183
183
179
169
173
173
173
165
163
165
161
155
157
147
145
145
147
147
151
149
149
145
145
151
147
149
153
153
155
161
155
149
161
161
161
151
153
155
153
147
141
143
149
155
155
147
147
147
145
133
141
141
141
141
135
129
129
129
123
123
123
119
115
115
113
105
103
103
97
97
91
101
99
103
101
89
85
87
89
89
83
77
83
85
89
87
85
85
89
93
105
105
101
107
107
111
105
107
105
105
105
107
103
111
123
117
115
107
107
111
103
99
99
99
101
107
103
111
111
111
117
115
115
115
115
115
121
119
123
123
129
123
117
107
107
103
105
103
103
99
99
99
101
99
89
89
93
97
93
93
95
97
97
91
95
91
91
93
101
101
101
105
95
97
95
93
91
91
101
101
103
95
97
95
97
93
93
93
89
83
87
91
91
93
89
89
89
97
107
107
99
99
97
97
97
95
95
95
101
109
111
111
115
111
101
99
99
101
99
99
101
111
103
97
101
107
101
113
107
111
111
97
105
105
105
103
99
107
113
113
111
105
103
101
93
91
97
99
95
105
105
111
103
103
103
103
99
97
97
103
99
99
105
105
105
105
107
105
113
107
113
111
117
117
117
115
111
101
107
103
109
113
109
109
109
117
115
109
105
99
99
107
105
105
99
95
101
95
93
93
105
107
105
107
103
99
99
99
97
103
103
97
95
101
101
101
107
107
105
105
103
111
111
111
113
103
107
105
103
109
113
107
111
111
113
117
117
119
115
113
123
123
121
123
127
127
121
127
123
123
125
123
123
119
111
111
117
121
117
111
113
115
121
113
101
93
95
79
77
87
93
93
105
111
109
113
107
107
111
111
117
117
121
119
117
115
121
123
127
133
133
133
141
135
135
133
131
135
129
127
121
129
129
129
129
131
131
121
115
117
105
111
109
111
111
109
109
109
107
111
103
103
109
113
113
129
127
121
127
127
127
135
135
137
139
137
135
131
137
137
137
147
157
157
149
147
147
149
137
137
139
133
131
131
141
135
139
131
131
131
121
119
119
113
111
107
101
111
115
123
119
117
113
113
113
115
117
117
107
109
107
99
113
119
115
107
97
97
97
93
95
95
89
91
87
89
99
107
99
97
93
93
95
93
103
103
107
95
87
87
93
81
79
89
89
93
93
107
101
101
111
111
111
121
121
123
123
127
121
123
127
127
135
135
129
133
133
135
135
129
129
129
127
123
125
125
127
123
115
115
121
121
123
127
127
129
129
125
131
123
123
123
123
123
125
119
117
119
113
115
111
117
121
121
109
105
105
107
113
111
117
119
121
119
117
113
107
107
99
95
99
99
103
109
105
99
99
97
97
99
101
103
101
103
97
107
99
87
89
93
99
101
101
101
111
103
105
105
109
113
113
113
115
115
111
109
115
117
115
119
119
115
115
119
115
109
115
109
105
107
111
107
107
115
111
107
103
103
107
105
115
119
119
121
107
115
121
125
119
117
123
131
139
141
143
151
161
153
155
151
147
143
143
139
131
139
141
145
145
143
141
135
133
143
143
143
143
151
147
147
141
141
141
141
135
135
141
147
159
159
167
163
173
171
169
179
183
183
187
187
185
185
181
185
181
173
173
171
167
165
165
165
165
167
167
169
173
179
179
175
175
175
177
173
171
173
175
167
161
159
161
153
153
149
147
147
147
147
147
151
147
147
147
147
159
157
155
157
163
159
159
161
169
161
169
167
161
169
169
181
185
183
183
183
171
173
175
173
171
175
167
171
177
181
179
179
175
175
173
169
165
169
169
165
163
155
147
147
149
151
151
149
145
145
133
133
135
143
147
147
157
157
151
161
157
153
143
145
145
145
147
143
151
145
145
141
139
129
143
143
143
139
143
141
151
151
157
163
171
173
175
175
183
179
175
187
187
191
189
191
191
191
191
191
191
191
183
175
177
177
183
183
187
185
185
185
187
193
181
187
187
193
193
193
191
187
191
183
181
171
177
175
175
179
177
177
169
167
173
175
175
181
187
189
195
193
195
187
195
195
207
199
189
189
187
181
177
177
179
179
179
181
179
175
181
175
179
179
175
175
175
179
183
183
179
185
177
177
171
175
173
163
171
171
171
171
169
177
177
177
179
179
183
183
181
181
181
183
185
179
171
169
163
171
173
181
181
187
193
195
195
195
195
187
193
199
195
195
195
191
193
191
191
191
189
195
199
199
209
205
213
213
219
217
223
225
225
221
227
227
227
237
227
237
243
247
243
231
229
223
221
215
219
213
211
217
211
211
217
211
211
207
203
201
201
199
197
201
201
199
207
201
205
205
199
199
203
203
209
205
199
195
189
193
187
193
193
195
195
199
205
211
215
211
209
201
207
207
199
199
203
203
205
215
229
229
235
237
237
241
241
241
241
243
233
223
213
217
223
227
227
219
211
211
211
217
217
219
209
209
197
197
209
221
229
223
219
221
225
229
229
237
239
237
231
231
231
229
227
233
227
231
223
227
229
227
229
223
219
211
209
211
213
215
219
209
209
205
205
205
215
213
213
213
217
221
215
209
209
209
223
211
209
211
211
217
215
215
215
217
213
213
213
211
211
201
199
199
193
193
197
203
193
187
185
181
175
179
183
187
187
187
177
175
185
193
199
199
201
201
203
193
185
185
183
189
189
189
197
201
199
199
197
199
209
207
207
213
213
215
209
211
221
223
225
221
221
221
217
211
203
203
209
213
201
211
213
213
213
213
219
227
227
223
221
221
221
217
215
215
213
213
213
209
199
203
205
209
207
199
207
207
203
209
211
211
213
213
215
219
215
215
219
219
213
205
203
201
199
197
201
205
209
209
203
211
203
207
203
203
203
203
217
215
211
217
215
209
203
205
197
207
207
209
203
207
215
223
223
223
227
221
221
223
223
237
237
239
239
243
243
247
249
249
261
259
249
245
249
249
243
241
229
231
231
227
229
229
227
233
233
237
231
231
225
225
225
231
229
225
225
229
231
235
237
239
239
239
235
233
241
249
241
237
239
239
247
247
251
243
249
247
241
253
245
245
249
255
249
245
239
237
237
239
235
231
235
237
229
225
231
231
231
233
229
227
227
233
223
223
211
213
209
205
211
213
195
189
185
193
193
193
193
193
181
181
181
175
177
185
179
179
173
167
171
171
169
169
171
175
173
171
173
171
165
169
169
175
183
175
181
181
181
181
175
185
177
187
185
179
177
179
179
179
183
183
187
189
179
177
179
179
173
167
169
157
157
159
161
161
171
173
169
169
179
183
183
193
193
183
181
187
187
181
177
177
169
169
169
171
173
173
173
175
175
181
181
185
185
189
189
187
185
189
191
183
177
177
173
173
161
159
159
157
163
163
163
159
159
155
157
151
151
151
151
153
155
161
163
173
175
175
175
171
165
173
169
169
177
177
183
187
181
173
179
179
173
159
159
161
155
159
165
165
171
171
169
173
173
179
177
173
173
177
183
173
179
185
189
193
193
193
183
179
171
171
185
185
185
185
177
177
183
185
181
181
177
169
169
167
167
175
173
171
161
163
163
171
171
181
187
187
187
189
189
187
191
191
185
183
181
181
179
173
169
165
163
165
159
159
159
157
147
149
145
153
151
151
141
139
137
141
141
139
139
137
137
137
137
137
129
125
125
129
129
133
141
141
151
155
157
161
161
159
165
167
159
159
167
175
173
173
175
169
167
167
179
175
175
165
165
159
159
159
159
159
159
159
153
155
151
147
153
167
165
163
165
165
165
171
175
171
169
165
161
159
163
159
153
153
139
141
141
143
141
141
141
141
147
155
155
155
151
145
147
143
145
149
149
149
147
139
139
147
153
159
157
155
155
157
157
153
153
157
157
153
157
153
149
151
147
147
151
143
135
135
135
127
129
127
119
117
117
119
121
117
113
111
115
115
121
121
121
121
121
117
119
123
121
109
107
101
111
117
117
107
109
111
111
111
113
105
103
105
99
93
93
93
85
83
77
75
77
85
91
81
81
69
65
57
63
71
67
63
63
71
71
73
73
77
85
87
87
93
87
87
91
95
95
89
83
89
95
89
95
93
93
89
91
97
101
101
109
109
105
99
99
101
91
99
99
95
101
101
109
109
109
121
129
137
141
143
137
135
133
127
127
137
133
143
145
141
135
135
139
139
133
133
137
141
137
145
141
135
127
133
139
147
155
157
147
157
161
173
167
163
161
169
169
171
171
171
175
173
183
185
189
185
183
189
185
185
191
193
195
195
187
177
181
181
179
187
191
191
189
185
179
177
179
183
177
183
179
181
187
177
177
181
177
173
167
163
167
173
173
177
177
177
177
183
183
191
197
195
193
195
195
189
199
199
197
203
205
201
203
201
201
197
197
193
197
207
201
209
215
225
231
229
217
215
223
223
225
219
211
207
211
205
209
215
215
215
219
217
215
209
211
201
195
195
195
189
185
185
185
191
191
191
193
189
197
193
199
199
199
195
191
187
181
185
185
185
181
177
179
179
175
173
175
181
187
183
179
185
185
171
165
161
163
163
163
163
167
167
163
169
165
165
159
167
169
169
169
165
165
165
169
181
181
175
173
179
179
167
161
165
165
169
181
183
187
187
195
195
203
199
199
197
195
195
195
197
197
199
191
185
175
185
181
179
181
185
185
185
185
185
189
185
195
195
195
187
189
193
203
203
213
213
209
209
205
201
201
201
211
213
213
209
209
199
199
199
199
199
193
203
201
193
193
191
197
199
201
207
199
191
191
191
183
183
175
179
185
183
177
171
167
167
165
163
165
165
161
167
167
167
173
157
155
155
157
165
165
163
163
169
165
173
173
173
181
183
185
185
193
193
207
211
211
213
217
215
225
211
215
217
215
215
215
209
199
207
207
203
209
213
217
213
213
219
223
227
229
221
223
225
225
221
219
213
215
215
207
207
213
209
209
221
221
207
197
195
195
195
187
189
183
183
191
191
191
199
201
201
201
195
203
205
205
207
207
215
215
219
229
229
225
225
229
235
239
235
237
239
235
249
245
243
245
247
253
255
255
257
255
255
263
263
265
267
265
265
273
273
281
275
275
279
285
287
279
291
291
281
277
277
277
275
277
275
275
275
283
285
291
295
291
289
297
297
295
287
285
289
299
295
297
297
295
301
307
309
317
309
319
315
317
315
313
303
303
303
295
291
299
297
289
281
279
273
277
283
283
283
283
283
283
295
293
289
289
289
285
279
283
283
281
283
277
277
281
281
281
291
291
293
297
299
293
283
283
283
283
277
271
269
271
259
259
253
243
257
249
251
253
251
247
239
237
233
229
235
235
235
237
233
235
231
229
231
233
229
223
219
221
221
209
215
207
199
199
193
191
195
195
193
197
207
207
207
201
195
193
185
189
191
185
185
189
185
183
183
187
187
187
183
177
177
185
183
183
181
185
189
183
183
183
187
185
183
185
185
191
191
195
205
201
199
199
199
191
189
191
193
193
187
191
183
167
167
171
165
169
169
163
167
163
161
161
159
165
165
165
155
147
151
151
149
161
163
159
151
157
157
157
161
163
161
163
169
171
167
165
171
175
173
185
181
181
177
177
185
175
169
169
169
173
163
163
159
157
159
155
161
165
151
151
153
157
157
157
159
157
151
151
151
159
149
151
153
159
165
171
167
167
169
165
165
167
165
163
159
163
165
165
165
167
171
181
181
175
175
179
183
185
193
197
191
191
183
187
175
183
183
175
179
187
187
187
189
183
183
179
179
177
183
181
183
181
183
183
177
171
173
179
183
191
189
181
197
201
203
199
199
193
201
201
197
203
197
197
191
199
199
191
185
187
193
187
191
189
189
185
185
191
191
191
187
191
185
191
191
185
177
171
177
177
179
169
165
165
167
167
175
181
189
193
191
195
201
213
209
219
215
217
219
219
225
233
235
231
227
229
223
221
215
207
211
217
221
221
219
223
219
215
213
213
211
203
213
221
221
221
221
221
227
223
225
231
227
225
225
229
231
231
231
233
229
233
231
227
217
223
229
233
227
227
213
213
213
215
219
219
217
207
207
193
191
181
183
191
191
183
181
181
187
187
199
201
201
189
183
185
191
191
195
195
191
193
193
187
181
185
185
185
189
181
185
181
185
183
195
201
199
199
193
183
189
185
185
193
193
197
197
189
197
205
205
205
211
209
213
209
211
211
205
201
197
197
199
203
203
211
217
223
219
229
229
231
229
237
237
241
241
251
257
259
259
257
257
267
267
267
273
271
275
281
287
289
291
295
293
301
293
287
293
291
281
279
277
279
281
279
269
265
265
265
267
261
261
265
269
277
279
279
287
279
269
271
265
263
271
267
275
281
279
279
281
277
273
281
277
273
265
265
263
267
267
259
261
265
263
263
263
261
263
253
253
245
251
255
255
255
251
249
249
245
239
239
233
227
239
241
237
231
229
225
227
229
229
229
225
235
229
239
235
237
239
251
259
259
249
249
249
243
241
241
241
241
247
245
247
245
247
241
241
237
237
241
239
241
241
235
239
243
249
251
245
245
241
245
251
251
245
253
253
253
253
265
261
261
259
259
263
263
267
275
269
271
267
267
267
269
269
271
271
269
269
267
273
269
261
269
265
259
259
263
263
257
253
253
247
249
249
243
251
257
257
257
259
259
259
253
253
263
255
255
265
265
263
257
253
253
245
243
237
237
231
235
231
239
239
237
239
239
249
249
249
263
263
263
269
267
267
265
263
251
257
255
257
255
247
247
247
247
243
243
243
245
245
249
261
269
275
269
275
265
271
271
265
257
257
249
251
253
253
253
261
257
257
257
259
263
259
263
259
259
243
243
243
245
241
255
259
255
255
253
253
253
249
255
255
255
253
249
249
257
257
253
253
259
269
269
261
261
261
261
253
259
259
267
267
267
265
277
263
267
269
269
273
279
287
281
285
289
287
285
285
281
273
277
287
283
289
297
289
287
293
295
295
289
289
299
299
299
297
297
301
303
291
287
287
299
295
297
295
287
283
285
287
287
287
283
275
275
277
277
273
277
275
265
261
255
255
259
261
257
263
257
257
247
243
245
247
251
247
247
247
247
253
255
257
255
255
257
265
261
269
273
277
277
279
275
275
269
265
257
261
265
265
253
265
261
259
257
255
255
247
249
245
249
255
255
255
253
253
251
249
249
247
257
257
257
253
257
253
261
261
269
273
271
273
275
275
275
275
283
281
283
281
289
293
283
289
289
289
289
291
291
291
295
301
289
289
291
285
285
279
281
277
277
275
271
273
271
263
263
255
253
247
247
251
267
271
271
271
271
271
269
269
267
267
265
267
263
263
267
257
269
275
275
273
273
269
275
287
279
283
287
287
289
291
305
305
305
309
309
301
299
299
287
277
275
269
265
249
247
243
243
243
243
239
231
223
223
227
227
229
231
225
223
227
229
225
225
227
235
223
223
227
229
233
239
235
227
237
229
229
227
223
221
219
219
219
227
227
229
229
229
225
229
229
229
233
235
233
233
233
237
233
233
241
243
245
245
247
243
233
241
247
247
243
233
229
237
237
239
245
237
237
247
247
243
243
247
255
259
249
253
255
255
259
259
263
267
257
249
241
245
237
239
245
245
235
235
235
223
223
223
225
229
229
225
235
239
237
237
239
237
237
245
233
233
241
249
253
257
265
257
263
267
273
273
273
271
277
275
275
271
277
273
265
271
271
275
275
275
279
277
281
279
277
275
275
285
283
287
287
283
287
285
295
307
305
305
297
299
301
303
297
297
293
297
297
295
297
297
301
305
307
307
309
305
305
301
301
305
303
299
295
297
297
291
287
273
273
273
281
275
265
265
265
257
257
247
245
245
243
239
239
237
237
231
233
231
233
227
227
225
225
235
225
225
221
225
229
237
245
237
235
235
233
235
235
231
231
233
231
233
233
233
235
243
243
243
239
227
233
241
241
241
233
235
235
235
235
237
239
243
245
239
241
247
241
233
237
241
239
235
229
229
233
233
225
221
217
209
211
209
211
207
201
201
207
207
199
205
207
205
205
205
203
197
201
201
203
203
203
207
207
207
213
221
215
213
217
211
205
217
215
211
211
219
223
223
227
231
227
231
233
225
233
233
231
231
235
239
243
237
247
239
241
249
247
239
229
229
223
225
225
215
213
213
217
217
215
211
211
211
207
199
197
191
197
205
205
197
195
197
209
207
207
197
197
197
209
211
217
219
219
219
221
233
247
247
255
251
247
247
249
243
239
239
241
241
241
241
245
245
251
249
255
253
247
233
241
241
243
249
245
245
245
245
245
245
239
243
243
243
247
239
245
245
235
233
239
229
223
223
223
229
229
229
231
231
231
231
229
235
237
237
237
237
239
237
233
229
233
233
233
231
231
233
241
253
255
255
255
255
253
245
237
239
239
239
233
235
231
227
237
233
237
243
237
225
225
225
227
221
219
217
213
211
205
205
205
205
205
195
195
203
205
207
207
191
191
201
201
201
207
211
209
207
209
209
209
211
205
205
203
203
203
203
203
203
209
209
205
197
193
191
183
185
187
179
179
173
175
175
177
169
175
175
175
177
183
177
177
185
185
193
197
191
185
181
181
185
189
189
203
203
209
207
211
211
215
219
211
205
199
197
197
203
203
199
205
205
201
209
217
215
207
207
207
207
205
205
197
209
217
209
211
223
231
231
229
223
233
237
239
239
239
239
229
223
223
225
221
225
225
229
229
229
229
229
221
227
225
225
225
227
221
221
221
209
213
213
213
211
211
213
219
219
213
211
211
197
189
183
183
183
185
187
183
187
185
181
181
181
183
187
187
185
189
187
183
181
171
171
171
177
169
173
173
171
171
169
169
173
167
167
173
173
175
175
175
175
177
183
179
169
161
161
159
155
155
153
145
137
133
137
137
139
147
141
141
145
143
141
141
135
127
123
123
125
131
131
131
131
129
133
133
125
129
129
123
121
119
119
121
115
111
109
111
109
105
103
105
111
107
117
119
119
121
115
115
115
115
121
125
129
123
123
125
125
125
121
125
127
129
129
129
129
133
143
153
147
147
153
151
151
155
155
155
149
147
137
139
137
137
145
145
139
145
155
147
147
147
151
147
147
143
137
135
139
135
139
141
141
141
139
143
149
161
157
155
157
159
169
169
177
177
169
163
171
167
163
163
157
157
165
171
159
161
165
171
175
173
173
167
177
183
189
187
193
193
195
193
191
191
193
193
185
181
181
177
177
179
181
181
177
189
189
181
179
179
173
177
173
173
173
173
167
159
157
153
153
143
139
139
137
141
141
151
151
151
155
155
163
163
159
165
165
157
163
159
157
155
155
149
153
163
163
163
167
179
189
189
189
189
187
183
191
185
195
191
179
187
187
187
195
195
195
193
189
187
187
193
193
191
189
191
193
195
193
193
191
199
199
197
197
197
201
199
199
203
203
193
197
191
193
193
191
195
185
185
185
185
183
173
163
163
161
167
167
167
165
157
155
159
157
157
169
169
177
179
179
171
167
167
177
177
177
181
181
181
179
173
177
175
169
169
165
173
173
173
173
179
179
179
181
179
181
181
185
183
177
179
181
181
185
181
177
183
187
179
179
175
181
181
187
187
183
187
181
181
181
177
169
171
169
171
173
181
179
175
173
181
181
179
175
173
175
173
175
163
157
167
171
175
175
171
167
161
161
171
167
163
161
159
157
169
173
171
163
163
167
167
163
159
159
167
167
167
171
175
175
185
197
197
191
195
191
195
195
197
183
179
173
169
169
165
157
153
153
149
149
147
153
145
143
137
139
141
143
135
141
141
147
147
147
149
159
163
171
171
177
169
167
161
163
167
167
167
167
167
163
161
173
171
171
175
169
173
167
167
167
171
163
165
167
163
165
173
173
179
179
179
185
191
191
189
181
193
193
191
191
191
189
195
195
197
199
201
203
211
217
217
211
207
197
197
201
207
197
185
179
177
185
185
185
181
181
187
191
191
195
203
205
201
203
211
215
207
209
199
201
201
209
219
219
223
225
221
221
215
219
217
213
215
209
211
211
209
205
205
203
211
217
227
231
245
245
239
229
229
225
231
235
229
237
239
235
243
247
249
249
243
239
251
251
257
259
249
249
249
249
253
253
251
251
247
245
247
241
241
245
247
245
245
239
241
251
257
257
251
253
261
261
267
263
255
251
251
241
235
237
235
243
249
249
249
249
245
245
247
253
259
265
265
269
269
275
271
271
271
261
257
257
257
261
263
267
271
277
285
285
291
285
283
293
293
291
283
283
283
283
277
273
271
269
267
267
269
269
267
267
269
271
281
281
281
289
275
277
279
279
269
271
265
271
263
263
259
255
255
255
255
257
253
251
251
251
251
255
259
253
257
255
259
265
267
267
271
273
285
289
297
297
305
305
303
301
311
303
303
309
309
309
309
309
309
317
313
313
303
301
301
303
293
287
293
301
295
291
287
287
283
289
289
293
289
295
293
289
285
281
291
295
289
289
291
291
291
287
291
283
289
281
277
277
277
273
269
269
263
263
261
255
253
249
253
253
253
253
253
241
241
235
243
243
243
239
247
245
239
239
237
231
227
227
235
235
239
243
255
255
257
255
245
247
241
255
255
255
249
249
249
251
251
251
249
249
245
233
227
233
233
231
235
233
235
233
241
245
245
239
243
237
237
239
247
251
243
245
245
247
247
247
247
253
251
251
251
255
267
265
257
261
259
259
259
255
255
259
255
253
249
255
249
237
233
233
233
233
243
243
245
247
257
255
249
257
257
255
257
249
249
249
245
245
239
239
245
245
237
243
253
253
257
259
259
249
249
247
247
247
247
247
249
243
241
239
229
223
223
233
233
231
229
229
229
229
233
237
229
229
227
229
229
231
229
225
233
223
231
229
217
217
207
207
211
213
213
213
213
213
213
211
213
213
213
217
217
213
215
215
213
213
219
219
215
219
211
219
215
213
213
211
207
205
205
205
209
213
217
221
231
239
241
241
241
253
249
249
243
239
235
225
229
225
225
223
219
219
215
215
215
219
219
219
231
237
239
239
243
243
239
241
239
233
241
239
245
245
237
233
231
239
239
231
223
221
225
233
241
241
241
249
247
247
243
241
241
241
249
247
247
247
257
257
257
261
261
271
263
265
255
255
257
251
251
247
249
243
241
237
237
229
223
221
221
229
235
237
241
245
241
241
251
247
247
249
247
249
261
259
257
259
263
263
261
261
261
261
251
253
251
251
245
245
243
243
237
237
239
239
243
241
241
241
241
241
235
221
215
217
223
217
209
217
219
219
209
205
207
211
221
221
233
237
237
237
243
241
239
239
237
237
239
243
239
231
225
223
215
215
217
217
219
219
219
217
217
219
219
215
215
209
207
199
199
195
197
205
207
213
219
223
223
229
231
227
221
227
229
229
235
235
231
223
229
229
235
235
231
231
225
221
213
211
203
191
185
187
187
183
179
179
187
197
201
201
201
209
203
205
199
199
203
203
195
199
203
203
197
213
213
213
217
223
221
221
227
227
227
227
231
231
229
227
225
223
227
227
223
219
219
219
209
205
205
205
217
217
209
209
209
213
213
213
209
205
205
203
201
193
177
177
177
177
175
177
185
183
175
183
185
183
181
187
185
191
193
201
189
185
195
191
181
185
179
185
185
185
189
189
191
187
175
175
161
153
153
153
159
159
155
155
155
153
153
157
149
153
153
163
165
165
169
181
185
185
191
185
185
187
183
191
195
195
197
197
203
199
199
199
205
207
207
213
219
219
213
215
213
215
217
225
231
233
235
229
221
223
223
223
229
235
235
239
239
243
249
239
233
237
229
233
235
235
235
233
233
231
225
225
227
227
239
247
249
249
255
253
249
249
253
251
251
253
253
257
257
249
247
245
245
259
259
263
269
271
273
275
267
263
255
253
253
251
255
255
251
255
261
265
263
261
263
265
271
271
269
271
267
267
267
271
273
267
271
269
265
265
265
253
251
247
247
247
247
251
253
251
245
239
239
243
241
241
247
247
251
251
245
247
241
245
231
223
225
225
227
225
225
223
227
221
217
217
225
211
207
205
211
207
211
213
215
219
219
219
211
221
213
213
213
221
219
213
219
219
221
221
221
219
207
209
203
203
205
217
217
223
225
225
221
223
223
223
225
217
225
223
227
219
211
201
201
191
193
189
195
195
195
195
197
197
193
195
189
191
193
193
197
193
197
201
197
193
193
187
185
185
185
185
185
183
189
189
191
191
197
205
205
205
195
197
197
207
213
213
211
205
211
205
209
215
213
219
215
207
205
201
201
201
201
195
195
197
197
201
207
207
199
193
193
189
189
187
187
187
179
179
183
171
165
165
157
155
157
153
137
141
139
135
137
139
137
143
135
125
123
119
117
117
125
125
125
127
127
137
135
139
137
147
147
135
133
133
133
129
127
127
137
137
137
137
137
129
131
131
135
131
127
127
131
137
133
127
127
127
133
125
117
113
111
109
109
115
115
105
105
103
103
105
105
105
99
111
111
107
105
105
105
101
99
103
105
107
101
99
95
79
83
83
83
73
79
79
79
79
75
67
67
69
73
75
71
75
73
61
61
65
67
61
71
71
73
75
79
75
73
79
77
75
69
77
77
83
87
85
83
85
79
89
89
85
81
83
91
83
83
77
83
85
77
67
65
65
69
73
63
63
73
79
79
81
81
83
79
87
85
77
71
77
79
77
77
69
63
65
65
55
55
51
51
45
47
47
47
43
43
41
41
41
43
43
37
35
45
35
47
51
47
49
49
51
49
49
49
49
45
39
35
33
33
33
45
45
39
39
37
39
33
33
31
25
29
25
15
15
23
19
23
31
37
37
31
39
39
39
45
51
53
61
67
67
65
71
79
87
95
103
101
101
107
107
101
101
109
111
111
109
109
115
115
115
119
119
119
111
105
105
105
115
113
111
107
115
111
101
99
111
107
109
113
125
125
121
115
115
119
119
113
119
129
123
123
115
113
113
107
111
115
111
107
103
103
103
111
105
105
107
107
101
97
105
111
113
115
123
125
129
135
133
129
131
129
129
133
141
143
143
143
139
133
135
141
147
147
147
151
155
149
151
155
171
171
171
173
179
177
183
189
189
189
185
189
189
191
191
191
191
191
195
191
185
183
177
185
175
179
179
191
185
183
181
173
177
173
175
171
171
175
181
181
185
