-2617
-2617
-2611
-2609
-2601
-2603
-2603
-2591
-2587
-2585
-2583
-2575
-2567
-2555
-2551
-2535
-2525
-2519
-2513
-2513
-2509
-2505
-2499
-2499
-2493
-2493
-2491
-2483
-2483
-2475
-2475
-2461
-2461
-2461
-2461
-2467
-2457
-2451
-2451
-2445
-2441
-2441
-2437
-2423
-2417
-2409
-2405
-2395
-2387
-2383
-2383
-2377
-2377
-2377
-2381
-2371
-2371
-2363
-2359
-2353
-2345
-2337
-2329
-2327
-2321
-2309
-2303
-2291
-2289
-2273
-2265
-2265
-2255
-2251
-2245
-2241
-2235
-2225
-2233
-2225
-2225
-2221
-2213
-2213
-2213
-2201
-2195
-2187
-2181
-2175
-2169
-2161
-2155
-2147
-2143
-2143
-2139
-2135
-2131
-2117
-2117
-2101
-2095
-2089
-2089
-2089
-2079
-2071
-2067
-2059
-2063
-2051
-2051
-2045
-2037
-2029
-2023
-2013
-2001
-1993
-1989
-1993
-1987
-1987
-1977
-1969
-1963
-1957
-1957
-1947
-1945
-1935
-1925
-1927
-1925
-1915
-1905
-1899
-1891
-1879
-1879
-1865
-1867
-1863
-1865
-1861
-1859
-1857
-1853
-1843
-1831
-1825
-1823
-1819
-1807
-1803
-1803
-1795
-1789
-1789
-1779
-1769
-1767
-1775
-1771
-1765
-1767
-1763
-1763
-1763
-1755
-1739
-1741
-1733
-1733
-1729
-1729
-1723
-1723
-1713
-1705
-1695
-1699
-1695
-1689
-1677
-1673
-1661
-1659
-1649
-1641
-1631
-1627
-1615
-1607
-1605
-1605
-1607
-1607
-1607
-1601
-1595
-1591
-1587
-1587
-1585
-1579
-1577
-1577
-1571
-1565
-1565
-1561
-1551
-1547
-1537
-1541
-1531
-1531
-1519
-1513
-1515
-1511
-1497
-1497
-1497
-1485
-1471
-1477
-1477
-1467
-1463
-1455
-1447
-1437
-1435
-1443
-1443
-1433
-1423
-1405
-1405
-1401
-1403
-1403
-1391
-1389
-1387
-1387
-1383
-1375
-1375
-1379
-1385
-1385
-1391
-1391
-1391
-1383
-1369
-1369
-1367
-1363
-1359
-1361
-1361
-1353
-1349
-1343
-1343
-1333
-1329
-1329
-1329
-1327
-1321
-1321
-1321
-1325
-1321
-1311
-1305
-1305
-1307
-1303
-1303
-1301
-1289
-1289
-1285
-1287
-1279
-1275
-1273
-1277
-1277
-1277
-1263
-1249
-1247
-1243
-1237
-1237
-1235
-1239
-1227
-1225
-1221
-1207
-1207
-1195
-1189
-1189
-1177
-1163
-1163
-1155
-1153
-1153
-1151
-1151
-1151
-1161
-1159
-1153
-1151
-1147
-1141
-1141
-1141
-1141
-1133
-1129
-1129
-1117
-1109
-1105
-1113
-1113
-1111
-1111
-1109
-1103
-1103
-1101
-1101
-1089
-1091
-1077
-1077
-1077
-1083
-1081
-1077
-1077
-1079
-1079
-1073
-1073
-1061
-1077
-1083
-1081
-1077
-1079
-1069
-1067
-1065
-1067
-1067
-1075
-1071
-1061
-1047
-1051
-1049
-1045
-1051
-1047
-1043
-1043
-1043
-1047
-1049
-1049
-1047
-1039
-1039
-1049
-1051
-1039
-1039
-1039
-1035
-1037
-1043
-1049
-1039
-1039
-1035
-1035
-1035
-1023
-1023
-1021
-1015
-1001
-997
-991
-991
-991
-981
-971
-975
-975
-973
-969
-965
-965
-969
-969
-965
-967
-967
-951
-951
-949
-951
-953
-953
-945
-937
-931
-925
-921
-907
-905
-905
-899
-899
-899
-897
-897
-881
-875
-873
-869
-863
-867
-861
-861
-855
-855
-847
-839
-839
-843
-843
-851
-849
-851
-851
-851
-841
-845
-835
-825
-825
-823
-823
-817
-817
-815
-809
-809
-815
-817
-803
-789
-787
-785
-789
-789
-785
-797
-783
-775
-775
-781
-781
-781
-789
-789
-787
-787
-791
-783
-783
-783
-787
-789
-783
-785
-785
-785
-789
-783
-773
-763
-759
-761
-761
-751
-757
-759
-759
-763
-753
-745
-745
-745
-741
-741
-743
-745
-749
-749
-761
-757
-761
-771
-773
-773
-779
-781
-771
-759
-759
-753
-749
-745
-747
-737
-737
-745
-735
-731
-729
-717
-713
-703
-709
-711
-711
-713
-709
-705
-699
-699
-699
-699
-689
-685
-689
-691
-687
-687
-687
-687
-683
-673
-669
-663
-663
-663
-663
-663
-657
-651
-647
-641
-639
-641
-639
-639
-637
-637
-635
-635
-635
-631
-631
-631
-621
-621
-621
-621
-617
-607
-605
-607
-607
-603
-603
-603
-601
-591
-599
-593
-591
-591
-595
-597
-593
-593
-585
-585
-577
-575
-569
-583
-583
-583
-579
-583
-573
-573
-571
-573
-575
-567
-565
-557
-545
-547
-547
-541
-541
-543
-545
-545
-549
-547
-551
-549
-545
-531
-527
-525
-523
-525
-525
-519
-521
-517
-513
-513
-501
-505
-491
-489
-495
-495
-495
-495
-489
-495
-497
-505
-511
-511
-517
-517
-511
-515
-515
-515
-519
-519
-507
-509
-511
-509
-509
-503
-495
-491
-493
-489
-489
-485
-491
-497
-495
-495
-499
-497
-505
-505
-507
-495
-501
-503
-507
-503
-515
-521
-521
-513
-517
-511
-513
-519
-513
-517
-517
-517
-509
-515
-515
-511
-515
-515
-519
-519
-517
-519
-519
-507
-501
-503
-495
-485
-479
-477
-481
-481
-481
-491
-481
-473
-475
-471
-469
-469
-469
-463
-463
-465
-459
-459
-453
-445
-455
-453
-445
-449
-455
-459
-461
-467
-463
-463
-467
-473
-469
-469
-465
-461
-459
-459
-455
-459
-459
-447
-451
-455
-449
-455
-457
-455
-455
-449
-439
-439
-433
-417
-409
-413
-413
-417
-419
-413
-413
-413
-411
-411
-411
-423
-425
-419
-421
-423
-423
-427
-425
-427
-427
-431
-427
-417
-409
-415
-407
-405
-403
-399
-405
-405
-399
-395
-403
-399
-395
-401
-401
-389
-391
-383
-387
-387
-383
-383
-391
-387
-387
-377
-373
-367
-367
-367
-363
-369
-369
-367
-375
-373
-373
-375
-367
-369
-369
-375
-379
-379
-379
-385
-385
-381
-381
-391
-391
-385
-385
-381
-381
-373
-371
-375
-375
-365
-365
-361
-355
-355
-349
-339
-347
-347
-347
-339
-333
-327
-329
-331
-331
-333
-329
-319
-325
-315
-319
-317
-315
-311
-317
-327
-325
-327
-327
-327
-321
-333
-325
-317
-317
-319
-319
-307
-307
-291
-301
-301
-311
-303
-297
-289
-285
-285
-275
-267
-257
-249
-249
-257
-257
-253
-249
-249
-249
-245
-239
-231
-231
-229
-231
-229
-229
-229
-229
-229
-229
-227
-235
-239
-231
-223
-217
-217
-217
-221
-217
-207
-207
-193
-193
-193
-195
-195
-195
-197
-197
-203
-201
-197
-191
-185
-181
-181
-185
-187
-187
-189
-185
-175
-173
-167
-161
-161
-161
-147
-153
-153
-145
-155
-155
-161
-163
-167
-161
-161
-167
-175
-179
-173
-171
-161
-153
-145
-143
-147
-145
-149
-151
-145
-143
-143
-143
-149
-145
-143
-141
-129
-129
-131
-127
-125
-119
-123
-123
-119
-119
-121
-121
-115
-107
-107
-107
-107
-101
-85
-85
-79
-81
-81
-71
-71
-71
-71
-81
-83
-83
-81
-85
-85
-85
-81
-73
-77
-77
-73
-65
-65
-67
-59
-55
-55
-55
-55
-55
-49
-43
-45
-51
-41
-41
-51
-51
-49
-45
-45
-55
-53
-55
-59
-57
-65
-59
-59
-65
-67
-61
-65
-59
-57
-57
-53
-55
-49
-49
-53
-53
-47
-39
-31
-31
-27
-27
-23
-29
-25
-29
-25
-25
-33
-33
-33
-29
-17
-19
-25
-23
-31
-27
-31
-27
-35
-35
-25
-29
-25
-19
-13
-7
-9
-9
-5
-5
-3
-5
-3
-3
-5
-5
-11
-11
-13
-9
-15
-15
-11
-13
-13
-9
-3
7
7
9
5
-1
-1
-5
-5
-5
-1
-1
3
7
9
3
-3
-3
9
1
1
7
7
1
9
21
31
31
41
29
27
21
19
19
19
17
23
21
19
19
19
23
25
25
33
41
41
51
47
37
35
29
31
37
45
41
41
45
41
47
53
49
37
33
35
41
33
27
25
17
25
27
31
25
21
17
17
21
31
27
25
37
39
41
45
49
41
41
41
35
31
29
29
29
19
19
17
21
21
25
37
41
41
47
51
57
47
55
51
57
57
49
49
51
51
47
47
49
49
49
49
53
43
43
41
37
37
33
39
37
41
47
57
49
57
57
47
39
41
45
41
41
27
21
23
23
19
19
27
23
17
17
21
29
27
23
23
25
23
11
3
5
3
15
13
3
3
3
-3
3
1
-3
-3
1
1
1
-3
-7
-7
-17
-21
-13
-3
-3
5
-3
1
7
7
15
15
25
25
25
33
39
39
47
51
57
57
51
51
41
43
47
39
39
39
37
33
35
37
33
27
33
41
43
47
57
57
51
47
49
49
55
53
51
51
51
45
43
45
51
51
51
51
53
45
51
51
49
47
47
43
43
35
29
29
27
29
33
39
33
27
29
23
27
35
27
15
13
19
21
23
23
7
7
11
15
11
15
15
19
11
11
11
9
13
13
17
17
15
15
13
9
5
5
-3
9
9
7
-1
5
1
1
-3
-7
-1
-1
-3
1
-1
3
5
7
7
7
7
5
7
3
11
-1
3
3
5
-5
-19
-13
-9
-11
-21
-17
-23
-21
-27
-29
-25
-33
-33
-29
-31
-31
-31
-37
-31
-23
-15
-19
-23
-25
-25
-35
-33
-33
-29
-29
-39
-27
-23
-21
-25
-25
-21
-25
-25
-25
-29
-39
-31
-31
-25
-29
-29
-33
-29
-31
-31
-31
-33
-25
-19
-17
-15
-15
-9
-1
-1
-1
-7
-13
-7
-15
-11
3
7
7
15
5
5
5
1
-1
-9
-9
-15
-15
-13
-13
-19
-31
-31
-37
-37
-37
-37
-25
-25
-25
-25
-31
-21
-21
-19
-17
-15
-13
-17
-23
-11
-15
-15
-19
-21
-17
-1
-1
3
5
5
3
-1
-9
-7
-13
-25
-33
-35
-31
-31
-37
-37
-41
-35
-35
-35
-39
-43
-43
-43
-43
-39
-33
-29
-33
-33
-25
-29
-31
-23
-25
-27
-27
-23
-25
-29
-35
-39
-35
-25
-33
-27
-17
-25
-25
-23
-27
-29
-29
-19
-19
-11
-7
-11
-9
-7
-7
-5
-5
1
-1
3
11
17
21
31
25
25
31
25
21
29
27
27
25
21
25
17
19
19
11
7
3
3
-1
-7
-1
-1
-5
-5
-5
3
9
9
-1
1
7
9
15
5
9
13
15
15
19
19
17
21
31
37
43
41
39
39
37
41
39
31
27
31
31
31
33
33
33
25
17
13
9
7
9
13
13
7
9
1
1
-5
-3
9
9
11
25
23
23
23
23
25
35
31
39
31
31
35
35
43
47
43
33
25
25
25
25
25
19
15
7
-3
-11
-1
-1
-1
-7
-7
-13
-23
-21
-19
-33
-33
-35
-23
-23
-37
-37
-29
-23
-31
-25
-13
-11
-13
-11
-15
-13
-13
-13
-17
-9
-3
3
9
9
5
1
-3
3
3
-3
-7
-15
-21
-11
-11
-7
-9
-13
-13
-19
-17
-19
-21
-13
-1
-7
-7
-7
-13
-13
-1
-1
5
7
17
17
17
19
15
17
17
17
19
21
31
29
35
41
39
51
49
43
45
45
51
47
47
47
51
61
61
51
51
53
53
53
53
59
57
59
55
59
59
69
67
75
75
75
85
95
105
103
109
111
109
103
101
101
105
117
117
119
125
129
133
137
127
117
107
105
105
109
109
109
117
109
107
107
113
113
111
107
107
111
113
113
113
127
135
139
139
135
131
123
129
135
141
141
141
145
151
151
151
151
151
151
157
157
155
151
157
169
167
157
163
163
149
151
159
167
159
163
157
163
163
155
153
153
149
147
151
151
149
147
149
155
153
155
161
145
139
139
137
139
133
129
127
123
121
123
119
123
131
129
123
123
109
119
123
121
121
121
121
127
123
117
115
127
129
131
139
139
145
141
137
129
127
127
131
121
125
119
119
119
125
125
123
119
123
121
117
117
115
127
129
129
123
131
131
135
135
131
131
129
129
127
123
139
135
135
135
135
135
141
141
151
143
143
141
141
141
145
151
153
145
145
145
149
151
151
151
163
169
169
157
151
159
153
153
151
149
147
159
157
155
161
155
157
159
157
161
169
165
175
175
177
175
171
179
171
171
165
167
167
167
171
175
179
171
179
171
165
163
163
173
175
167
167
167
177
175
169
173
173
171
161
161
149
149
143
141
139
137
133
129
127
127
125
127
123
125
117
119
115
115
115
115
113
111
113
109
117
117
117
121
121
123
131
131
129
119
123
117
111
119
123
123
115
109
119
125
127
127
127
127
127
129
125
115
111
111
117
111
111
105
103
107
107
105
101
97
97
97
99
99
91
91
81
77
75
75
75
69
71
69
69
75
73
73
59
53
65
77
85
83
85
83
85
87
87
93
99
103
99
99
101
103
113
115
115
111
111
109
119
123
123
137
137
137
143
143
149
141
151
149
145
145
133
127
133
137
137
139
135
131
135
139
145
145
143
139
139
139
139
137
145
147
147
143
141
141
141
141
139
139
139
129
131
135
141
155
155
149
155
161
161
173
169
161
163
161
161
159
159
157
159
165
165
165
161
171
167
171
167
159
155
153
151
145
149
147
147
141
141
141
141
141
139
139
137
137
137
137
137
133
133
137
137
137
137
135
139
141
137
139
143
143
137
137
147
143
135
139
133
127
129
133
133
137
127
125
125
117
113
113
123
123
127
127
129
129
137
135
147
147
149
145
141
149
155
157
157
159
157
161
161
159
153
153
143
143
137
137
139
137
127
127
127
131
131
129
121
117
121
125
125
125
131
139
139
137
137
141
135
135
131
137
133
137
143
143
139
147
151
155
141
133
137
143
143
139
143
143
145
147
147
151
149
151
147
147
147
141
139
149
147
155
163
159
153
153
155
151
153
153
153
153
161
159
155
155
165
163
163
163
163
163
165
169
161
159
167
159
165
167
161
165
161
153
147
141
149
153
149
147
151
155
155
163
163
163
171
171
171
173
169
163
167
165
177
177
175
169
169
161
157
161
169
165
169
171
171
167
173
169
165
165
171
179
177
187
191
189
181
181
175
169
177
175
179
179
183
191
195
199
199
193
193
195
195
185
169
173
185
183
183
177
185
177
177
175
175
183
177
185
181
181
189
193
193
187
197
197
197
193
189
177
169
169
169
175
175
173
177
185
185
181
189
187
183
179
173
169
171
173
179
179
177
179
179
183
187
187
187
191
181
181
179
185
185
185
187
185
185
185
187
197
199
205
199
195
195
189
197
197
191
183
173
179
177
169
171
171
175
175
181
171
177
175
167
169
155
155
161
165
157
171
173
183
183
185
189
191
191
185
181
181
189
185
185
181
175
173
179
181
181
173
173
173
173
161
169
173
163
165
165
171
165
175
169
175
175
181
191
185
181
181
179
175
175
175
175
175
181
171
175
175
171
171
171
171
173
167
167
161
171
177
173
173
175
175
175
173
163
161
167
173
173
163
163
163
169
169
165
159
163
163
165
169
179
181
181
185
187
181
191
199
193
193
197
197
203
195
195
195
195
187
185
177
177
179
177
175
179
189
191
191
191
195
195
205
213
213
209
209
213
221
221
221
221
213
217
217
217
217
211
211
207
211
213
217
217
215
223
227
223
223
223
221
225
223
211
211
213
211
215
207
207
197
197
203
205
205
201
205
195
191
191
183
185
185
183
179
169
163
163
163
163
169
169
169
177
177
179
179
173
173
183
183
179
179
179
181
185
185
185
185
181
173
173
173
173
167
167
163
149
153
155
145
141
143
145
135
135
131
135
125
125
133
133
141
139
153
153
153
153
153
141
139
143
143
151
151
151
147
153
159
159
167
175
173
181
183
183
179
179
177
181
181
171
179
181
189
193
197
201
201
201
201
207
207
207
201
203
201
209
213
211
217
217
217
213
211
201
195
195
201
193
191
185
197
191
181
191
191
183
177
169
169
163
159
171
175
179
189
191
187
179
185
185
187
189
183
181
181
169
163
163
161
155
155
155
161
153
163
167
167
167
165
165
163
161
167
165
165
157
157
155
155
153
153
157
161
153
153
157
157
151
149
155
161
153
147
147
151
165
165
169
171
165
167
167
171
171
171
171
163
165
167
169
175
165
167
161
169
167
163
167
173
169
163
163
161
159
159
157
161
161
159
159
157
159
153
149
159
161
169
169
173
179
181
185
185
185
183
183
179
177
175
171
171
169
169
161
165
173
181
181
181
185
195
197
191
191
197
193
189
189
181
187
189
191
189
185
187
187
189
189
189
195
203
201
197
201
205
207
207
201
201
201
205
205
205
199
205
207
207
207
211
211
221
223
225
223
211
211
207
207
215
201
201
201
199
205
211
209
209
211
211
205
211
211
205
207
217
217
221
219
215
211
211
209
213
217
217
217
213
213
215
215
215
207
207
199
199
203
199
201
211
211
215
215
217
211
211
215
221
221
221
217
219
219
219
219
219
225
225
225
223
221
223
225
217
217
217
215
215
207
203
205
201
197
205
211
217
225
229
235
225
223
219
217
217
215
211
217
221
221
223
219
219
225
229
223
221
221
225
229
231
239
231
231
231
231
235
239
227
225
215
205
195
191
199
199
209
209
197
207
211
211
213
213
215
215
217
221
221
215
219
221
225
221
219
237
249
249
249
251
243
231
229
231
231
239
239
241
237
249
243
245
253
249
249
241
235
243
247
249
249
249
247
247
247
245
247
247
247
247
251
251
243
251
257
265
263
265
257
247
241
241
239
235
243
243
247
247
247
237
231
237
243
241
241
249
249
249
257
263
257
257
255
259
259
263
261
263
269
279
279
271
265
265
265
263
259
263
265
265
267
269
267
269
263
253
253
235
227
219
213
219
225
229
231
235
231
231
231
223
223
219
213
213
215
213
211
211
213
213
211
211
205
201
205
213
219
223
223
221
221
229
229
227
227
231
231
231
227
231
235
239
247
249
249
245
245
243
243
243
241
237
233
233
233
233
233
233
233
233
241
249
249
253
247
247
253
253
257
251
247
237
235
241
243
243
243
243
243
247
239
235
243
241
237
233
237
237
239
241
241
241
245
249
243
245
239
235
241
241
239
243
247
241
233
235
237
233
223
223
231
231
231
237
237
229
231
229
225
231
229
227
225
225
237
233
233
227
227
237
229
221
223
221
221
219
215
229
229
227
221
221
215
215
215
225
223
223
229
239
239
245
245
243
237
225
225
229
235
225
219
219
225
229
221
217
211
213
209
207
215
211
211
213
217
213
209
203
203
203
203
201
197
197
197
199
197
197
197
203
201
199
199
207
213
219
215
217
217
217
205
205
205
199
201
205
211
205
195
189
187
185
187
187
193
193
189
195
191
191
191
199
193
189
185
185
179
187
185
189
189
189
191
183
175
185
191
191
201
199
207
197
197
189
195
191
191
197
193
189
197
205
199
195
193
195
197
203
209
209
199
197
195
185
187
193
187
191
191
185
179
175
179
179
171
171
165
163
169
169
173
177
175
173
165
167
173
179
175
169
173
173
173
175
175
173
175
173
173
173
173
175
179
179
179
179
175
171
179
167
169
179
179
183
173
171
179
181
177
165
165
161
163
165
159
159
167
167
165
167
157
157
151
147
153
141
141
149
153
151
141
141
143
139
135
139
147
145
155
149
147
147
147
147
149
153
161
165
171
171
171
175
171
175
175
175
173
169
169
175
181
173
183
183
183
183
185
177
171
177
177
173
173
179
179
185
175
175
175
163
159
167
173
175
175
171
169
161
157
153
153
141
145
145
147
147
161
159
163
163
155
163
163
155
165
153
143
139
145
145
137
137
141
139
139
139
147
151
151
151
147
147
147
149
147
147
149
145
143
145
153
151
151
157
157
165
171
177
169
179
179
179
171
169
169
165
173
161
163
161
163
163
163
163
169
173
163
157
159
159
155
145
145
143
143
153
159
155
155
151
151
151
153
161
161
167
167
167
163
163
155
153
143
151
149
151
151
147
139
145
133
143
137
133
145
149
153
157
151
149
149
139
141
139
137
137
135
133
135
125
129
137
131
131
141
141
141
143
139
139
143
143
139
141
141
155
151
151
151
149
149
147
147
139
125
125
125
131
125
131
125
115
113
117
117
127
129
121
117
117
117
121
121
121
121
117
123
115
129
129
127
127
117
113
113
109
109
109
109
107
111
107
105
103
99
99
99
95
83
91
95
99
93
93
93
89
91
91
87
87
87
87
87
77
75
75
75
75
65
65
67
67
67
67
67
67
71
73
77
85
85
87
85
87
93
93
97
101
93
93
101
101
101
101
97
97
97
87
83
85
93
93
95
97
95
101
95
91
91
91
95
97
85
81
91
87
95
97
89
85
85
85
83
83
83
79
97
95
105
97
89
93
95
101
87
99
95
99
99
99
101
105
109
109
107
103
103
95
89
89
89
85
91
95
99
97
97
95
93
95
93
95
95
105
109
115
121
119
131
127
131
131
131
133
125
123
125
125
125
127
119
123
123
123
117
117
115
115
109
109
111
111
111
117
123
125
125
137
137
137
135
133
127
143
139
145
147
153
153
153
159
165
161
167
169
157
157
155
153
155
153
159
157
157
155
155
155
161
159
171
177
183
181
183
175
175
175
175
183
189
197
197
203
207
211
213
209
217
217
223
229
233
233
235
229
223
221
215
215
211
213
217
207
211
203
195
193
195
195
201
195
189
195
205
199
197
189
189
193
191
191
195
195
195
191
191
193
193
205
205
203
191
185
181
177
179
179
167
167
167
167
169
169
161
153
151
151
149
139
145
149
153
157
167
159
157
157
157
157
149
145
151
151
151
151
153
151
151
147
155
167
163
169
175
179
183
177
175
175
173
173
187
189
187
175
175
175
185
185
185
183
195
203
205
205
193
193
193
197
197
209
221
227
227
227
225
225
225
211
215
211
207
207
213
209
209
209
205
205
213
205
205
205
207
203
199
205
193
193
197
197
189
195
195
199
197
191
189
189
183
187
181
191
177
177
167
161
157
149
153
153
163
165
173
173
175
171
169
163
157
157
153
147
147
145
149
153
149
157
149
147
147
145
149
149
149
155
149
145
143
143
145
155
155
159
165
167
167
167
159
161
161
161
163
165
159
159
153
149
157
157
169
169
169
169
171
171
161
151
143
147
153
151
149
145
145
153
147
149
149
135
137
147
153
157
157
155
163
163
157
155
155
153
143
145
135
135
133
133
137
141
141
151
151
157
153
159
159
159
149
153
153
155
155
155
153
165
167
163
163
171
171
175
181
173
169
175
169
163
163
165
171
171
173
173
175
181
177
173
179
181
181
175
169
161
159
149
157
163
157
159
157
153
151
149
155
155
159
159
157
161
159
159
159
159
161
155
157
157
147
153
153
155
159
157
153
153
151
149
143
147
151
141
141
137
137
137
143
133
137
135
135
135
133
125
123
123
123
137
137
137
139
143
137
143
143
145
149
155
149
151
149
145
153
153
145
145
149
149
145
141
155
157
157
161
161
161
161
155
155
155
159
157
157
159
163
171
169
167
161
161
161
161
157
157
149
145
145
145
139
131
129
129
121
123
123
129
131
127
125
131
137
135
133
133
145
145
145
153
157
161
161
161
167
173
167
175
171
169
169
177
177
173
175
165
175
171
171
171
177
179
177
175
173
177
181
171
165
169
169
171
171
161
165
165
173
171
171
181
173
173
173
173
185
187
179
181
181
185
189
177
175
175
173
169
165
159
159
165
163
159
165
165
167
161
167
171
159
155
157
161
155
157
171
173
173
173
165
169
163
155
149
149
149
159
153
151
149
153
145
137
137
135
135
141
145
139
139
135
135
135
139
139
139
139
139
143
133
127
127
119
127
127
129
131
131
137
141
135
133
133
127
127
125
129
135
141
141
135
137
137
137
147
145
139
137
137
143
141
141
137
139
143
139
135
133
129
131
127
127
127
135
135
139
133
133
131
131
135
131
131
133
133
137
131
129
123
131
141
151
151
145
147
139
135
135
133
133
133
137
139
143
145
145
145
143
141
141
141
143
139
143
153
153
171
175
175
175
179
179
179
175
169
173
183
183
183
181
181
173
173
163
163
171
171
173
173
173
163
161
161
169
169
179
183
173
177
179
183
187
181
183
183
185
181
177
173
169
171
171
171
173
163
161
167
167
173
167
169
169
175
179
187
187
185
183
179
185
193
193
193
199
199
199
203
203
203
207
211
217
223
223
225
211
213
209
203
201
189
191
179
175
173
173
181
185
191
189
177
183
171
175
175
169
165
161
169
181
175
177
169
167
167
169
159
157
157
157
155
153
165
157
155
157
157
159
161
163
163
163
157
157
165
161
161
163
165
167
165
161
171
183
183
183
183
181
187
185
185
185
183
183
177
177
181
181
185
179
179
181
173
165
159
159
159
159
155
153
159
161
159
155
155
147
147
147
149
151
147
139
133
133
129
135
129
133
133
133
135
139
139
143
151
141
141
141
151
143
139
133
133
131
131
129
139
129
125
125
125
123
117
117
123
123
123
141
141
143
145
143
141
145
147
149
143
149
155
153
151
163
163
159
159
157
163
171
171
175
175
187
187
195
189
187
193
195
205
213
215
223
225
221
229
229
229
221
221
221
221
227
231
219
219
225
219
223
227
213
217
217
217
223
215
221
221
225
233
237
227
221
217
221
221
225
225
223
233
235
235
239
245
241
235
239
241
251
241
239
239
237
247
255
265
273
263
255
253
259
265
265
265
267
259
259
259
247
249
243
241
247
249
249
251
259
261
261
249
243
243
243
243
233
233
233
225
223
223
223
221
211
211
211
205
211
211
211
219
223
219
205
203
203
205
213
223
229
231
231
223
217
229
229
231
225
225
229
223
227
227
227
225
229
237
235
237
239
237
237
229
225
229
227
227
231
239
239
235
239
235
235
235
237
239
237
243
241
237
237
237
235
235
237
237
229
235
239
233
241
239
239
241
241
245
241
237
235
245
245
249
255
251
251
261
257
257
249
241
239
233
229
233
235
229
229
225
225
225
225
213
215
201
197
199
191
197
201
203
203
207
195
197
201
201
187
187
195
195
197
197
191
187
187
197
197
191
191
197
205
199
209
209
197
189
193
193
189
187
177
181
181
175
173
175
177
171
173
171
175
175
175
169
169
177
185
169
169
169
171
171
167
163
159
169
169
169
171
165
163
167
169
179
183
179
173
173
171
167
169
171
175
175
179
171
165
163
177
173
173
169
169
165
165
159
161
161
157
157
149
149
145
145
145
149
143
141
147
143
147
147
153
149
149
151
147
153
167
159
161
165
163
159
155
155
151
151
155
145
145
143
145
143
137
137
131
131
131
137
137
137
141
141
143
143
143
135
135
135
131
139
139
131
131
139
135
141
135
141
151
161
155
157
155
147
137
139
139
135
137
135
141
143
143
147
157
155
147
143
145
151
143
143
143
135
149
151
143
143
145
137
139
149
155
149
143
145
141
129
127
127
127
131
125
123
127
131
131
137
131
125
125
117
115
115
115
121
131
125
133
133
143
141
141
137
147
155
155
159
153
145
145
149
151
143
143
141
143
137
141
137
137
137
141
145
161
157
161
165
165
171
179
175
171
169
167
177
177
169
165
165
169
179
179
179
189
197
197
197
197
201
201
201
201
201
199
203
201
201
207
209
203
207
207
207
203
197
205
205
201
201
203
203
207
207
205
201
203
203
201
201
199
201
201
209
209
213
203
205
205
211
213
213
217
221
221
225
229
229
225
227
223
223
215
215
217
219
227
229
225
221
221
223
225
233
239
243
239
239
251
251
245
243
251
251
251
257
265
265
261
257
257
255
255
255
255
245
237
243
245
243
241
249
251
251
249
257
261
261
261
261
255
253
255
255
255
257
261
257
257
251
257
249
249
247
249
247
243
247
251
241
249
249
251
249
257
251
251
253
253
245
237
233
235
241
243
247
247
247
247
247
253
253
253
253
247
245
241
245
239
231
245
247
241
245
249
249
249
255
269
269
269
267
269
269
279
273
267
267
267
269
263
269
269
275
277
277
275
279
275
271
275
279
275
277
277
281
273
277
289
297
295
291
297
299
303
299
301
301
301
305
303
301
303
311
311
311
305
297
301
301
301
299
297
299
305
301
295
309
313
301
307
303
297
295
299
305
305
305
301
309
315
313
309
309
315
311
311
325
317
307
303
299
291
285
275
275
263
265
265
265
273
285
277
275
267
271
271
263
265
257
257
253
253
245
245
243
245
245
249
253
253
245
249
251
245
247
237
231
237
251
253
253
241
249
251
253
253
253
253
245
245
247
257
251
245
253
253
249
253
253
267
273
279
269
269
279
279
275
277
285
275
275
285
285
285
281
287
275
273
269
265
263
261
265
269
271
271
277
285
285
285
285
289
285
283
279
269
277
277
273
271
261
263
265
265
265
261
261
273
279
273
277
277
273
273
281
281
281
281
287
295
293
297
297
297
301
305
315
323
319
319
325
327
325
323
331
331
331
331
327
321
317
321
321
311
319
323
321
323
323
321
313
319
329
333
335
339
341
335
337
337
337
337
339
347
355
355
355
357
361
355
355
361
365
365
367
367
373
377
373
373
385
381
381
375
377
377
363
365
355
347
351
351
347
353
343
353
351
359
355
361
357
353
361
357
349
353
357
357
361
353
355
355
361
361
361
363
359
363
359
351
347
349
347
335
337
343
341
341
347
347
353
349
349
349
341
345
345
345
353
353
351
351
353
353
349
339
339
327
327
331
331
331
327
335
339
339
341
339
343
335
325
325
325
325
323
333
333
321
317
317
325
327
323
327
327
319
319
319
325
329
331
325
323
325
325
329
329
329
329
321
321
311
311
309
311
309
307
297
297
303
307
311
311
311
311
303
301
301
303
299
297
299
303
311
305
307
315
317
317
327
327
325
321
329
335
327
331
329
331
331
329
339
347
347
347
355
355
361
361
363
367
367
365
365
365
365
373
367
357
357
363
363
371
369
357
349
357
351
363
355
349
351
345
345
345
329
329
327
319
319
319
325
335
333
335
335
341
341
339
347
345
347
347
347
347
343
339
343
343
341
347
341
341
341
351
357
361
361
351
341
339
343
343
343
343
341
337
337
337
345
355
357
369
361
361
361
355
351
353
347
353
353
355
345
343
341
345
345
343
337
337
329
327
325
321
317
319
317
321
319
325
325
329
329
329
325
325
321
321
331
319
317
317
317
321
337
341
341
335
335
335
337
343
343
331
335
335
335
339
339
341
341
337
337
333
333
335
327
325
317
319
317
319
319
325
325
325
325
321
331
335
339
339
345
345
345
341
329
329
333
323
323
323
327
329
323
319
319
319
325
317
323
319
319
321
321
325
309
311
319
313
313
301
301
295
293
293
299
297
301
311
311
313
305
305
305
307
301
301
313
315
311
311
311
315
315
305
305
305
301
299
299
299
301
295
297
295
281
285
281
281
285
287
283
291
291
291
291
291
289
289
291
291
283
275
271
263
267
265
269
259
259
267
255
253
257
253
253
263
263
267
267
267
267
271
279
273
269
271
269
275
287
295
301
297
301
305
307
297
301
307
307
299
291
291
287
291
291
291
283
287
277
277
277
273
275
279
277
281
277
271
277
269
275
279
279
279
279
279
281
285
273
269
269
271
271
279
281
283
283
281
287
285
281
271
265
263
257
261
259
255
251
253
259
263
255
263
267
265
265
261
261
261
257
257
263
263
265
263
267
267
271
271
271
269
269
271
271
263
261
267
263
267
265
271
271
267
267
275
281
275
283
287
281
285
279
279
283
285
281
271
269
265
265
265
259
245
249
251
257
253
253
253
249
249
249
241
243
247
247
255
257
263
261
261
261
259
263
263
269
273
265
261
261
265
269
269
257
259
263
261
263
263
253
253
249
249
247
251
255
265
263
259
253
253
241
237
225
227
223
217
221
217
213
213
211
213
211
211
201
201
193
193
179
179
177
177
189
185
187
199
199
205
203
203
195
193
199
209
211
213
211
217
221
219
215
213
217
219
225
223
219
223
223
223
219
225
219
223
231
237
243
243
231
229
229
229
229
227
223
229
231
231
231
233
225
223
233
233
233
225
221
221
223
221
219
215
215
215
213
215
223
217
209
213
217
213
215
213
221
215
221
227
229
229
235
229
225
233
241
249
251
255
263
259
259
259
255
255
251
251
245
245
249
245
253
253
253
247
245
247
247
251
251
251
251
259
257
247
247
251
251
249
255
255
251
261
257
257
253
247
255
261
265
265
255
253
249
249
249
247
247
243
245
241
233
235
231
229
213
211
209
209
209
213
211
211
217
217
217
217
207
211
209
201
201
195
197
197
197
201
209
203
199
201
201
209
219
219
221
217
217
211
199
197
197
207
211
211
215
217
215
219
213
225
221
217
211
213
219
221
221
225
225
225
235
223
215
205
205
205
205
207
217
219
225
235
235
235
235
247
249
255
247
241
239
241
241
241
241
241
243
239
245
243
245
239
245
249
251
239
239
241
235
239
245
253
249
247
239
239
235
237
239
231
237
237
231
229
223
223
221
233
227
225
225
223
215
211
217
219
223
225
235
243
245
243
235
239
235
235
235
247
247
255
255
243
245
255
253
255
249
249
245
245
245
245
245
235
229
229
231
231
235
237
237
237
239
245
247
247
243
255
251
243
255
249
249
249
243
243
243
241
251
251
251
253
255
247
251
249
249
247
247
243
243
239
239
239
241
241
231
231
229
229
229
231
231
235
235
233
231
233
235
235
247
247
253
259
265
265
271
261
265
265
261
251
259
261
261
263
257
263
257
255
261
257
253
261
255
255
253
263
263
263
267
269
255
265
261
253
247
249
251
249
251
247
251
251
251
251
249
249
249
243
251
251
255
247
243
247
249
269
271
269
263
263
265
261
261
259
259
259
257
265
271
271
271
271
261
255
271
267
265
265
265
273
273
273
277
279
283
281
289
291
291
289
293
297
303
297
291
289
289
291
301
297
297
295
297
299
291
283
295
293
295
305
301
297
295
293
289
291
295
299
299
289
293
281
277
279
281
281
273
273
267
267
261
261
271
267
265
265
261
265
257
253
261
263
263
269
281
281
279
271
269
273
275
281
283
281
285
289
289
285
281
279
279
273
273
281
275
273
273
267
267
269
269
265
265
261
261
261
261
267
267
259
265
273
269
259
263
263
263
269
269
267
267
267
269
261
263
261
267
269
265
265
267
259
251
251
249
245
243
243
247
251
245
241
239
225
227
229
235
239
233
229
229
221
223
215
209
207
207
207
205
205
203
199
207
205
205
205
199
197
197
191
195
193
193
189
191
199
199
191
191
185
175
169
163
161
161
161
161
159
159
147
147
145
145
147
149
143
151
141
147
153
145
147
141
141
141
141
147
149
161
173
177
177
175
179
177
181
177
177
179
179
181
187
193
199
189
189
189
189
179
173
163
165
169
169
163
163
165
165
159
159
151
153
149
153
147
153
153
151
151
151
153
157
157
153
157
157
155
147
141
147
155
145
141
139
139
145
145
139
141
135
131
133
141
139
131
133
139
139
139
135
141
141
145
153
153
155
155
157
145
145
139
153
155
161
165
169
171
173
167
165
165
167
165
165
165
165
165
155
155
157
157
153
155
153
163
161
157
147
147
151
151
151
151
157
161
161
159
159
159
159
159
157
159
161
157
167
171
171
165
161
153
159
155
157
155
163
163
163
163
163
163
171
179
179
179
179
181
169
163
169
163
163
163
161
163
161
159
169
167
161
163
163
169
169
173
171
169
169
169
169
173
163
171
171
165
165
171
161
165
167
165
165
167
167
163
153
153
157
159
157
145
145
145
145
145
145
145
141
141
141
147
147
147
139
145
135
137
133
137
133
139
135
135
135
121
117
125
127
119
119
123
137
137
137
133
123
123
125
125
133
127
127
133
133
143
153
153
155
159
153
151
143
147
139
127
127
127
123
117
119
119
119
123
119
125
131
133
137
137
141
147
149
153
161
157
151
151
153
155
155
149
149
149
149
157
165
161
161
157
153
147
149
149
149
147
147
151
151
149
139
149
147
147
147
151
151
147
149
149
161
157
157
153
151
159
159
165
167
167
163
163
167
159
167
167
169
169
165
157
163
161
167
167
169
167
175
175
185
195
195
203
203
205
211
213
215
227
227
221
217
217
217
217
227
221
217
213
211
213
205
201
201
203
199
193
193
187
187
187
187
187
189
191
191
189
189
185
181
179
179
173
177
173
167
165
165
159
155
151
141
143
143
143
157
149
157
159
159
161
167
171
169
175
175
175
179
179
179
179
179
179
175
179
183
185
179
175
183
183
183
195
199
199
199
199
195
191
183
173
163
161
163
163
169
173
169
163
159
159
149
145
145
145
147
153
153
153
159
153
153
159
157
157
153
157
161
165
163
171
171
173
173
179
187
187
185
185
183
175
173
171
171
167
163
167
165
173
173
171
175
175
173
171
175
175
181
179
175
177
175
173
163
155
163
157
153
153
153
153
159
159
153
159
169
165
161
161
165
167
167
169
175
173
179
179
179
173
169
157
157
157
165
165
159
159
161
173
173
173
169
159
155
155
153
147
153
157
159
161
161
165
167
167
175
185
191
197
197
205
205
203
209
215
217
215
215
219
219
219
219
223
217
221
221
231
241
235
233
243
243
235
241
245
237
237
235
223
215
215
207
207
207
211
201
201
195
199
195
197
195
195
195
195
199
197
191
191
193
195
197
195
207
207
209
217
219
221
221
221
215
211
211
213
211
215
223
213
211
207
209
209
211
215
215
215
221
219
229
225
219
215
215
209
209
207
207
205
201
201
201
199
199
203
197
195
191
183
189
189
187
185
177
175
177
181
181
181
177
177
187
185
189
191
189
177
177
177
179
171
171
169
173
177
185
185
185
181
179
173
177
189
185
173
173
175
171
173
173
169
161
163
157
155
149
157
157
161
161
161
161
173
177
185
185
183
183
179
175
183
181
181
189
193
193
189
197
187
187
195
197
193
185
179
179
173
175
175
179
175
163
173
171
169
169
173
177
173
173
173
173
177
169
159
159
155
153
153
151
159
159
163
161
153
153
157
157
163
167
167
169
167
165
165
171
171
171
167
169
169
165
151
153
159
159
169
165
169
165
171
171
179
179
179
187
189
181
183
183
183
183
185
185
173
167
167
173
177
175
165
167
179
183
183
183
185
185
185
181
177
177
177
177
177
181
177
177
171
173
177
179
179
181
185
193
193
193
203
203
197
197
185
185
185
183
181
181
179
185
181
179
175
167
167
163
163
167
177
171
173
181
169
169
163
163
169
165
169
169
167
171
177
181
183
187
195
201
195
195
195
197
197
195
187
185
187
199
207
213
219
213
219
217
211
211
211
209
205
201
203
199
199
193
185
185
179
179
173
173
177
175
167
163
159
153
155
155
161
165
169
167
167
169
163
163
153
145
145
153
155
155
143
145
143
139
145
141
141
139
133
133
139
143
139
133
133
133
141
149
143
143
143
151
157
157
167
171
171
175
175
175
183
187
189
185
177
181
179
167
157
163
161
161
161
159
155
151
151
153
155
153
151
